1.872623498668225039e+01,0.000000000000000000e+00,0.000000000000000000e+00
1.882942315601911432e+01,3.286688037491973802e-01,0.000000000000000000e+00
1.892306476575122787e+01,6.608079827622118652e-01,0.000000000000000000e+00
1.900689783869821170e+01,9.961093067858087791e-01,0.000000000000000000e+00
1.908066982669361167e+01,1.334250410727417790e+00,0.000000000000000000e+00
1.914414546062070954e+01,1.674895700695590239e+00,0.000000000000000000e+00
1.919718311203188321e+01,2.017705250245270143e+00,0.000000000000000000e+00
1.923970443678361519e+01,2.362338661172141752e+00,0.000000000000000000e+00
1.927164212192099413e+01,2.708452669900542453e+00,0.000000000000000000e+00
1.929293913031961694e+01,3.055701366371018857e+00,0.000000000000000000e+00
1.930354879622803210e+01,3.403736476197412486e+00,0.000000000000000000e+00
1.930343256197956237e+01,3.752207188816688355e+00,0.000000000000000000e+00
1.929256908137265825e+01,4.100762149717948724e+00,0.000000000000000000e+00
1.927100902074114330e+01,4.449062993782916919e+00,0.000000000000000000e+00
1.923882850546718259e+01,4.796778688310587846e+00,0.000000000000000000e+00
1.919611281095686195e+01,5.143582925512619752e+00,0.000000000000000000e+00
1.914295616766995067e+01,5.489154350862470721e+00,0.000000000000000000e+00
1.907946156089366951e+01,5.833176784876338949e+00,0.000000000000000000e+00
1.900574052545593062e+01,6.175339438212577470e+00,0.000000000000000000e+00
1.892190872096979604e+01,6.515335668776431888e+00,0.000000000000000000e+00
1.882798139630047629e+01,6.852824799571183512e+00,0.000000000000000000e+00
1.872386945609542508e+01,7.187420080893166308e+00,0.000000000000000000e+00
1.860949245667054086e+01,7.518723001976417741e+00,0.000000000000000000e+00
1.848489236654033974e+01,7.846371289941533433e+00,0.000000000000000000e+00
1.835043175034962104e+01,8.170138603052180315e+00,0.000000000000000000e+00
1.820651859591252020e+01,8.489839049615401478e+00,0.000000000000000000e+00
1.805331184778231091e+01,8.805188519705604122e+00,0.000000000000000000e+00
1.789074300323908773e+01,9.115788870514704101e+00,0.000000000000000000e+00
1.771882047525484083e+01,9.421263964609524422e+00,0.000000000000000000e+00
1.753768640638816123e+01,9.721298316601144407e+00,0.000000000000000000e+00
1.734770682014279686e+01,1.001570320243214773e+01,0.000000000000000000e+00
1.714950136441985151e+01,1.030446000583930477e+01,0.000000000000000000e+00
1.694282620610276879e+01,1.058705283091980576e+01,0.000000000000000000e+00
1.672705419230149815e+01,1.086267600430684510e+01,0.000000000000000000e+00
1.650341022903502619e+01,1.113169075642854899e+01,0.000000000000000000e+00
1.627238889980262826e+01,1.139404937232180437e+01,0.000000000000000000e+00
1.603292060175491329e+01,1.164859866530824561e+01,0.000000000000000000e+00
1.578640388870006284e+01,1.189590858688842978e+01,0.000000000000000000e+00
1.553321861444534058e+01,1.213588043685272844e+01,0.000000000000000000e+00
1.527228954561508445e+01,1.236725622437012539e+01,0.000000000000000000e+00
1.500452652612680104e+01,1.259029267406271124e+01,0.000000000000000000e+00
1.473060920395130502e+01,1.280512322094850930e+01,0.000000000000000000e+00
1.445083510536712268e+01,1.301159037235376026e+01,0.000000000000000000e+00
1.416528228340115803e+01,1.320933942867012334e+01,0.000000000000000000e+00
1.387382847854943613e+01,1.339780042533389448e+01,0.000000000000000000e+00
1.357654104162712372e+01,1.357654104162712194e+01,0.000000000000000000e+00
1.327428144847548808e+01,1.374592083368415452e+01,0.000000000000000000e+00
1.296740443104092400e+01,1.390583876208370739e+01,0.000000000000000000e+00
1.265612252022430795e+01,1.405604806017270114e+01,0.000000000000000000e+00
1.234073338511857720e+01,1.419638980817799556e+01,0.000000000000000000e+00
1.202152053318564384e+01,1.432669028386905197e+01,0.000000000000000000e+00
1.169878560483522634e+01,1.444679707832421123e+01,0.000000000000000000e+00
1.137283708252711989e+01,1.455656765807573372e+01,0.000000000000000000e+00
1.104399202998245499e+01,1.465587243340529611e+01,0.000000000000000000e+00
1.071257431756954936e+01,1.474459361240654687e+01,0.000000000000000000e+00
1.037891387854698522e+01,1.482262516779494810e+01,0.000000000000000000e+00
1.004334581023218931e+01,1.488987249152620862e+01,0.000000000000000000e+00
9.706209625457859147e+00,1.494625213368242100e+01,0.000000000000000000e+00
9.367848578382750091e+00,1.499169154281403316e+01,0.000000000000000000e+00
9.028609081718235174e+00,1.502612884886720579e+01,0.000000000000000000e+00
8.688840207037594965e+00,1.504951269743639486e+01,0.000000000000000000e+00
8.348893265496114324e+00,1.506180215461897198e+01,0.000000000000000000e+00
8.009121459247770858e+00,1.506296669258051324e+01,0.000000000000000000e+00
7.669879608523430647e+00,1.505298629564781621e+01,0.000000000000000000e+00
7.331523902984129926e+00,1.503185162291879529e+01,0.000000000000000000e+00
6.994411817725730174e+00,1.499956454800666705e+01,0.000000000000000000e+00
6.658901669537003798e+00,1.495613802359228828e+01,0.000000000000000000e+00
6.325353495558990069e+00,1.490159899718418401e+01,0.000000000000000000e+00
5.994125921702051052e+00,1.483598226652658703e+01,0.000000000000000000e+00
5.665584350743480435e+00,1.475935183722216948e+01,0.000000000000000000e+00
5.340082451192447621e+00,1.467175595267713462e+01,0.000000000000000000e+00
5.017808940972198428e+00,1.457277530847045455e+01,0.000000000000000000e+00
4.699200874965629104e+00,1.446265317076126067e+01,0.000000000000000000e+00
4.384693181591668321e+00,1.434168517425866263e+01,0.000000000000000000e+00
4.074650200557053736e+00,1.420999396302192430e+01,0.000000000000000000e+00
3.769451464126395646e+00,1.406778438078460347e+01,0.000000000000000000e+00
3.469404326843803954e+00,1.391502072483188002e+01,0.000000000000000000e+00
3.175112147333600809e+00,1.375292166432205754e+01,0.000000000000000000e+00
2.887587723281091812e+00,1.358503214670855286e+01,0.000000000000000000e+00
2.607467997305700447e+00,1.341425995705309582e+01,0.000000000000000000e+00
2.334609810400094965e+00,1.324023017362319976e+01,0.000000000000000000e+00
2.069113217742444721e+00,1.306386671255550880e+01,0.000000000000000000e+00
1.811011123442076709e+00,1.288601371464074141e+01,0.000000000000000000e+00
1.560165799974232659e+00,1.270653076006826510e+01,0.000000000000000000e+00
1.316427061585583758e+00,1.252496684132656668e+01,0.000000000000000000e+00
1.079782102534903032e+00,1.234196590755955647e+01,0.000000000000000000e+00
8.501623251935288561e-01,1.215788767662282410e+01,0.000000000000000000e+00
6.274711877768518464e-01,1.197286350158125501e+01,0.000000000000000000e+00
4.116116478009152480e-01,1.178701540062522568e+01,0.000000000000000000e+00
2.024849243645839014e-01,1.160035354765432736e+01,0.000000000000000000e+00
6.988444164942798766e-16,1.141299543641223835e+01,0.000000000000000000e+00
-1.959407001830510142e-01,1.122543519539115309e+01,0.000000000000000000e+00
-3.854532619514901004e-01,1.103793723796896131e+01,0.000000000000000000e+00
-5.686494019200850625e-01,1.085047696543208318e+01,0.000000000000000000e+00
-7.456382212736698545e-01,1.066312335068306716e+01,0.000000000000000000e+00
-9.165328341055106742e-01,1.047601823102406371e+01,0.000000000000000000e+00
-1.081457271160566336e+00,1.028937861949066068e+01,0.000000000000000000e+00
-1.240544991161191213e+00,1.010342816750543271e+01,0.000000000000000000e+00
-1.393906951320029730e+00,9.918163317243426036e+00,0.000000000000000000e+00
-1.541637097041089977e+00,9.733513556522407129e+00,0.000000000000000000e+00
-1.684005076881988527e+00,9.550467376664746766e+00,0.000000000000000000e+00
-1.821532204724849668e+00,9.370970819036481103e+00,0.000000000000000000e+00
-1.954770038944262156e+00,9.196469982323556280e+00,0.000000000000000000e+00
-2.084048630052135032e+00,9.027006361905774767e+00,0.000000000000000000e+00
-2.209638393881399487e+00,8.862375540188281775e+00,0.000000000000000000e+00
-2.331780732657704469e+00,8.702324166388731186e+00,0.000000000000000000e+00
-2.450684921684056938e+00,8.546553993184112130e+00,0.000000000000000000e+00
-2.566537817589320092e+00,8.394766941100602509e+00,0.000000000000000000e+00
-2.679522054405614195e+00,8.246720914342175135e+00,0.000000000000000000e+00
-2.789812707657254975e+00,8.102204412256446275e+00,0.000000000000000000e+00
-2.897568811324251925e+00,7.961004880429353392e+00,0.000000000000000000e+00
-3.002941752606675951e+00,7.822930721628091000e+00,0.000000000000000000e+00
-3.106073880019437627e+00,7.687802626175854748e+00,0.000000000000000000e+00
-3.207093769468379651e+00,7.555439444220701795e+00,0.000000000000000000e+00
-3.306123912514684182e+00,7.425675886592069119e+00,0.000000000000000000e+00
-3.403284488757477355e+00,7.298367138603248705e+00,0.000000000000000000e+00
-3.498685195633593814e+00,7.173367697084167105e+00,0.000000000000000000e+00
-3.592426739625520060e+00,7.050534459446663682e+00,0.000000000000000000e+00
-3.684610060615084226e+00,6.929743655480145925e+00,0.000000000000000000e+00
-3.775330425328856876e+00,6.810876379222434274e+00,0.000000000000000000e+00
-3.864674296703174861e+00,6.693812236595420018e+00,0.000000000000000000e+00
-3.952723653835441553e+00,6.578436876479895723e+00,0.000000000000000000e+00
-4.039562097171716992e+00,6.464650706309380546e+00,0.000000000000000000e+00
-4.125267450954545723e+00,6.352354814089596680e+00,0.000000000000000000e+00
-4.209910590384334128e+00,6.241449122232242352e+00,0.000000000000000000e+00
-4.293559978553072476e+00,6.131839125198291107e+00,0.000000000000000000e+00
-4.376286210722199144e+00,6.023441219245337486e+00,0.000000000000000000e+00
-4.458155183496654850e+00,5.916171750239421989e+00,0.000000000000000000e+00
-4.539227237305533791e+00,5.809945919012124982e+00,0.000000000000000000e+00
-4.619560323517025502e+00,5.704681907953318643e+00,0.000000000000000000e+00
-4.699215618839405195e+00,5.600307096126684314e+00,0.000000000000000000e+00
-4.778251150839715855e+00,5.496749165693437078e+00,0.000000000000000000e+00
-4.856720495738032106e+00,5.393934563594100062e+00,0.000000000000000000e+00
-4.934674014064495573e+00,5.291790006854666828e+00,0.000000000000000000e+00
-5.012165595129616236e+00,5.190249411494872511e+00,0.000000000000000000e+00
-5.089248424004749971e+00,5.089248424004750859e+00,0.000000000000000000e+00
-5.165972089589389249e+00,4.988721257883115712e+00,0.000000000000000000e+00
-5.242382721896680309e+00,4.888600975476072641e+00,0.000000000000000000e+00
-5.318528008244309824e+00,4.788824128334515429e+00,0.000000000000000000e+00
-5.394458437768276049e+00,4.689331177652802829e+00,0.000000000000000000e+00
-5.470221863772026794e+00,4.590061148349002806e+00,0.000000000000000000e+00
-5.545863131694034998e+00,4.490951414330691449e+00,0.000000000000000000e+00
-5.621425766050837325e+00,4.391939151490033666e+00,0.000000000000000000e+00
-5.696958251217346891e+00,4.292965963471361945e+00,0.000000000000000000e+00
-5.772508737847007687e+00,4.193973091328401459e+00,0.000000000000000000e+00
-5.848122809699238367e+00,4.094899675727557309e+00,0.000000000000000000e+00
-5.923843611447443536e+00,3.995682968363900578e+00,0.000000000000000000e+00
-5.999717295515044846e+00,3.896261968745900806e+00,0.000000000000000000e+00
-6.075794025320037761e+00,3.796577474936296603e+00,0.000000000000000000e+00
-6.152122022321972139e+00,3.696567846665468782e+00,0.000000000000000000e+00
-6.228747131644529311e+00,3.596168833169077317e+00,0.000000000000000000e+00
-6.305714978310200891e+00,3.495314888358645788e+00,0.000000000000000000e+00
-6.383078238542787552e+00,3.393942902466340783e+00,0.000000000000000000e+00
-6.460889877524131464e+00,3.291987818979488889e+00,0.000000000000000000e+00
-6.539200590233533283e+00,3.189381231026009456e+00,0.000000000000000000e+00
-6.618059274847238882e+00,3.086051721984984564e+00,0.000000000000000000e+00
-6.697521337887763160e+00,2.981928620093639015e+00,0.000000000000000000e+00
-6.777646747145815276e+00,2.876940357328348963e+00,0.000000000000000000e+00
-6.858493314774982252e+00,2.771011168884192077e+00,0.000000000000000000e+00
-6.940116499372941838e+00,2.664061123065161851e+00,0.000000000000000000e+00
-7.022576851659615649e+00,2.556008941850961058e+00,0.000000000000000000e+00
-7.105943622948291072e+00,2.446772607860705051e+00,0.000000000000000000e+00
-7.190284365090889196e+00,2.336265011733548391e+00,0.000000000000000000e+00
-7.275663911003010575e+00,2.224393685575134949e+00,0.000000000000000000e+00
-7.362152382705898113e+00,2.111063224994133680e+00,0.000000000000000000e+00
-7.449831599722209319e+00,1.996176360893427315e+00,0.000000000000000000e+00
-7.538781795436600319e+00,1.879629408926735357e+00,0.000000000000000000e+00
-7.629080171922079323e+00,1.761311939243548785e+00,0.000000000000000000e+00
-7.720813147698561529e+00,1.641109495971506682e+00,0.000000000000000000e+00
-7.814079643113470475e+00,1.518903216655150601e+00,0.000000000000000000e+00
-7.908975685542072753e+00,1.394565803128295256e+00,0.000000000000000000e+00
-8.005595727339642309e+00,1.267961798739189350e+00,0.000000000000000000e+00
-8.104052800738909212e+00,1.138950345088102001e+00,0.000000000000000000e+00
-8.204466814471141234e+00,1.007381855257291958e+00,0.000000000000000000e+00
-8.306952823521346119e+00,8.730959239042651587e-01,0.000000000000000000e+00
-8.411637375380854209e+00,7.359229120367860588e-01,0.000000000000000000e+00
-8.518667663005023982e+00,5.956832716802176186e-01,0.000000000000000000e+00
-8.628186663437592330e+00,4.521841022703169122e-01,0.000000000000000000e+00
-8.740343992102735271e+00,3.052195378267993919e-01,0.000000000000000000e+00
-8.855318388601615354e+00,1.545701574330796690e-01,0.000000000000000000e+00
-8.973286342720955489e+00,1.098910639744587769e-15,0.000000000000000000e+00
-9.094433330071405308e+00,-1.587439242617395274e-01,0.000000000000000000e+00
-9.218979433816690161e+00,-3.219338557574749626e-01,0.000000000000000000e+00
-9.347141466539923726e+00,-4.898629269057839797e-01,0.000000000000000000e+00
-9.479158597362141947e+00,-6.628473406204479224e-01,0.000000000000000000e+00
-9.615300069683552664e+00,-8.412297524973356699e-01,0.000000000000000000e+00
-9.755834937757466463e+00,-1.025379570511162797e+00,0.000000000000000000e+00
-9.901086135369064678e+00,-1.215700513593130028e+00,0.000000000000000000e+00
-1.005138692299325420e+01,-1.412630308074174668e+00,0.000000000000000000e+00
-1.020709161445130775e+01,-1.616644492696136526e+00,0.000000000000000000e+00
-1.036857458541881627e+01,-1.828259450897425031e+00,0.000000000000000000e+00
-1.053629081548614543e+01,-2.048047465879100137e+00,0.000000000000000000e+00
-1.071082772344077227e+01,-2.276656713534518151e+00,0.000000000000000000e+00
-1.089260318377307435e+01,-2.514755593686238910e+00,0.000000000000000000e+00
-1.108179343093015845e+01,-2.763001424054493338e+00,0.000000000000000000e+00
-1.127970028604142172e+01,-3.022386582509897224e+00,0.000000000000000000e+00
-1.148827861577033538e+01,-3.294210883383726696e+00,0.000000000000000000e+00
-1.170340861829185108e+01,-3.578091092259521933e+00,0.000000000000000000e+00
-1.191957443294852226e+01,-3.872904503979154978e+00,0.000000000000000000e+00
-1.213651566785473612e+01,-4.178937473565049743e+00,0.000000000000000000e+00
-1.235294352638041637e+01,-4.496103749173846253e+00,0.000000000000000000e+00
-1.256671622085900175e+01,-4.823910395683951080e+00,0.000000000000000000e+00
-1.277913121367634197e+01,-5.163104153713898192e+00,0.000000000000000000e+00
-1.299051734598251073e+01,-5.514147462903604691e+00,0.000000000000000000e+00
-1.319812108944183748e+01,-5.876182101195047913e+00,0.000000000000000000e+00
-1.339467835102658810e+01,-6.246041093606662820e+00,0.000000000000000000e+00
-1.357311464556426728e+01,-6.620050340982258419e+00,0.000000000000000000e+00
-1.373309618297369461e+01,-6.997362005579886635e+00,0.000000000000000000e+00
-1.387543719807630360e+01,-7.377700826643694754e+00,0.000000000000000000e+00
-1.400049718833120238e+01,-7.760602316331024930e+00,0.000000000000000000e+00
-1.410855112017719470e+01,-8.145575787109901711e+00,0.000000000000000000e+00
-1.419970999160622149e+01,-8.532046535568348133e+00,0.000000000000000000e+00
-1.427391377849150444e+01,-8.919331251975602726e+00,0.000000000000000000e+00
-1.433111690747250577e+01,-9.306736138713871398e+00,0.000000000000000000e+00
-1.437129824186870586e+01,-9.693563062223031324e+00,0.000000000000000000e+00
-1.439446130899651344e+01,-1.007911031702735549e+01,0.000000000000000000e+00
-1.440063450560530711e+01,-1.046267339858370882e+01,0.000000000000000000e+00
-1.438996275549901860e+01,-1.084361471523464182e+01,0.000000000000000000e+00
-1.436287524830869877e+01,-1.122150798681267503e+01,0.000000000000000000e+00
-1.431951275758295949e+01,-1.159571279422289258e+01,0.000000000000000000e+00
-1.425994316602824519e+01,-1.196551305122327413e+01,0.000000000000000000e+00
-1.418443110983580802e+01,-1.233033784724817039e+01,0.000000000000000000e+00
-1.409413507625768425e+01,-1.269041622354246535e+01,0.000000000000000000e+00
-1.398927738336089099e+01,-1.304521220414842020e+01,0.000000000000000000e+00
-1.386848203209161134e+01,-1.339263742200447282e+01,0.000000000000000000e+00
-1.373342154286079797e+01,-1.373342154286079264e+01,0.000000000000000000e+00
-1.358466324523356761e+01,-1.406733059307592448e+01,0.000000000000000000e+00
-1.342155153375821186e+01,-1.439285190478607745e+01,0.000000000000000000e+00
-1.324396958637596278e+01,-1.470891836864634428e+01,0.000000000000000000e+00
-1.305470214764385339e+01,-1.501771691632973749e+01,0.000000000000000000e+00
-1.285184589755250606e+01,-1.531623351987535386e+01,0.000000000000000000e+00
-1.263730371287505605e+01,-1.560577042129926895e+01,0.000000000000000000e+00
-1.240958717528142330e+01,-1.588354726397201233e+01,0.000000000000000000e+00
-1.217138034931611124e+01,-1.615196726453236309e+01,0.000000000000000000e+00
-1.192219115564341614e+01,-1.640948835902892000e+01,0.000000000000000000e+00
-1.166205902129561700e+01,-1.665514634577221997e+01,0.000000000000000000e+00
-1.139143394636272788e+01,-1.688849534426841359e+01,0.000000000000000000e+00
-1.111107735293806797e+01,-1.710955872602301753e+01,0.000000000000000000e+00
-1.082127465016301393e+01,-1.731765947089248314e+01,0.000000000000000000e+00
-1.052272005886231021e+01,-1.751274709248276551e+01,0.000000000000000000e+00
-1.021617288413161972e+01,-1.769493049422341713e+01,0.000000000000000000e+00
-9.902292035648418533e+00,-1.786420771895363657e+01,0.000000000000000000e+00
-9.580629905816671510e+00,-1.801854421855794897e+01,0.000000000000000000e+00
-9.252454099600276649e+00,-1.815896361757969402e+01,0.000000000000000000e+00
-8.918489196516649287e+00,-1.828561266070152058e+01,0.000000000000000000e+00
-8.578440642144412820e+00,-1.839652532425912668e+01,0.000000000000000000e+00
-8.233897170334197213e+00,-1.849363583711648218e+01,0.000000000000000000e+00
-7.884509192603101901e+00,-1.857473963475314349e+01,0.000000000000000000e+00
-7.531468204093894059e+00,-1.864103793887562333e+01,0.000000000000000000e+00
-7.175277586506685346e+00,-1.869223717675106755e+01,0.000000000000000000e+00
-6.816011342432498843e+00,-1.872683725407983601e+01,0.000000000000000000e+00
-6.455038857713053524e+00,-1.874679406639036827e+01,0.000000000000000000e+00
-6.092390190773545378e+00,-1.875044899219173189e+01,0.000000000000000000e+00
-5.728696493652305932e+00,-1.873772192676353399e+01,0.000000000000000000e+00
-5.365000358414346415e+00,-1.870997974114586881e+01,0.000000000000000000e+00
-5.001440173185912386e+00,-1.866562883734591693e+01,0.000000000000000000e+00
-4.638683633530677142e+00,-1.860474387406960872e+01,0.000000000000000000e+00
-4.277728072993078001e+00,-1.852887594491754797e+01,0.000000000000000000e+00
-3.918683879451487329e+00,-1.843595816879526339e+01,0.000000000000000000e+00
-3.562408255823880321e+00,-1.832700169902446419e+01,0.000000000000000000e+00
-3.209714104000716439e+00,-1.820319324418980500e+01,0.000000000000000000e+00
-2.860653274037183280e+00,-1.806145394191236875e+01,0.000000000000000000e+00
-2.516511645450821621e+00,-1.790591076806810733e+01,0.000000000000000000e+00
-2.177261765870949439e+00,-1.773237408563676709e+01,0.000000000000000000e+00
-1.844104523378928162e+00,-1.754548252710757694e+01,0.000000000000000000e+00
-1.517110148605250286e+00,-1.734064834760802754e+01,0.000000000000000000e+00
-1.197268329889745075e+00,-1.712173480548405280e+01,0.000000000000000000e+00
-8.851029960952069287e-01,-1.688877125121025813e+01,0.000000000000000000e+00
-5.810653367867696373e-01,-1.663953415814826897e+01,0.000000000000000000e+00
-2.860042309942256167e-01,-1.638517141989405346e+01,0.000000000000000000e+00
-2.964637784939051417e-15,-1.613873642045552970e+01,0.000000000000000000e+00
2.775275441193518766e-01,-1.589954235407690852e+01,0.000000000000000000e+00
5.471105423081532582e-01,-1.566719606328944714e+01,0.000000000000000000e+00
8.092428365831975112e-01,-1.544127317840885993e+01,0.000000000000000000e+00
1.064382351713993868e+00,-1.522137678139601746e+01,0.000000000000000000e+00
1.312954659646325961e+00,-1.500714043091177174e+01,0.000000000000000000e+00
1.555355887860432107e+00,-1.479822277312517542e+01,0.000000000000000000e+00
1.791955386515139415e+00,-1.459430545125438350e+01,0.000000000000000000e+00
2.023098122837612145e+00,-1.439509112865107276e+01,0.000000000000000000e+00
2.249106827469920855e+00,-1.420030163860421268e+01,0.000000000000000000e+00
2.470283929527717248e+00,-1.400967633882437013e+01,0.000000000000000000e+00
2.686913295510173771e+00,-1.382297058498092746e+01,0.000000000000000000e+00
2.899261801732357036e+00,-1.363995436769085323e+01,0.000000000000000000e+00
3.107580759954851057e+00,-1.346041108913406426e+01,0.000000000000000000e+00
3.312107210766342735e+00,-1.328413645076825134e+01,0.000000000000000000e+00
3.513065099313790629e+00,-1.311093744093605196e+01,0.000000000000000000e+00
3.710666346224787748e+00,-1.294063141209868384e+01,0.000000000000000000e+00
3.905111825022816063e+00,-1.277304523834925831e+01,0.000000000000000000e+00
4.096592255979676800e+00,-1.260801454474829164e+01,0.000000000000000000e+00
4.285289025173410593e+00,-1.244538300089345562e+01,0.000000000000000000e+00
4.471374936502669151e+00,-1.228500167195645076e+01,0.000000000000000000e+00
4.655014903532627812e+00,-1.212672842117954808e+01,0.000000000000000000e+00
4.836366587315435339e+00,-1.197042735856627083e+01,0.000000000000000000e+00
5.015580988042467325e+00,-1.181596833666049484e+01,0.000000000000000000e+00
5.192802995050906922e+00,-1.166322648652427851e+01,0.000000000000000000e+00
5.368171892202615147e+00,-1.151208177331339400e+01,0.000000000000000000e+00
5.541821829361896157e+00,-1.136241858608869926e+01,0.000000000000000000e+00
5.713882262358050745e+00,-1.121412535532345167e+01,0.000000000000000000e+00
5.884478364406022344e+00,-1.106709419469631328e+01,0.000000000000000000e+00
6.053731411981814858e+00,-1.092122056480191539e+01,0.000000000000000000e+00
6.221759150556439799e+00,-1.077640296122032915e+01,0.000000000000000000e+00
6.388676156726591948e+00,-1.063254264702203145e+01,0.000000000000000000e+00
6.554594157234335583e+00,-1.048954335367283797e+01,0.000000000000000000e+00
6.719622329902160907e+00,-1.034731099588246472e+01,0.000000000000000000e+00
6.883867598307725544e+00,-1.020575341366058808e+01,0.000000000000000000e+00
7.047434914325886091e+00,-1.006478012553930057e+01,0.000000000000000000e+00
7.210427542210736007e+00,-9.924302107966260778e+00,0.000000000000000000e+00
7.372947347902939264e+00,-9.784231598114541129e+00,0.000000000000000000e+00
7.535095030056231380e+00,-9.644481831500122837e+00,0.000000000000000000e+00
7.696970363645652569e+00,-9.504966816000575136e+00,0.000000000000000000e+00
7.858672444921540823e+00,-9.365601119256373508e+00,0.000000000000000000e+00
8.020299941167023050e+00,-9.226299668755070016e+00,0.000000000000000000e+00
8.181951367380298379e+00,-9.086977584336395353e+00,0.000000000000000000e+00
8.343725299624066949e+00,-8.947549936358178968e+00,0.000000000000000000e+00
8.505720600498257511e+00,-8.807931522448884110e+00,0.000000000000000000e+00
8.668036660365245893e+00,-8.668036660365249446e+00,0.000000000000000000e+00
8.830773646400613686e+00,-8.527778983191213413e+00,0.000000000000000000e+00
8.994032788427228198e+00,-8.387071260425166486e+00,0.000000000000000000e+00
9.157916614898301333e+00,-8.245825157396811989e+00,0.000000000000000000e+00
9.322529193215929766e+00,-8.103950990567216905e+00,0.000000000000000000e+00
9.487976399516830028e+00,-7.961357497453313670e+00,0.000000000000000000e+00
9.654366199041941599e+00,-7.817951598601743157e+00,0.000000000000000000e+00
9.821808954710819606e+00,-7.673638162610543212e+00,0.000000000000000000e+00
9.990417747290884165e+00,-7.528319755689878434e+00,0.000000000000000000e+00
1.016030866424931212e+01,-7.381896342238470687e+00,0.000000000000000000e+00
1.033160113253348555e+01,-7.234264994775926993e+00,0.000000000000000000e+00
1.050441827479792778e+01,-7.085319590826442138e+00,0.000000000000000000e+00
1.067888728728132719e+01,-6.934950491260858385e+00,0.000000000000000000e+00
1.085513984229542928e+01,-6.783044198140279590e+00,0.000000000000000000e+00
1.103331252635924642e+01,-6.629482994512757799e+00,0.000000000000000000e+00
1.121354729263570071e+01,-6.474144547973829766e+00,0.000000000000000000e+00
1.139599193928456344e+01,-6.316901482228224118e+00,0.000000000000000000e+00
1.158080063651018143e+01,-6.157620924623719461e+00,0.000000000000000000e+00
1.176813449498433783e+01,-5.996164018267790219e+00,0.000000000000000000e+00
1.195816217974475215e+01,-5.832385394417284985e+00,0.000000000000000000e+00
1.215106057471776246e+01,-5.666132600696180077e+00,0.000000000000000000e+00
1.234701550368687073e+01,-5.497245480190618316e+00,0.000000000000000000e+00
1.254622251429705670e+01,-5.325555495881063806e+00,0.000000000000000000e+00
1.274888773254822993e+01,-5.150884994177595821e+00,0.000000000000000000e+00
1.295522879618056677e+01,-4.973046400508892795e+00,0.000000000000000000e+00
1.316547587638397587e+01,-4.791841338953509499e+00,0.000000000000000000e+00
1.337987279835365761e+01,-4.607059666776443407e+00,0.000000000000000000e+00
1.359867827234838700e+01,-4.418478413420464435e+00,0.000000000000000000e+00
1.382216724806052710e+01,-4.225860611985113202e+00,0.000000000000000000e+00
1.405063240625356435e+01,-4.028954009486395371e+00,0.000000000000000000e+00
1.428438580273240355e+01,-3.827489640216740430e+00,0.000000000000000000e+00
1.452376070268126895e+01,-3.621180249771793314e+00,0.000000000000000000e+00
1.476911366784550239e+01,-3.409718557023327268e+00,0.000000000000000000e+00
1.502082678167542262e+01,-3.192775294153920473e+00,0.000000000000000000e+00
1.527931011534643169e+01,-2.969997023632106270e+00,0.000000000000000000e+00
1.554500451598250699e+01,-2.741003711402663079e+00,0.000000000000000000e+00
1.581838498350473010e+01,-2.505386052450450318e+00,0.000000000000000000e+00
1.609996399077508045e+01,-2.262702377941982590e+00,0.000000000000000000e+00
1.639029540425256215e+01,-2.012475224280056540e+00,0.000000000000000000e+00
1.668997933633997022e+01,-1.754187514745954246e+00,0.000000000000000000e+00
1.699966668418694127e+01,-1.487278118585693809e+00,0.000000000000000000e+00
1.732006545559359623e+01,-1.211136959962575199e+00,0.000000000000000000e+00
1.765194676257774020e+01,-9.250993298491773098e-01,0.000000000000000000e+00
1.799615252565220658e+01,-6.284394940866316892e-01,0.000000000000000000e+00
1.835360316403241754e+01,-3.203633348949427306e-01,0.000000000000000000e+00
1.872530438524012553e+01,-4.586376815688843570e-15,0.000000000000000000e+00
