1.764284259959136136e+01,0.000000000000000000e+00,0.000000000000000000e+00
1.738162412120276556e+01,3.033973775934671324e-01,0.000000000000000000e+00
1.704979145306198163e+01,5.953918372147479765e-01,0.000000000000000000e+00
1.670381208981008925e+01,8.754096971881623057e-01,0.000000000000000000e+00
1.637886206553920942e+01,1.145321607505656925e+00,0.000000000000000000e+00
1.606649850555745118e+01,1.405636481792476689e+00,0.000000000000000000e+00
1.576301951312790095e+01,1.656760111405243707e+00,0.000000000000000000e+00
1.547020695296409087e+01,1.899502567796757635e+00,0.000000000000000000e+00
1.518715488516046186e+01,2.134415424314953125e+00,0.000000000000000000e+00
1.491278647836480964e+01,2.361953340055122919e+00,0.000000000000000000e+00
1.464664937440320713e+01,2.582599461684044861e+00,0.000000000000000000e+00
1.438834859306597025e+01,2.796811647501419973e+00,0.000000000000000000e+00
1.413747594779461281e+01,3.005013278155859613e+00,0.000000000000000000e+00
1.389334156170103718e+01,3.207530635039524292e+00,0.000000000000000000e+00
1.365497370812592948e+01,3.404567323523179923e+00,0.000000000000000000e+00
1.342025533954306837e+01,3.595946580450027241e+00,0.000000000000000000e+00
1.318614346126435777e+01,3.781065793471230840e+00,0.000000000000000000e+00
1.295119545689344953e+01,3.959577812740340708e+00,0.000000000000000000e+00
1.271590023074654852e+01,4.131646440302112033e+00,0.000000000000000000e+00
1.248065529686099495e+01,4.297434250659164512e+00,0.000000000000000000e+00
1.224552314731752212e+01,4.457005928641361692e+00,0.000000000000000000e+00
1.201055020994227540e+01,4.610418266583901747e+00,0.000000000000000000e+00
1.177582100775758356e+01,4.757740517874649022e+00,0.000000000000000000e+00
1.154143352354842555e+01,4.899047873703588074e+00,0.000000000000000000e+00
1.130751695330121720e+01,5.034430907222284368e+00,0.000000000000000000e+00
1.107420875626689849e+01,5.163988351054396908e+00,0.000000000000000000e+00
1.084166638938084759e+01,5.287834012460217892e+00,0.000000000000000000e+00
1.061004527358826799e+01,5.406088087181301738e+00,0.000000000000000000e+00
1.037946105585158030e+01,5.518857338959295866e+00,0.000000000000000000e+00
1.015000947418613642e+01,5.626242123872735590e+00,0.000000000000000000e+00
9.921787051851532979e+00,5.728346425228624916e+00,0.000000000000000000e+00
9.694890141874356715e+00,5.825277692050818246e+00,0.000000000000000000e+00
9.469423028625213234e+00,5.917152230852297023e+00,0.000000000000000000e+00
9.245499067065512833e+00,6.004097297052845228e+00,0.000000000000000000e+00
9.023176573512332155e+00,6.086209447807132022e+00,0.000000000000000000e+00
8.802404872725421825e+00,6.163510246256220348e+00,0.000000000000000000e+00
8.583167571578778521e+00,6.236036265748479579e+00,0.000000000000000000e+00
8.365646058323310541e+00,6.303966468976005544e+00,0.000000000000000000e+00
8.150057946248809415e+00,6.367523128601050075e+00,0.000000000000000000e+00
7.936518824449494858e+00,6.426866223190807581e+00,0.000000000000000000e+00
7.725080797977518898e+00,6.482112448397623794e+00,0.000000000000000000e+00
7.515737196714149526e+00,6.533330670015714325e+00,0.000000000000000000e+00
7.308400397568449947e+00,6.580513275318573996e+00,0.000000000000000000e+00
7.103030863266554640e+00,6.623683437297479770e+00,0.000000000000000000e+00
6.899818247410881789e+00,6.663077029733706524e+00,0.000000000000000000e+00
6.698995902686164960e+00,6.698995902686163184e+00,0.000000000000000000e+00
6.500598350776419565e+00,6.731566650005963659e+00,0.000000000000000000e+00
6.304477963387887129e+00,6.760724900977306717e+00,0.000000000000000000e+00
6.110536192740090300e+00,6.786437967973871999e+00,0.000000000000000000e+00
5.918879266477303780e+00,6.808891714310954413e+00,0.000000000000000000e+00
5.729654558976277734e+00,6.828336404983772034e+00,0.000000000000000000e+00
5.542931274602974412e+00,6.844950069876419185e+00,0.000000000000000000e+00
5.358683947176523077e+00,6.858802677755969412e+00,0.000000000000000000e+00
5.176882975964413269e+00,6.869955745388431900e+00,0.000000000000000000e+00
4.997523575762455650e+00,6.878501096807895010e+00,0.000000000000000000e+00
4.820613359148048893e+00,6.884549360141694940e+00,0.000000000000000000e+00
4.646156074534094849e+00,6.888209649722618622e+00,0.000000000000000000e+00
4.474149216644578431e+00,6.889585621589446873e+00,0.000000000000000000e+00
4.304586278160674517e+00,6.888778054176830423e+00,0.000000000000000000e+00
4.137458650610026822e+00,6.885887541283927327e+00,0.000000000000000000e+00
3.972757974562755479e+00,6.881018658117116438e+00,0.000000000000000000e+00
3.810473386238473203e+00,6.874275958965017530e+00,0.000000000000000000e+00
3.650590688144078833e+00,6.865762521339445534e+00,0.000000000000000000e+00
3.493092379329557851e+00,6.855579800372171739e+00,0.000000000000000000e+00
3.337957743652578024e+00,6.843827584840239453e+00,0.000000000000000000e+00
3.185163105667604633e+00,6.830604323055895932e+00,0.000000000000000000e+00
3.034683014872208595e+00,6.816009648545496624e+00,0.000000000000000000e+00
2.886489347572173347e+00,6.800142758402961007e+00,0.000000000000000000e+00
2.740550507595853613e+00,6.783100532473856248e+00,0.000000000000000000e+00
2.596826722026542189e+00,6.764964896455993859e+00,0.000000000000000000e+00
2.455270735756652556e+00,6.745800905139137882e+00,0.000000000000000000e+00
2.315833914500554869e+00,6.725670045383091100e+00,0.000000000000000000e+00
2.178468175521028005e+00,6.704635640061277435e+00,0.000000000000000000e+00
2.043130967681400012e+00,6.682780275546743809e+00,0.000000000000000000e+00
1.909778956638567227e+00,6.660190717924760584e+00,0.000000000000000000e+00
1.778365787659223152e+00,6.636951473986466787e+00,0.000000000000000000e+00
1.648841357441442890e+00,6.613141478851494170e+00,0.000000000000000000e+00
1.521151419667823079e+00,6.588830675424270922e+00,0.000000000000000000e+00
1.395239459612289012e+00,6.564085571624417526e+00,0.000000000000000000e+00
1.271046970936839715e+00,6.538969798820014390e+00,0.000000000000000000e+00
1.148511793594871433e+00,6.513534054631120007e+00,0.000000000000000000e+00
1.027568113898271962e+00,6.487809735556989033e+00,0.000000000000000000e+00
9.081500861521879520e-01,6.461823626387877439e+00,0.000000000000000000e+00
7.901922610646452405e-01,6.435599518815011244e+00,0.000000000000000000e+00
6.736329332693109517e-01,6.409189235491226988e+00,0.000000000000000000e+00
5.584151821425263895e-01,6.382714738545081090e+00,0.000000000000000000e+00
4.444762129547715768e-01,6.356305980513392129e+00,0.000000000000000000e+00
3.317459721575822251e-01,6.330090240342087782e+00,0.000000000000000000e+00
2.201456480131967763e-01,6.304146535637469739e+00,0.000000000000000000e+00
1.095871891128417930e-01,6.278245859497531889e+00,0.000000000000000000e+00
3.828264221709742060e-16,6.252029931201597890e+00,0.000000000000000000e+00
-1.086601748899516662e-01,6.225137250236952191e+00,0.000000000000000000e+00
-2.164111989337138831e-01,6.197205905925308400e+00,0.000000000000000000e+00
-3.232505513771827821e-01,6.167987955211559736e+00,0.000000000000000000e+00
-4.291716217982824433e-01,6.137440130189028231e+00,0.000000000000000000e+00
-5.341655533735931716e-01,6.105540213393621407e+00,0.000000000000000000e+00
-6.382208636728845530e-01,6.072265899272538903e+00,0.000000000000000000e+00
-7.413248051606515787e-01,6.037606028879121567e+00,0.000000000000000000e+00
-8.434920806223948908e-01,6.001758011531451942e+00,0.000000000000000000e+00
-9.447793946656524167e-01,5.965102334104026127e+00,0.000000000000000000e+00
-1.045270080858016204e+00,5.928021206160402734e+00,0.000000000000000000e+00
-1.145073200762793064e+00,5.890890933564204346e+00,0.000000000000000000e+00
-1.244319764350252822e+00,5.854064229181340728e+00,0.000000000000000000e+00
-1.343109021149647031e+00,5.817644321643109073e+00,0.000000000000000000e+00
-1.441501590866882454e+00,5.781547096310478473e+00,0.000000000000000000e+00
-1.539550863893365040e+00,5.745682044886593509e+00,0.000000000000000000e+00
-1.637303860009851064e+00,5.709957130354830213e+00,0.000000000000000000e+00
-1.734801939109761992e+00,5.674281465088531817e+00,0.000000000000000000e+00
-1.832095863767933208e+00,5.638611278445445407e+00,0.000000000000000000e+00
-1.929248776624167272e+00,5.602945282814684624e+00,0.000000000000000000e+00
-2.026324567690171108e+00,5.567280994214896417e+00,0.000000000000000000e+00
-2.123387290301225860e+00,5.531613010073525238e+00,0.000000000000000000e+00
-2.220501030426880629e+00,5.495932908406909512e+00,0.000000000000000000e+00
-2.317728391143617284e+00,5.460225913612572590e+00,0.000000000000000000e+00
-2.415129617321832178e+00,5.424469934250054415e+00,0.000000000000000000e+00
-2.512764038125749000e+00,5.388639869368215152e+00,0.000000000000000000e+00
-2.610690099927542196e+00,5.352707941054474006e+00,0.000000000000000000e+00
-2.708965316159673176e+00,5.316643788544056726e+00,0.000000000000000000e+00
-2.807649527137413781e+00,5.280420771104451738e+00,0.000000000000000000e+00
-2.906808083588206415e+00,5.244020598202134842e+00,0.000000000000000000e+00
-3.006506983377442488e+00,5.207422848520369740e+00,0.000000000000000000e+00
-3.106812176267836012e+00,5.170603760479319355e+00,0.000000000000000000e+00
-3.207789473401521541e+00,5.133536256178865997e+00,0.000000000000000000e+00
-3.309507181841604417e+00,5.096194156810623710e+00,0.000000000000000000e+00
-3.412038709364997757e+00,5.058555413559132852e+00,0.000000000000000000e+00
-3.515458331809129700e+00,5.020594809358171595e+00,0.000000000000000000e+00
-3.619840533427078011e+00,4.982283065197759875e+00,0.000000000000000000e+00
-3.725260031231519608e+00,4.943587033635273187e+00,0.000000000000000000e+00
-3.831797162144580771e+00,4.904476713948142219e+00,0.000000000000000000e+00
-3.939539418781689672e+00,4.864926026311259477e+00,0.000000000000000000e+00
-4.048575384306383640e+00,4.824904259135617046e+00,0.000000000000000000e+00
-4.158994161394208966e+00,4.784375489084532695e+00,0.000000000000000000e+00
-4.270886772281056842e+00,4.743300298713799101e+00,0.000000000000000000e+00
-4.384355520670301765e+00,4.701645673990808127e+00,0.000000000000000000e+00
-4.499508212144112562e+00,4.659377150824840719e+00,0.000000000000000000e+00
-4.616453591914690513e+00,4.616453591914691401e+00,0.000000000000000000e+00
-4.735301506037330910e+00,4.572827509707280136e+00,0.000000000000000000e+00
-4.856173231123774414e+00,4.528454798920794389e+00,0.000000000000000000e+00
-4.979202455035635744e+00,4.483294027891822076e+00,0.000000000000000000e+00
-5.104524657911273522e+00,4.437295587978180578e+00,0.000000000000000000e+00
-5.232276677209909188e+00,4.390401430064320820e+00,0.000000000000000000e+00
-5.362609646165258148e+00,4.342555667722155732e+00,0.000000000000000000e+00
-5.495692053026971280e+00,4.293705208737166323e+00,0.000000000000000000e+00
-5.631694795270648868e+00,4.243786421919022445e+00,0.000000000000000000e+00
-5.770791999809505413e+00,4.192725808134710519e+00,0.000000000000000000e+00
-5.913182570548984884e+00,4.140455010708671502e+00,0.000000000000000000e+00
-6.059081710584552027e+00,4.086902218033460876e+00,0.000000000000000000e+00
-6.208706410502648154e+00,4.031981086914478318e+00,0.000000000000000000e+00
-6.362290627546859589e+00,3.975600421093995696e+00,0.000000000000000000e+00
-6.520102718883382664e+00,3.917672955791550393e+00,0.000000000000000000e+00
-6.682416815073695560e+00,3.858095147020078830e+00,0.000000000000000000e+00
-6.849521459807373702e+00,3.796751743291211234e+00,0.000000000000000000e+00
-7.021751613485574417e+00,3.733531559674489131e+00,0.000000000000000000e+00
-7.199453480662589833e+00,3.668304770848837215e+00,0.000000000000000000e+00
-7.382995862085553362e+00,3.600927683186029071e+00,0.000000000000000000e+00
-7.572804153028599217e+00,3.531256570265214556e+00,0.000000000000000000e+00
-7.769315953787547357e+00,3.459122327851468004e+00,0.000000000000000000e+00
-7.973020333032433626e+00,3.384346340499388095e+00,0.000000000000000000e+00
-8.184458886334866179e+00,3.306736034348888964e+00,0.000000000000000000e+00
-8.404202453994185973e+00,3.226071065244751068e+00,0.000000000000000000e+00
-8.632909071870539464e+00,3.142121937287545741e+00,0.000000000000000000e+00
-8.871270661924993917e+00,3.054623453867265415e+00,0.000000000000000000e+00
-9.120081326097757568e+00,2.963294054095085617e+00,0.000000000000000000e+00
-9.380191925103902761e+00,2.867812469475042647e+00,0.000000000000000000e+00
-9.652573354513489079e+00,2.767830870105166596e+00,0.000000000000000000e+00
-9.938279345924945218e+00,2.662953924895498314e+00,0.000000000000000000e+00
-1.023851265392070786e+01,2.552747912086683613e+00,0.000000000000000000e+00
-1.055459840332376054e+01,2.436721041432110990e+00,0.000000000000000000e+00
-1.088803749332977588e+01,2.314323812916463385e+00,0.000000000000000000e+00
-1.124052426490368006e+01,2.184936581482005646e+00,0.000000000000000000e+00
-1.161396762137495386e+01,2.047855844722917595e+00,0.000000000000000000e+00
-1.201054286971444185e+01,1.902283110413573564e+00,0.000000000000000000e+00
-1.243273622866144912e+01,1.747307127210746103e+00,0.000000000000000000e+00
-1.288339617970170892e+01,1.581882142862833796e+00,0.000000000000000000e+00
-1.336580565351800942e+01,1.404802781922669164e+00,0.000000000000000000e+00
-1.388376919693429201e+01,1.214672411742178992e+00,0.000000000000000000e+00
-1.444172091852582618e+01,1.009863502810419034e+00,0.000000000000000000e+00
-1.504486012826616914e+01,7.884677089464000588e-01,0.000000000000000000e+00
-1.569932252463034494e+01,5.482324230592149350e-01,0.000000000000000000e+00
-1.641240370613004984e+01,2.864795723186177034e-01,0.000000000000000000e+00
-1.719284839936224785e+01,2.105516676050467447e-15,0.000000000000000000e+00
-1.805119118993662397e+01,-3.150847142520072364e-01,0.000000000000000000e+00
-1.899880321806463712e+01,-6.634528277971087906e-01,0.000000000000000000e+00
-2.002258807667426055e+01,-1.049339376597592022e+00,0.000000000000000000e+00
-2.101213862999572868e+01,-1.469311866510672138e+00,0.000000000000000000e+00
-2.195898237012638177e+01,-1.921162019951679012e+00,0.000000000000000000e+00
-2.286525496895842480e+01,-2.403235137667074639e+00,0.000000000000000000e+00
-2.373607395597153413e+01,-2.914423418242841013e+00,0.000000000000000000e+00
-2.455912613029275704e+01,-3.451560085912658504e+00,0.000000000000000000e+00
-2.533065026762573879e+01,-4.011980865694463994e+00,0.000000000000000000e+00
-2.607181358839079977e+01,-4.597164171634883445e+00,0.000000000000000000e+00
-2.675676477747744642e+01,-5.200988208971280891e+00,0.000000000000000000e+00
-2.739862162129258749e+01,-5.823756806319871693e+00,0.000000000000000000e+00
-2.799975698538300506e+01,-6.464253247170723249e+00,0.000000000000000000e+00
-2.855523992712204517e+01,-7.119620941737185404e+00,0.000000000000000000e+00
-2.906281110842978777e+01,-7.787356766282010234e+00,0.000000000000000000e+00
-2.952244992115561573e+01,-8.465426291186851415e+00,0.000000000000000000e+00
-2.993513594072286921e+01,-9.152089510714827014e+00,0.000000000000000000e+00
-3.030610017168458725e+01,-9.847048861787795815e+00,0.000000000000000000e+00
-3.063404497811587746e+01,-1.054814759272289848e+01,0.000000000000000000e+00
-3.091178552672852575e+01,-1.125096981974998300e+01,0.000000000000000000e+00
-3.114186808238677173e+01,-1.195424314064561955e+01,0.000000000000000000e+00
-3.132794087806590966e+01,-1.265730971615189837e+01,0.000000000000000000e+00
-3.147021262650888929e+01,-1.335831272071453490e+01,0.000000000000000000e+00
-3.156830889665512174e+01,-1.405511666747150734e+01,0.000000000000000000e+00
-3.162193678819394549e+01,-1.474555129002810894e+01,0.000000000000000000e+00
-3.163104485719532022e+01,-1.542749138724273728e+01,0.000000000000000000e+00
-3.159630190977299335e+01,-1.609911993293874133e+01,0.000000000000000000e+00
-3.151864259102241661e+01,-1.675875953881381264e+01,0.000000000000000000e+00
-3.139906306333039510e+01,-1.740478486314033901e+01,0.000000000000000000e+00
-3.123860567967805224e+01,-1.803561739827070198e+01,0.000000000000000000e+00
-3.103835522679717940e+01,-1.864972533517066466e+01,0.000000000000000000e+00
-3.079937716635588885e+01,-1.924558684915173856e+01,0.000000000000000000e+00
-3.052268661586290577e+01,-1.982166445312940084e+01,0.000000000000000000e+00
-3.020836195836454507e+01,-2.037579742077564049e+01,0.000000000000000000e+00
-2.985578387020971292e+01,-2.090524492508068732e+01,0.000000000000000000e+00
-2.946840202235386030e+01,-2.141004730159925629e+01,0.000000000000000000e+00
-2.904833195153805647e+01,-2.188948819081188901e+01,0.000000000000000000e+00
-2.859464604567683566e+01,-2.234058595053443241e+01,0.000000000000000000e+00
-2.810817161123228303e+01,-2.276154857308108959e+01,0.000000000000000000e+00
-2.759001240971934621e+01,-2.315076923717207791e+01,0.000000000000000000e+00
-2.704176646222896352e+01,-2.350704895273926809e+01,0.000000000000000000e+00
-2.646541348571021501e+01,-2.382956533654807174e+01,0.000000000000000000e+00
-2.586317886428921398e+01,-2.411780446642639930e+01,0.000000000000000000e+00
-2.523776740245642003e+01,-2.437182868174405570e+01,0.000000000000000000e+00
-2.458801678084251563e+01,-2.458801678084250852e+01,0.000000000000000000e+00
-2.391198162536277394e+01,-2.476158183586622741e+01,0.000000000000000000e+00
-2.322278751692213916e+01,-2.490339069269906602e+01,0.000000000000000000e+00
-2.252850960926120294e+01,-2.502044471249520541e+01,0.000000000000000000e+00
-2.183921915727983531e+01,-2.512314775691054081e+01,0.000000000000000000e+00
-2.115690129461056657e+01,-2.521381312601322477e+01,0.000000000000000000e+00
-2.047798264867481777e+01,-2.528820254442267768e+01,0.000000000000000000e+00
-1.980612450235439326e+01,-2.535068332296282634e+01,0.000000000000000000e+00
-1.914117544977334617e+01,-2.540119776034944366e+01,0.000000000000000000e+00
-1.848066966844932679e+01,-2.543645960985363885e+01,0.000000000000000000e+00
-1.782764320894020926e+01,-2.546051311375753556e+01,0.000000000000000000e+00
-1.718204139014242671e+01,-2.547342392439551872e+01,0.000000000000000000e+00
-1.654197187572337313e+01,-2.547240292383263238e+01,0.000000000000000000e+00
-1.590923818719790894e+01,-2.546010320171125230e+01,0.000000000000000000e+00
-1.528415048088850980e+01,-2.543709805050053774e+01,0.000000000000000000e+00
-1.466684056854729157e+01,-2.540371305123627366e+01,0.000000000000000000e+00
-1.405583605915312972e+01,-2.535739949097835577e+01,0.000000000000000000e+00
-1.345280915121569265e+01,-2.530105420394468041e+01,0.000000000000000000e+00
-1.285778731015808596e+01,-2.523482845246705963e+01,0.000000000000000000e+00
-1.227083168356538856e+01,-2.515893334018703698e+01,0.000000000000000000e+00
-1.169201414946870088e+01,-2.507360525823127162e+01,0.000000000000000000e+00
-1.112085967911684925e+01,-2.497785979672509526e+01,0.000000000000000000e+00
-1.055779999218748877e+01,-2.487261808948888486e+01,0.000000000000000000e+00
-1.000316460368195592e+01,-2.475870120313241785e+01,0.000000000000000000e+00
-9.456986993960192933e+00,-2.463629340291716474e+01,0.000000000000000000e+00
-8.919318599822114280e+00,-2.450562644993283001e+01,0.000000000000000000e+00
-8.390206205578744303e+00,-2.436692812818498055e+01,0.000000000000000000e+00
-7.869697844321034808e+00,-2.422043949801041762e+01,0.000000000000000000e+00
-7.357839899309349896e+00,-2.406640990104303768e+01,0.000000000000000000e+00
-6.854676551352458347e+00,-2.390509801304418147e+01,0.000000000000000000e+00
-6.360248686293270559e+00,-2.373677124601970334e+01,0.000000000000000000e+00
-5.874592900084438796e+00,-2.356170519594370916e+01,0.000000000000000000e+00
-5.397740753963663707e+00,-2.338018385143395150e+01,0.000000000000000000e+00
-4.929717210427273955e+00,-2.319249601939023364e+01,0.000000000000000000e+00
-4.470542062909292902e+00,-2.299894512330411800e+01,0.000000000000000000e+00
-4.020222124652152118e+00,-2.279981264636463223e+01,0.000000000000000000e+00
-3.578769985295475298e+00,-2.259546441533286298e+01,0.000000000000000000e+00
-3.146159627166067452e+00,-2.238608895292511036e+01,0.000000000000000000e+00
-2.722298363892194484e+00,-2.217134095584653153e+01,0.000000000000000000e+00
-2.307195433108490068e+00,-2.195149821771212473e+01,0.000000000000000000e+00
-1.900902612157177041e+00,-2.172741627941217857e+01,0.000000000000000000e+00
-1.503402614651198066e+00,-2.149965904159478924e+01,0.000000000000000000e+00
-1.114622060905164913e+00,-2.126825589928857241e+01,0.000000000000000000e+00
-7.344847603101430922e-01,-2.103289162868240325e+01,0.000000000000000000e+00
-3.629506331413417941e-01,-2.079342784652732590e+01,0.000000000000000000e+00
-3.775218156249705731e-15,-2.055133044008095311e+01,0.000000000000000000e+00
3.544533411446950666e-01,-2.030661831407450890e+01,0.000000000000000000e+00
7.004512266860187797e-01,-2.005829873970958843e+01,0.000000000000000000e+00
1.038084590983575195e+00,-1.980783397398198531e+01,0.000000000000000000e+00
1.367432160350008363e+00,-1.955519095386008388e+01,0.000000000000000000e+00
1.688522459460497060e+00,-1.929990002602076515e+01,0.000000000000000000e+00
2.001528539916414218e+00,-1.904327199429285500e+01,0.000000000000000000e+00
2.306537024098945565e+00,-1.878523657321136398e+01,0.000000000000000000e+00
2.603497599893787928e+00,-1.852484799458421350e+01,0.000000000000000000e+00
2.892500475537415294e+00,-1.826252925862265997e+01,0.000000000000000000e+00
3.173823100020752630e+00,-1.799964524583045389e+01,0.000000000000000000e+00
3.448023558724765181e+00,-1.773854344619778445e+01,0.000000000000000000e+00
3.715766348869320002e+00,-1.748130624467749072e+01,0.000000000000000000e+00
3.977754064597434969e+00,-1.722954576463953558e+01,0.000000000000000000e+00
4.234437920187203552e+00,-1.698340287452803565e+01,0.000000000000000000e+00
4.486035302370773969e+00,-1.674211167299531411e+01,0.000000000000000000e+00
4.732819187040987252e+00,-1.650530199297411116e+01,0.000000000000000000e+00
4.975100107482757217e+00,-1.627281921378071061e+01,0.000000000000000000e+00
5.213152430623293476e+00,-1.604443341251448274e+01,0.000000000000000000e+00
5.447218504910948056e+00,-1.581987123503942883e+01,0.000000000000000000e+00
5.677534049808914851e+00,-1.559889660003477552e+01,0.000000000000000000e+00
5.904327785961854147e+00,-1.538129974957702650e+01,0.000000000000000000e+00
6.127816000507772642e+00,-1.516687682301081708e+01,0.000000000000000000e+00
6.348203818167773349e+00,-1.495543098376194280e+01,0.000000000000000000e+00
6.565685282854176741e+00,-1.474677059117217048e+01,0.000000000000000000e+00
6.780448960555826687e+00,-1.454071972007380431e+01,0.000000000000000000e+00
6.992672651910019077e+00,-1.433710360111759918e+01,0.000000000000000000e+00
7.202529553159953579e+00,-1.413576016724304907e+01,0.000000000000000000e+00
7.410184007024843034e+00,-1.393652917509776579e+01,0.000000000000000000e+00
7.615795120728991563e+00,-1.373925809215822014e+01,0.000000000000000000e+00
7.819517175321970548e+00,-1.354380103831512194e+01,0.000000000000000000e+00
8.021497154093054860e+00,-1.335001313129014378e+01,0.000000000000000000e+00
8.221880461012409214e+00,-1.315775919540611838e+01,0.000000000000000000e+00
8.420805435640470904e+00,-1.296690325744217276e+01,0.000000000000000000e+00
8.618408283397082315e+00,-1.277731573167142187e+01,0.000000000000000000e+00
8.814822020004509540e+00,-1.258887049765594135e+01,0.000000000000000000e+00
9.010174512646191403e+00,-1.240144129949639407e+01,0.000000000000000000e+00
9.204594128916280482e+00,-1.221490897389599084e+01,0.000000000000000000e+00
9.398204098803091711e+00,-1.202915269390570252e+01,0.000000000000000000e+00
9.591126808910777513e+00,-1.184405522429101687e+01,0.000000000000000000e+00
9.783483932535331107e+00,-1.165950212468671232e+01,0.000000000000000000e+00
9.975392933508279825e+00,-1.147537688032364223e+01,0.000000000000000000e+00
1.016697352010218580e+01,-1.129156802936251225e+01,0.000000000000000000e+00
1.035834247169897360e+01,-1.110796235436972168e+01,0.000000000000000000e+00
1.054961583558899640e+01,-1.092444699659745133e+01,0.000000000000000000e+00
1.074091186156107902e+01,-1.074091186156108257e+01,0.000000000000000000e+00
1.093234539262961214e+01,-1.055724322797625980e+01,0.000000000000000000e+00
1.112403439625544799e+01,-1.037332989322245602e+01,0.000000000000000000e+00
1.131609677238357925e+01,-1.018905929951990430e+01,0.000000000000000000e+00
1.150864937034727475e+01,-1.000431626781995575e+01,0.000000000000000000e+00
1.170181414990880953e+01,-9.818987937293565338e+00,0.000000000000000000e+00
1.189571100488011446e+01,-9.632956835254059769e+00,0.000000000000000000e+00
1.209046291854881261e+01,-9.446104896074659862e+00,0.000000000000000000e+00
1.228619556448625794e+01,-9.258312427973603320e+00,0.000000000000000000e+00
1.248303409442004686e+01,-9.069455148137057776e+00,0.000000000000000000e+00
1.268111342797737784e+01,-8.879411215162141602e+00,0.000000000000000000e+00
1.288056865319254385e+01,-8.688053258351967401e+00,0.000000000000000000e+00
1.308153316229712715e+01,-8.495246966260793897e+00,0.000000000000000000e+00
1.328413871461490281e+01,-8.300851149275040086e+00,0.000000000000000000e+00
1.348852488654019766e+01,-8.104723413095204165e+00,0.000000000000000000e+00
1.369487900461055396e+01,-7.906742079831266423e+00,0.000000000000000000e+00
1.390339453864912400e+01,-7.706777438692201443e+00,0.000000000000000000e+00
1.411416068108001376e+01,-7.504632354115845061e+00,0.000000000000000000e+00
1.432717103214366006e+01,-7.300058260136562005e+00,0.000000000000000000e+00
1.454265530443978882e+01,-7.092926916255465564e+00,0.000000000000000000e+00
1.476142370404385851e+01,-6.883364918466387650e+00,0.000000000000000000e+00
1.498397494867348101e+01,-6.671295467093933951e+00,0.000000000000000000e+00
1.520848588302496296e+01,-6.455619250023408640e+00,0.000000000000000000e+00
1.543218690337107013e+01,-6.235008230951754271e+00,0.000000000000000000e+00
1.565146387775608083e+01,-6.008034078326514482e+00,0.000000000000000000e+00
1.586214311918766207e+01,-5.773347947054761065e+00,0.000000000000000000e+00
1.606188130476673592e+01,-5.530549254612241228e+00,0.000000000000000000e+00
1.625100397058652035e+01,-5.280271273602731519e+00,0.000000000000000000e+00
1.642998474552465993e+01,-5.023150432604640336e+00,0.000000000000000000e+00
1.659876732221008666e+01,-4.759619938927837524e+00,0.000000000000000000e+00
1.675707422872821084e+01,-4.490044507096101256e+00,0.000000000000000000e+00
1.690464334430815541e+01,-4.214800963812621148e+00,0.000000000000000000e+00
1.704125987617582538e+01,-3.934284842113356273e+00,0.000000000000000000e+00
1.716673609864012207e+01,-3.648902400223603681e+00,0.000000000000000000e+00
1.728089698899723814e+01,-3.359066098898348951e+00,0.000000000000000000e+00
1.738358596878418894e+01,-3.065195227761768670e+00,0.000000000000000000e+00
1.747468264316756148e+01,-2.767717830286987368e+00,0.000000000000000000e+00
1.755408605307140135e+01,-2.467065906336270320e+00,0.000000000000000000e+00
1.762170885108563567e+01,-2.163673783639388226e+00,0.000000000000000000e+00
1.767747734660993331e+01,-1.857977737941755469e+00,0.000000000000000000e+00
1.772133154125220855e+01,-1.550415612443961200e+00,0.000000000000000000e+00
1.775322515447000171e+01,-1.241426436767412822e+00,0.000000000000000000e+00
1.777312563945312363e+01,-9.314500456822293328e-01,0.000000000000000000e+00
1.778101418925121280e+01,-6.209266978323345620e-01,0.000000000000000000e+00
1.777690222994179337e+01,-3.102969826462265712e-01,0.000000000000000000e+00
1.776088091774302669e+01,-4.350161193190261034e-15,0.000000000000000000e+00
