1.376463996648332788e+01,0.000000000000000000e+00,0.000000000000000000e+00
1.359194301252003356e+01,2.372482477841705018e-01,0.000000000000000000e+00
1.341715665433459570e+01,4.685374347606875434e-01,0.000000000000000000e+00
1.324048162720292865e+01,6.939042387196132644e-01,0.000000000000000000e+00
1.306211602652402881e+01,9.133921309710593128e-01,0.000000000000000000e+00
1.288225508976521816e+01,1.127051281003590866e+00,0.000000000000000000e+00
1.270108775754902908e+01,1.334938115799436220e+00,0.000000000000000000e+00
1.251878490283067258e+01,1.537113507331975049e+00,0.000000000000000000e+00
1.233550587002738652e+01,1.733642291449898343e+00,0.000000000000000000e+00
1.215126978790953949e+01,1.924572064590499121e+00,0.000000000000000000e+00
1.196592568095960374e+01,2.109915546705489309e+00,0.000000000000000000e+00
1.177940139202945069e+01,2.289683684039955924e+00,0.000000000000000000e+00
1.159207224317147578e+01,2.463971018639029342e+00,0.000000000000000000e+00
1.140443527748674590e+01,2.632921343321924734e+00,0.000000000000000000e+00
1.121661240772680479e+01,2.796615570284564534e+00,0.000000000000000000e+00
1.102831357553929159e+01,2.955027716442939933e+00,0.000000000000000000e+00
1.083937042604278922e+01,3.108139454198253659e+00,0.000000000000000000e+00
1.065016584549816514e+01,3.256082461591904398e+00,0.000000000000000000e+00
1.046118877573429984e+01,3.399046279246677571e+00,0.000000000000000000e+00
1.027255607914627333e+01,3.537124717116677086e+00,0.000000000000000000e+00
1.008407729695913702e+01,3.670303976132708978e+00,0.000000000000000000e+00
9.895672843183312750e+00,3.798592906974731509e+00,0.000000000000000000e+00
9.707591012070389880e+00,3.922121358558089188e+00,0.000000000000000000e+00
9.520112901403168237e+00,4.041048174117795710e+00,0.000000000000000000e+00
9.333319053389841358e+00,4.155461371705869489e+00,0.000000000000000000e+00
9.147164459004930137e+00,4.265392837637223877e+00,0.000000000000000000e+00
8.961666991885799405e+00,4.370897039817696950e+00,0.000000000000000000e+00
8.776986374561884574e+00,4.472097927705120490e+00,0.000000000000000000e+00
8.593284413148394307e+00,4.569130371420576431e+00,0.000000000000000000e+00
8.410603726340653452e+00,4.662073773693011347e+00,0.000000000000000000e+00
8.228919799667218982e+00,4.750969061477708699e+00,0.000000000000000000e+00
8.048266511797761424e+00,4.835886398377587270e+00,0.000000000000000000e+00
7.868813647979413517e+00,4.916980484508166604e+00,0.000000000000000000e+00
7.690732214384578214e+00,4.994419897270049979e+00,0.000000000000000000e+00
7.514036957393815719e+00,5.068281923630883590e+00,0.000000000000000000e+00
7.338632918776190728e+00,5.138566089881012822e+00,0.000000000000000000e+00
7.164470058446986478e+00,5.205292188082789373e+00,0.000000000000000000e+00
6.991672457357885229e+00,5.268603097234189292e+00,0.000000000000000000e+00
6.820398534759302578e+00,5.328679342254917017e+00,0.000000000000000000e+00
6.650740546174749745e+00,5.385663503214953352e+00,0.000000000000000000e+00
6.482698071856662914e+00,5.439629561128589863e+00,0.000000000000000000e+00
6.316263458179457224e+00,5.490644056748656965e+00,0.000000000000000000e+00
6.151450824123640970e+00,5.538791200340206444e+00,0.000000000000000000e+00
5.988289066810354555e+00,5.584169894953874724e+00,0.000000000000000000e+00
5.826803496048333919e+00,5.626878729140490698e+00,0.000000000000000000e+00
5.667011903556509189e+00,5.667011903556508301e+00,0.000000000000000000e+00
5.508927142932249055e+00,5.704661052970016577e+00,0.000000000000000000e+00
5.352559688235805524e+00,5.739917528203547725e+00,0.000000000000000000e+00
5.197920080482650640e+00,5.772875092465997504e+00,0.000000000000000000e+00
5.045016707684264468e+00,5.803627834422129261e+00,0.000000000000000000e+00
4.893854797086152786e+00,5.832269036061831002e+00,0.000000000000000000e+00
4.744436496455879393e+00,5.858891138834485091e+00,0.000000000000000000e+00
4.596760871307697727e+00,5.883585612422853828e+00,0.000000000000000000e+00
4.450824133024595675e+00,5.906443117673440213e+00,0.000000000000000000e+00
4.306620811366993706e+00,5.927555023090425479e+00,0.000000000000000000e+00
4.164142865586210718e+00,5.947012333276344265e+00,0.000000000000000000e+00
4.023378877448917201e+00,5.964904485244369781e+00,0.000000000000000000e+00
3.884310959312891498e+00,5.981314354806932521e+00,0.000000000000000000e+00
3.746916150524148392e+00,5.996319293105369042e+00,0.000000000000000000e+00
3.611169144721802393e+00,6.009994714857763043e+00,0.000000000000000000e+00
3.477043543045072127e+00,6.022416076683365205e+00,0.000000000000000000e+00
3.344512623015517772e+00,6.033660490028085022e+00,0.000000000000000000e+00
3.213547383674058899e+00,6.043803612120263402e+00,0.000000000000000000e+00
3.084116317757817693e+00,6.052919085431353707e+00,0.000000000000000000e+00
2.956185072360384414e+00,6.061077610279864913e+00,0.000000000000000000e+00
2.829716860928146893e+00,6.068347391342994612e+00,0.000000000000000000e+00
2.704672772751642196e+00,6.074794508977669594e+00,0.000000000000000000e+00
2.581012165507721168e+00,6.080483616331248342e+00,0.000000000000000000e+00
2.458693099814796668e+00,6.085478967936966299e+00,0.000000000000000000e+00
2.337671655868436282e+00,6.089842867547513805e+00,0.000000000000000000e+00
2.217901874412893104e+00,6.093635318515503663e+00,0.000000000000000000e+00
2.099335415103284586e+00,6.096912748433045870e+00,0.000000000000000000e+00
1.981921615735911635e+00,6.099727528722193703e+00,0.000000000000000000e+00
1.865608186959987425e+00,6.102129423383524376e+00,0.000000000000000000e+00
1.750341334804093263e+00,6.104165652647570717e+00,0.000000000000000000e+00
1.636065811940863313e+00,6.105880734689730360e+00,0.000000000000000000e+00
1.522725009505124127e+00,6.107316435141335376e+00,0.000000000000000000e+00
1.410261083547901251e+00,6.108511859829569346e+00,0.000000000000000000e+00
1.298615057579265430e+00,6.109503500509505969e+00,0.000000000000000000e+00
1.187727430547646845e+00,6.110327922701991099e+00,0.000000000000000000e+00
1.077538173262399868e+00,6.111022651967123132e+00,0.000000000000000000e+00
9.679859520058756717e-01,6.111622770661258919e+00,0.000000000000000000e+00
8.590081544278341807e-01,6.112160613296939715e+00,0.000000000000000000e+00
7.505405736166228525e-01,6.112662439784545043e+00,0.000000000000000000e+00
6.425173715534333585e-01,6.113144441128512518e+00,0.000000000000000000e+00
5.348723505881330942e-01,6.113618942523265432e+00,0.000000000000000000e+00
4.275391960873465291e-01,6.114095354908046787e+00,0.000000000000000000e+00
3.204515098081249236e-01,6.114579060437693059e+00,0.000000000000000000e+00
2.135428468658079892e-01,6.115067049604119731e+00,0.000000000000000000e+00
1.067473525738156653e-01,6.115551733139096058e+00,0.000000000000000000e+00
3.744983781308393135e-16,6.116022650638203828e+00,0.000000000000000000e+00
-1.067632126181261576e-01,6.116460354469070992e+00,0.000000000000000000e+00
-2.136018394433814305e-01,6.116756375997384865e+00,0.000000000000000000e+00
-3.205645668108385027e-01,6.116736316560016817e+00,0.000000000000000000e+00
-4.276879372081305308e-01,6.116222452035039225e+00,0.000000000000000000e+00
-5.349963858761155322e-01,6.115036672352285763e+00,0.000000000000000000e+00
-6.425094314028405584e-01,6.113068895641958100e+00,0.000000000000000000e+00
-7.502533056757788588e-01,6.110322830156666996e+00,0.000000000000000000e+00
-8.582563828622408186e-01,6.106811480660981672e+00,0.000000000000000000e+00
-9.665483569373056749e-01,6.102546152619580333e+00,0.000000000000000000e+00
-1.075159272558028789e+00,6.097531235651753256e+00,0.000000000000000000e+00
-1.184116351182505023e+00,6.091750529852065554e+00,0.000000000000000000e+00
-1.293445363447473850e+00,6.085182001840293786e+00,0.000000000000000000e+00
-1.403171191970761456e+00,6.077802165511899446e+00,0.000000000000000000e+00
-1.513317894388299667e+00,6.069586557191200882e+00,0.000000000000000000e+00
-1.623909441099258943e+00,6.060512541073212134e+00,0.000000000000000000e+00
-1.734969435793817905e+00,6.050557470009875871e+00,0.000000000000000000e+00
-1.846520760393173255e+00,6.039697264217338990e+00,0.000000000000000000e+00
-1.958585497807277198e+00,6.027906342751657931e+00,0.000000000000000000e+00
-2.071184557040732788e+00,6.015156720231881415e+00,0.000000000000000000e+00
-2.184337654815129870e+00,6.001418383069034412e+00,0.000000000000000000e+00
-2.298063463778948545e+00,5.986659999462899506e+00,0.000000000000000000e+00
-2.412379580533386747e+00,5.970848985228102812e+00,0.000000000000000000e+00
-2.527302634247735380e+00,5.953951890045131812e+00,0.000000000000000000e+00
-2.642848248020206015e+00,5.935934352901717226e+00,0.000000000000000000e+00
-2.759030882826604802e+00,5.916760822121252872e+00,0.000000000000000000e+00
-2.875863797436811087e+00,5.896394591743515434e+00,0.000000000000000000e+00
-2.993359109752882663e+00,5.874798035550553799e+00,0.000000000000000000e+00
-3.111527753777217686e+00,5.851932594188442138e+00,0.000000000000000000e+00
-3.230379362009680122e+00,5.827758636708698425e+00,0.000000000000000000e+00
-3.349922245946272081e+00,5.802235531384190459e+00,0.000000000000000000e+00
-3.470163605479239965e+00,5.775322088998596115e+00,0.000000000000000000e+00
-3.591109429440638490e+00,5.746976417498760981e+00,0.000000000000000000e+00
-3.712764304187397890e+00,5.717155670919600752e+00,0.000000000000000000e+00
-3.835130298360657441e+00,5.685814489510131686e+00,0.000000000000000000e+00
-3.958200974030023467e+00,5.652896831345677775e+00,0.000000000000000000e+00
-4.081964843973620916e+00,5.618342611244226958e+00,0.000000000000000000e+00
-4.206407925047339624e+00,5.582091854557124755e+00,0.000000000000000000e+00
-4.331596217932585979e+00,5.544190333182001496e+00,0.000000000000000000e+00
-4.457840571355986548e+00,5.504974645854098902e+00,0.000000000000000000e+00
-4.585520215739186334e+00,5.464810191020551322e+00,0.000000000000000000e+00
-4.715035775555608488e+00,5.424028195115980999e+00,0.000000000000000000e+00
-4.846648408758924553e+00,5.382748377744655421e+00,0.000000000000000000e+00
-4.980451129149602529e+00,5.340879952707135558e+00,0.000000000000000000e+00
-5.116525903251528007e+00,5.298317674111635789e+00,0.000000000000000000e+00
-5.254968353841139361e+00,5.254968353841140249e+00,0.000000000000000000e+00
-5.395936772773391787e+00,5.210795571035971463e+00,0.000000000000000000e+00
-5.539607345810443562e+00,5.165767421247250191e+00,0.000000000000000000e+00
-5.686159394300836389e+00,5.119840915150632554e+00,0.000000000000000000e+00
-5.835777842157188644e+00,5.072964283029040899e+00,0.000000000000000000e+00
-5.988651356985756458e+00,5.025075144896067769e+00,0.000000000000000000e+00
-6.144972535935345981e+00,4.976100644022278807e+00,0.000000000000000000e+00
-6.304960166612520567e+00,4.925974753871762424e+00,0.000000000000000000e+00
-6.468850506720976057e+00,4.874628498849101987e+00,0.000000000000000000e+00
-6.636886174120142812e+00,4.821980059029077559e+00,0.000000000000000000e+00
-6.809338554122157383e+00,4.767950185818343734e+00,0.000000000000000000e+00
-6.986492944846065534e+00,4.712448994158198623e+00,0.000000000000000000e+00
-7.168650696672949962e+00,4.655376195400036110e+00,0.000000000000000000e+00
-7.356151053080234981e+00,4.596633341085364144e+00,0.000000000000000000e+00
-7.549344831442726722e+00,4.536104008673192745e+00,0.000000000000000000e+00
-7.748622880666297341e+00,4.473669506001578533e+00,0.000000000000000000e+00
-7.954404171388033795e+00,4.409198231114051403e+00,0.000000000000000000e+00
-8.167140981147294809e+00,4.342545889385004187e+00,0.000000000000000000e+00
-8.387333853944408446e+00,4.273560051990865638e+00,0.000000000000000000e+00
-8.615516534474712884e+00,4.202068181191330076e+00,0.000000000000000000e+00
-8.852286007565153270e+00,4.127888757505969508e+00,0.000000000000000000e+00
-9.098282096341218761e+00,4.050816176320195972e+00,0.000000000000000000e+00
-9.354219683294900278e+00,3.970630680850874228e+00,0.000000000000000000e+00
-9.620875891599489194e+00,3.887086175711393476e+00,0.000000000000000000e+00
-9.899112296294335422e+00,3.799913189324243934e+00,0.000000000000000000e+00
-1.018988394238811424e+01,3.708814445656417380e+00,0.000000000000000000e+00
-1.049424158674252716e+01,3.613457158848208284e+00,0.000000000000000000e+00
-1.081336391931675500e+01,3.513474919920271056e+00,0.000000000000000000e+00
-1.114856102511373592e+01,3.408457159491487420e+00,0.000000000000000000e+00
-1.150129641036797068e+01,3.297943675917362594e+00,0.000000000000000000e+00
-1.187321736063384137e+01,3.181419003341027452e+00,0.000000000000000000e+00
-1.226618012556176751e+01,3.058302193221031029e+00,0.000000000000000000e+00
-1.268228289892882898e+01,2.927935712218358688e+00,0.000000000000000000e+00
-1.312390842523534040e+01,2.789572850540257942e+00,0.000000000000000000e+00
-1.359377440353619448e+01,2.642362070907772864e+00,0.000000000000000000e+00
-1.409499471350528310e+01,2.485327860934161137e+00,0.000000000000000000e+00
-1.463115397788392613e+01,2.317347134089259963e+00,0.000000000000000000e+00
-1.520640151109680538e+01,2.137120361189256190e+00,0.000000000000000000e+00
-1.582556489123770582e+01,1.943135036211045996e+00,0.000000000000000000e+00
-1.649427034449567486e+01,1.733617670823548229e+00,0.000000000000000000e+00
-1.721912617610121288e+01,1.506478336231357407e+00,0.000000000000000000e+00
-1.800806443890346742e+01,1.259246535485824214e+00,0.000000000000000000e+00
-1.884546731098943795e+01,9.876490913201020350e-01,0.000000000000000000e+00
-1.971428049125223225e+01,6.884378447306729321e-01,0.000000000000000000e+00
-2.061332520100147647e+01,3.598069297699431068e-01,0.000000000000000000e+00
-2.153891989298767129e+01,2.637756930403860350e-15,0.000000000000000000e+00
-2.245974737043534475e+01,-3.920363486223059080e-01,0.000000000000000000e+00
-2.334245734259854288e+01,-8.151365722318364426e-01,0.000000000000000000e+00
-2.418627167944335810e+01,-1.267548787855931280e+00,0.000000000000000000e+00
-2.499416824952715288e+01,-1.747762502869132373e+00,0.000000000000000000e+00
-2.574793847163473615e+01,-2.252652725431039560e+00,0.000000000000000000e+00
-2.646348108263891774e+01,-2.781423941658447863e+00,0.000000000000000000e+00
-2.713684040335353487e+01,-3.331985033217971903e+00,0.000000000000000000e+00
-2.776903104296700064e+01,-3.902682801655204869e+00,0.000000000000000000e+00
-2.834818932784838807e+01,-4.489912100905255166e+00,0.000000000000000000e+00
-2.888827670107727386e+01,-5.093782608571654436e+00,0.000000000000000000e+00
-2.938390800108368950e+01,-5.711653120924924387e+00,0.000000000000000000e+00
-2.983399281363025679e+01,-6.341410933353388124e+00,0.000000000000000000e+00
-3.023883096298759909e+01,-6.981184206176616058e+00,0.000000000000000000e+00
-3.060006156737808425e+01,-7.629452237472740705e+00,0.000000000000000000e+00
-3.091746932476631571e+01,-8.284310937585129153e+00,0.000000000000000000e+00
-3.118827523452724293e+01,-8.943094013276382981e+00,0.000000000000000000e+00
-3.141223225809945774e+01,-9.603683174406448586e+00,0.000000000000000000e+00
-3.159013660577343074e+01,-1.026425758990392900e+01,0.000000000000000000e+00
-3.172318376400471607e+01,-1.092316815140920738e+01,0.000000000000000000e+00
-3.181268837017689322e+01,-1.157887163873097158e+01,0.000000000000000000e+00
-3.186000133423595670e+01,-1.222990866839355206e+01,0.000000000000000000e+00
-3.186650634084938005e+01,-1.287490428744546556e+01,0.000000000000000000e+00
-3.182636702321246958e+01,-1.350949129279752903e+01,0.000000000000000000e+00
-3.174159053723491652e+01,-1.413226662449495841e+01,0.000000000000000000e+00
-3.161824273359975379e+01,-1.474382872408119738e+01,0.000000000000000000e+00
-3.145254677419673328e+01,-1.534043205516779196e+01,0.000000000000000000e+00
-3.124760058323937173e+01,-1.592144773279739134e+01,0.000000000000000000e+00
-3.100153247427435943e+01,-1.648380721253129977e+01,0.000000000000000000e+00
-3.071684948616011468e+01,-1.702662770229088096e+01,0.000000000000000000e+00
-3.039440975411195112e+01,-1.754822065339632786e+01,0.000000000000000000e+00
-3.003506335974141805e+01,-1.804688676286622240e+01,0.000000000000000000e+00
-2.963978485889410663e+01,-1.852099315550905345e+01,0.000000000000000000e+00
-2.920964969932404642e+01,-1.896896830938041489e+01,0.000000000000000000e+00
-2.874584700168919227e+01,-1.938931862648868432e+01,0.000000000000000000e+00
-2.824965974907457422e+01,-1.978062470816141882e+01,0.000000000000000000e+00
-2.772174181153414452e+01,-2.014102437646392474e+01,0.000000000000000000e+00
-2.715941599896093805e+01,-2.046608792444362734e+01,0.000000000000000000e+00
-2.657365155986492766e+01,-2.076161200752025593e+01,0.000000000000000000e+00
-2.596173157765148787e+01,-2.102339570567680482e+01,0.000000000000000000e+00
-2.534066967209635379e+01,-2.126334657564133579e+01,0.000000000000000000e+00
-2.472087040885929810e+01,-2.148952479369499713e+01,0.000000000000000000e+00
-2.410109543808961519e+01,-2.170072380446411131e+01,0.000000000000000000e+00
-2.348447782663293282e+01,-2.189962986340060880e+01,0.000000000000000000e+00
-2.286782301120360472e+01,-2.208319998619422719e+01,0.000000000000000000e+00
-2.225546113024516259e+01,-2.225546113024515549e+01,0.000000000000000000e+00
-2.164300802658305045e+01,-2.241199089313934678e+01,0.000000000000000000e+00
-2.103550240431321683e+01,-2.255781457803444923e+01,0.000000000000000000e+00
-2.042877269584059619e+01,-2.268845061860145762e+01,0.000000000000000000e+00
-1.982665125054485955e+01,-2.280795321961570465e+01,0.000000000000000000e+00
-1.922708500190084635e+01,-2.291394762612957692e+01,0.000000000000000000e+00
-1.863110775293610644e+01,-2.300750198719897099e+01,0.000000000000000000e+00
-1.803977907275629278e+01,-2.308986427078624715e+01,0.000000000000000000e+00
-1.745095054281472002e+01,-2.315819355019615955e+01,0.000000000000000000e+00
-1.686786329236500848e+01,-2.321662207259055322e+01,0.000000000000000000e+00
-1.628815093728764296e+01,-2.326189029460203272e+01,0.000000000000000000e+00
-1.571321254181905225e+01,-2.329579560444576103e+01,0.000000000000000000e+00
-1.514415703689542703e+01,-2.331995682762135047e+01,0.000000000000000000e+00
-1.457851507473940345e+01,-2.333050105625093451e+01,0.000000000000000000e+00
-1.401886322566894272e+01,-2.333130643235901047e+01,0.000000000000000000e+00
-1.346528797130036992e+01,-2.332256290483826433e+01,0.000000000000000000e+00
-1.291591327038319292e+01,-2.330092434271520929e+01,0.000000000000000000e+00
-1.237286205370774361e+01,-2.326996911648752331e+01,0.000000000000000000e+00
-1.183616998141843979e+01,-2.322979155047652000e+01,0.000000000000000000e+00
-1.130508823672105123e+01,-2.317886584114206272e+01,0.000000000000000000e+00
-1.077991621481064932e+01,-2.311760492517460719e+01,0.000000000000000000e+00
-1.026145242237428690e+01,-2.304759949432115462e+01,0.000000000000000000e+00
-9.749703970087852056e+00,-2.296886316401269923e+01,0.000000000000000000e+00
-9.244498513154946195e+00,-2.288093673633628455e+01,0.000000000000000000e+00
-8.745556197379698915e+00,-2.278295281445892684e+01,0.000000000000000000e+00
-8.253697695748133611e+00,-2.267684804607259608e+01,0.000000000000000000e+00
-7.768932106805536364e+00,-2.256261713250959033e+01,0.000000000000000000e+00
-7.291344520385451666e+00,-2.244045099426328704e+01,0.000000000000000000e+00
-6.820997005993475248e+00,-2.231047591772621175e+01,0.000000000000000000e+00
-6.357964351476673492e+00,-2.217285671276537329e+01,0.000000000000000000e+00
-5.902253376884428526e+00,-2.202750948167767930e+01,0.000000000000000000e+00
-5.453885731061490105e+00,-2.187434090382462060e+01,0.000000000000000000e+00
-5.013131841397052924e+00,-2.171425962561701439e+01,0.000000000000000000e+00
-4.580047520117458859e+00,-2.154742946598667785e+01,0.000000000000000000e+00
-4.154698434769427351e+00,-2.137407051773854150e+01,0.000000000000000000e+00
-3.737143373670608337e+00,-2.119439327240291604e+01,0.000000000000000000e+00
-3.327439269513275288e+00,-2.100862472787863666e+01,0.000000000000000000e+00
-2.925638770665961008e+00,-2.081700152743001553e+01,0.000000000000000000e+00
-2.531789004046784974e+00,-2.061976673149384354e+01,0.000000000000000000e+00
-2.145908270544500063e+00,-2.041695337129087662e+01,0.000000000000000000e+00
-1.767997036796189247e+00,-2.020829860170749726e+01,0.000000000000000000e+00
-1.398159401740397989e+00,-1.999461097797336606e+01,0.000000000000000000e+00
-1.036429737081826952e+00,-1.977625748048437160e+01,0.000000000000000000e+00
-6.828213192154531930e-01,-1.955344424402790438e+01,0.000000000000000000e+00
-3.373474566773887462e-01,-1.932662284928189678e+01,0.000000000000000000e+00
-3.507843694221477064e-15,-1.909581166130933738e+01,0.000000000000000000e+00
3.292107137255789184e-01,-1.886046915777375688e+01,0.000000000000000000e+00
6.502581056387477521e-01,-1.862095581233990771e+01,0.000000000000000000e+00
9.631751317719182692e-01,-1.837847634356056403e+01,0.000000000000000000e+00
1.267983548560083440e+00,-1.813300954695905887e+01,0.000000000000000000e+00
1.564632148784603771e+00,-1.788382729518994907e+01,0.000000000000000000e+00
1.853177640651201274e+00,-1.763180747157194617e+01,0.000000000000000000e+00
2.133651364534330241e+00,-1.737719586928826132e+01,0.000000000000000000e+00
2.406066853591261712e+00,-1.712005524007550150e+01,0.000000000000000000e+00
2.670499809939945735e+00,-1.686087221994776897e+01,0.000000000000000000e+00
2.926931359022855617e+00,-1.659945260369531184e+01,0.000000000000000000e+00
3.175317270698631233e+00,-1.633559121695257588e+01,0.000000000000000000e+00
3.415807751956098315e+00,-1.607011199804263768e+01,0.000000000000000000e+00
3.648504542094935132e+00,-1.580340940130037986e+01,0.000000000000000000e+00
3.873365401640951777e+00,-1.553522010151895927e+01,0.000000000000000000e+00
4.090613937289504953e+00,-1.526637904811377844e+01,0.000000000000000000e+00
4.300769415826771080e+00,-1.499856538038349640e+01,0.000000000000000000e+00
4.504560235433729076e+00,-1.473375264118795336e+01,0.000000000000000000e+00
4.702872898327774998e+00,-1.447395449661107492e+01,0.000000000000000000e+00
4.896329764372608473e+00,-1.421997416237884515e+01,0.000000000000000000e+00
5.085321476905387605e+00,-1.397180592846521030e+01,0.000000000000000000e+00
5.270161146589645185e+00,-1.372923917215486611e+01,0.000000000000000000e+00
5.451071108171693602e+00,-1.349187443687316268e+01,0.000000000000000000e+00
5.628259400818546254e+00,-1.325934822488816067e+01,0.000000000000000000e+00
5.801950406163205898e+00,-1.303139397261104904e+01,0.000000000000000000e+00
5.972354480030802826e+00,-1.280775551416231650e+01,0.000000000000000000e+00
6.139668010466115433e+00,-1.258818490788019240e+01,0.000000000000000000e+00
6.304071106451027973e+00,-1.237243618097227227e+01,0.000000000000000000e+00
6.465733912185478438e+00,-1.216027688653451655e+01,0.000000000000000000e+00
6.624823364475390441e+00,-1.195149771975152575e+01,0.000000000000000000e+00
6.781493221561139428e+00,-1.174589081092783616e+01,0.000000000000000000e+00
6.935892897427592629e+00,-1.154326424096942993e+01,0.000000000000000000e+00
7.088164371031969502e+00,-1.134343419048100898e+01,0.000000000000000000e+00
7.238439404046164150e+00,-1.114621923098560963e+01,0.000000000000000000e+00
7.386849265383018448e+00,-1.095145440114388791e+01,0.000000000000000000e+00
7.533517034370672327e+00,-1.075897733639424203e+01,0.000000000000000000e+00
7.678558961538592520e+00,-1.056862972993363314e+01,0.000000000000000000e+00
7.822091591159539448e+00,-1.038026614028883010e+01,0.000000000000000000e+00
7.964223551518413657e+00,-1.019374129168102883e+01,0.000000000000000000e+00
8.105058947024613047e+00,-1.000891424722967216e+01,0.000000000000000000e+00
8.244702798133200616e+00,-9.825654179546779332e+00,0.000000000000000000e+00
8.383253120970774575e+00,-9.643829540101714670e+00,0.000000000000000000e+00
8.520804581009716827e+00,-9.463312204083321078e+00,0.000000000000000000e+00
8.657453549821170213e+00,-9.283982295320347689e+00,0.000000000000000000e+00
8.793290458026849166e+00,-9.105718827252180958e+00,0.000000000000000000e+00
8.928402720504941215e+00,-8.928402720504944767e+00,0.000000000000000000e+00
9.062880438583405862e+00,-8.751921906958614272e+00,0.000000000000000000e+00
9.196808933689139209e+00,-8.576163074990738266e+00,0.000000000000000000e+00
9.330270397863998255e+00,-8.401013200629158462e+00,0.000000000000000000e+00
9.463350874107495869e+00,-8.226365410163245073e+00,0.000000000000000000e+00
9.596133020694120219e+00,-8.052111678392559924e+00,0.000000000000000000e+00
9.728695907725999348e+00,-7.878142609886128689e+00,0.000000000000000000e+00
9.861122450149339969e+00,-7.704353231524395440e+00,0.000000000000000000e+00
9.993493631622973439e+00,-7.530637600785971664e+00,0.000000000000000000e+00
1.012588686367791802e+01,-7.356887440232832809e+00,0.000000000000000000e+00
1.025838574130992065e+01,-7.182999025928214820e+00,0.000000000000000000e+00
1.039107517078724285e+01,-7.008868701845877958e+00,0.000000000000000000e+00
1.052403597021223725e+01,-6.834388870139556538e+00,0.000000000000000000e+00
1.065734688841767230e+01,-6.659449443238454336e+00,0.000000000000000000e+00
1.079108410944580854e+01,-6.483937477980083131e+00,0.000000000000000000e+00
1.092532028040704262e+01,-6.307736604875890052e+00,0.000000000000000000e+00
1.106015123718725768e+01,-6.130741941209436163e+00,0.000000000000000000e+00
1.119570136052863951e+01,-5.952860007458327551e+00,0.000000000000000000e+00
1.133209299143311632e+01,-5.773989775172627681e+00,0.000000000000000000e+00
1.146938532585265058e+01,-5.593992994237412475e+00,0.000000000000000000e+00
1.160754156036493079e+01,-5.412685521950598044e+00,0.000000000000000000e+00
1.174651239026637128e+01,-5.229884268478726561e+00,0.000000000000000000e+00
1.188649435410808231e+01,-5.045517506336546276e+00,0.000000000000000000e+00
1.202811198610888432e+01,-4.859672689670190060e+00,0.000000000000000000e+00
1.217201890638067852e+01,-4.672400291930664196e+00,0.000000000000000000e+00
1.231753557802203325e+01,-4.483216309914960895e+00,0.000000000000000000e+00
1.246187183188827419e+01,-4.290966584995810962e+00,0.000000000000000000e+00
1.260201787718678901e+01,-4.094643820577189786e+00,0.000000000000000000e+00
1.273599724512320464e+01,-3.893785116807131352e+00,0.000000000000000000e+00
1.286313919821995100e+01,-3.688445811462832236e+00,0.000000000000000000e+00
1.298285041262233008e+01,-3.478744283516220115e+00,0.000000000000000000e+00
1.309467869602590184e+01,-3.264870087153286082e+00,0.000000000000000000e+00
1.319851557071327619e+01,-3.047117415353158165e+00,0.000000000000000000e+00
1.329431194828007712e+01,-2.825793237495113797e+00,0.000000000000000000e+00
1.338202886625648524e+01,-2.601202907912806062e+00,0.000000000000000000e+00
1.346162547417399757e+01,-2.373647775289271955e+00,0.000000000000000000e+00
1.353302334227796422e+01,-2.143420327965584349e+00,0.000000000000000000e+00
1.359614139307710268e+01,-1.910813060114797679e+00,0.000000000000000000e+00
1.365090758231045420e+01,-1.676120693420128704e+00,0.000000000000000000e+00
1.369725895571662555e+01,-1.439639927776533490e+00,0.000000000000000000e+00
1.373514169944913910e+01,-1.201669190623995576e+00,0.000000000000000000e+00
1.376451118410621000e+01,-9.625083850653333162e-01,0.000000000000000000e+00
1.378533200234693723e+01,-7.224586369224502702e-01,0.000000000000000000e+00
1.379757800006924029e+01,-4.818220408848256087e-01,0.000000000000000000e+00
1.380123230112867638e+01,-2.409014059056277524e-01,0.000000000000000000e+00
1.379629989883712682e+01,-3.379118902237567840e-15,0.000000000000000000e+00
