2.076427098985969266e+01,0.000000000000000000e+00,0.000000000000000000e+00
2.079332633733218572e+01,3.629488612917500800e-01,0.000000000000000000e+00
2.080512204352763561e+01,7.265308711297079336e-01,0.000000000000000000e+00
2.080820684735082082e+01,1.090511911731828265e+00,0.000000000000000000e+00
2.080257363846669705e+01,1.454657654758088059e+00,0.000000000000000000e+00
2.078663909471649518e+01,1.818595273592468642e+00,0.000000000000000000e+00
2.076265238157678183e+01,2.182242700652703427e+00,0.000000000000000000e+00
2.073050640439659631e+01,2.545386126158687201e+00,0.000000000000000000e+00
2.069010015810371073e+01,2.907803946295976605e+00,0.000000000000000000e+00
2.064133907071560969e+01,3.269266936264275447e+00,0.000000000000000000e+00
2.058413534207795692e+01,3.629538435363011573e+00,0.000000000000000000e+00
2.051840827746284646e+01,3.988374543987149856e+00,0.000000000000000000e+00
2.044408597944467942e+01,4.345524622277066484e+00,0.000000000000000000e+00
2.036113143888130139e+01,4.700737584564359750e+00,0.000000000000000000e+00
2.026954019194105072e+01,5.053763974606243714e+00,0.000000000000000000e+00
2.016931607095100887e+01,5.404351953099387096e+00,0.000000000000000000e+00
2.006051990755548786e+01,5.752261519414243907e+00,0.000000000000000000e+00
1.994343184190493901e+01,6.097319007649944389e+00,0.000000000000000000e+00
1.981838967623985681e+01,6.439385153429221020e+00,0.000000000000000000e+00
1.968554675550232247e+01,6.778277330624226771e+00,0.000000000000000000e+00
1.954469080712882345e+01,7.113685691731168603e+00,0.000000000000000000e+00
1.939567021412272751e+01,7.445300230609377401e+00,0.000000000000000000e+00
1.923883292171722204e+01,7.772993054834570259e+00,0.000000000000000000e+00
1.907459831783554449e+01,8.096686615235276108e+00,0.000000000000000000e+00
1.890280610581057275e+01,8.416071511132212635e+00,0.000000000000000000e+00
1.872318823305496238e+01,8.730766058151084863e+00,0.000000000000000000e+00
1.853598966307751894e+01,9.040606220002848303e+00,0.000000000000000000e+00
1.834173261249401321e+01,9.345579553887635171e+00,0.000000000000000000e+00
1.814113268648750221e+01,9.645811350427745623e+00,0.000000000000000000e+00
1.793359426719742444e+01,9.940753627389019798e+00,0.000000000000000000e+00
1.771823123658201737e+01,1.022962557400466288e+01,0.000000000000000000e+00
1.749669365640363949e+01,1.051307418132227944e+01,0.000000000000000000e+00
1.726921216911924972e+01,1.079100141610221542e+01,0.000000000000000000e+00
1.703492047860090608e+01,1.106260670831919946e+01,0.000000000000000000e+00
1.679426328560696291e+01,1.132787362023597311e+01,0.000000000000000000e+00
1.654785439387372747e+01,1.158693238778704959e+01,0.000000000000000000e+00
1.629607927766214814e+01,1.183979463496843110e+01,0.000000000000000000e+00
1.603868053328684340e+01,1.208601267416314329e+01,0.000000000000000000e+00
1.577499322842488461e+01,1.232477546760915565e+01,0.000000000000000000e+00
1.550614995619159764e+01,1.255663265085141411e+01,0.000000000000000000e+00
1.523248313736429793e+01,1.278157098247652002e+01,0.000000000000000000e+00
1.495401377254634134e+01,1.299932584959573134e+01,0.000000000000000000e+00
1.467094508158327493e+01,1.320977828512908303e+01,0.000000000000000000e+00
1.438342804311237089e+01,1.341276364057778991e+01,0.000000000000000000e+00
1.409164927669789336e+01,1.360814752502537850e+01,0.000000000000000000e+00
1.379578612406336546e+01,1.379578612406336546e+01,0.000000000000000000e+00
1.349591429309271184e+01,1.397542836281692580e+01,0.000000000000000000e+00
1.319222096624590002e+01,1.414692497993368825e+01,0.000000000000000000e+00
1.288512849828697249e+01,1.431038496537979476e+01,0.000000000000000000e+00
1.257485639274327660e+01,1.446571751955301366e+01,0.000000000000000000e+00
1.226161556512020390e+01,1.461282440074108635e+01,0.000000000000000000e+00
1.194562779946769027e+01,1.475162180258871025e+01,0.000000000000000000e+00
1.162711683153643172e+01,1.488203089505636001e+01,0.000000000000000000e+00
1.130631045444658689e+01,1.500398074020604611e+01,0.000000000000000000e+00
1.098343930710146843e+01,1.511740728688689472e+01,0.000000000000000000e+00
1.065873615410539976e+01,1.522225279287573940e+01,0.000000000000000000e+00
1.033243678895534678e+01,1.531846749293030996e+01,0.000000000000000000e+00
1.000477579374929959e+01,1.540600371561477644e+01,0.000000000000000000e+00
9.675994674678095819e+00,1.548482838070468404e+01,0.000000000000000000e+00
9.346183873739505543e+00,1.555466205933993962e+01,0.000000000000000000e+00
9.015695528908096890e+00,1.561564272164038236e+01,0.000000000000000000e+00
8.684807538296253071e+00,1.566780754442769208e+01,0.000000000000000000e+00
8.353764673525505557e+00,1.571114630677467439e+01,0.000000000000000000e+00
8.022811453451154762e+00,1.574565404223028331e+01,0.000000000000000000e+00
7.692192309822964980e+00,1.577133144299674328e+01,0.000000000000000000e+00
7.362151422243345067e+00,1.578818467484014221e+01,0.000000000000000000e+00
7.032932705448165400e+00,1.579622548483024680e+01,0.000000000000000000e+00
6.704779770219528423e+00,1.579547128399890354e+01,0.000000000000000000e+00
6.377935907007010741e+00,1.578594531536479195e+01,0.000000000000000000e+00
6.052644069811072391e+00,1.576767687874860613e+01,0.000000000000000000e+00
5.729146858663436426e+00,1.574070162691717023e+01,0.000000000000000000e+00
5.407686491713870502e+00,1.570506193229602410e+01,0.000000000000000000e+00
5.088504762853605534e+00,1.566080733747240572e+01,0.000000000000000000e+00
4.771842965932101777e+00,1.560799506011414017e+01,0.000000000000000000e+00
4.457941816042190197e+00,1.554669067906790580e+01,0.000000000000000000e+00
4.147041221947924683e+00,1.547696854139217848e+01,0.000000000000000000e+00
3.839380368439055502e+00,1.539891357832718022e+01,0.000000000000000000e+00
3.535196542714753587e+00,1.531261853562171638e+01,0.000000000000000000e+00
3.234727638682477480e+00,1.521819704490771485e+01,0.000000000000000000e+00
2.938203588437289238e+00,1.511574707063342515e+01,0.000000000000000000e+00
2.645866427497665985e+00,1.500545416740436444e+01,0.000000000000000000e+00
2.357929591875574715e+00,1.488738153220151084e+01,0.000000000000000000e+00
2.074483794086969368e+00,1.476071917802311084e+01,0.000000000000000000e+00
1.795892114313970556e+00,1.462636752624072578e+01,0.000000000000000000e+00
1.522398893290205724e+00,1.448465791546813719e+01,0.000000000000000000e+00
1.254219187869216379e+00,1.433579091647200521e+01,0.000000000000000000e+00
9.915563834858166503e-01,1.417991691494290052e+01,0.000000000000000000e+00
7.346273378736748461e-01,1.401752464850944868e+01,0.000000000000000000e+00
4.836542457024538555e-01,1.385004548129291990e+01,0.000000000000000000e+00
2.387753692882833290e-01,1.367943174489627012e+01,0.000000000000000000e+00
8.270542118589759964e-16,1.350682029193728972e+01,0.000000000000000000e+00
-2.327158055733420383e-01,1.333227957216806381e+01,0.000000000000000000e+00
-4.593987740169601097e-01,1.315545965061066802e+01,0.000000000000000000e+00
-6.800695062431060256e-01,1.297649920578059302e+01,0.000000000000000000e+00
-8.947800712212375940e-01,1.279595117169184348e+01,0.000000000000000000e+00
-1.103587262785710399e+00,1.261406013430188722e+01,0.000000000000000000e+00
-1.306496627396994237e+00,1.243048507126766822e+01,0.000000000000000000e+00
-1.503548985665154492e+00,1.224542381068683738e+01,0.000000000000000000e+00
-1.694817541026711893e+00,1.205925341638713100e+01,0.000000000000000000e+00
-1.880376400651964763e+00,1.187222934777553363e+01,0.000000000000000000e+00
-2.060284242090974605e+00,1.168445256541540012e+01,0.000000000000000000e+00
-2.234580881645724659e+00,1.149592204868098833e+01,0.000000000000000000e+00
-2.403315157123747881e+00,1.130670885077033638e+01,0.000000000000000000e+00
-2.566542934610121840e+00,1.111691880157820833e+01,0.000000000000000000e+00
-2.724326806124442779e+00,1.092667801072451539e+01,0.000000000000000000e+00
-2.876733647744335709e+00,1.073611613322480629e+01,0.000000000000000000e+00
-3.023833499323023588e+00,1.054536062130911667e+01,0.000000000000000000e+00
-3.165704072984437456e+00,1.035455145646706043e+01,0.000000000000000000e+00
-3.302458009280338391e+00,1.016392064737466150e+01,0.000000000000000000e+00
-3.434227254705525034e+00,9.973720149526572598e+00,0.000000000000000000e+00
-3.561084284903174080e+00,9.783998661546181808e+00,0.000000000000000000e+00
-3.683033422999429707e+00,9.594630095157596017e+00,0.000000000000000000e+00
-3.800090848635343299e+00,9.405554901244912003e+00,0.000000000000000000e+00
-3.912374439367575896e+00,9.216976578972486678e+00,0.000000000000000000e+00
-4.020038131532081671e+00,9.029153475918253235e+00,0.000000000000000000e+00
-4.123219788967878330e+00,8.842273372223578676e+00,0.000000000000000000e+00
-4.221998779521220158e+00,8.656380316795456054e+00,0.000000000000000000e+00
-4.316443696560169130e+00,8.471497745290474057e+00,0.000000000000000000e+00
-4.406617037178421903e+00,8.287641284467502700e+00,0.000000000000000000e+00
-4.492564327507175825e+00,8.104800590451795017e+00,0.000000000000000000e+00
-4.574322572665299624e+00,7.922959106065479595e+00,0.000000000000000000e+00
-4.651924333927161648e+00,7.742102222402074574e+00,0.000000000000000000e+00
-4.725536901187702199e+00,7.562439871228328947e+00,0.000000000000000000e+00
-4.795634671833868268e+00,7.384629810411417417e+00,0.000000000000000000e+00
-4.862771483615866863e+00,7.209355200405677344e+00,0.000000000000000000e+00
-4.927545568096899586e+00,7.037264381208532704e+00,0.000000000000000000e+00
-4.990576506555917113e+00,6.868939276351754053e+00,0.000000000000000000e+00
-5.052200496892223391e+00,6.704496507188885346e+00,0.000000000000000000e+00
-5.112511703716805300e+00,6.543716574661506691e+00,0.000000000000000000e+00
-5.171583253384977930e+00,6.386373454389402404e+00,0.000000000000000000e+00
-5.229473211945299127e+00,6.232243487710991126e+00,0.000000000000000000e+00
-5.286225025247830445e+00,6.081106262506185800e+00,0.000000000000000000e+00
-5.341888614899832355e+00,5.932768348531335612e+00,0.000000000000000000e+00
-5.396539739862284080e+00,5.787080359433055321e+00,0.000000000000000000e+00
-5.450248617954199126e+00,5.643897661586734671e+00,0.000000000000000000e+00
-5.503076236262802290e+00,5.503076236262803178e+00,0.000000000000000000e+00
-5.555074461816250420e+00,5.364473050993398218e+00,0.000000000000000000e+00
-5.606286376853798714e+00,5.227946623624220024e+00,0.000000000000000000e+00
-5.656757788396898690e+00,5.093367590285875934e+00,0.000000000000000000e+00
-5.706543978450746124e+00,4.960622999232280783e+00,0.000000000000000000e+00
-5.755694854904325197e+00,4.829601429919189393e+00,0.000000000000000000e+00
-5.804253675570631543e+00,4.700191951090533671e+00,0.000000000000000000e+00
-5.852257130418888842e+00,4.572284378617727185e+00,0.000000000000000000e+00
-5.899735432073699215e+00,4.445769529374092421e+00,0.000000000000000000e+00
-5.946715520649921594e+00,4.320541727701710855e+00,0.000000000000000000e+00
-5.993237592152905968e+00,4.196510140307277759e+00,0.000000000000000000e+00
-6.039344224685022411e+00,4.073589115693169838e+00,0.000000000000000000e+00
-6.085073333767772930e+00,3.951692828112479461e+00,0.000000000000000000e+00
-6.130458193773280051e+00,3.830735438450335817e+00,0.000000000000000000e+00
-6.175527478614815990e+00,3.710631263622209186e+00,0.000000000000000000e+00
-6.220305307637144843e+00,3.591294943805962703e+00,0.000000000000000000e+00
-6.264814248030178945e+00,3.472643243353401576e+00,0.000000000000000000e+00
-6.309088260432281103e+00,3.354601733256558749e+00,0.000000000000000000e+00
-6.353162814820074722e+00,3.237098138932489988e+00,0.000000000000000000e+00
-6.397069866075766775e+00,3.120059445017800748e+00,0.000000000000000000e+00
-6.440837846923574084e+00,3.003412012955015697e+00,0.000000000000000000e+00
-6.484491667365806400e+00,2.887081699955437397e+00,0.000000000000000000e+00
-6.528052717554568396e+00,2.770993977490589621e+00,0.000000000000000000e+00
-6.571540008941155087e+00,2.655074507737229528e+00,0.000000000000000000e+00
-6.614982167788366674e+00,2.539253746614563489e+00,0.000000000000000000e+00
-6.658413105863775883e+00,2.423464177982391998e+00,0.000000000000000000e+00
-6.701863932620577557e+00,2.307636812511336011e+00,0.000000000000000000e+00
-6.745362771275312141e+00,2.191701222623530398e+00,0.000000000000000000e+00
-6.788934710549082041e+00,2.075585635434526122e+00,0.000000000000000000e+00
-6.832601758908388945e+00,1.959217027094499519e+00,0.000000000000000000e+00
-6.876382999097874205e+00,1.842521271455378917e+00,0.000000000000000000e+00
-6.920303881348459640e+00,1.725425545804523120e+00,0.000000000000000000e+00
-6.964400410235322525e+00,1.607858524985157134e+00,0.000000000000000000e+00
-7.008706736660906600e+00,1.489746605698163195e+00,0.000000000000000000e+00
-7.053254028521371843e+00,1.371013698490843868e+00,0.000000000000000000e+00
-7.098070365448450936e+00,1.251581316395755428e+00,0.000000000000000000e+00
-7.143180635841777537e+00,1.131368667144865947e+00,0.000000000000000000e+00
-7.188606493836326550e+00,1.010292756990791130e+00,0.000000000000000000e+00
-7.234375167190729705e+00,8.882695783103912168e-01,0.000000000000000000e+00
-7.280529099696590123e+00,7.652144433531159473e-01,0.000000000000000000e+00
-7.327109646538790599e+00,6.410390304835875686e-01,0.000000000000000000e+00
-7.374154592703360045e+00,5.156511214463431747e-01,0.000000000000000000e+00
-7.421697974188362856e+00,3.889547093366575448e-01,0.000000000000000000e+00
-7.469769902080863666e+00,2.608501129069588087e-01,0.000000000000000000e+00
-7.518397000390165452e+00,1.312341077979261028e-01,0.000000000000000000e+00
-7.567619285434477483e+00,9.267660735073114656e-16,0.000000000000000000e+00
-7.617492258949605244e+00,-1.329638219701577695e-01,0.000000000000000000e+00
-7.668067789494127595e+00,-2.677748277240193930e-01,0.000000000000000000e+00
-7.719392766992613453e+00,-4.045562323316515552e-01,0.000000000000000000e+00
-7.771508828710395278e+00,-5.434368363825590187e-01,0.000000000000000000e+00
-7.824452155051193181e+00,-6.845508618679629897e-01,0.000000000000000000e+00
-7.878268529820334543e+00,-8.280393890444081029e-01,0.000000000000000000e+00
-7.933032641495918469e+00,-9.740539295144879928e-01,0.000000000000000000e+00
-7.988817247791286213e+00,-1.122755044289449833e+00,0.000000000000000000e+00
-8.045687861611362734e+00,-1.274311768987229865e+00,0.000000000000000000e+00
-8.103702341392073905e+00,-1.428901366417783425e+00,0.000000000000000000e+00
-8.162912049366497058e+00,-1.586709367619866029e+00,0.000000000000000000e+00
-8.223393069124391275e+00,-1.747936156034168853e+00,0.000000000000000000e+00
-8.285243810832767508e+00,-1.912799251641227771e+00,0.000000000000000000e+00
-8.348553565604607485e+00,-2.081528187141510333e+00,0.000000000000000000e+00
-8.413400642825559217e+00,-2.254363907844593395e+00,0.000000000000000000e+00
-8.479853642931011848e+00,-2.431558904020483691e+00,0.000000000000000000e+00
-8.548024581274026090e+00,-2.613393380358285167e+00,0.000000000000000000e+00
-8.618075565432004481e+00,-2.800182494832402558e+00,0.000000000000000000e+00
-8.690156179628464983e+00,-2.992260736445905955e+00,0.000000000000000000e+00
-8.764398968881238261e+00,-3.189980345906166193e+00,0.000000000000000000e+00
-8.840921039334098452e+00,-3.393711623588290927e+00,0.000000000000000000e+00
-8.919832044510728863e+00,-3.603846076027160006e+00,0.000000000000000000e+00
-9.001224932456182160e+00,-3.820793298865647447e+00,0.000000000000000000e+00
-9.085171733621731249e+00,-4.044979066762673270e+00,0.000000000000000000e+00
-9.171831225597745885e+00,-4.276895139801372814e+00,0.000000000000000000e+00
-9.261780596112934916e+00,-4.517272224871224040e+00,0.000000000000000000e+00
-9.355668177785933182e+00,-4.766951033607093713e+00,0.000000000000000000e+00
-9.454046732493887717e+00,-5.026805815035386260e+00,0.000000000000000000e+00
-9.556373302732495745e+00,-5.297184220766212093e+00,0.000000000000000000e+00
-9.661064125066918251e+00,-5.577817973265623230e+00,0.000000000000000000e+00
-9.766528942911408606e+00,-5.868322626388333241e+00,0.000000000000000000e+00
-9.871418806898461185e+00,-6.168347072292186262e+00,0.000000000000000000e+00
-9.974664367042743507e+00,-6.477622779554197407e+00,0.000000000000000000e+00
-1.007523336447020235e+01,-6.795830713510125243e+00,0.000000000000000000e+00
-1.017205192856755680e+01,-7.122547439443614792e+00,0.000000000000000000e+00
-1.026398027685883285e+01,-7.457218177746178789e+00,0.000000000000000000e+00
-1.034990923631355386e+01,-7.799216023220391314e+00,0.000000000000000000e+00
-1.042871302728327976e+01,-8.147803591179771487e+00,0.000000000000000000e+00
-1.049900606056251284e+01,-8.501927472261138874e+00,0.000000000000000000e+00
-1.055936909064674367e+01,-8.860362709426453875e+00,0.000000000000000000e+00
-1.060845997048999223e+01,-9.221793561001272010e+00,0.000000000000000000e+00
-1.064501756522986398e+01,-9.584816867354513548e+00,0.000000000000000000e+00
-1.066786547555655851e+01,-9.947945492843608406e+00,0.000000000000000000e+00
-1.067591564157834405e+01,-1.030961189585947224e+01,0.000000000000000000e+00
-1.066877177651421427e+01,-1.066877177651421071e+01,0.000000000000000000e+00
-1.064803737301755149e+01,-1.102636548213456891e+01,0.000000000000000000e+00
-1.061419409980133288e+01,-1.138232963475553916e+01,0.000000000000000000e+00
-1.056731402838896372e+01,-1.173619120805886951e+01,0.000000000000000000e+00
-1.050748494076856687e+01,-1.208747871521066841e+01,0.000000000000000000e+00
-1.043481032028323696e+01,-1.243572268723668017e+01,0.000000000000000000e+00
-1.034940932907313282e+01,-1.278045615228975684e+01,0.000000000000000000e+00
-1.025143475491115552e+01,-1.312123813252184590e+01,0.000000000000000000e+00
-1.014112016702917174e+01,-1.345772100308636787e+01,0.000000000000000000e+00
-1.001872225970150687e+01,-1.378958818447525303e+01,0.000000000000000000e+00
-9.884502518020916284e+00,-1.411653256874897266e+01,0.000000000000000000e+00
-9.738725136125804482e+00,-1.443825376989402720e+01,0.000000000000000000e+00
-9.581636573965136350e+00,-1.475442645625331473e+01,0.000000000000000000e+00
-9.413350093117726303e+00,-1.506450918796808303e+01,0.000000000000000000e+00
-9.233973655649986512e+00,-1.536791289566347274e+01,0.000000000000000000e+00
-9.043771256687985982e+00,-1.566427130861460704e+01,0.000000000000000000e+00
-8.843182095614119831e+00,-1.595352280904910991e+01,0.000000000000000000e+00
-8.632865298100833584e+00,-1.623605823790818903e+01,0.000000000000000000e+00
-8.412809682181375592e+00,-1.651106866306460574e+01,0.000000000000000000e+00
-8.182852000776408730e+00,-1.677733289226668489e+01,0.000000000000000000e+00
-7.943612422717105659e+00,-1.703513181436250790e+01,0.000000000000000000e+00
-7.695661586775315754e+00,-1.728473892341943952e+01,0.000000000000000000e+00
-7.439416192578304887e+00,-1.752616623763313086e+01,0.000000000000000000e+00
-7.174914825078371194e+00,-1.775853735793314669e+01,0.000000000000000000e+00
-6.901934221873029962e+00,-1.798015336663732811e+01,0.000000000000000000e+00
-6.621465059437897871e+00,-1.819232573451334645e+01,0.000000000000000000e+00
-6.333892431057940975e+00,-1.839495929630703586e+01,0.000000000000000000e+00
-6.039480529416270116e+00,-1.858760979847492933e+01,0.000000000000000000e+00
-5.738586798035226089e+00,-1.877007165475201589e+01,0.000000000000000000e+00
-5.431557365984660990e+00,-1.894209161068540936e+01,0.000000000000000000e+00
-5.118758757899271927e+00,-1.910346775616825354e+01,0.000000000000000000e+00
-4.800565335306327341e+00,-1.925401591703972315e+01,0.000000000000000000e+00
-4.477359869318947361e+00,-1.939357625444305810e+01,0.000000000000000000e+00
-4.149531024484994113e+00,-1.952200859800704080e+01,0.000000000000000000e+00
-3.817471996465604533e+00,-1.963919089027125509e+01,0.000000000000000000e+00
-3.481579296599695006e+00,-1.974501736836326771e+01,0.000000000000000000e+00
-3.142251575254904505e+00,-1.983939564275567236e+01,0.000000000000000000e+00
-2.799889545093060761e+00,-1.992224929517533027e+01,0.000000000000000000e+00
-2.454893438902011837e+00,-1.999350261017992025e+01,0.000000000000000000e+00
-2.107667606632084301e+00,-2.005311775785671458e+01,0.000000000000000000e+00
-1.758573195222180141e+00,-2.010058359962363284e+01,0.000000000000000000e+00
-1.408011304027671384e+00,-2.013549974457739822e+01,0.000000000000000000e+00
-1.056469069206025679e+00,-2.015863071587698485e+01,0.000000000000000000e+00
-7.043490788372557265e-01,-2.016991862117155421e+01,0.000000000000000000e+00
-3.520577878994798349e-01,-2.016937716057125840e+01,0.000000000000000000e+00
-3.702780746949379873e-15,-2.015699955027795198e+01,0.000000000000000000e+00
3.514191834944028203e-01,-2.013279153870758620e+01,0.000000000000000000e+00
7.017946900572662461e-01,-2.009677049708495389e+01,0.000000000000000000e+00
1.050720283035329716e+00,-2.004893734116555848e+01,0.000000000000000000e+00
1.397791857745670718e+00,-1.998935485397021949e+01,0.000000000000000000e+00
1.742543157322905767e+00,-1.991735942801976833e+01,0.000000000000000000e+00
2.084573020022413736e+00,-1.983338744393277153e+01,0.000000000000000000e+00
2.423508108341274170e+00,-1.973788960533669012e+01,0.000000000000000000e+00
2.758947391974608809e+00,-1.963093073850700776e+01,0.000000000000000000e+00
3.090493346698823807e+00,-1.951260704881286756e+01,0.000000000000000000e+00
3.417750265255340203e+00,-1.938302494333625958e+01,0.000000000000000000e+00
3.740323612072436354e+00,-1.924229685951588920e+01,0.000000000000000000e+00
4.057833021691439335e+00,-1.909060341308555664e+01,0.000000000000000000e+00
4.369863096661767088e+00,-1.892795657711510060e+01,0.000000000000000000e+00
4.676179522975710157e+00,-1.875513167254174718e+01,0.000000000000000000e+00
4.977294969937396729e+00,-1.857551771206334479e+01,0.000000000000000000e+00
5.273941168917662736e+00,-1.839241860845064735e+01,0.000000000000000000e+00
5.566262079969011012e+00,-1.820642289943561920e+01,0.000000000000000000e+00
5.854257664483618839e+00,-1.801755243636329595e+01,0.000000000000000000e+00
6.137818732454991100e+00,-1.782551992799823992e+01,0.000000000000000000e+00
6.417084371449050195e+00,-1.763079440929145747e+01,0.000000000000000000e+00
6.692101176462184497e+00,-1.743351959462620471e+01,0.000000000000000000e+00
6.962892068742571716e+00,-1.723376262110133794e+01,0.000000000000000000e+00
7.229500135302203034e+00,-1.703163499747485332e+01,0.000000000000000000e+00
7.491962033900933626e+00,-1.682722223683570562e+01,0.000000000000000000e+00
7.750236976420865176e+00,-1.662043683152361240e+01,0.000000000000000000e+00
8.004173171950890620e+00,-1.641098700311685477e+01,0.000000000000000000e+00
8.254003958217211334e+00,-1.619939488087819868e+01,0.000000000000000000e+00
8.499904518720041935e+00,-1.598599538127367481e+01,0.000000000000000000e+00
8.741780520286091871e+00,-1.577058952469760555e+01,0.000000000000000000e+00
8.979446917147960505e+00,-1.555285828436798745e+01,0.000000000000000000e+00
9.213058535041620090e+00,-1.533310428956409055e+01,0.000000000000000000e+00
9.442906018174971550e+00,-1.511180855537495482e+01,0.000000000000000000e+00
9.668894528661502008e+00,-1.488879192350437997e+01,0.000000000000000000e+00
9.890590467086408211e+00,-1.466340338204652483e+01,0.000000000000000000e+00
1.010858586063636722e+01,-1.443655674784935350e+01,0.000000000000000000e+00
1.032290659686933587e+01,-1.420826200664357053e+01,0.000000000000000000e+00
1.053309856997136329e+01,-1.397789391289785854e+01,0.000000000000000000e+00
1.073971228772798447e+01,-1.374620487483861098e+01,0.000000000000000000e+00
1.094274474760875471e+01,-1.351316437351091793e+01,0.000000000000000000e+00
1.114170202623695971e+01,-1.327816341738208905e+01,0.000000000000000000e+00
1.133694142893637569e+01,-1.304165925436342555e+01,0.000000000000000000e+00
1.152877194308198838e+01,-1.280399840059854100e+01,0.000000000000000000e+00
1.171710393114502224e+01,-1.256505562786714059e+01,0.000000000000000000e+00
1.190171431942027880e+01,-1.232458596383501614e+01,0.000000000000000000e+00
1.208250671950272803e+01,-1.208250671950273336e+01,0.000000000000000000e+00
1.226009187702499936e+01,-1.183943310374644042e+01,0.000000000000000000e+00
1.243538651896127689e+01,-1.159618553088428605e+01,0.000000000000000000e+00
1.260953642984415346e+01,-1.135367759815261834e+01,0.000000000000000000e+00
1.278316708283699654e+01,-1.111223761239914509e+01,0.000000000000000000e+00
1.295624679651568734e+01,-1.087158190839813798e+01,0.000000000000000000e+00
1.312883431187513317e+01,-1.063152040021925160e+01,0.000000000000000000e+00
1.330107964252033348e+01,-1.039194234172225961e+01,0.000000000000000000e+00
1.347309503193388203e+01,-1.015270532873361198e+01,0.000000000000000000e+00
1.364497335664147393e+01,-9.913653437100094834e+00,0.000000000000000000e+00
1.381682027475324581e+01,-9.674641710470984535e+00,0.000000000000000000e+00
1.398874261413006614e+01,-9.435526033147333180e+00,0.000000000000000000e+00
1.416084557066710303e+01,-9.196160639688550020e+00,0.000000000000000000e+00
1.433323326262020458e+01,-8.956398179578721752e+00,0.000000000000000000e+00
1.450601235861330984e+01,-8.716091565417841025e+00,0.000000000000000000e+00
1.467928975447931172e+01,-8.475091891261156363e+00,0.000000000000000000e+00
1.485317366500045821e+01,-8.233248605309647417e+00,0.000000000000000000e+00
1.502777399244348544e+01,-7.990409168659278194e+00,0.000000000000000000e+00
1.520320185691124593e+01,-7.746418259897241754e+00,0.000000000000000000e+00
1.537957148647976879e+01,-7.501118212134483265e+00,0.000000000000000000e+00
1.555699805486835885e+01,-7.254347330887544132e+00,0.000000000000000000e+00
1.573560108655967760e+01,-7.005940984308537622e+00,0.000000000000000000e+00
1.591550146454853376e+01,-6.755729559047954247e+00,0.000000000000000000e+00
1.609682486485467479e+01,-6.503539398076747524e+00,0.000000000000000000e+00
1.627969977482347019e+01,-6.249191244728897310e+00,0.000000000000000000e+00
1.646425901997499963e+01,-5.992500212519733083e+00,0.000000000000000000e+00
1.665064053495635932e+01,-5.733275315145694329e+00,0.000000000000000000e+00
1.683898591679592016e+01,-5.471318188955522466e+00,0.000000000000000000e+00
1.702944392759607339e+01,-5.206423496845984822e+00,0.000000000000000000e+00
1.722216769329811825e+01,-4.938377118817659728e+00,0.000000000000000000e+00
1.741731763608350647e+01,-4.666956194904924971e+00,0.000000000000000000e+00
1.761506158573808634e+01,-4.391928125131712157e+00,0.000000000000000000e+00
1.781557375920874975e+01,-4.113049287652579267e+00,0.000000000000000000e+00
1.801903771470311355e+01,-3.830064701239757508e+00,0.000000000000000000e+00
1.822564665934269712e+01,-3.542706831877856732e+00,0.000000000000000000e+00
1.843560376462452055e+01,-3.250694349353870027e+00,0.000000000000000000e+00
1.864911462687617671e+01,-2.953729582725911573e+00,0.000000000000000000e+00
1.886641605411898581e+01,-2.651501860088489870e+00,0.000000000000000000e+00
1.908776172141922700e+01,-2.343682441583742726e+00,0.000000000000000000e+00
1.931328287181903036e+01,-2.029907826712225916e+00,0.000000000000000000e+00
1.954350630360660190e+01,-1.709835247113015377e+00,0.000000000000000000e+00
1.977864922626708477e+01,-1.383057884941825355e+00,0.000000000000000000e+00
2.001754127442771036e+01,-1.049074884899385607e+00,0.000000000000000000e+00
2.026645160879159491e+01,-7.077200850462682657e-01,0.000000000000000000e+00
2.051223029667183795e+01,-3.580423116509779957e-01,0.000000000000000000e+00
2.071296805722412770e+01,-5.073214006424179820e-15,0.000000000000000000e+00
