1.452202328233104289e+01,0.000000000000000000e+00,0.000000000000000000e+00
1.476644089943392935e+01,2.577491846583069290e-01,0.000000000000000000e+00
1.501944340412089396e+01,5.244905210096565407e-01,0.000000000000000000e+00
1.528131895245834926e+01,8.008599908141915691e-01,0.000000000000000000e+00
1.555063440880677561e+01,1.087406287906913738e+00,0.000000000000000000e+00
1.580868858919995823e+01,1.383081036766629301e+00,0.000000000000000000e+00
1.605503712530411420e+01,1.687452399217133525e+00,0.000000000000000000e+00
1.628453134232186628e+01,1.999489030376578214e+00,0.000000000000000000e+00
1.650202900405964002e+01,2.319208930513614764e+00,0.000000000000000000e+00
1.670596646594816548e+01,2.645965148789671595e+00,0.000000000000000000e+00
1.689580514690005231e+01,2.979186308191428711e+00,0.000000000000000000e+00
1.707122573134720867e+01,3.318310135019044260e+00,0.000000000000000000e+00
1.723214034611081402e+01,3.662804502184579203e+00,0.000000000000000000e+00
1.737951297658471361e+01,4.012376723547363966e+00,0.000000000000000000e+00
1.751273485972615163e+01,4.366415206897672263e+00,0.000000000000000000e+00
1.762970412443855039e+01,4.723864982942941992e+00,0.000000000000000000e+00
1.773206119308991191e+01,5.084586727111354953e+00,0.000000000000000000e+00
1.782065993856746289e+01,5.448322507061280184e+00,0.000000000000000000e+00
1.789493537002372037e+01,5.814416964535598531e+00,0.000000000000000000e+00
1.795454121467105324e+01,6.182244324158610027e+00,0.000000000000000000e+00
1.799944190613172168e+01,6.551261087235662472e+00,0.000000000000000000e+00
1.802963501154147608e+01,6.920928445746116431e+00,0.000000000000000000e+00
1.804513501562020039e+01,7.290707795046862394e+00,0.000000000000000000e+00
1.804597332167085000e+01,7.660061209039663588e+00,0.000000000000000000e+00
1.803217530249568412e+01,8.028441703183208489e+00,0.000000000000000000e+00
1.800374363238996978e+01,8.395283531242736075e+00,0.000000000000000000e+00
1.796087857722203651e+01,8.760105801385632773e+00,0.000000000000000000e+00
1.790384319326587459e+01,9.122463750726565124e+00,0.000000000000000000e+00
1.783291125084770101e+01,9.481927106057820964e+00,0.000000000000000000e+00
1.774836666404782903e+01,9.838080290384299431e+00,0.000000000000000000e+00
1.765047820751240693e+01,1.019050834443290832e+01,0.000000000000000000e+00
1.753922878358784132e+01,1.053863186417259357e+01,0.000000000000000000e+00
1.741442895230849075e+01,1.088174293330003373e+01,0.000000000000000000e+00
1.727604548985864596e+01,1.121919512153981024e+01,0.000000000000000000e+00
1.712477566544700380e+01,1.155080703535993969e+01,0.000000000000000000e+00
1.696143001873540612e+01,1.187652115793498986e+01,0.000000000000000000e+00
1.678575769861055988e+01,1.219556683283396303e+01,0.000000000000000000e+00
1.659728159850497065e+01,1.250694876924999654e+01,0.000000000000000000e+00
1.639702639665376438e+01,1.281076104115681602e+01,0.000000000000000000e+00
1.618565795160747101e+01,1.310688737596753484e+01,0.000000000000000000e+00
1.596260262946241859e+01,1.339421397901139343e+01,0.000000000000000000e+00
1.572909482017649907e+01,1.367309352503333386e+01,0.000000000000000000e+00
1.548550768368932040e+01,1.394321374639913991e+01,0.000000000000000000e+00
1.523070069164557339e+01,1.420285816740681462e+01,0.000000000000000000e+00
1.496584427642818760e+01,1.445234782325739786e+01,0.000000000000000000e+00
1.469172002607960259e+01,1.469172002607960081e+01,0.000000000000000000e+00
1.440862869942512425e+01,1.492057179840750081e+01,0.000000000000000000e+00
1.411684694229569104e+01,1.513846494512551288e+01,0.000000000000000000e+00
1.381671814883938509e+01,1.534502008996865996e+01,0.000000000000000000e+00
1.350861420207442798e+01,1.553988300340346917e+01,0.000000000000000000e+00
1.319294060869349039e+01,1.572273436729250840e+01,0.000000000000000000e+00
1.287012913621024346e+01,1.589328587454494368e+01,0.000000000000000000e+00
1.254063408825517278e+01,1.605127966365748904e+01,0.000000000000000000e+00
1.220492757396215389e+01,1.619648593527863412e+01,0.000000000000000000e+00
1.186349724565130259e+01,1.632870312247401756e+01,0.000000000000000000e+00
1.151683699798165073e+01,1.644774780264133440e+01,0.000000000000000000e+00
1.116546558768125230e+01,1.655348347556839173e+01,0.000000000000000000e+00
1.080985429448586466e+01,1.664571589201938906e+01,0.000000000000000000e+00
1.045058723271103140e+01,1.672443559726302453e+01,0.000000000000000000e+00
1.008697366563457898e+01,1.678754331072562067e+01,0.000000000000000000e+00
9.720624382710393974e+00,1.683661531214725215e+01,0.000000000000000000e+00
9.352086804714145885e+00,1.687161120714804952e+01,0.000000000000000000e+00
8.981923018886009302e+00,1.689254033132233346e+01,0.000000000000000000e+00
8.610599847233574522e+00,1.689925371888165984e+01,0.000000000000000000e+00
8.238719411181115504e+00,1.689187805843855372e+01,0.000000000000000000e+00
7.865469855867893934e+00,1.686755453896801882e+01,0.000000000000000000e+00
7.492653457008736417e+00,1.682877519856217319e+01,0.000000000000000000e+00
7.120786847717061718e+00,1.677552254172089619e+01,0.000000000000000000e+00
6.750409733066692120e+00,1.670785038548678259e+01,0.000000000000000000e+00
6.382006735127764507e+00,1.662569595648352205e+01,0.000000000000000000e+00
6.015941089103938211e+00,1.652866229908231333e+01,0.000000000000000000e+00
5.652040061878465416e+00,1.641471622876696657e+01,0.000000000000000000e+00
5.291755806749518953e+00,1.628634972918454338e+01,0.000000000000000000e+00
4.935532894433944051e+00,1.614340069137387346e+01,0.000000000000000000e+00
4.583896797883875607e+00,1.598594790201631888e+01,0.000000000000000000e+00
4.237342095751340132e+00,1.581397599039438973e+01,0.000000000000000000e+00
3.896371730489276874e+00,1.562749344661444617e+01,0.000000000000000000e+00
3.561674788021158111e+00,1.542730841635978578e+01,0.000000000000000000e+00
3.234869072128108591e+00,1.521886243695451846e+01,0.000000000000000000e+00
2.917037991983071343e+00,1.500685951639447069e+01,0.000000000000000000e+00
2.608221614908867725e+00,1.479195982616659855e+01,0.000000000000000000e+00
2.308350835494281661e+00,1.457435358400341663e+01,0.000000000000000000e+00
2.017375040277796572e+00,1.435436928028623349e+01,0.000000000000000000e+00
1.735231660362687833e+00,1.413232777478327762e+01,0.000000000000000000e+00
1.461844544510106703e+00,1.390852177188616423e+01,0.000000000000000000e+00
1.197144508585954670e+00,1.368342434710099376e+01,0.000000000000000000e+00
9.410126159475361574e-01,1.345710736402111962e+01,0.000000000000000000e+00
6.933029099392702399e-01,1.322900759055090170e+01,0.000000000000000000e+00
4.539572562333560324e-01,1.299963496911576222e+01,0.000000000000000000e+00
2.229065005822702117e-01,1.277030486560521183e+01,0.000000000000000000e+00
7.679003837572063864e-16,1.254076496654951534e+01,0.000000000000000000e+00
-2.148706450605628593e-01,1.230993101109619836e+01,0.000000000000000000e+00
-4.218326359231706069e-01,1.207970620529591876e+01,0.000000000000000000e+00
-6.210366841400398741e-01,1.185008585816964022e+01,0.000000000000000000e+00
-8.125382573375223849e-01,1.161983843899421487e+01,0.000000000000000000e+00
-9.964953573312875790e-01,1.138999405375546381e+01,0.000000000000000000e+00
-1.173110549543618042e+00,1.116140131345133923e+01,0.000000000000000000e+00
-1.342520352150723184e+00,1.093395083452194783e+01,0.000000000000000000e+00
-1.504821344191283883e+00,1.070736023005617454e+01,0.000000000000000000e+00
-1.660089296235067513e+00,1.048139130859997081e+01,0.000000000000000000e+00
-1.808650609803882370e+00,1.025736732142124374e+01,0.000000000000000000e+00
-1.951115515526614441e+00,1.003761916102442697e+01,0.000000000000000000e+00
-2.088113843361900202e+00,9.823803259499182872e+00,0.000000000000000000e+00
-2.220243757983968003e+00,9.616932272737557241e+00,0.000000000000000000e+00
-2.348036569197418544e+00,9.417460302981922382e+00,0.000000000000000000e+00
-2.471760265019057989e+00,9.224734893181034678e+00,0.000000000000000000e+00
-2.591602185243507606e+00,9.037990893507876322e+00,0.000000000000000000e+00
-2.707788240704878557e+00,8.856776257410119868e+00,0.000000000000000000e+00
-2.820569512892940445e+00,8.680820355289029067e+00,0.000000000000000000e+00
-2.930174977461209807e+00,8.509846043036359831e+00,0.000000000000000000e+00
-3.036806265302304020e+00,8.343556641176403943e+00,0.000000000000000000e+00
-3.140640466161467081e+00,8.181648134532080618e+00,0.000000000000000000e+00
-3.241837326392421392e+00,8.023828947468114592e+00,0.000000000000000000e+00
-3.340558826847885854e+00,7.869863415403015594e+00,0.000000000000000000e+00
-3.436955210268741734e+00,7.719527792525295418e+00,0.000000000000000000e+00
-3.531161446657342662e+00,7.572600159793218211e+00,0.000000000000000000e+00
-3.623309418117091507e+00,7.428885219195915823e+00,0.000000000000000000e+00
-3.713522732421603578e+00,7.288198727082832562e+00,0.000000000000000000e+00
-3.801911403432393310e+00,7.150355395337322228e+00,0.000000000000000000e+00
-3.888580111303073128e+00,7.015184220989413966e+00,0.000000000000000000e+00
-3.973634264438552943e+00,6.882536436704160820e+00,0.000000000000000000e+00
-4.057169546060150900e+00,6.752264031925273358e+00,0.000000000000000000e+00
-4.139271683044270844e+00,6.624219399457612845e+00,0.000000000000000000e+00
-4.220026603638425300e+00,6.498271113308259572e+00,0.000000000000000000e+00
-4.299518957609636871e+00,6.374298989932632331e+00,0.000000000000000000e+00
-4.377825116035610975e+00,6.252182213331828109e+00,0.000000000000000000e+00
-4.455013858252693915e+00,6.131800529947536660e+00,0.000000000000000000e+00
-4.531155791106191266e+00,6.013046828542801592e+00,0.000000000000000000e+00
-4.606321100538545821e+00,5.895822147828725157e+00,0.000000000000000000e+00
-4.680573462478106350e+00,5.780026859767636971e+00,0.000000000000000000e+00
-4.753970203536014516e+00,5.665561069149871898e+00,0.000000000000000000e+00
-4.826569256675483643e+00,5.552332788143665709e+00,0.000000000000000000e+00
-4.898430783447578207e+00,5.440258531121448193e+00,0.000000000000000000e+00
-4.969610122236760574e+00,5.329254396108641600e+00,0.000000000000000000e+00
-5.040157398197351313e+00,5.219235772109166227e+00,0.000000000000000000e+00
-5.110120307406871731e+00,5.110120307406872620e+00,0.000000000000000000e+00
-5.179551210910002368e+00,5.001834462914175106e+00,0.000000000000000000e+00
-5.248500263573560254e+00,4.894305675379839293e+00,0.000000000000000000e+00
-5.317013452649559824e+00,4.787460416351687620e+00,0.000000000000000000e+00
-5.385132840078337146e+00,4.681224559258730267e+00,0.000000000000000000e+00
-5.452902583613592924e+00,4.575528546755805337e+00,0.000000000000000000e+00
-5.520369754290317843e+00,4.470307284356946909e+00,0.000000000000000000e+00
-5.587578341014873828e+00,4.365494644815171910e+00,0.000000000000000000e+00
-5.654568921912086488e+00,4.261023312692240772e+00,0.000000000000000000e+00
-5.721379711098790288e+00,4.156825678980297312e+00,0.000000000000000000e+00
-5.788053743625751757e+00,4.052838862849684531e+00,0.000000000000000000e+00
-5.854634866470949106e+00,3.949001080437279043e+00,0.000000000000000000e+00
-5.921164078137445941e+00,3.845248912910793848e+00,0.000000000000000000e+00
-5.987679463786011347e+00,3.741517385976754984e+00,0.000000000000000000e+00
-6.054218703077120622e+00,3.637741597659154280e+00,0.000000000000000000e+00
-6.120825546062450329e+00,3.533860276681892731e+00,0.000000000000000000e+00
-6.187543127514624430e+00,3.429811161835731426e+00,0.000000000000000000e+00
-6.254412005438569899e+00,3.325529852788474461e+00,0.000000000000000000e+00
-6.321470159425424562e+00,3.220949924446858237e+00,0.000000000000000000e+00
-6.388758046854270845e+00,3.116005499913209409e+00,0.000000000000000000e+00
-6.456322128028378238e+00,3.010632451815210775e+00,0.000000000000000000e+00
-6.524207245229624696e+00,2.904764214474014228e+00,0.000000000000000000e+00
-6.592455729299109279e+00,2.798331434064198930e+00,0.000000000000000000e+00
-6.661108049189209623e+00,2.691262344994102218e+00,0.000000000000000000e+00
-6.730211491417462000e+00,2.583486139737230403e+00,0.000000000000000000e+00
-6.799817279093017142e+00,2.474931088038857752e+00,0.000000000000000000e+00
-6.869974216828095059e+00,2.365521825441958104e+00,0.000000000000000000e+00
-6.940728419680953998e+00,2.255179369757836394e+00,0.000000000000000000e+00
-7.012127785332665120e+00,2.143822606284965016e+00,0.000000000000000000e+00
-7.084230564736206937e+00,2.031370426089625258e+00,0.000000000000000000e+00
-7.157094554097687578e+00,1.917737705923663771e+00,0.000000000000000000e+00
-7.230774578524944651e+00,1.802834584672866169e+00,0.000000000000000000e+00
-7.305324090123819225e+00,1.686566958272884609e+00,0.000000000000000000e+00
-7.380808465934665108e+00,1.568839269864062747e+00,0.000000000000000000e+00
-7.457297420054660009e+00,1.449551777842136735e+00,0.000000000000000000e+00
-7.534857217508962535e+00,1.328598623232740694e+00,0.000000000000000000e+00
-7.613551561240052834e+00,1.205868102909006367e+00,0.000000000000000000e+00
-7.693457036069983879e+00,1.081244873596264533e+00,0.000000000000000000e+00
-7.774658447829193797e+00,9.546080236867660052e-01,0.000000000000000000e+00
-7.857236495035493817e+00,8.258288331122718429e-01,0.000000000000000000e+00
-7.941269507693047736e+00,6.947710559272408659e-01,0.000000000000000000e+00
-8.026853678383139012e+00,5.612922876663744010e-01,0.000000000000000000e+00
-8.114092690693732735e+00,4.252415788160148757e-01,0.000000000000000000e+00
-8.203084629695061025e+00,2.864580274748778077e-01,0.000000000000000000e+00
-8.293931108152202469e+00,1.447711060029596986e-01,0.000000000000000000e+00
-8.386758504341452536e+00,1.027081695756360435e-15,0.000000000000000000e+00
-8.481692367207404715e+00,-1.480484909707700247e-01,0.000000000000000000e+00
-8.578853556444991924e+00,-2.995801675480751491e-01,0.000000000000000000e+00
-8.678388521102748498e+00,-4.548150701464288570e-01,0.000000000000000000e+00
-8.780455802334447668e+00,-6.139892816681415955e-01,0.000000000000000000e+00
-8.885206236398680346e+00,-7.773548187747236771e-01,0.000000000000000000e+00
-8.992815852676177002e+00,-9.451830330805779390e-01,0.000000000000000000e+00
-9.103481524405840020e+00,-1.117766981661878267e+00,0.000000000000000000e+00
-9.217392231843987815e+00,-1.295419998042693477e+00,0.000000000000000000e+00
-9.334771486608463675e+00,-1.478482557463919767e+00,0.000000000000000000e+00
-9.455861343589790025e+00,-1.667323480713077899e+00,0.000000000000000000e+00
-9.580903105022368749e+00,-1.862338907372774299e+00,0.000000000000000000e+00
-9.710188462217288929e+00,-2.063964272696823699e+00,0.000000000000000000e+00
-9.844010559906433144e+00,-2.272668911386539925e+00,0.000000000000000000e+00
-9.982700602585710570e+00,-2.488966804224109541e+00,0.000000000000000000e+00
-1.012662557740251579e+01,-2.713421145517351363e+00,0.000000000000000000e+00
-1.027616900916162734e+01,-2.946644046654756099e+00,0.000000000000000000e+00
-1.043176819131064725e+01,-3.189311597948176757e+00,0.000000000000000000e+00
-1.059388964628620755e+01,-3.442163405796249354e+00,0.000000000000000000e+00
-1.076309913707780552e+01,-3.706032237470057833e+00,0.000000000000000000e+00
-1.093994916899382197e+01,-3.981815861899025588e+00,0.000000000000000000e+00
-1.112497651719571401e+01,-4.270478375564995766e+00,0.000000000000000000e+00
-1.131909290238841592e+01,-4.573210385229502073e+00,0.000000000000000000e+00
-1.152291566435032877e+01,-4.891187508823877650e+00,0.000000000000000000e+00
-1.173202897037761261e+01,-5.223435834482876849e+00,0.000000000000000000e+00
-1.194025817284653002e+01,-5.567833826346145543e+00,0.000000000000000000e+00
-1.214193188848917160e+01,-5.922015870163195750e+00,0.000000000000000000e+00
-1.233011857226262009e+01,-6.282509207851707522e+00,0.000000000000000000e+00
-1.249958057721622851e+01,-6.646144884718500734e+00,0.000000000000000000e+00
-1.265099774167505942e+01,-7.012562558119022071e+00,0.000000000000000000e+00
-1.278548159139091567e+01,-7.381701238508551199e+00,0.000000000000000000e+00
-1.290306643027511058e+01,-7.752944482648834956e+00,0.000000000000000000e+00
-1.300367195271604359e+01,-8.125596065535169998e+00,0.000000000000000000e+00
-1.308728359165961663e+01,-8.498981338752942705e+00,0.000000000000000000e+00
-1.315393478606006639e+01,-8.872441043187373921e+00,0.000000000000000000e+00
-1.320368107284594217e+01,-9.245317019323591623e+00,0.000000000000000000e+00
-1.323659970995537805e+01,-9.616952615466004772e+00,0.000000000000000000e+00
-1.325278966592003727e+01,-9.986693327914494489e+00,0.000000000000000000e+00
-1.325229625100318920e+01,-1.035382857911763743e+01,0.000000000000000000e+00
-1.323505444463748759e+01,-1.071753576773405392e+01,0.000000000000000000e+00
-1.320159485760583706e+01,-1.107745337596893442e+01,0.000000000000000000e+00
-1.315260556134241021e+01,-1.143338558220290579e+01,0.000000000000000000e+00
-1.308873441343759225e+01,-1.178514940059952387e+01,0.000000000000000000e+00
-1.300985845806567731e+01,-1.213188928066189654e+01,0.000000000000000000e+00
-1.291532508955431702e+01,-1.247218446196677455e+01,0.000000000000000000e+00
-1.280621049404694745e+01,-1.280621049404694389e+01,0.000000000000000000e+00
-1.268306342619890792e+01,-1.313369664955744121e+01,0.000000000000000000e+00
-1.254564099013367873e+01,-1.345355284502241666e+01,0.000000000000000000e+00
-1.239453569889216666e+01,-1.376552646268682878e+01,0.000000000000000000e+00
-1.223066899509235661e+01,-1.406977521113176621e+01,0.000000000000000000e+00
-1.205357726571871879e+01,-1.436489401003217203e+01,0.000000000000000000e+00
-1.186293994160153709e+01,-1.464951080202984102e+01,0.000000000000000000e+00
-1.166161806485708397e+01,-1.492619045994547733e+01,0.000000000000000000e+00
-1.144749971733224569e+01,-1.519134522038686264e+01,0.000000000000000000e+00
-1.122195886460636771e+01,-1.544570129351541787e+01,0.000000000000000000e+00
-1.098620793720263045e+01,-1.568993096717032465e+01,0.000000000000000000e+00
-1.074005430667542882e+01,-1.592278531478413406e+01,0.000000000000000000e+00
-1.048375363607382837e+01,-1.614356491345383660e+01,0.000000000000000000e+00
-1.021780133968475290e+01,-1.635190029477940854e+01,0.000000000000000000e+00
-9.942752404407910305e+00,-1.654751882474735325e+01,0.000000000000000000e+00
-9.659228121926515698e+00,-1.673027386907481073e+01,0.000000000000000000e+00
-9.367935261885580900e+00,-1.690020258073271364e+01,0.000000000000000000e+00
-9.069491601396528324e+00,-1.705723288198273835e+01,0.000000000000000000e+00
-8.763583766922169005e+00,-1.719950156683584197e+01,0.000000000000000000e+00
-8.451366622319437027e+00,-1.732786945233656795e+01,0.000000000000000000e+00
-8.133795658906556980e+00,-1.744298108053568797e+01,0.000000000000000000e+00
-7.810207219010138147e+00,-1.754201262570895281e+01,0.000000000000000000e+00
-7.482660685872937201e+00,-1.762804387947013751e+01,0.000000000000000000e+00
-7.150199027815081543e+00,-1.769736361305507444e+01,0.000000000000000000e+00
-6.814786067431404248e+00,-1.775312466249319954e+01,0.000000000000000000e+00
-6.475943456207903459e+00,-1.779250841559609952e+01,0.000000000000000000e+00
-6.134908910221215983e+00,-1.781706919061478445e+01,0.000000000000000000e+00
-5.792185402859774790e+00,-1.782651365864833437e+01,0.000000000000000000e+00
-5.447890384848169454e+00,-1.781924653049518170e+01,0.000000000000000000e+00
-5.103340964690954884e+00,-1.779746499210825661e+01,0.000000000000000000e+00
-4.758570129334446897e+00,-1.775922549405577300e+01,0.000000000000000000e+00
-4.414361943648649422e+00,-1.770503871731223100e+01,0.000000000000000000e+00
-4.071655971927958362e+00,-1.763627961079093609e+01,0.000000000000000000e+00
-3.730330059361118167e+00,-1.754982311556282681e+01,0.000000000000000000e+00
-3.391703821728888180e+00,-1.744880351705714006e+01,0.000000000000000000e+00
-3.056023156862721635e+00,-1.733156856984627581e+01,0.000000000000000000e+00
-2.723974624606374739e+00,-1.719849891204485814e+01,0.000000000000000000e+00
-2.396246810401823080e+00,-1.705018200209293155e+01,0.000000000000000000e+00
-2.073319522731681630e+00,-1.688583244900980773e+01,0.000000000000000000e+00
-1.755875022025511489e+00,-1.670603489561684185e+01,0.000000000000000000e+00
-1.444612518961588155e+00,-1.651199664895475294e+01,0.000000000000000000e+00
-1.139851930067436125e+00,-1.630064203396328182e+01,0.000000000000000000e+00
-8.424763446560841196e-01,-1.607540628856021669e+01,0.000000000000000000e+00
-5.530090955590677426e-01,-1.583610852818523362e+01,0.000000000000000000e+00
-2.719886388737485228e-01,-1.558221868507954788e+01,0.000000000000000000e+00
-2.812976687817974854e-15,-1.531313186123802694e+01,0.000000000000000000e+00
2.624587627466148376e-01,-1.503625244741048128e+01,0.000000000000000000e+00
5.157550219737904174e-01,-1.476929144117703352e+01,0.000000000000000000e+00
7.604999604964678417e-01,-1.451120369724497472e+01,0.000000000000000000e+00
9.972639269733682976e-01,-1.426153858950409159e+01,0.000000000000000000e+00
1.226568567927129205e+00,-1.401974288433021343e+01,0.000000000000000000e+00
1.448894003811700637e+00,-1.378530560780235170e+01,0.000000000000000000e+00
1.664683640855646463e+00,-1.355776026411040469e+01,0.000000000000000000e+00
1.874347370971277238e+00,-1.333667453263946712e+01,0.000000000000000000e+00
2.078264884592675887e+00,-1.312164806299297837e+01,0.000000000000000000e+00
2.276788518825034302e+00,-1.291230933392677827e+01,0.000000000000000000e+00
2.470245802670095969e+00,-1.270831296456028348e+01,0.000000000000000000e+00
2.658941733204705393e+00,-1.250933733738373377e+01,0.000000000000000000e+00
2.843160809127748045e+00,-1.231508245144706315e+01,0.000000000000000000e+00
3.023168854479289624e+00,-1.212526800040495090e+01,0.000000000000000000e+00
3.199214656992629635e+00,-1.193963164421551504e+01,0.000000000000000000e+00
3.371531443374143677e+00,-1.175792745348676505e+01,0.000000000000000000e+00
3.540338210343409120e+00,-1.157992450562119835e+01,0.000000000000000000e+00
3.705840927761675285e+00,-1.140540561476238324e+01,0.000000000000000000e+00
3.868233627935311780e+00,-1.123416617964115893e+01,0.000000000000000000e+00
4.027699393352098589e+00,-1.106601313558599031e+01,0.000000000000000000e+00
4.184411253722425172e+00,-1.090076399925399464e+01,0.000000000000000000e+00
4.338533013433250929e+00,-1.073824602466122791e+01,0.000000000000000000e+00
4.490220013913825525e+00,-1.057829544284805934e+01,0.000000000000000000e+00
4.639619806173890026e+00,-1.042075670160089906e+01,0.000000000000000000e+00
4.786872771502304502e+00,-1.026548178608545925e+01,0.000000000000000000e+00
4.932112690203521943e+00,-1.011232959582627799e+01,0.000000000000000000e+00
5.075467269730885356e+00,-9.961165383921382954e+00,0.000000000000000000e+00
5.217058690934574194e+00,-9.811860351305751848e+00,0.000000000000000000e+00
5.357004041742867706e+00,-9.664291116486181110e+00,0.000000000000000000e+00
5.495415693458481243e+00,-9.518339189781443110e+00,0.000000000000000000e+00
5.632401678136556455e+00,-9.373890549279298767e+00,0.000000000000000000e+00
5.768066119290077509e+00,-9.230835376491731026e+00,0.000000000000000000e+00
5.902509602369485187e+00,-9.089067735267926551e+00,0.000000000000000000e+00
6.035829391626228002e+00,-8.948485068627057615e+00,0.000000000000000000e+00
6.168119714831264311e+00,-8.808987876083010704e+00,0.000000000000000000e+00
6.299472169034058489e+00,-8.670479601969811156e+00,0.000000000000000000e+00
6.429975963609365408e+00,-8.532866305651523930e+00,0.000000000000000000e+00
6.559718053473893029e+00,-8.396056232089774696e+00,0.000000000000000000e+00
6.688783425030456087e+00,-8.259959632248891737e+00,0.000000000000000000e+00
6.817255482390030430e+00,-8.124488712770894239e+00,0.000000000000000000e+00
6.945216096081928470e+00,-7.989557178255491721e+00,0.000000000000000000e+00
7.072745773332247410e+00,-7.855079970068080897e+00,0.000000000000000000e+00
7.199924057365271857e+00,-7.720973273672484538e+00,0.000000000000000000e+00
7.326829656445585925e+00,-7.587154213229161392e+00,0.000000000000000000e+00
7.453540494313967812e+00,-7.453540494313971365e+00,0.000000000000000000e+00
7.580134050719178340e+00,-7.320050364312392865e+00,0.000000000000000000e+00
7.706687628267049561e+00,-7.186602477509495657e+00,0.000000000000000000e+00
7.833278321155341395e+00,-7.053115480478860277e+00,0.000000000000000000e+00
7.959983270463107274e+00,-6.919507890252615923e+00,0.000000000000000000e+00
8.086880053900733500e+00,-6.785698070603013221e+00,0.000000000000000000e+00
8.214046642050444547e+00,-6.651603818651520506e+00,0.000000000000000000e+00
8.341561565071218709e+00,-6.517142153411031202e+00,0.000000000000000000e+00
8.469504356327243855e+00,-6.382229310073651796e+00,0.000000000000000000e+00
8.597955605762530595e+00,-6.246780401488576828e+00,0.000000000000000000e+00
8.726997039838684245e+00,-6.110709113228875111e+00,0.000000000000000000e+00
8.856711917997888150e+00,-5.973927619909406239e+00,0.000000000000000000e+00
8.987185303156564942e+00,-5.836346377342943370e+00,0.000000000000000000e+00
9.118504077401009766e+00,-5.697873733228143500e+00,0.000000000000000000e+00
9.250757222188671136e+00,-5.558415710997963721e+00,0.000000000000000000e+00
9.384036293450220612e+00,-5.417875880108709907e+00,0.000000000000000000e+00
9.518435512865599080e+00,-5.276154960450878839e+00,0.000000000000000000e+00
9.654051969799256838e+00,-5.133150486092342035e+00,0.000000000000000000e+00
9.790986014593336506e+00,-4.988756550079338048e+00,0.000000000000000000e+00
9.929341714042685396e+00,-4.842863536945020364e+00,0.000000000000000000e+00
1.006922701081842320e+01,-4.695357666845802136e+00,0.000000000000000000e+00
1.021075406490569826e+01,-4.546120608326755352e+00,0.000000000000000000e+00
1.035403969015569814e+01,-4.395029094505805922e+00,0.000000000000000000e+00
1.049920589991293696e+01,-4.241954534008039346e+00,0.000000000000000000e+00
1.064638024873813826e+01,-4.086762480801982456e+00,0.000000000000000000e+00
1.079569628572903284e+01,-3.929312106183565412e+00,0.000000000000000000e+00
1.094729409998666370e+01,-3.769455649428453459e+00,0.000000000000000000e+00
1.110132091533371401e+01,-3.607037819594243189e+00,0.000000000000000000e+00
1.125793176799303907e+01,-3.441895151243606676e+00,0.000000000000000000e+00
1.141729015948244452e+01,-3.273855271101043130e+00,0.000000000000000000e+00
1.157956877148154362e+01,-3.102736101019126114e+00,0.000000000000000000e+00
1.174495029077350061e+01,-2.928344999490993139e+00,0.000000000000000000e+00
1.191362831216470752e+01,-2.750477818171766398e+00,0.000000000000000000e+00
1.208580832819364836e+01,-2.568917863243767030e+00,0.000000000000000000e+00
1.226170881682850577e+01,-2.383434750371811184e+00,0.000000000000000000e+00
1.244156244044626902e+01,-2.193783140419744093e+00,0.000000000000000000e+00
1.262561737084312341e+01,-1.999701341032735114e+00,0.000000000000000000e+00
1.281413875933431079e+01,-1.800909757229116614e+00,0.000000000000000000e+00
1.300741036493475988e+01,-1.597109170142412937e+00,0.000000000000000000e+00
1.320573638969457697e+01,-1.387978824358962804e+00,0.000000000000000000e+00
1.340944342928318278e+01,-1.173174284254470789e+00,0.000000000000000000e+00
1.361888303092499974e+01,-9.523250725841502229e-01,0.000000000000000000e+00
1.383443327093437070e+01,-7.250319253690976629e-01,0.000000000000000000e+00
1.405650267527802022e+01,-4.908638897835168602e-01,0.000000000000000000e+00
1.428554719817671348e+01,-2.493551538793046807e-01,0.000000000000000000e+00
1.452185908952349713e+01,-3.556829650330769297e-15,0.000000000000000000e+00
