1.785475568535352764e+01,0.000000000000000000e+00,0.000000000000000000e+00
1.795528662698858824e+01,3.134106938788426833e-01,0.000000000000000000e+00
1.804704174177814124e+01,6.302165846725839016e-01,0.000000000000000000e+00
1.812976892207672819e+01,9.501409281207370272e-01,0.000000000000000000e+00
1.820325551675243503e+01,1.272895625279615972e+00,0.000000000000000000e+00
1.826731883923737954e+01,1.598183311446811583e+00,0.000000000000000000e+00
1.832181475913260016e+01,1.925700328938015904e+00,0.000000000000000000e+00
1.836670567070326854e+01,2.255147891010188310e+00,0.000000000000000000e+00
1.840198289113414276e+01,2.586230035699119245e+00,0.000000000000000000e+00
1.842764609431599609e+01,2.918652413146865854e+00,0.000000000000000000e+00
1.844370321848780492e+01,3.252122501598952553e+00,0.000000000000000000e+00
1.845017036867644933e+01,3.586349819906900827e+00,0.000000000000000000e+00
1.844703075152880345e+01,3.921037429566126331e+00,0.000000000000000000e+00
1.843415717886768590e+01,4.255860522809495450e+00,0.000000000000000000e+00
1.841156861290212277e+01,4.590519631465077133e+00,0.000000000000000000e+00
1.837933638176542317e+01,4.924728340913998359e+00,0.000000000000000000e+00
1.833753942954996319e+01,5.258204817593655100e+00,0.000000000000000000e+00
1.828626412472892682e+01,5.590671992186429407e+00,0.000000000000000000e+00
1.822560406452890547e+01,5.921857736307954312e+00,0.000000000000000000e+00
1.815565987544786708e+01,6.251495032611904534e+00,0.000000000000000000e+00
1.807653303229133712e+01,6.579319962483824114e+00,0.000000000000000000e+00
1.798821432354134231e+01,6.905028533316443173e+00,0.000000000000000000e+00
1.789059735567746401e+01,7.228270527550801461e+00,0.000000000000000000e+00
1.778358489660727670e+01,7.548683930535274200e+00,0.000000000000000000e+00
1.766720072557023613e+01,7.865944552127650979e+00,0.000000000000000000e+00
1.754181328304424881e+01,8.179881871808611038e+00,0.000000000000000000e+00
1.740784755387189975e+01,8.490374548809841215e+00,0.000000000000000000e+00
1.726545650837879009e+01,8.797189488158213777e+00,0.000000000000000000e+00
1.711447290419649292e+01,9.099926661076095158e+00,0.000000000000000000e+00
1.695482152554464861e+01,9.398211037375642007e+00,0.000000000000000000e+00
1.678667905183231923e+01,9.691793669375238451e+00,0.000000000000000000e+00
1.661024470737982028e+01,9.980441917075497216e+00,0.000000000000000000e+00
1.642567375751442427e+01,1.026390011553208481e+01,0.000000000000000000e+00
1.623337033098259496e+01,1.054207395612728426e+01,0.000000000000000000e+00
1.603404393457232402e+01,1.081509919329468339e+01,0.000000000000000000e+00
1.582705254362016056e+01,1.108222149868399775e+01,0.000000000000000000e+00
1.561155427348849045e+01,1.134245810795322207e+01,0.000000000000000000e+00
1.538954087684362726e+01,1.159685085696802176e+01,0.000000000000000000e+00
1.516115555928763925e+01,1.184519291970384103e+01,0.000000000000000000e+00
1.492500093742772727e+01,1.208602745454948568e+01,0.000000000000000000e+00
1.468234434753222040e+01,1.231994972683210676e+01,0.000000000000000000e+00
1.443401485239800586e+01,1.254729768463202610e+01,0.000000000000000000e+00
1.417966255716934576e+01,1.276742551325393116e+01,0.000000000000000000e+00
1.391864215209709599e+01,1.297934378538210964e+01,0.000000000000000000e+00
1.365191159883572958e+01,1.318349778565415775e+01,0.000000000000000000e+00
1.337997617299252795e+01,1.337997617299252617e+01,0.000000000000000000e+00
1.310299941855622663e+01,1.356855309949517618e+01,0.000000000000000000e+00
1.282119301530998889e+01,1.374904621480544265e+01,0.000000000000000000e+00
1.253472715607546029e+01,1.392122484950674455e+01,0.000000000000000000e+00
1.224359666265246638e+01,1.408464679147198595e+01,0.000000000000000000e+00
1.194793765459061419e+01,1.423899762395000224e+01,0.000000000000000000e+00
1.164839913053536158e+01,1.438457496448348216e+01,0.000000000000000000e+00
1.134527203374498683e+01,1.452128600454605234e+01,0.000000000000000000e+00
1.103878586728258426e+01,1.464896362215392145e+01,0.000000000000000000e+00
1.072921103988781866e+01,1.476749209622131609e+01,0.000000000000000000e+00
1.041681313280157184e+01,1.487675091221564827e+01,0.000000000000000000e+00
1.010186776817985255e+01,1.497663486218035800e+01,0.000000000000000000e+00
9.784654906810352770e+00,1.506704727401370292e+01,0.000000000000000000e+00
9.465459575735804876e+00,1.514790179229226119e+01,0.000000000000000000e+00
9.144570812530686155e+00,1.521912157819622280e+01,0.000000000000000000e+00
8.822281191214434770e+00,1.528063926184267451e+01,0.000000000000000000e+00
8.498886272975290979e+00,1.533239670306818603e+01,0.000000000000000000e+00
8.174684156863319728e+00,1.537434483966020515e+01,0.000000000000000000e+00
7.849975079761247976e+00,1.540644355949305577e+01,0.000000000000000000e+00
7.525061073477070650e+00,1.542866162706885724e+01,0.000000000000000000e+00
7.200245670484200389e+00,1.544097666972235494e+01,0.000000000000000000e+00
6.875833651942356184e+00,1.544337523351065400e+01,0.000000000000000000e+00
6.552130833585655623e+00,1.543585292548951848e+01,0.000000000000000000e+00
6.229443870783158310e+00,1.541841462867012069e+01,0.000000000000000000e+00
5.908080110695352438e+00,1.539107488970740434e+01,0.000000000000000000e+00
5.588347354355417629e+00,1.535385816816048354e+01,0.000000000000000000e+00
5.270553945697277420e+00,1.530680010047125528e+01,0.000000000000000000e+00
4.955007769297000486e+00,1.524994583814085303e+01,0.000000000000000000e+00
4.642018582556982409e+00,1.518335863580854372e+01,0.000000000000000000e+00
4.331890431570375455e+00,1.510709726019475418e+01,0.000000000000000000e+00
4.024940081756871457e+00,1.502128088253707539e+01,0.000000000000000000e+00
3.721459265982386633e+00,1.492595786893244458e+01,0.000000000000000000e+00
3.421560738924682710e+00,1.482040779305013878e+01,0.000000000000000000e+00
3.125716784072150922e+00,1.470534129604799745e+01,0.000000000000000000e+00
2.834265254483741892e+00,1.458103069727943968e+01,0.000000000000000000e+00
2.547505981627978588e+00,1.444762435897411379e+01,0.000000000000000000e+00
2.265738296899577175e+00,1.430530860390695480e+01,0.000000000000000000e+00
1.989262658563339503e+00,1.415433929061107499e+01,0.000000000000000000e+00
1.718353207832983065e+00,1.399486381021323744e+01,0.000000000000000000e+00
1.453218213374424028e+00,1.382644771355847446e+01,0.000000000000000000e+00
1.194076385788810590e+00,1.364835554305834009e+01,0.000000000000000000e+00
9.413554297754085365e-01,1.346200983016171016e+01,0.000000000000000000e+00
6.953903330677052574e-01,1.326883799658969565e+01,0.000000000000000000e+00
4.563415456319689367e-01,1.306791208423421047e+01,0.000000000000000000e+00
2.244296494764250749e-01,1.285756600730928056e+01,0.000000000000000000e+00
7.742490781448418013e-16,1.264444701417427730e+01,0.000000000000000000e+00
-2.169886641765997326e-01,1.243127224498716643e+01,0.000000000000000000e+00
-4.266072870437827014e-01,1.221643432412332508e+01,0.000000000000000000e+00
-6.289631028010945757e-01,1.200133093608538282e+01,0.000000000000000000e+00
-8.242043186206545746e-01,1.178667088793463691e+01,0.000000000000000000e+00
-1.012410319847522722e+00,1.157190290771251640e+01,0.000000000000000000e+00
-1.193665131786451061e+00,1.135696510011394267e+01,0.000000000000000000e+00
-1.368077216364684823e+00,1.114209479029315730e+01,0.000000000000000000e+00
-1.535800383939256664e+00,1.092778755150743741e+01,0.000000000000000000e+00
-1.696984285124938152e+00,1.071433710058730959e+01,0.000000000000000000e+00
-1.851680028551926815e+00,1.050139928167574688e+01,0.000000000000000000e+00
-1.999973200319876021e+00,1.028897015953861249e+01,0.000000000000000000e+00
-2.142223329036598845e+00,1.007836837501276328e+01,0.000000000000000000e+00
-2.278930087440806496e+00,9.871130692930142558e+00,0.000000000000000000e+00
-2.410679058963618004e+00,9.668705606565408672e+00,0.000000000000000000e+00
-2.538139956565725885e+00,9.472467274623950217e+00,0.000000000000000000e+00
-2.661832543783980487e+00,9.282913260278045087e+00,0.000000000000000000e+00
-2.781944357209852559e+00,9.099329985257028852e+00,0.000000000000000000e+00
-2.898591593636172359e+00,8.920947628728633561e+00,0.000000000000000000e+00
-3.011955419317215998e+00,8.747353691855709101e+00,0.000000000000000000e+00
-3.122264045268849930e+00,8.578349961951209579e+00,0.000000000000000000e+00
-3.229728930068770598e+00,8.413731517647365266e+00,0.000000000000000000e+00
-3.334531033257146948e+00,8.253253922723420288e+00,0.000000000000000000e+00
-3.436825437633623359e+00,8.096653338172430381e+00,0.000000000000000000e+00
-3.536748732521901584e+00,7.943667713303322664e+00,0.000000000000000000e+00
-3.634438877893606534e+00,7.794079325811836156e+00,0.000000000000000000e+00
-3.730032684298362877e+00,7.647700341833266080e+00,0.000000000000000000e+00
-3.823653128572422233e+00,7.504341799543873037e+00,0.000000000000000000e+00
-3.915414903499399468e+00,7.363824431822779459e+00,0.000000000000000000e+00
-4.005431182042022087e+00,7.225989132857078445e+00,0.000000000000000000e+00
-4.093804790546304417e+00,7.090677893495067607e+00,0.000000000000000000e+00
-4.180627797615457553e+00,6.957733066915638531e+00,0.000000000000000000e+00
-4.265992421871885654e+00,6.827014973349037064e+00,0.000000000000000000e+00
-4.349989735055852513e+00,6.698396785965586631e+00,0.000000000000000000e+00
-4.432701998416479050e+00,6.571750967900695350e+00,0.000000000000000000e+00
-4.514203631446835452e+00,6.446950918278817610e+00,0.000000000000000000e+00
-4.594571080017199272e+00,6.323884566855388023e+00,0.000000000000000000e+00
-4.673879146505692361e+00,6.202447118250000280e+00,0.000000000000000000e+00
-4.752195584011188245e+00,6.082532972300021434e+00,0.000000000000000000e+00
-4.829581689599052652e+00,5.964036695739621585e+00,0.000000000000000000e+00
-4.906100741615657235e+00,5.846863184449576423e+00,0.000000000000000000e+00
-4.981816611766451075e+00,5.730924440744935566e+00,0.000000000000000000e+00
-5.056787712864917239e+00,5.616131718742268575e+00,0.000000000000000000e+00
-5.131066925626904585e+00,5.502395620084837624e+00,0.000000000000000000e+00
-5.204706624483328881e+00,5.389631484039081322e+00,0.000000000000000000e+00
-5.277762897586262270e+00,5.277762897586263158e+00,0.000000000000000000e+00
-5.350288194911067663e+00,5.166713251808417340e+00,0.000000000000000000e+00
-5.422330493396548157e+00,5.056404987116551730e+00,0.000000000000000000e+00
-5.493934471234617867e+00,4.946760817006969013e+00,0.000000000000000000e+00
-5.565149137190578799e+00,4.837710338929186449e+00,0.000000000000000000e+00
-5.636023587343688135e+00,4.729185313446540917e+00,0.000000000000000000e+00
-5.706603301404963524e+00,4.621116237255657566e+00,0.000000000000000000e+00
-5.776930121385441375e+00,4.513432469172152572e+00,0.000000000000000000e+00
-5.847045860140239526e+00,4.406065089045451799e+00,0.000000000000000000e+00
-5.916997331195312348e+00,4.298950199207618006e+00,0.000000000000000000e+00
-5.986829473685415515e+00,4.192023127450600128e+00,0.000000000000000000e+00
-6.056584163655195141e+00,4.085217601358395179e+00,0.000000000000000000e+00
-6.126300464908381649e+00,3.978466040120941294e+00,0.000000000000000000e+00
-6.196020847010568211e+00,3.871703531088176664e+00,0.000000000000000000e+00
-6.265791356803970480e+00,3.764867273346772958e+00,0.000000000000000000e+00
-6.335655642169197854e+00,3.657892490499157212e+00,0.000000000000000000e+00
-6.405654619042196352e+00,3.550712335815328746e+00,0.000000000000000000e+00
-6.475827746839965648e+00,3.443258690809915645e+00,0.000000000000000000e+00
-6.546220974710690754e+00,3.335466184629323649e+00,0.000000000000000000e+00
-6.616881627915463859e+00,3.227268804617099196e+00,0.000000000000000000e+00
-6.687854517408664101e+00,3.118597778094162720e+00,0.000000000000000000e+00
-6.759181841064860308e+00,3.009381644858641014e+00,0.000000000000000000e+00
-6.830907681228338468e+00,2.899548282534179844e+00,0.000000000000000000e+00
-6.903083930607193608e+00,2.789026947106545862e+00,0.000000000000000000e+00
-6.975761404577527358e+00,2.677743920205448713e+00,0.000000000000000000e+00
-7.048988280690750230e+00,2.565621915862728475e+00,0.000000000000000000e+00
-7.122810985453234878e+00,2.452580506534523863e+00,0.000000000000000000e+00
-7.197284478143809672e+00,2.338539486340299511e+00,0.000000000000000000e+00
-7.272468031450681991e+00,2.223416607141741608e+00,0.000000000000000000e+00
-7.348418185997889651e+00,2.107125007461008614e+00,0.000000000000000000e+00
-7.425188590971948166e+00,1.989573286599721547e+00,0.000000000000000000e+00
-7.502838518812380286e+00,1.870667743550378903e+00,0.000000000000000000e+00
-7.581437764866367779e+00,1.750312822905728982e+00,0.000000000000000000e+00
-7.661054023523771406e+00,1.628407302008501478e+00,0.000000000000000000e+00
-7.741751477377147417e+00,1.504844045439959865e+00,0.000000000000000000e+00
-7.823598589515536439e+00,1.379511517564279144e+00,0.000000000000000000e+00
-7.906678712178243806e+00,1.252294882654277464e+00,0.000000000000000000e+00
-7.991073813563462913e+00,1.123072183926633993e+00,0.000000000000000000e+00
-8.076861593717923782e+00,9.917139042581899488e-01,0.000000000000000000e+00
-8.164127002840888991e+00,8.580843252454529724e-01,0.000000000000000000e+00
-8.252972295517839285e+00,7.220415162513368346e-01,0.000000000000000000e+00
-8.343496909044461063e+00,5.834341393100143103e-01,0.000000000000000000e+00
-8.435796167014775193e+00,4.421013435976351991e-01,0.000000000000000000e+00
-8.529983594150932547e+00,2.978735908597321957e-01,0.000000000000000000e+00
-8.626185392712111266e+00,1.505706261126313894e-01,0.000000000000000000e+00
-8.724521305877452448e+00,1.068445709133570816e-15,0.000000000000000000e+00
-8.825118085685733860e+00,-1.540430091848289385e-01,0.000000000000000000e+00
-8.928130336380720067e+00,-3.117771814690305510e-01,0.000000000000000000e+00
-9.033709230695505354e+00,-4.734366394694595748e-01,0.000000000000000000e+00
-9.142007240244142352e+00,-6.392714210747584280e-01,0.000000000000000000e+00
-9.253212179652466673e+00,-8.095511669195943893e-01,0.000000000000000000e+00
-9.367512400857409105e+00,-9.845652272338549782e-01,0.000000000000000000e+00
-9.485099550362843246e+00,-1.164623783411641966e+00,0.000000000000000000e+00
-9.606206958141624952e+00,-1.350064344221145518e+00,0.000000000000000000e+00
-9.731065707109166851e+00,-1.541249395781772114e+00,0.000000000000000000e+00
-9.859927588452517710e+00,-1.738571261675930124e+00,0.000000000000000000e+00
-9.993084510405752852e+00,-1.942458856372015541e+00,0.000000000000000000e+00
-1.013082456059091818e+01,-2.153373235481415016e+00,0.000000000000000000e+00
-1.027348848167868844e+01,-2.371821702314466318e+00,0.000000000000000000e+00
-1.042142741955383123e+01,-2.598353685292516424e+00,0.000000000000000000e+00
-1.057504109179865104e+01,-2.833573720473381741e+00,0.000000000000000000e+00
-1.073477195405547846e+01,-3.078146324998468408e+00,0.000000000000000000e+00
-1.090107979278587358e+01,-3.332794553683653405e+00,0.000000000000000000e+00
-1.107445611885772863e+01,-3.598308918083907848e+00,0.000000000000000000e+00
-1.125553078687444852e+01,-3.875590052152828147e+00,0.000000000000000000e+00
-1.144506676404845003e+01,-4.165663631303040404e+00,0.000000000000000000e+00
-1.164343348865324757e+01,-4.469495360620926228e+00,0.000000000000000000e+00
-1.185125523962161687e+01,-4.788217925873448522e+00,0.000000000000000000e+00
-1.207144883954248726e+01,-5.124026027548441498e+00,0.000000000000000000e+00
-1.230121267413325903e+01,-5.476852746605047173e+00,0.000000000000000000e+00
-1.252983954048608695e+01,-5.842760133181968740e+00,0.000000000000000000e+00
-1.274671362136129638e+01,-6.216987630254263486e+00,0.000000000000000000e+00
-1.294612247464839605e+01,-6.596378873105140705e+00,0.000000000000000000e+00
-1.312687189470049098e+01,-6.979681594624238095e+00,0.000000000000000000e+00
-1.328861171009556230e+01,-7.365997752147227295e+00,0.000000000000000000e+00
-1.343138262728883703e+01,-7.754612375454075668e+00,0.000000000000000000e+00
-1.355587632544989596e+01,-8.145192240370874970e+00,0.000000000000000000e+00
-1.366291925436517829e+01,-8.537539499664637432e+00,0.000000000000000000e+00
-1.375288078043954343e+01,-8.931225207157543977e+00,0.000000000000000000e+00
-1.382564780803211946e+01,-9.325517197381488543e+00,0.000000000000000000e+00
-1.388110923503489857e+01,-9.719657325083845834e+00,0.000000000000000000e+00
-1.391918269245348760e+01,-1.011287818114361947e+01,0.000000000000000000e+00
-1.393981499101591481e+01,-1.050440404416368168e+01,0.000000000000000000e+00
-1.394298253929861708e+01,-1.089345184858813020e+01,0.000000000000000000e+00
-1.392885588256082485e+01,-1.127936509437211043e+01,0.000000000000000000e+00
-1.389807994047060902e+01,-1.166187375212123989e+01,0.000000000000000000e+00
-1.385068923458921475e+01,-1.204022046124239154e+01,0.000000000000000000e+00
-1.378655982981382522e+01,-1.241347422771850972e+01,0.000000000000000000e+00
-1.370601622935102348e+01,-1.278106690471745388e+01,0.000000000000000000e+00
-1.361067532786173473e+01,-1.314367638165967200e+01,0.000000000000000000e+00
-1.350087954031011606e+01,-1.350087954031011073e+01,0.000000000000000000e+00
-1.337562832957084602e+01,-1.385086860126652120e+01,0.000000000000000000e+00
-1.323498913645420849e+01,-1.419278822745006963e+01,0.000000000000000000e+00
-1.307946736550116640e+01,-1.452622014342559886e+01,0.000000000000000000e+00
-1.290995896263996023e+01,-1.485120892914071433e+01,0.000000000000000000e+00
-1.272764017345371812e+01,-1.516821090195985633e+01,0.000000000000000000e+00
-1.253226958898086707e+01,-1.547606408036318371e+01,0.000000000000000000e+00
-1.232297970304361456e+01,-1.577269475459583425e+01,0.000000000000000000e+00
-1.210200944016927238e+01,-1.605990895877794955e+01,0.000000000000000000e+00
-1.186961055241832952e+01,-1.633711736738244369e+01,0.000000000000000000e+00
-1.162429088175471215e+01,-1.660120785256851406e+01,0.000000000000000000e+00
-1.136833261913474402e+01,-1.685424621819936419e+01,0.000000000000000000e+00
-1.110196428627194365e+01,-1.709552583395094771e+01,0.000000000000000000e+00
-1.082550987198825787e+01,-1.732443724261757012e+01,0.000000000000000000e+00
-1.053946808166719507e+01,-1.754062048320687595e+01,0.000000000000000000e+00
-1.024442948943807252e+01,-1.774387237026361674e+01,0.000000000000000000e+00
-9.940940234707472456e+00,-1.793393091571140729e+01,0.000000000000000000e+00
-9.628741257635665463e+00,-1.810902851120752288e+01,0.000000000000000000e+00
-9.309157685630134793e+00,-1.827025067122170654e+01,0.000000000000000000e+00
-8.983145273452283419e+00,-1.841817726362409502e+01,0.000000000000000000e+00
-8.650066845660287385e+00,-1.855012821338874929e+01,0.000000000000000000e+00
-8.311549452411064465e+00,-1.866804571823870873e+01,0.000000000000000000e+00
-7.967569636903924390e+00,-1.877041777896560504e+01,0.000000000000000000e+00
-7.619084715574847344e+00,-1.885789641458432797e+01,0.000000000000000000e+00
-7.266251101526981948e+00,-1.892923128590720339e+01,0.000000000000000000e+00
-6.910359621899558213e+00,-1.898605702147997931e+01,0.000000000000000000e+00
-6.550970343558478071e+00,-1.902539933109425974e+01,0.000000000000000000e+00
-6.189706460035193203e+00,-1.904995767199762113e+01,0.000000000000000000e+00
-5.826669471083353535e+00,-1.905817709653456049e+01,0.000000000000000000e+00
-5.462381837200904755e+00,-1.904958931682869760e+01,0.000000000000000000e+00
-5.097959714965975664e+00,-1.902584467119238454e+01,0.000000000000000000e+00
-4.733472069155367556e+00,-1.898491952439281150e+01,0.000000000000000000e+00
-4.369768923339464983e+00,-1.892754866764152055e+01,0.000000000000000000e+00
-4.007756511336468819e+00,-1.885501195469183955e+01,0.000000000000000000e+00
-3.647433925765667162e+00,-1.876442085078405242e+01,0.000000000000000000e+00
-3.289980993226800710e+00,-1.865840939377497065e+01,0.000000000000000000e+00
-2.935845800152891538e+00,-1.853620086756766128e+01,0.000000000000000000e+00
-2.585523588409289975e+00,-1.839695625747769725e+01,0.000000000000000000e+00
-2.239930057588971568e+00,-1.824276636343771330e+01,0.000000000000000000e+00
-1.899343670571091991e+00,-1.807104790563426988e+01,0.000000000000000000e+00
-1.564689983184335942e+00,-1.788448834540371024e+01,0.000000000000000000e+00
-1.236436744643652830e+00,-1.768186923268415711e+01,0.000000000000000000e+00
-9.151796025512619615e-01,-1.746266709010124885e+01,0.000000000000000000e+00
-6.016621400611471548e-01,-1.722934943353171988e+01,0.000000000000000000e+00
-2.964097656179414120e-01,-1.698130409923427209e+01,0.000000000000000000e+00
-3.070896194570962377e-15,-1.671718026078506725e+01,0.000000000000000000e+00
2.871066542222744378e-01,-1.644832920433017520e+01,0.000000000000000000e+00
5.652949985749122774e-01,-1.618793075875645826e+01,0.000000000000000000e+00
8.351337092630449765e-01,-1.593530045897759884e+01,0.000000000000000000e+00
1.097150953499451465e+00,-1.568998961922894431e+01,0.000000000000000000e+00
1.351835073673545828e+00,-1.545154559679591344e+01,0.000000000000000000e+00
1.599638482265985484e+00,-1.521954351527812754e+01,0.000000000000000000e+00
1.840981365450316654e+00,-1.499359000767305261e+01,0.000000000000000000e+00
2.076254596676716968e+00,-1.477331909315454972e+01,0.000000000000000000e+00
2.305822413910368684e+00,-1.455838975839827043e+01,0.000000000000000000e+00
2.530024814592445992e+00,-1.434848373417983680e+01,0.000000000000000000e+00
2.749179687268523242e+00,-1.414330340076132764e+01,0.000000000000000000e+00
2.963584742702541241e+00,-1.394257001250938721e+01,0.000000000000000000e+00
3.173519254554906688e+00,-1.374602208768082079e+01,0.000000000000000000e+00
3.379245631758573953e+00,-1.355341394959159373e+01,0.000000000000000000e+00
3.581010838881775626e+00,-1.336451439316161327e+01,0.000000000000000000e+00
3.779047680172576751e+00,-1.317910546379731329e+01,0.000000000000000000e+00
3.973575969581906175e+00,-1.299698136485263511e+01,0.000000000000000000e+00
4.164803596016045439e+00,-1.281794746302688814e+01,0.000000000000000000e+00
4.352927494774781358e+00,-1.264181938005910411e+01,0.000000000000000000e+00
4.538134535251432844e+00,-1.246842216205053155e+01,0.000000000000000000e+00
4.720602333781968696e+00,-1.229758951850347515e+01,0.000000000000000000e+00
4.900499999491143122e+00,-1.212916312390709628e+01,0.000000000000000000e+00
5.077988820079898602e+00,-1.196299197541180526e+01,0.000000000000000000e+00
5.253222893715991937e+00,-1.179893180080162729e+01,0.000000000000000000e+00
5.426349712513485635e+00,-1.163684451159021727e+01,0.000000000000000000e+00
5.597510702503122992e+00,-1.147659769662337936e+01,0.000000000000000000e+00
5.766841724668047675e+00,-1.131806415241895536e+01,0.000000000000000000e+00
5.934473543686284103e+00,-1.116112145150843737e+01,0.000000000000000000e+00
6.100532263663732024e+00,-1.100565153622346948e+01,0.000000000000000000e+00
6.265139733078743944e+00,-1.085154033421089537e+01,0.000000000000000000e+00
6.428413925467021173e+00,-1.069867740021111757e+01,0.000000000000000000e+00
6.590469297311755348e+00,-1.054695557907291814e+01,0.000000000000000000e+00
6.751417125560738697e+00,-1.039627068774875518e+01,0.000000000000000000e+00
6.911365827031545450e+00,-1.024652121426975881e+01,0.000000000000000000e+00
7.070421262052085432e+00,-1.009760803222675207e+01,0.000000000000000000e+00
7.228687033611684853e+00,-9.949434141807525833e+00,0.000000000000000000e+00
7.386264769550549225e+00,-9.801904413549337391e+00,0.000000000000000000e+00
7.543254378948193839e+00,-9.654925321838534913e+00,0.000000000000000000e+00
7.699754308349652021e+00,-9.508404701399495451e+00,0.000000000000000000e+00
7.855861791041789388e+00,-9.362251512397639530e+00,0.000000000000000000e+00
8.011673090066233627e+00,-9.216375611794925149e+00,0.000000000000000000e+00
8.167283743389647910e+00,-9.070687537569568804e+00,0.000000000000000000e+00
8.322788815773785487e+00,-8.925098306179199525e+00,0.000000000000000000e+00
8.478283114098303486e+00,-8.779519173547518207e+00,0.000000000000000000e+00
8.633861413424719800e+00,-8.633861413424723352e+00,0.000000000000000000e+00
8.789618687645534223e+00,-8.488036101493786845e+00,0.000000000000000000e+00
8.945650341420938290e+00,-8.341953898687545887e+00,0.000000000000000000e+00
9.102052450699574138e+00,-8.195524838020958214e+00,0.000000000000000000e+00
9.258922019488686317e+00,-8.048658118016151164e+00,0.000000000000000000e+00
9.416357204715422924e+00,-7.901261857510241349e+00,0.000000000000000000e+00
9.574457559046347654e+00,-7.753242857818982259e+00,0.000000000000000000e+00
9.733324287521151419e+00,-7.604506363969022686e+00,0.000000000000000000e+00
9.893060513317806226e+00,-7.454955817722661138e+00,0.000000000000000000e+00
1.005377155443170700e+01,-7.304492601145202713e+00,0.000000000000000000e+00
1.021556522208794604e+01,-7.153015775578935198e+00,0.000000000000000000e+00
1.037855212423240125e+01,-7.000421800287822904e+00,0.000000000000000000e+00
1.054284596902103743e+01,-6.846604226194026310e+00,0.000000000000000000e+00
1.070856389883526738e+01,-6.691453383344829753e+00,0.000000000000000000e+00
1.087582684507873054e+01,-6.534856050570570396e+00,0.000000000000000000e+00
1.104475990508298011e+01,-6.376695104334452857e+00,0.000000000000000000e+00
1.121549274364147131e+01,-6.216849144303314922e+00,0.000000000000000000e+00
1.138816002194021237e+01,-6.055192092935803849e+00,0.000000000000000000e+00
1.156290185695223727e+01,-5.891592766123556757e+00,0.000000000000000000e+00
1.173986431471787562e+01,-5.725914411629326572e+00,0.000000000000000000e+00
1.191919994152705087e+01,-5.558014211814684913e+00,0.000000000000000000e+00
1.210106833676265659e+01,-5.387742746405591809e+00,0.000000000000000000e+00
1.228563677231597673e+01,-5.214943410946800917e+00,0.000000000000000000e+00
1.247308086573431574e+01,-5.039451786719349791e+00,0.000000000000000000e+00
1.266358531187322178e+01,-4.861094955830886910e+00,0.000000000000000000e+00
1.285734467951880511e+01,-4.679690755045768036e+00,0.000000000000000000e+00
1.305456428061285123e+01,-4.495046961279951958e+00,0.000000000000000000e+00
1.325546112305322133e+01,-4.306960401529555504e+00,0.000000000000000000e+00
1.346026495538256107e+01,-4.115215977423227756e+00,0.000000000000000000e+00
1.366921941288298825e+01,-3.919585593568928328e+00,0.000000000000000000e+00
1.388258327749183074e+01,-3.719826978061743450e+00,0.000000000000000000e+00
1.410063186348875597e+01,-3.515682381350571095e+00,0.000000000000000000e+00
1.432365854194869215e+01,-3.306877137879920880e+00,0.000000000000000000e+00
1.455197641897194849e+01,-3.093118073119927036e+00,0.000000000000000000e+00
1.478592026108196400e+01,-2.874091751234765013e+00,0.000000000000000000e+00
1.502584864295802625e+01,-2.649462523795189206e+00,0.000000000000000000e+00
1.527214616476532250e+01,-2.418870322860873223e+00,0.000000000000000000e+00
1.552522600586251045e+01,-2.181928221807198920e+00,0.000000000000000000e+00
1.578553309493348955e+01,-1.938219749679687132e+00,0.000000000000000000e+00
1.605354711994264250e+01,-1.687295793343073891e+00,0.000000000000000000e+00
1.632978624560493941e+01,-1.428671174291994639e+00,0.000000000000000000e+00
1.661481142020670632e+01,-1.161820793657674322e+00,0.000000000000000000e+00
1.690923082825987933e+01,-8.861752370934486978e-01,0.000000000000000000e+00
1.721370569270431261e+01,-6.011158485937104778e-01,0.000000000000000000e+00
1.752895494738282167e+01,-3.059690467303844419e-01,0.000000000000000000e+00
1.785563017847795919e+01,-4.373368068966383026e-15,0.000000000000000000e+00
