7.359798857276529382e+00,0.000000000000000000e+00,0.000000000000000000e+00
7.309263120473440623e+00,1.275836623452901719e-01,0.000000000000000000e+00
7.259231670580870599e+00,2.534979558555493506e-01,0.000000000000000000e+00
7.209754580964350623e+00,3.778472267640748949e-01,0.000000000000000000e+00
7.160868392144891459e+00,5.007366974097436918e-01,0.000000000000000000e+00
7.112541672822338512e+00,6.222667652276662187e-01,0.000000000000000000e+00
7.064715292529933244e+00,7.425314981910883239e-01,0.000000000000000000e+00
7.017350844817223710e+00,8.616223421825093265e-01,0.000000000000000000e+00
6.970417957313806312e+00,9.796283579454204693e-01,0.000000000000000000e+00
6.923884079218590948e+00,1.096635504759003732e+00,0.000000000000000000e+00
6.877714405998267111e+00,1.212726615384787987e+00,0.000000000000000000e+00
6.831876584910530958e+00,1.327982282565649319e+00,0.000000000000000000e+00
6.786339783161687400e+00,1.442481050633331430e+00,0.000000000000000000e+00
6.741073538407842847e+00,1.556299454056617959e+00,0.000000000000000000e+00
6.696048391985586434e+00,1.669512372515058019e+00,0.000000000000000000e+00
6.651234586591812992e+00,1.782192936147228179e+00,0.000000000000000000e+00
6.606604206829077341e+00,1.894413271842966928e+00,0.000000000000000000e+00
6.562128349152055229e+00,2.006243972005451681e+00,0.000000000000000000e+00
6.517780020411710673e+00,2.117755104345078632e+00,0.000000000000000000e+00
6.473531055856517114e+00,2.229015498019600638e+00,0.000000000000000000e+00
6.429354779792777030e+00,2.340093765381704660e+00,0.000000000000000000e+00
6.385223751242972590e+00,2.451057753756101132e+00,0.000000000000000000e+00
6.341111251772192148e+00,2.561975246654365712e+00,0.000000000000000000e+00
6.296990623224404615e+00,2.672913937466783185e+00,0.000000000000000000e+00
6.252834530494848941e+00,2.783941297464039177e+00,0.000000000000000000e+00
6.208616001173734134e+00,2.895125187890975837e+00,0.000000000000000000e+00
6.164307278660651868e+00,3.006533545736540525e+00,0.000000000000000000e+00
6.119883356407627595e+00,3.118236318027070464e+00,0.000000000000000000e+00
6.075316752639936091e+00,3.230303217709641128e+00,0.000000000000000000e+00
6.030575054557846038e+00,3.342802338206690482e+00,0.000000000000000000e+00
5.985623985841438177e+00,3.455801619493434007e+00,0.000000000000000000e+00
5.940448926476519453e+00,3.569381819264287881e+00,0.000000000000000000e+00
5.895043804977603052e+00,3.683632201893450198e+00,0.000000000000000000e+00
5.849343638801369316e+00,3.798608174259165970e+00,0.000000000000000000e+00
5.803225846301700130e+00,3.914325258490595871e+00,0.000000000000000000e+00
5.756733787397855018e+00,4.030908393402510725e+00,0.000000000000000000e+00
5.710172847771385563e+00,4.148683416167393112e+00,0.000000000000000000e+00
5.663375668434704302e+00,4.267659672202590571e+00,0.000000000000000000e+00
5.615095506583680951e+00,4.386993410756283573e+00,0.000000000000000000e+00
5.564176393395598552e+00,4.505781201252336388e+00,0.000000000000000000e+00
5.510047169928782296e+00,4.623478548056656479e+00,0.000000000000000000e+00
5.452518960977760010e+00,4.739802420469477973e+00,0.000000000000000000e+00
5.391946639141250053e+00,4.854930560520927862e+00,0.000000000000000000e+00
5.328252626817545412e+00,4.968675957259984344e+00,0.000000000000000000e+00
5.261074298788681602e+00,5.080560393766227811e+00,0.000000000000000000e+00
5.190930136840512077e+00,5.190930136840511189e+00,0.000000000000000000e+00
5.117931529779472299e+00,5.299773242991185462e+00,0.000000000000000000e+00
5.041723927642406622e+00,5.406586984586463807e+00,0.000000000000000000e+00
4.962521047357927095e+00,5.511437980298986794e+00,0.000000000000000000e+00
4.880507394962170231e+00,5.614381518372989710e+00,0.000000000000000000e+00
4.795738407987380825e+00,5.715338476860996941e+00,0.000000000000000000e+00
4.708233679350028567e+00,5.814184382931911976e+00,0.000000000000000000e+00
4.618039699035839440e+00,5.910821269916366916e+00,0.000000000000000000e+00
4.525207350807201045e+00,6.005152981647310817e+00,0.000000000000000000e+00
4.429796912054960067e+00,6.097092381111480108e+00,0.000000000000000000e+00
4.331875819047149356e+00,6.186559816426552061e+00,0.000000000000000000e+00
4.231517972810741490e+00,6.273483384049361788e+00,0.000000000000000000e+00
4.128802738975060116e+00,6.357798680249381107e+00,0.000000000000000000e+00
4.023814028438261303e+00,6.439448528149516626e+00,0.000000000000000000e+00
3.916639373752233588e+00,6.518382549502022449e+00,0.000000000000000000e+00
3.807369279546829244e+00,6.594557035352018204e+00,0.000000000000000000e+00
3.696095571277998815e+00,6.667932918632723194e+00,0.000000000000000000e+00
3.582914676221159223e+00,6.738482454646915976e+00,0.000000000000000000e+00
3.467912148609812117e+00,6.806160815030554367e+00,0.000000000000000000e+00
3.351202209396051401e+00,6.870982763833747953e+00,0.000000000000000000e+00
3.232614949732378395e+00,6.932365131043743744e+00,0.000000000000000000e+00
3.112450984955120958e+00,6.990679369183599334e+00,0.000000000000000000e+00
2.990851891363233594e+00,7.046005504096516603e+00,0.000000000000000000e+00
2.867925473883876197e+00,7.098364636987683163e+00,0.000000000000000000e+00
2.743609492756879931e+00,7.147347087371053398e+00,0.000000000000000000e+00
2.617967325222873676e+00,7.192806110919858220e+00,0.000000000000000000e+00
2.491290588095502745e+00,7.235233225398353341e+00,0.000000000000000000e+00
2.363679301336434779e+00,7.274656872885048919e+00,0.000000000000000000e+00
2.234931314022931215e+00,7.310130940604104843e+00,0.000000000000000000e+00
2.105405293154746893e+00,7.342420829486967726e+00,0.000000000000000000e+00
1.975236924407701933e+00,7.371684558875629456e+00,0.000000000000000000e+00
1.844308314475582966e+00,7.397116623260293622e+00,0.000000000000000000e+00
1.712833402401809924e+00,7.419096559171486582e+00,0.000000000000000000e+00
1.581009486514462159e+00,7.438064833627003658e+00,0.000000000000000000e+00
1.448747658135504102e+00,7.453160582788584954e+00,0.000000000000000000e+00
1.316238475967545396e+00,7.464759339036059593e+00,0.000000000000000000e+00
1.183662364327995764e+00,7.473350045639723049e+00,0.000000000000000000e+00
1.050957964137900547e+00,7.477954477525353028e+00,0.000000000000000000e+00
9.183233837266617794e-01,7.479143769979779144e+00,0.000000000000000000e+00
7.858978152848290488e-01,7.477318238397164585e+00,0.000000000000000000e+00
6.536643918826243738e-01,7.471418187671087452e+00,0.000000000000000000e+00
5.218083370673985977e-01,7.462206878370694518e+00,0.000000000000000000e+00
3.904364751380707266e-01,7.449971749984306335e+00,0.000000000000000000e+00
2.595903759875235473e-01,7.433695756585994019e+00,0.000000000000000000e+00
1.294141176121798298e-01,7.414129832480427673e+00,0.000000000000000000e+00
4.526011096956700802e-16,7.391537053961820369e+00,0.000000000000000000e+00
-1.285595211428186835e-01,7.365170033540903383e+00,0.000000000000000000e+00
-2.561557153180017976e-01,7.335339943712773980e+00,0.000000000000000000e+00
-3.827072493937690445e-01,7.302489337067026298e+00,0.000000000000000000e+00
-5.081221327737373006e-01,7.266485038445878786e+00,0.000000000000000000e+00
-6.323788915520365261e-01,7.228123805602017171e+00,0.000000000000000000e+00
-7.556253924894507090e-01,7.189295375009629119e+00,0.000000000000000000e+00
-8.779044031063356623e-01,7.149957589542260017e+00,0.000000000000000000e+00
-9.992748050127754356e-01,7.110209691929290976e+00,0.000000000000000000e+00
-1.119827648992142821e+00,7.070313514999126525e+00,0.000000000000000000e+00
-1.239685174198360107e+00,7.030603990480774890e+00,0.000000000000000000e+00
-1.358945409334099352e+00,6.991168063074157502e+00,0.000000000000000000e+00
-1.477670632383422999e+00,6.951893749003127176e+00,0.000000000000000000e+00
-1.595937538834792058e+00,6.912764946327340176e+00,0.000000000000000000e+00
-1.713822787215010690e+00,6.873767758421222673e+00,0.000000000000000000e+00
-1.831398381989735480e+00,6.834871810485124932e+00,0.000000000000000000e+00
-1.948737071090361317e+00,6.796053808968757437e+00,0.000000000000000000e+00
-2.065911094782320490e+00,6.757290713924193781e+00,0.000000000000000000e+00
-2.182991921160179594e+00,6.718558297541264324e+00,0.000000000000000000e+00
-2.300050982153537316e+00,6.679833081579269027e+00,0.000000000000000000e+00
-2.417159637986045606e+00,6.641091524583770500e+00,0.000000000000000000e+00
-2.534389301466096089e+00,6.602309854926289745e+00,0.000000000000000000e+00
-2.651811767258593022e+00,6.563464442876377980e+00,0.000000000000000000e+00
-2.769499261762283560e+00,6.524531387969815910e+00,0.000000000000000000e+00
-2.887524621619725451e+00,6.485486485711764004e+00,0.000000000000000000e+00
-3.005961601587845866e+00,6.446305457391134475e+00,0.000000000000000000e+00
-3.124884925897405630e+00,6.406963568060683123e+00,0.000000000000000000e+00
-3.244370488901905603e+00,6.367435605269761822e+00,0.000000000000000000e+00
-3.364495686970027766e+00,6.327696081028123309e+00,0.000000000000000000e+00
-3.485339482408971623e+00,6.287718869598772464e+00,0.000000000000000000e+00
-3.606982614056294612e+00,6.247477149563106735e+00,0.000000000000000000e+00
-3.729507972918478131e+00,6.206943598590893174e+00,0.000000000000000000e+00
-3.853000708026691701e+00,6.166090073474731703e+00,0.000000000000000000e+00
-3.977548436392164710e+00,6.124887479075770358e+00,0.000000000000000000e+00
-4.103241657192253200e+00,6.083305925328770236e+00,0.000000000000000000e+00
-4.230173965370877198e+00,6.041314516816809643e+00,0.000000000000000000e+00
-4.358442262061639205e+00,5.998881130919125226e+00,0.000000000000000000e+00
-4.488147151986919603e+00,5.955972436714629836e+00,0.000000000000000000e+00
-4.619393360979462848e+00,5.912553878193925527e+00,0.000000000000000000e+00
-4.752289975982072256e+00,5.868589378370291598e+00,0.000000000000000000e+00
-4.886950831760908720e+00,5.824041210582325157e+00,0.000000000000000000e+00
-5.023495016969956595e+00,5.778869961354405227e+00,0.000000000000000000e+00
-5.162047359994399898e+00,5.733034400150776477e+00,0.000000000000000000e+00
-5.302738839800957393e+00,5.686491209235136068e+00,0.000000000000000000e+00
-5.445707131721339245e+00,5.639194814922944055e+00,0.000000000000000000e+00
-5.591097214845053287e+00,5.591097214845054175e+00,0.000000000000000000e+00
-5.739062068045930332e+00,5.542147817033025170e+00,0.000000000000000000e+00
-5.889763344440697601e+00,5.492293172471559792e+00,0.000000000000000000e+00
-6.043372115343276896e+00,5.441476693851881485e+00,0.000000000000000000e+00
-6.200069723857937198e+00,5.389638384485619049e+00,0.000000000000000000e+00
-6.360048721874227873e+00,5.336714536794199049e+00,0.000000000000000000e+00
-6.523513899967231744e+00,5.282637396519158202e+00,0.000000000000000000e+00
-6.690683421982743795e+00,5.227334789101897528e+00,0.000000000000000000e+00
-6.861790078220322719e+00,5.170729704398091542e+00,0.000000000000000000e+00
-7.037082673548622047e+00,5.112739835422741130e+00,0.000000000000000000e+00
-7.216827569465860570e+00,5.053277066099655990e+00,0.000000000000000000e+00
-7.401310402010213174e+00,4.992246901950334603e+00,0.000000000000000000e+00
-7.590838000479488201e+00,4.929547836243585834e+00,0.000000000000000000e+00
-7.785740535077096069e+00,4.865070642287806280e+00,0.000000000000000000e+00
-7.986373924797663726e+00,4.798697580239492666e+00,0.000000000000000000e+00
-8.193122540032575785e+00,4.730301503991396928e+00,0.000000000000000000e+00
-8.406402237443121095e+00,4.659744850367532720e+00,0.000000000000000000e+00
-8.626663767545142747e+00,4.586878488976103618e+00,0.000000000000000000e+00
-8.854396646816550032e+00,4.511540431471166457e+00,0.000000000000000000e+00
-9.090133729768865578e+00,4.433554454430015390e+00,0.000000000000000000e+00
-9.334456085834590411e+00,4.352728357536203241e+00,0.000000000000000000e+00
-9.587998602673909687e+00,4.268852012608589597e+00,0.000000000000000000e+00
-9.851456960739694679e+00,4.181695382806818628e+00,0.000000000000000000e+00
-1.012559466159414612e+01,4.091005795460496586e+00,0.000000000000000000e+00
-1.041125221349083674e+01,3.996505284441996153e+00,0.000000000000000000e+00
-1.070935670394418082e+01,3.897887068374890074e+00,0.000000000000000000e+00
-1.102093388026371734e+01,3.794811859214420213e+00,0.000000000000000000e+00
-1.134712150127744046e+01,3.686903271312946373e+00,0.000000000000000000e+00
-1.168918526200523722e+01,3.573742575849394143e+00,0.000000000000000000e+00
-1.204853751581960708e+01,3.454862537803169431e+00,0.000000000000000000e+00
-1.242675930877531165e+01,3.329740121322284807e+00,0.000000000000000000e+00
-1.282562651777253571e+01,3.197787844888764663e+00,0.000000000000000000e+00
-1.324714096775127103e+01,3.058343472810074459e+00,0.000000000000000000e+00
-1.369356768074354136e+01,2.910657663214586410e+00,0.000000000000000000e+00
-1.416748001657475697e+01,2.753879145324252598e+00,0.000000000000000000e+00
-1.467181389168879768e+01,2.587036645037998017e+00,0.000000000000000000e+00
-1.520993436136281929e+01,2.409016941197385631e+00,0.000000000000000000e+00
-1.578571717448977019e+01,2.218537868078673814e+00,0.000000000000000000e+00
-1.640364972700442436e+01,2.014114928935290205e+00,0.000000000000000000e+00
-1.706895681286870570e+01,1.794019652599428305e+00,0.000000000000000000e+00
-1.778775769005837404e+01,1.556227147426192392e+00,0.000000000000000000e+00
-1.856620460960438024e+01,1.298275498240545778e+00,0.000000000000000000e+00
-1.939559848344720194e+01,1.016480244382989229e+00,0.000000000000000000e+00
-2.025132960874747212e+01,7.071920131684705790e-01,0.000000000000000000e+00
-2.113226681194561252e+01,3.688650892829267169e-01,0.000000000000000000e+00
-2.203629680685142489e+01,2.698668034957163756e-15,0.000000000000000000e+00
-2.293210213148977772e+01,-4.002813316456635406e-01,0.000000000000000000e+00
-2.379639492655346444e+01,-8.309884219647669656e-01,0.000000000000000000e+00
-2.462359131580278060e+01,-1.290467738834395695e+00,0.000000000000000000e+00
-2.541942252272015423e+01,-1.777499178458873175e+00,0.000000000000000000e+00
-2.617668735775727740e+01,-2.290163392466129100e+00,0.000000000000000000e+00
-2.689890408092689711e+01,-2.827188742910593966e+00,0.000000000000000000e+00
-2.758142871825940645e+01,-3.386573614246251474e+00,0.000000000000000000e+00
-2.823093401863884111e+01,-3.967599031407642585e+00,0.000000000000000000e+00
-2.884152579270847028e+01,-4.568048920783804867e+00,0.000000000000000000e+00
-2.941179044866162684e+01,-5.186092207042576341e+00,0.000000000000000000e+00
-2.994351329961039454e+01,-5.820429371847650302e+00,0.000000000000000000e+00
-3.043840384926390286e+01,-6.469882464923093046e+00,0.000000000000000000e+00
-3.089404817166141726e+01,-7.132453017937480766e+00,0.000000000000000000e+00
-3.130883778660395578e+01,-7.806169996675067502e+00,0.000000000000000000e+00
-3.168732246043254364e+01,-8.490592463577460336e+00,0.000000000000000000e+00
-3.202202564526878348e+01,-9.182168096431032822e+00,0.000000000000000000e+00
-3.231902227071042688e+01,-9.880916702901906490e+00,0.000000000000000000e+00
-3.257991901585052119e+01,-1.058585738992285030e+01,0.000000000000000000e+00
-3.279421235793648037e+01,-1.129195287092271904e+01,0.000000000000000000e+00
-3.297575375161419942e+01,-1.200219281807961735e+01,0.000000000000000000e+00
-3.311505466044491186e+01,-1.271167850237674202e+01,0.000000000000000000e+00
-3.321636912587793944e+01,-1.342028425387588975e+01,0.000000000000000000e+00
-3.328126715925410650e+01,-1.412705976064713376e+01,0.000000000000000000e+00
-3.330746274893955672e+01,-1.482943785067338283e+01,0.000000000000000000e+00
-3.329363998925509094e+01,-1.552507929484514548e+01,0.000000000000000000e+00
-3.324182590077349175e+01,-1.621312179523993890e+01,0.000000000000000000e+00
-3.315308058418160897e+01,-1.689233828678012728e+01,0.000000000000000000e+00
-3.302802472016501412e+01,-1.756131225286021547e+01,0.000000000000000000e+00
-3.286732185242895099e+01,-1.821865399981275502e+01,0.000000000000000000e+00
-3.267133230929550791e+01,-1.886280250355548560e+01,0.000000000000000000e+00
-3.243913475515574163e+01,-1.949139858970132622e+01,0.000000000000000000e+00
-3.217088148037453976e+01,-2.010259786099341639e+01,0.000000000000000000e+00
-3.187143638998736606e+01,-2.069755279776924795e+01,0.000000000000000000e+00
-3.154215254479189667e+01,-2.127545053100514494e+01,0.000000000000000000e+00
-3.118027646685095178e+01,-2.183266462555183551e+01,0.000000000000000000e+00
-3.078549337925330320e+01,-2.236697018565498851e+01,0.000000000000000000e+00
-3.036152143745686161e+01,-2.287904744647841326e+01,0.000000000000000000e+00
-2.990956922908046423e+01,-2.336791653368814181e+01,0.000000000000000000e+00
-2.942799977185327620e+01,-2.383032434411310163e+01,0.000000000000000000e+00
-2.891842496262117734e+01,-2.426543972036327901e+01,0.000000000000000000e+00
-2.838411464993075128e+01,-2.467393442984007379e+01,0.000000000000000000e+00
-2.782786612181998720e+01,-2.505632320026556670e+01,0.000000000000000000e+00
-2.724495938205925327e+01,-2.540633564497807129e+01,0.000000000000000000e+00
-2.663964698320922153e+01,-2.572560805650828542e+01,0.000000000000000000e+00
-2.601598074525755422e+01,-2.601598074525754356e+01,0.000000000000000000e+00
-2.536953247165071446e+01,-2.627091992108849183e+01,0.000000000000000000e+00
-2.471596337796279386e+01,-2.650462576464322595e+01,0.000000000000000000e+00
-2.406038091210836072e+01,-2.672176015254495596e+01,0.000000000000000000e+00
-2.340502857321181551e+01,-2.692440544072787034e+01,0.000000000000000000e+00
-2.275014187103664653e+01,-2.711256330683587379e+01,0.000000000000000000e+00
-2.209516458587524568e+01,-2.728525592027133229e+01,0.000000000000000000e+00
-2.144220507721742663e+01,-2.744477096435240782e+01,0.000000000000000000e+00
-2.078894723003691780e+01,-2.758786476856046121e+01,0.000000000000000000e+00
-2.013900897621427077e+01,-2.771896785106799044e+01,0.000000000000000000e+00
-1.948882977939888761e+01,-2.783293340318486386e+01,0.000000000000000000e+00
-1.884297370198530430e+01,-2.793585734127540121e+01,0.000000000000000000e+00
-1.819722604532231713e+01,-2.802127082580604167e+01,0.000000000000000000e+00
-1.755635618546876486e+01,-2.809604300774908481e+01,0.000000000000000000e+00
-1.691645874778602732e+01,-2.815371520796919924e+01,0.000000000000000000e+00
-1.628180091702478904e+01,-2.820090642700844086e+01,0.000000000000000000e+00
-1.564880387987875565e+01,-2.823118951217804096e+01,0.000000000000000000e+00
-1.502156023460447365e+01,-2.825144588401469292e+01,0.000000000000000000e+00
-1.439657732144467950e+01,-2.825487389438451302e+01,0.000000000000000000e+00
-1.377761002239150301e+01,-2.824828675669068545e+01,0.000000000000000000e+00
-1.316203597039999451e+01,-2.822607722651848761e+01,0.000000000000000000e+00
-1.255226599228461204e+01,-2.819285101449854380e+01,0.000000000000000000e+00
-1.194734907062848528e+01,-2.814619057336232544e+01,0.000000000000000000e+00
-1.134770542711327046e+01,-2.808655651908878426e+01,0.000000000000000000e+00
-1.075458284993907476e+01,-2.801664617771974264e+01,0.000000000000000000e+00
-1.016623003072169595e+01,-2.793148745038927316e+01,0.000000000000000000e+00
-9.584913757496657638e+00,-2.783661079610644151e+01,0.000000000000000000e+00
-9.009921643132049240e+00,-2.772968751230650497e+01,0.000000000000000000e+00
-8.441139775620920105e+00,-2.760972413808027781e+01,0.000000000000000000e+00
-7.879798628901975910e+00,-2.748012355299057319e+01,0.000000000000000000e+00
-7.325518918073717245e+00,-2.733920879405811988e+01,0.000000000000000000e+00
-6.778137145936104169e+00,-2.718562322981158985e+01,0.000000000000000000e+00
-6.238640472507253065e+00,-2.702252069499783715e+01,0.000000000000000000e+00
-5.707111345912450950e+00,-2.684984787612575730e+01,0.000000000000000000e+00
-5.183252095010133509e+00,-2.666552038117081125e+01,0.000000000000000000e+00
-4.667474404937488330e+00,-2.647056273625296541e+01,0.000000000000000000e+00
-4.160192489843032249e+00,-2.626642163408615716e+01,0.000000000000000000e+00
-3.661524596804636822e+00,-2.605310125386885645e+01,0.000000000000000000e+00
-3.171608428581660366e+00,-2.583067777625323203e+01,0.000000000000000000e+00
-2.690589303826450784e+00,-2.559924723323790374e+01,0.000000000000000000e+00
-2.218487106331530789e+00,-2.535742365837104018e+01,0.000000000000000000e+00
-1.755669434266485363e+00,-2.510724263655514576e+01,0.000000000000000000e+00
-1.302269555947807467e+00,-2.484878340130700991e+01,0.000000000000000000e+00
-8.584324735223241021e-01,-2.458228973806453510e+01,0.000000000000000000e+00
-4.242969681769258594e-01,-2.430795702690365445e+01,0.000000000000000000e+00
-4.413509785853230617e-15,-2.402602823347971750e+01,0.000000000000000000e+00
4.143267600621947655e-01,-2.373676418656052789e+01,0.000000000000000000e+00
8.185586578669769020e-01,-2.344045305360200260e+01,0.000000000000000000e+00
1.212580261345563182e+00,-2.313740971157584170e+01,0.000000000000000000e+00
1.596287344292063981e+00,-2.282797256053384061e+01,0.000000000000000000e+00
1.969550381163246877e+00,-2.251206386961952433e+01,0.000000000000000000e+00
2.332155189458396727e+00,-2.218897443631380995e+01,0.000000000000000000e+00
2.684099906755892828e+00,-2.186023948791425653e+01,0.000000000000000000e+00
3.025340015370869384e+00,-2.152641274528725646e+01,0.000000000000000000e+00
3.355886376712422958e+00,-2.118823269404543197e+01,0.000000000000000000e+00
3.675598461900736691e+00,-2.084535473319251508e+01,0.000000000000000000e+00
3.983951956392270510e+00,-2.049565603669068992e+01,0.000000000000000000e+00
4.281433232846314496e+00,-2.014255969897052623e+01,0.000000000000000000e+00
4.568004054412272197e+00,-1.978619935531897411e+01,0.000000000000000000e+00
4.843086253402529628e+00,-1.942455800461643989e+01,0.000000000000000000e+00
5.107122602502943032e+00,-1.906004103302434771e+01,0.000000000000000000e+00
5.360172168557672201e+00,-1.869314184210205809e+01,0.000000000000000000e+00
5.601759175508352229e+00,-1.832252866732905616e+01,0.000000000000000000e+00
5.831918809012959670e+00,-1.794880050864190579e+01,0.000000000000000000e+00
6.050818735503071366e+00,-1.757285359049270923e+01,0.000000000000000000e+00
6.258324382655260365e+00,-1.719460492496764914e+01,0.000000000000000000e+00
6.454391354253424140e+00,-1.681426433621984984e+01,0.000000000000000000e+00
6.639479171624964593e+00,-1.643328761122026904e+01,0.000000000000000000e+00
6.814200853738571872e+00,-1.605325120247826476e+01,0.000000000000000000e+00
6.979134251154150981e+00,-1.567539217810667118e+01,0.000000000000000000e+00
7.134881955758112682e+00,-1.530080373114203951e+01,0.000000000000000000e+00
7.281904433454007730e+00,-1.493011663392406163e+01,0.000000000000000000e+00
7.420371435368064539e+00,-1.456329893380370422e+01,0.000000000000000000e+00
7.550414906645661617e+00,-1.420026513927396472e+01,0.000000000000000000e+00
7.672210111659826914e+00,-1.384103342991065055e+01,0.000000000000000000e+00
7.786016567401419231e+00,-1.348577628331228162e+01,0.000000000000000000e+00
7.892105750000009579e+00,-1.313466967226556470e+01,0.000000000000000000e+00
7.990752477182033964e+00,-1.278787710225472729e+01,0.000000000000000000e+00
8.082216194296943712e+00,-1.244552154757271190e+01,0.000000000000000000e+00
8.166742613973449139e+00,-1.210769383936676213e+01,0.000000000000000000e+00
8.244576898354933903e+00,-1.177447606381768530e+01,0.000000000000000000e+00
8.315963804365251733e+00,-1.144594223162101976e+01,0.000000000000000000e+00
8.381147533192018884e+00,-1.112215843315915187e+01,0.000000000000000000e+00
8.440374725978214698e+00,-1.080318700308976076e+01,0.000000000000000000e+00
8.493895934138281589e+00,-1.048908793697199826e+01,0.000000000000000000e+00
8.541961478618597781e+00,-1.017991327994506712e+01,0.000000000000000000e+00
8.584820890057310194e+00,-9.875706733572885199e+00,0.000000000000000000e+00
8.622722674682117727e+00,-9.576503714403422407e+00,0.000000000000000000e+00
8.655914082274669852e+00,-9.282331418493383168e+00,0.000000000000000000e+00
8.684640876344301930e+00,-8.993208891839234553e+00,0.000000000000000000e+00
8.709147106652547876e+00,-8.709147106652553205e+00,0.000000000000000000e+00
8.729674884227993203e+00,-8.430149043414223442e+00,0.000000000000000000e+00
8.746464159009601502e+00,-8.156209778638805474e+00,0.000000000000000000e+00
8.759752500254890606e+00,-7.887316578277615342e+00,0.000000000000000000e+00
8.769774879847432203e+00,-7.623448996685267431e+00,0.000000000000000000e+00
8.776763458636434478e+00,-7.364578981072066100e+00,0.000000000000000000e+00
8.780947375939121002e+00,-7.110670981361104204e+00,0.000000000000000000e+00
8.782552542334739698e+00,-6.861682065366172090e+00,0.000000000000000000e+00
8.781675993664499913e+00,-6.617467511716363937e+00,0.000000000000000000e+00
8.777998534633731254e+00,-6.377589246180147775e+00,0.000000000000000000e+00
8.771455975821288220e+00,-6.141839595344676717e+00,0.000000000000000000e+00
8.762073788745455616e+00,-5.910093395710606323e+00,0.000000000000000000e+00
8.749867849432193978e+00,-5.682230620896038253e+00,0.000000000000000000e+00
8.734844757190858289e+00,-5.458136782454451996e+00,0.000000000000000000e+00
8.717002166733163193e+00,-5.237703317967878469e+00,0.000000000000000000e+00
8.696329133217753693e+00,-5.020827966024860700e+00,0.000000000000000000e+00
8.672809296545642255e+00,-4.807416694598969364e+00,0.000000000000000000e+00
8.646521146169970251e+00,-4.597436844478993478e+00,0.000000000000000000e+00
8.617669375698747913e+00,-4.390921862247280316e+00,0.000000000000000000e+00
8.586467936613642493e+00,-4.187900233362338298e+00,0.000000000000000000e+00
8.553117470937127820e+00,-3.988384177797303032e+00,0.000000000000000000e+00
8.517747140448010512e+00,-3.792345361132210435e+00,0.000000000000000000e+00
8.480461270036489196e+00,-3.599742238971420871e+00,0.000000000000000000e+00
8.441374177540691193e+00,-3.410536549814119578e+00,0.000000000000000000e+00
8.400633751411128003e+00,-3.224701168671383122e+00,0.000000000000000000e+00
8.358390085244197465e+00,-3.042205197414632245e+00,0.000000000000000000e+00
8.314765832560864212e+00,-2.863003474188146935e+00,0.000000000000000000e+00
8.269864150329022223e+00,-2.687041747612310516e+00,0.000000000000000000e+00
8.223785181728384686e+00,-2.514263447779447880e+00,0.000000000000000000e+00
8.176626503868776652e+00,-2.344609921057551283e+00,0.000000000000000000e+00
8.128486745532342184e+00,-2.178021459152475359e+00,0.000000000000000000e+00
8.079469471350241960e+00,-2.014437987324206425e+00,0.000000000000000000e+00
8.029676722943269951e+00,-1.853796940348955369e+00,0.000000000000000000e+00
7.979208848622631578e+00,-1.696033197710247187e+00,0.000000000000000000e+00
7.928161490758722785e+00,-1.541078481467434314e+00,0.000000000000000000e+00
7.876623708499848497e+00,-1.388861276696498281e+00,0.000000000000000000e+00
7.824687372576162758e+00,-1.239308730219943921e+00,0.000000000000000000e+00
7.772451123710276910e+00,-1.092346768609786078e+00,0.000000000000000000e+00
7.719977808436288669e+00,-9.478940853890223117e-01,0.000000000000000000e+00
7.667292572998702482e+00,-8.058649224432290481e-01,0.000000000000000000e+00
7.614597254638477253e+00,-6.661909370964915755e-01,0.000000000000000000e+00
7.562254556738895239e+00,-5.288043522580313516e-01,0.000000000000000000e+00
7.510519343415915650e+00,-3.936096400507568815e-01,0.000000000000000000e+00
7.459556858376319433e+00,-2.604934655619441930e-01,0.000000000000000000e+00
7.409439057442892995e+00,-1.293322398293439146e-01,0.000000000000000000e+00
7.360186991307861248e+00,-1.802725888006232119e-15,0.000000000000000000e+00
