2.098413303005780506e+01,0.000000000000000000e+00,0.000000000000000000e+00
2.082873748600253450e+01,3.635669651909737010e-01,0.000000000000000000e+00
2.066292198011844405e+01,7.215651354936837292e-01,0.000000000000000000e+00
2.048696682567163307e+01,1.073676435578786226e+00,0.000000000000000000e+00
2.030115242767751838e+01,1.419594868046745839e+00,0.000000000000000000e+00
2.010572593141604258e+01,1.759023090958103053e+00,0.000000000000000000e+00
1.990083979736157005e+01,2.091662548046427261e+00,0.000000000000000000e+00
1.968664397240080532e+01,2.417215935803046278e+00,0.000000000000000000e+00
1.946334340933865548e+01,2.735394528847743256e+00,0.000000000000000000e+00
1.923117744089960013e+01,3.045919275758731004e+00,0.000000000000000000e+00
1.899034381428985796e+01,3.348509987389404419e+00,0.000000000000000000e+00
1.874099410878780958e+01,3.642880228414334898e+00,0.000000000000000000e+00
1.848331054338605384e+01,3.928748937381406847e+00,0.000000000000000000e+00
1.821752424708730445e+01,4.205846869711131752e+00,0.000000000000000000e+00
1.794409725755183871e+01,4.473965932049196681e+00,0.000000000000000000e+00
1.766365002595965095e+01,4.732960759841867926e+00,0.000000000000000000e+00
1.737590095606608287e+01,4.982459422554009087e+00,0.000000000000000000e+00
1.708025513267878992e+01,5.221958041201669509e+00,0.000000000000000000e+00
1.677747032266438154e+01,5.451330560796710856e+00,0.000000000000000000e+00
1.646865584290261353e+01,5.670612960475557074e+00,0.000000000000000000e+00
1.615463823400812160e+01,5.879807462517685046e+00,0.000000000000000000e+00
1.583444473597781332e+01,6.078273848897742582e+00,0.000000000000000000e+00
1.550725823019009120e+01,6.265339015794874733e+00,0.000000000000000000e+00
1.517599795864126833e+01,6.441828944291589032e+00,0.000000000000000000e+00
1.484035493341363399e+01,6.607351716515800888e+00,0.000000000000000000e+00
1.449841516568759836e+01,6.760722022870699455e+00,0.000000000000000000e+00
1.415277002558509700e+01,6.902767159955952359e+00,0.000000000000000000e+00
1.380396706206567181e+01,7.033472522105301827e+00,0.000000000000000000e+00
1.345096977717989795e+01,7.152007495520050995e+00,0.000000000000000000e+00
1.309391258947935732e+01,7.258074267279773117e+00,0.000000000000000000e+00
1.273507820968022841e+01,7.352600832509815554e+00,0.000000000000000000e+00
1.237435698414269858e+01,7.435263797559996668e+00,0.000000000000000000e+00
1.200919027822381580e+01,7.504174946109510635e+00,0.000000000000000000e+00
1.164222747116166978e+01,7.560550921505039490e+00,0.000000000000000000e+00
1.127593085562115682e+01,7.605711397442782129e+00,0.000000000000000000e+00
1.091110532098406871e+01,7.640038195953119171e+00,0.000000000000000000e+00
1.054794371984729473e+01,7.663529695476124282e+00,0.000000000000000000e+00
1.018909944368323295e+01,7.678037152687626765e+00,0.000000000000000000e+00
9.834926412411482133e+00,7.683886643768365943e+00,0.000000000000000000e+00
9.484244377833610073e+00,7.680189664089172474e+00,0.000000000000000000e+00
9.137554622353754041e+00,7.667318713479284398e+00,0.000000000000000000e+00
8.795797254131302978e+00,7.646069901536722391e+00,0.000000000000000000e+00
8.459025593973633406e+00,7.616540855632797147e+00,0.000000000000000000e+00
8.126241262096453255e+00,7.577842570499294439e+00,0.000000000000000000e+00
7.798549830528687998e+00,7.530972031115162224e+00,0.000000000000000000e+00
7.476691159417952370e+00,7.476691159417950594e+00,0.000000000000000000e+00
7.159924481325211865e+00,7.414318844863475810e+00,0.000000000000000000e+00
6.847902881589254420e+00,7.343476779504175767e+00,0.000000000000000000e+00
6.541678132414849856e+00,7.265269601844393854e+00,0.000000000000000000e+00
6.244486006020033564e+00,7.183459420659150219e+00,0.000000000000000000e+00
5.959582349424669800e+00,7.102353675287892187e+00,0.000000000000000000e+00
5.689342539595771520e+00,7.025752924700725544e+00,0.000000000000000000e+00
5.432708735463283034e+00,6.953550086098472249e+00,0.000000000000000000e+00
5.187840019128830527e+00,6.884496232780042746e+00,0.000000000000000000e+00
4.953837288347308743e+00,6.818372080637179700e+00,0.000000000000000000e+00
4.730011074134368165e+00,6.755155887393125447e+00,0.000000000000000000e+00
4.515598745930411440e+00,6.694650450181507395e+00,0.000000000000000000e+00
4.309847797860415497e+00,6.636583623298687229e+00,0.000000000000000000e+00
4.112118050854547846e+00,6.580764504275515847e+00,0.000000000000000000e+00
3.921847496519689003e+00,6.527050321365460483e+00,0.000000000000000000e+00
3.738510744059973856e+00,6.475290553354000167e+00,0.000000000000000000e+00
3.561638025177519484e+00,6.425365084410850081e+00,0.000000000000000000e+00
3.390784938620693190e+00,6.377138972361674263e+00,0.000000000000000000e+00
3.225545893577677514e+00,6.330490256724548459e+00,0.000000000000000000e+00
3.065560478207755235e+00,6.285330425063023085e+00,0.000000000000000000e+00
2.910485676892366147e+00,6.241556676139626170e+00,0.000000000000000000e+00
2.760005175073614314e+00,6.199073119381281138e+00,0.000000000000000000e+00
2.613836215257296036e+00,6.157812231589701035e+00,0.000000000000000000e+00
2.471709887298694674e+00,6.117696647512073760e+00,0.000000000000000000e+00
2.333372277520555649e+00,6.078642604028468455e+00,0.000000000000000000e+00
2.198596414578716018e+00,6.040594003548913626e+00,0.000000000000000000e+00
2.067169909504078085e+00,6.003497337185887517e+00,0.000000000000000000e+00
1.938889615176477177e+00,5.967288649028705372e+00,0.000000000000000000e+00
1.813565950832567442e+00,5.931906939074383267e+00,0.000000000000000000e+00
1.691027442919364354e+00,5.897313529368348739e+00,0.000000000000000000e+00
1.571111047652944182e+00,5.863466254173555825e+00,0.000000000000000000e+00
1.453660847320553451e+00,5.830315210260832437e+00,0.000000000000000000e+00
1.338530255895452825e+00,5.797811510410552316e+00,0.000000000000000000e+00
1.225585237197083011e+00,5.765925208649686162e+00,0.000000000000000000e+00
1.114698209749754421e+00,5.734625151563011336e+00,0.000000000000000000e+00
1.005746947810679748e+00,5.703874380254707610e+00,0.000000000000000000e+00
8.986149938701141204e-01,5.673631778657135527e+00,0.000000000000000000e+00
7.931939645256992355e-01,5.643868319164043967e+00,0.000000000000000000e+00
6.893815340169966444e-01,5.614562034082972275e+00,0.000000000000000000e+00
5.870793305103576554e-01,5.585686714016540932e+00,0.000000000000000000e+00
4.861930403500710485e-01,5.557211880439870910e+00,0.000000000000000000e+00
3.866327171116326067e-01,5.529105451339160204e+00,0.000000000000000000e+00
2.883133857439680869e-01,5.501347122282351343e+00,0.000000000000000000e+00
1.911534672066504958e-01,5.473919102837128570e+00,0.000000000000000000e+00
9.507425100397931539e-02,5.446800192091208359e+00,0.000000000000000000e+00
3.318771950698617615e-16,5.419965908553023404e+00,0.000000000000000000e+00
-9.414197065441801127e-02,5.393389886635699071e+00,0.000000000000000000e+00
-1.874216696758995437e-01,5.367054403546038799e+00,0.000000000000000000e+00
-2.799070762834793280e-01,5.340945182427459414e+00,0.000000000000000000e+00
-3.716641678195705678e-01,5.315045223566249533e+00,0.000000000000000000e+00
-4.627568360075054454e-01,5.289334839026137658e+00,0.000000000000000000e+00
-5.532468182514290733e-01,5.263791861983146525e+00,0.000000000000000000e+00
-6.431943540176706664e-01,5.238397639637247138e+00,0.000000000000000000e+00
-7.326590557565048067e-01,5.213140062160442234e+00,0.000000000000000000e+00
-8.216993177289869665e-01,5.188005311918835183e+00,0.000000000000000000e+00
-9.103721776130898613e-01,5.162977179982902065e+00,0.000000000000000000e+00
-9.987332452302145613e-01,5.138037127632161472e+00,0.000000000000000000e+00
-1.086836861884754368e+00,5.113165424514098056e+00,0.000000000000000000e+00
-1.174737860056449756e+00,5.088348699442713396e+00,0.000000000000000000e+00
-1.262491138392145551e+00,5.063575386621179675e+00,0.000000000000000000e+00
-1.350150861648405698e+00,5.038831613554746625e+00,0.000000000000000000e+00
-1.437770383744520153e+00,5.014101203197327550e+00,0.000000000000000000e+00
-1.525402177926312053e+00,4.989365707911690428e+00,0.000000000000000000e+00
-1.613098749246983488e+00,4.964607464395434988e+00,0.000000000000000000e+00
-1.700914717361466266e+00,4.939815024160071566e+00,0.000000000000000000e+00
-1.788904950375804992e+00,4.914975956708116378e+00,0.000000000000000000e+00
-1.877124049819068663e+00,4.890075335257399125e+00,0.000000000000000000e+00
-1.965626269150881456e+00,4.865095737505067852e+00,0.000000000000000000e+00
-2.054465539108716765e+00,4.840017500812644258e+00,0.000000000000000000e+00
-2.143698093058528542e+00,4.814824749157800454e+00,0.000000000000000000e+00
-2.233383072874117747e+00,4.789505455927450583e+00,0.000000000000000000e+00
-2.323579993960902090e+00,4.764044987834833655e+00,0.000000000000000000e+00
-2.414348515680456941e+00,4.738425760825231592e+00,0.000000000000000000e+00
-2.505748338310189727e+00,4.712627215357571231e+00,0.000000000000000000e+00
-2.597840373939434677e+00,4.686628095158914320e+00,0.000000000000000000e+00
-2.690691217121106593e+00,4.660413895533099371e+00,0.000000000000000000e+00
-2.784369613440783375e+00,4.633969218929738787e+00,0.000000000000000000e+00
-2.878944927841441181e+00,4.607274975232256153e+00,0.000000000000000000e+00
-2.974487008114433007e+00,4.580308329117077193e+00,0.000000000000000000e+00
-3.071066679205656680e+00,4.553043590290345222e+00,0.000000000000000000e+00
-3.168762073776624444e+00,4.525461239504098288e+00,0.000000000000000000e+00
-3.267656563032788064e+00,4.497543415667304423e+00,0.000000000000000000e+00
-3.367834657155758915e+00,4.469267541852297576e+00,0.000000000000000000e+00
-3.469381760465494402e+00,4.440606153191103189e+00,0.000000000000000000e+00
-3.572384899752046206e+00,4.411527954752558323e+00,0.000000000000000000e+00
-3.676941735739279071e+00,4.382008523326875071e+00,0.000000000000000000e+00
-3.783157373492013864e+00,4.352024722010424007e+00,0.000000000000000000e+00
-3.891138492601685872e+00,4.321547106817033246e+00,0.000000000000000000e+00
-4.000993008920763927e+00,4.290539711794134625e+00,0.000000000000000000e+00
-4.112834148907285936e+00,4.258964436786535579e+00,0.000000000000000000e+00
-4.226792326915410847e+00,4.226792326915411735e+00,0.000000000000000000e+00
-4.343003579523563751e+00,4.193989805692844186e+00,0.000000000000000000e+00
-4.461605714651213361e+00,4.160514637310260611e+00,0.000000000000000000e+00
-4.582740072082493121e+00,4.126317694868853359e+00,0.000000000000000000e+00
-4.706569299611390811e+00,4.091358272765188708e+00,0.000000000000000000e+00
-4.833269231314281100e+00,4.055594429376310650e+00,0.000000000000000000e+00
-4.963018048667724003e+00,4.018972772269766125e+00,0.000000000000000000e+00
-5.095999345953923232e+00,3.981431041681434024e+00,0.000000000000000000e+00
-5.232426548521101672e+00,3.942916217503459109e+00,0.000000000000000000e+00
-5.372528798485247670e+00,3.903370655033077341e+00,0.000000000000000000e+00
-5.516537890942839972e+00,3.862721416057672386e+00,0.000000000000000000e+00
-5.664704367486493197e+00,3.820891341264131214e+00,0.000000000000000000e+00
-5.817318813260794919e+00,3.777811009382289864e+00,0.000000000000000000e+00
-5.974679981005935225e+00,3.733394407596812847e+00,0.000000000000000000e+00
-6.137099802763537504e+00,3.687541586522419479e+00,0.000000000000000000e+00
-6.304944146893105561e+00,3.640161200434288702e+00,0.000000000000000000e+00
-6.478597550266916194e+00,3.591145262832688534e+00,0.000000000000000000e+00
-6.658463218581226251e+00,3.540367693690687378e+00,0.000000000000000000e+00
-6.845013292508816072e+00,3.487708474660895508e+00,0.000000000000000000e+00
-7.038741126997088315e+00,3.433023430115277552e+00,0.000000000000000000e+00
-7.240187454800063094e+00,3.376154856651018221e+00,0.000000000000000000e+00
-7.449969206261406462e+00,3.316939995292846888e+00,0.000000000000000000e+00
-7.668731400527156516e+00,3.255183351799593616e+00,0.000000000000000000e+00
-7.897223580981261648e+00,3.190685438000262941e+00,0.000000000000000000e+00
-8.136244188690282542e+00,3.123211524304104536e+00,0.000000000000000000e+00
-8.386705646798997549e+00,3.052511218987114638e+00,0.000000000000000000e+00
-8.649603382630747461e+00,2.978297288643463769e+00,0.000000000000000000e+00
-8.926070920374138851e+00,2.900256252001344848e+00,0.000000000000000000e+00
-9.217355850794483274e+00,2.818028485510370995e+00,0.000000000000000000e+00
-9.524888535024047087e+00,2.731217837285122574e+00,0.000000000000000000e+00
-9.850260499236398459e+00,2.639369346006583683e+00,0.000000000000000000e+00
-1.019529012031008186e+01,2.541971324103724506e+00,0.000000000000000000e+00
-1.056204893907857212e+01,2.438441133144740647e+00,0.000000000000000000e+00
-1.095289805466642363e+01,2.328110350822168773e+00,0.000000000000000000e+00
-1.137055315739369377e+01,2.210211637801049012e+00,0.000000000000000000e+00
-1.181815461292912417e+01,2.083859520443609004e+00,0.000000000000000000e+00
-1.229934727490237378e+01,1.948025234492524405e+00,0.000000000000000000e+00
-1.281838895377726750e+01,1.801507083103775608e+00,0.000000000000000000e+00
-1.338028228705748290e+01,1.642892085373266031e+00,0.000000000000000000e+00
-1.399094912479305286e+01,1.470508008402362954e+00,0.000000000000000000e+00
-1.465750089132818701e+01,1.282365163612349646e+00,0.000000000000000000e+00
-1.538825742669362739e+01,1.076051783214736268e+00,0.000000000000000000e+00
-1.619131257529509682e+01,8.485507357487944713e-01,0.000000000000000000e+00
-1.706021526495515062e+01,5.957558447470900909e-01,0.000000000000000000e+00
-1.792682663882196081e+01,3.129139229375366149e-01,0.000000000000000000e+00
-1.874765331347815689e+01,2.295925362187529694e-15,0.000000000000000000e+00
-1.954518476524646431e+01,-3.411624691113799290e-01,0.000000000000000000e+00
-2.031694548079286022e+01,-7.094833699111717795e-01,0.000000000000000000e+00
-2.104524856566705537e+01,-1.102934741786212758e+00,0.000000000000000000e+00
-2.174828234165363838e+01,-1.520788049399172115e+00,0.000000000000000000e+00
-2.241930452599345713e+01,-1.961434990159861780e+00,0.000000000000000000e+00
-2.304671008957772216e+01,-2.422306839354806396e+00,0.000000000000000000e+00
-2.364546322511422716e+01,-2.903297819441435390e+00,0.000000000000000000e+00
-2.421033270689153127e+01,-3.402540367049146308e+00,0.000000000000000000e+00
-2.473951690090542854e+01,-3.918354538249309460e+00,0.000000000000000000e+00
-2.523178664145666161e+01,-4.449044756368236264e+00,0.000000000000000000e+00
-2.568728744466572778e+01,-4.993102874403556157e+00,0.000000000000000000e+00
-2.610624044980973579e+01,-5.549052708142402146e+00,0.000000000000000000e+00
-2.649216241342597655e+01,-6.116197615392287013e+00,0.000000000000000000e+00
-2.684329591043945484e+01,-6.692785359078383678e+00,0.000000000000000000e+00
-2.715151941398746160e+01,-7.275227700255878283e+00,0.000000000000000000e+00
-2.742240675102308600e+01,-7.863248602257049136e+00,0.000000000000000000e+00
-2.766044675658358187e+01,-8.456647236341279239e+00,0.000000000000000000e+00
-2.786335537436668375e+01,-9.053352964268750469e+00,0.000000000000000000e+00
-2.802919216594389340e+01,-9.651224840936846405e+00,0.000000000000000000e+00
-2.815807030112894438e+01,-1.024869944398609434e+01,0.000000000000000000e+00
-2.825044252953264490e+01,-1.084432886092252701e+01,0.000000000000000000e+00
-2.830680512587734654e+01,-1.143669164045949493e+01,0.000000000000000000e+00
-2.832769684730212134e+01,-1.202439391289995996e+01,0.000000000000000000e+00
-2.831353186308336944e+01,-1.260599656784194167e+01,0.000000000000000000e+00
-2.826427063566660181e+01,-1.317984584957677896e+01,0.000000000000000000e+00
-2.818040437318026292e+01,-1.374450157176391762e+01,0.000000000000000000e+00
-2.806262717057940037e+01,-1.429862272308401927e+01,0.000000000000000000e+00
-2.791167651615793943e+01,-1.484090165712538401e+01,0.000000000000000000e+00
-2.772867655715726798e+01,-1.537025640043847297e+01,0.000000000000000000e+00
-2.751535584927927047e+01,-1.588599810642973509e+01,0.000000000000000000e+00
-2.727119941514235180e+01,-1.638618976220647383e+01,0.000000000000000000e+00
-2.699379223399879990e+01,-1.686759345883385919e+01,0.000000000000000000e+00
-2.668706070431016641e+01,-1.733077986150192729e+01,0.000000000000000000e+00
-2.635242799754159648e+01,-1.777493712381861357e+01,0.000000000000000000e+00
-2.598954449245712084e+01,-1.819807496825510995e+01,0.000000000000000000e+00
-2.559968615476263665e+01,-1.859926069502508028e+01,0.000000000000000000e+00
-2.518398221105289281e+01,-1.897749179285561638e+01,0.000000000000000000e+00
-2.474495244035208330e+01,-1.933287567023938180e+01,0.000000000000000000e+00
-2.427632724983470069e+01,-1.965858219153301079e+01,0.000000000000000000e+00
-2.378687258220285727e+01,-1.995955601058736661e+01,0.000000000000000000e+00
-2.327801679497143184e+01,-2.023527128253206087e+01,0.000000000000000000e+00
-2.274277719512043916e+01,-2.047768856505112822e+01,0.000000000000000000e+00
-2.219304881237574278e+01,-2.069535282492989126e+01,0.000000000000000000e+00
-2.162054127792292491e+01,-2.087871401734316379e+01,0.000000000000000000e+00
-2.103235920786683621e+01,-2.103235920786682911e+01,0.000000000000000000e+00
-2.043769130598474604e+01,-2.116384889124116242e+01,0.000000000000000000e+00
-1.984421600959316834e+01,-2.128031632365855330e+01,0.000000000000000000e+00
-1.925610961067582849e+01,-2.138607632053926011e+01,0.000000000000000000e+00
-1.867342156721655400e+01,-2.148131422564533466e+01,0.000000000000000000e+00
-1.809404612408458490e+01,-2.156364447294313536e+01,0.000000000000000000e+00
-1.752106620097689316e+01,-2.163671483104878135e+01,0.000000000000000000e+00
-1.695262944315031817e+01,-2.169837619943027462e+01,0.000000000000000000e+00
-1.638948663083294832e+01,-2.174958336246380952e+01,0.000000000000000000e+00
-1.583251267519488259e+01,-2.179158420176892363e+01,0.000000000000000000e+00
-1.528004049898846795e+01,-2.182215938156914703e+01,0.000000000000000000e+00
-1.473465207123417997e+01,-2.184502004542717657e+01,0.000000000000000000e+00
-1.419362618579145519e+01,-2.185626767298148465e+01,0.000000000000000000e+00
-1.366002450734169393e+01,-2.186060888664587409e+01,0.000000000000000000e+00
-1.313108078769749731e+01,-2.185378833605200910e+01,0.000000000000000000e+00
-1.260949736336390536e+01,-2.184029009125205789e+01,0.000000000000000000e+00
-1.209320736059798129e+01,-2.181672359291866670e+01,0.000000000000000000e+00
-1.158382731538990917e+01,-2.178601060205555484e+01,0.000000000000000000e+00
-1.108072674852888539e+01,-2.174715072529470916e+01,0.000000000000000000e+00
-1.058375834772369473e+01,-2.169992039868481370e+01,0.000000000000000000e+00
-1.009400971018682824e+01,-2.164667367918630703e+01,0.000000000000000000e+00
-9.610069948438944465e+00,-2.158457050398567034e+01,0.000000000000000000e+00
-9.133022101181088814e+00,-2.151605172418808465e+01,0.000000000000000000e+00
-8.663009365713065790e+00,-2.144170059209863410e+01,0.000000000000000000e+00
-8.199120712708321435e+00,-2.135943970878086517e+01,0.000000000000000000e+00
-7.742083805497975035e+00,-2.127120043513095382e+01,0.000000000000000000e+00
-7.291973188540302075e+00,-2.117742785387920179e+01,0.000000000000000000e+00
-6.848713432914793842e+00,-2.107817258331286325e+01,0.000000000000000000e+00
-6.411777001687632982e+00,-2.097197759510635962e+01,0.000000000000000000e+00
-5.981755658521106689e+00,-2.086086108305362075e+01,0.000000000000000000e+00
-5.558556825661609579e+00,-2.074481649012791706e+01,0.000000000000000000e+00
-5.142145335552760876e+00,-2.062401846930528393e+01,0.000000000000000000e+00
-4.732478719639978237e+00,-2.049861739968370955e+01,0.000000000000000000e+00
-4.329416118660047275e+00,-2.036830142830935486e+01,0.000000000000000000e+00
-3.932962055236377097e+00,-2.023333573592508117e+01,0.000000000000000000e+00
-3.543182095221089511e+00,-2.009438420022235050e+01,0.000000000000000000e+00
-3.160019516054248800e+00,-1.995157800589018393e+01,0.000000000000000000e+00
-2.783424578861585896e+00,-1.980509497297181909e+01,0.000000000000000000e+00
-2.413343093059314715e+00,-1.965510219943483605e+01,0.000000000000000000e+00
-2.049719222356443993e+00,-1.950177571032492807e+01,0.000000000000000000e+00
-1.692493845992093293e+00,-1.934529318179130897e+01,0.000000000000000000e+00
-1.341604273052692031e+00,-1.918583495750508661e+01,0.000000000000000000e+00
-9.969836716832377599e-01,-1.902358171482083193e+01,0.000000000000000000e+00
-6.585608974548909922e-01,-1.885871666174210048e+01,0.000000000000000000e+00
-3.262598534572578313e-01,-1.869141448622351120e+01,0.000000000000000000e+00
-3.402412370464269856e-15,-1.852187026677494330e+01,0.000000000000000000e+00
3.203043861123648917e-01,-1.835022599054174108e+01,0.000000000000000000e+00
6.347335629682148150e-01,-1.817639107632509976e+01,0.000000000000000000e+00
9.433652307919517810e-01,-1.800048091519146354e+01,0.000000000000000000e+00
1.246300842444073576e+00,-1.782293240325163453e+01,0.000000000000000000e+00
1.543645283473392249e+00,-1.764394632701179333e+01,0.000000000000000000e+00
1.835509705757500276e+00,-1.746370829983980144e+01,0.000000000000000000e+00
2.121994740394843593e+00,-1.728226028411559057e+01,0.000000000000000000e+00
2.403163920259424824e+00,-1.709939979614004812e+01,0.000000000000000000e+00
2.679121431075834447e+00,-1.691530699345344146e+01,0.000000000000000000e+00
2.950029533736680420e+00,-1.673044886201618198e+01,0.000000000000000000e+00
3.216013680631948368e+00,-1.654495609611059947e+01,0.000000000000000000e+00
3.477132508666667121e+00,-1.635862229491961628e+01,0.000000000000000000e+00
3.733466206621263161e+00,-1.617141880143519117e+01,0.000000000000000000e+00
3.985249877937109719e+00,-1.598396422580623089e+01,0.000000000000000000e+00
4.232589336511892064e+00,-1.579623845143660077e+01,0.000000000000000000e+00
4.475406325339087665e+00,-1.560759666104448584e+01,0.000000000000000000e+00
4.714036876479241300e+00,-1.541891986106292656e+01,0.000000000000000000e+00
4.948627728450687435e+00,-1.523031009146166070e+01,0.000000000000000000e+00
5.179064327921292232e+00,-1.504109495733185931e+01,0.000000000000000000e+00
5.405626495185304137e+00,-1.485183673352728206e+01,0.000000000000000000e+00
5.628529686515366670e+00,-1.466282113664564690e+01,0.000000000000000000e+00
5.847763463630847980e+00,-1.447372247072085827e+01,0.000000000000000000e+00
6.063443084267126082e+00,-1.428457673510839498e+01,0.000000000000000000e+00
6.275738057695593675e+00,-1.409553846097450780e+01,0.000000000000000000e+00
6.484792729952112644e+00,-1.390668288745237113e+01,0.000000000000000000e+00
6.690740980954549499e+00,-1.371805193626314257e+01,0.000000000000000000e+00
6.893703482750253464e+00,-1.352965487708309489e+01,0.000000000000000000e+00
7.093756147845960314e+00,-1.334141492596715572e+01,0.000000000000000000e+00
7.291009119767526414e+00,-1.315332863618010606e+01,0.000000000000000000e+00
7.485955603353836807e+00,-1.296605544821377265e+01,0.000000000000000000e+00
7.679240681230013799e+00,-1.278040270580252802e+01,0.000000000000000000e+00
7.870987746711977984e+00,-1.259621346872220116e+01,0.000000000000000000e+00
8.061335922445387325e+00,-1.241336874851357663e+01,0.000000000000000000e+00
8.250415060571965498e+00,-1.223174334283368836e+01,0.000000000000000000e+00
8.438351770555037490e+00,-1.205121526130697340e+01,0.000000000000000000e+00
8.625269925959877071e+00,-1.187166558527492022e+01,0.000000000000000000e+00
8.811290800320739081e+00,-1.169297782835720589e+01,0.000000000000000000e+00
8.996533403740791357e+00,-1.151503764886353665e+01,0.000000000000000000e+00
9.181114825969380888e+00,-1.133773259241138831e+01,0.000000000000000000e+00
9.365150510775414716e+00,-1.116095176640210163e+01,0.000000000000000000e+00
9.548754547630441181e+00,-1.098458555990201013e+01,0.000000000000000000e+00
9.732039983465872623e+00,-1.080852540045530041e+01,0.000000000000000000e+00
9.915119077897944777e+00,-1.063266345530655421e+01,0.000000000000000000e+00
1.009810357636533773e+01,-1.045689236512328790e+01,0.000000000000000000e+00
1.028110501060952231e+01,-1.028110501060952764e+01,0.000000000000000000e+00
1.046423494837913637e+01,-1.010519422659362299e+01,0.000000000000000000e+00
1.064760525842893557e+01,-9.929052534723673773e+00,0.000000000000000000e+00
1.083132841388939660e+01,-9.752571908984116078e+00,0.000000000000000000e+00
1.101551774942767459e+01,-9.575643489756730631e+00,0.000000000000000000e+00
1.120028773029461533e+01,-9.398157303569632859e+00,0.000000000000000000e+00
1.138575427316942346e+01,-9.220002016294433389e+00,0.000000000000000000e+00
1.157203502047604715e+01,-9.041064630930316426e+00,0.000000000000000000e+00
1.175924962961665443e+01,-8.861230184567412849e+00,0.000000000000000000e+00
1.194752012858088186e+01,-8.680381477614091068e+00,0.000000000000000000e+00
1.213697121150615210e+01,-8.498398733330850163e+00,0.000000000000000000e+00
1.232773057606353007e+01,-8.315159266893656920e+00,0.000000000000000000e+00
1.251992932524850488e+01,-8.130537170112560830e+00,0.000000000000000000e+00
1.271370228962671156e+01,-7.944402910087194236e+00,0.000000000000000000e+00
1.290918846474913018e+01,-7.756622972072610978e+00,0.000000000000000000e+00
1.310653143149538913e+01,-7.567059450116163433e+00,0.000000000000000000e+00
1.330587977008754308e+01,-7.375569594101810900e+00,0.000000000000000000e+00
1.350738760575615416e+01,-7.182005387087907700e+00,0.000000000000000000e+00
1.371121503964912236e+01,-6.986213006191995589e+00,0.000000000000000000e+00
1.391752878577444719e+01,-6.788032341125654234e+00,0.000000000000000000e+00
1.412650267708853136e+01,-6.587296381273481494e+00,0.000000000000000000e+00
1.433831838738162823e+01,-6.383830645149132010e+00,0.000000000000000000e+00
1.455316603405775844e+01,-6.177452477574546741e+00,0.000000000000000000e+00
1.477124501512953714e+01,-5.967970374349166107e+00,0.000000000000000000e+00
1.499276472608489819e+01,-5.755183164091608461e+00,0.000000000000000000e+00
1.521794552297114400e+01,-5.538879197046110647e+00,0.000000000000000000e+00
1.544701963178660442e+01,-5.318835402251700373e+00,0.000000000000000000e+00
1.568023219471348284e+01,-5.094816281567747573e+00,0.000000000000000000e+00
1.591784246299591032e+01,-4.866572823563331873e+00,0.000000000000000000e+00
1.616012500899773841e+01,-4.633841279615626085e+00,0.000000000000000000e+00
1.640737111361757528e+01,-4.396341839811558572e+00,0.000000000000000000e+00
1.665989030573334873e+01,-4.153777177514965224e+00,0.000000000000000000e+00
1.691801203564100220e+01,-3.905830836108950876e+00,0.000000000000000000e+00
1.718208751916769472e+01,-3.652165445387694387e+00,0.000000000000000000e+00
1.745249179453680100e+01,-3.392420750245556338e+00,0.000000000000000000e+00
1.772962600280569490e+01,-3.126211422165035447e+00,0.000000000000000000e+00
1.801391992247946305e+01,-2.853124624972929180e+00,0.000000000000000000e+00
1.830583479389313339e+01,-2.572717301857828875e+00,0.000000000000000000e+00
1.860586647306432440e+01,-2.284513145113289401e+00,0.000000000000000000e+00
1.891454895862836594e+01,-1.987999203691831029e+00,0.000000000000000000e+00
1.923245835407229265e+01,-1.682622077715779874e+00,0.000000000000000000e+00
1.956021734727598727e+01,-1.367783640017147695e+00,0.000000000000000000e+00
1.989850019856919872e+01,-1.042836206470176830e+00,0.000000000000000000e+00
2.024803844700706890e+01,-7.070770832679765805e-01,0.000000000000000000e+00
2.060962681733788671e+01,-3.597423742429864402e-01,0.000000000000000000e+00
2.098407454837130004e+01,-5.139615945746471093e-15,0.000000000000000000e+00
