1.853889442721285619e+01,0.000000000000000000e+00,0.000000000000000000e+00
1.864134219428998307e+01,3.253858383504537044e-01,0.000000000000000000e+00
1.874504089102561366e+01,6.545912520688910163e-01,0.000000000000000000e+00
1.884993608805770293e+01,9.878832900023610808e-01,0.000000000000000000e+00
1.895601093958732264e+01,1.325533412171648884e+00,0.000000000000000000e+00
1.906360893782914445e+01,1.667849667951531112e+00,0.000000000000000000e+00
1.917323046197859071e+01,2.015187725278832165e+00,0.000000000000000000e+00
1.928472349847092815e+01,2.367866306893679162e+00,0.000000000000000000e+00
1.939393250676268821e+01,2.725639462662270862e+00,0.000000000000000000e+00
1.949518782470550704e+01,3.087734412637695769e+00,0.000000000000000000e+00
1.958350935085512745e+01,3.453101075512275742e+00,0.000000000000000000e+00
1.965771892066821991e+01,3.821073480741866035e+00,0.000000000000000000e+00
1.971802960936701865e+01,4.191196576674743213e+00,0.000000000000000000e+00
1.976466830422081600e+01,4.563033219592210088e+00,0.000000000000000000e+00
1.979787286291689341e+01,4.936164101454273201e+00,0.000000000000000000e+00
1.981789132262078823e+01,5.310187975583994024e+00,0.000000000000000000e+00
1.982498110537085978e+01,5.684721854720645062e+00,0.000000000000000000e+00
1.981919819463847787e+01,6.059336970011074186e+00,0.000000000000000000e+00
1.979998790921753837e+01,6.433406056878180124e+00,0.000000000000000000e+00
1.976745943051279042e+01,6.806482126508753616e+00,0.000000000000000000e+00
1.972194459050948723e+01,7.178200792792798879e+00,0.000000000000000000e+00
1.966378227409217061e+01,7.548218807790904705e+00,0.000000000000000000e+00
1.959331001620272517e+01,7.916211097464561419e+00,0.000000000000000000e+00
1.951045891347305172e+01,8.281698461461516558e+00,0.000000000000000000e+00
1.941456310460141310e+01,8.643920406901298037e+00,0.000000000000000000e+00
1.930534401529198973e+01,9.002229757647425501e+00,0.000000000000000000e+00
1.918394452731911670e+01,9.356634923213244193e+00,0.000000000000000000e+00
1.905091755248987440e+01,9.706927329213707267e+00,0.000000000000000000e+00
1.890545524835038904e+01,1.005220886540190683e+01,0.000000000000000000e+00
1.874832715656784643e+01,1.039236744248331235e+01,0.000000000000000000e+00
1.858009037599585511e+01,1.072722018014878032e+01,0.000000000000000000e+00
1.840034927569612577e+01,1.105604525611809663e+01,0.000000000000000000e+00
1.820919683820973844e+01,1.137836902708149189e+01,0.000000000000000000e+00
1.800677857617550615e+01,1.169373873639463213e+01,0.000000000000000000e+00
1.779337280195495552e+01,1.200178149827101315e+01,0.000000000000000000e+00
1.756935874031663403e+01,1.230219743148035683e+01,0.000000000000000000e+00
1.733521606490809575e+01,1.259477170331747331e+01,0.000000000000000000e+00
1.709142351144989647e+01,1.287931140907518923e+01,0.000000000000000000e+00
1.683874144605843171e+01,1.315586666026838714e+01,0.000000000000000000e+00
1.657556678327844679e+01,1.342262932225640881e+01,0.000000000000000000e+00
1.630311430110186421e+01,1.367993719709560985e+01,0.000000000000000000e+00
1.602360570927729455e+01,1.392910793507111933e+01,0.000000000000000000e+00
1.573338934327946426e+01,1.416640739520136449e+01,0.000000000000000000e+00
1.543709450255848203e+01,1.439532350976854680e+01,0.000000000000000000e+00
1.513131148731067022e+01,1.461213765140524679e+01,0.000000000000000000e+00
1.482012671131214887e+01,1.482012671131214709e+01,0.000000000000000000e+00
1.449970332612775259e+01,1.501488233517523341e+01,0.000000000000000000e+00
1.417425366992560676e+01,1.520002612358074678e+01,0.000000000000000000e+00
1.384216620200567327e+01,1.537328301629317906e+01,0.000000000000000000e+00
1.350335685286618670e+01,1.553383511496858027e+01,0.000000000000000000e+00
1.316001055462333902e+01,1.568348985705008225e+01,0.000000000000000000e+00
1.281200944928023056e+01,1.582151403841636217e+01,0.000000000000000000e+00
1.245795598831437800e+01,1.594545652147264647e+01,0.000000000000000000e+00
1.209994492896063534e+01,1.605716925986935095e+01,0.000000000000000000e+00
1.173849841721368925e+01,1.615665699493240837e+01,0.000000000000000000e+00
1.137389841846230887e+01,1.624361035521423346e+01,0.000000000000000000e+00
1.100637579597111149e+01,1.631762315989011469e+01,0.000000000000000000e+00
1.063562369930270535e+01,1.637742430287227791e+01,0.000000000000000000e+00
1.026272755461289066e+01,1.642379726778803217e+01,0.000000000000000000e+00
9.888306891445884261e+00,1.645690627461861411e+01,0.000000000000000000e+00
9.512820597475487361e+00,1.647668859811526687e+01,0.000000000000000000e+00
9.136710106908761730e+00,1.648306135893448143e+01,0.000000000000000000e+00
8.760409458745094469e+00,1.647593391633223092e+01,0.000000000000000000e+00
8.384347472921970024e+00,1.645520843216221607e+01,0.000000000000000000e+00
8.008911727099047084e+00,1.642070248094065121e+01,0.000000000000000000e+00
7.634063887437935847e+00,1.637130283822275700e+01,0.000000000000000000e+00
7.260809802531825063e+00,1.630804582481068365e+01,0.000000000000000000e+00
6.889698307967932145e+00,1.623111205863814988e+01,0.000000000000000000e+00
6.521268912972778331e+00,1.614070695409130352e+01,0.000000000000000000e+00
6.156036099849027110e+00,1.603702232557697371e+01,0.000000000000000000e+00
5.794437344977606763e+00,1.592008576377056528e+01,0.000000000000000000e+00
5.436198069661799970e+00,1.578786556711210487e+01,0.000000000000000000e+00
5.082232633988023274e+00,1.564150370971976400e+01,0.000000000000000000e+00
4.733536373759811511e+00,1.548269984280219980e+01,0.000000000000000000e+00
4.390632548068526653e+00,1.531195536573219229e+01,0.000000000000000000e+00
4.052752420448259230e+00,1.512507794361065017e+01,0.000000000000000000e+00
3.721313715128852451e+00,1.492537409634423184e+01,0.000000000000000000e+00
3.397381697886970198e+00,1.471567686013195875e+01,0.000000000000000000e+00
3.079584297051903619e+00,1.448830500858741921e+01,0.000000000000000000e+00
2.770319696486802208e+00,1.425205932008281984e+01,0.000000000000000000e+00
2.468709255724457652e+00,1.400074591991207740e+01,0.000000000000000000e+00
2.176468352897095837e+00,1.374168035974632929e+01,0.000000000000000000e+00
1.894276472354086582e+00,1.347847745721301038e+01,0.000000000000000000e+00
1.622841320743257709e+00,1.321698191376492204e+01,0.000000000000000000e+00
1.361533040987648269e+00,1.295412156842246354e+01,0.000000000000000000e+00
1.110362579809308414e+00,1.269150236224941430e+01,0.000000000000000000e+00
8.692032461427597889e-01,1.243018553233820889e+01,0.000000000000000000e+00
6.378038738440915401e-01,1.217002289678163862e+01,0.000000000000000000e+00
4.159430773358536171e-01,1.191105131386482086e+01,0.000000000000000000e+00
2.034101031534113757e-01,1.165335700496784632e+01,0.000000000000000000e+00
6.978731847035186160e-16,1.139713401756988276e+01,0.000000000000000000e+00
-1.944972664437432386e-01,1.114274093184966574e+01,0.000000000000000000e+00
-3.805324512190123576e-01,1.089702365547643836e+01,0.000000000000000000e+00
-5.587526255968385813e-01,1.066163522364034577e+01,0.000000000000000000e+00
-7.297418315630366248e-01,1.043579438674467319e+01,0.000000000000000000e+00
-8.940295488507272736e-01,1.021880450357793180e+01,0.000000000000000000e+00
-1.052096628112660470e+00,1.001003076092254851e+01,0.000000000000000000e+00
-1.204380868453807540e+00,9.808895023912716837e+00,0.000000000000000000e+00
-1.351281790742156375e+00,9.614869540255860159e+00,0.000000000000000000e+00
-1.493164811288424820e+00,9.427471588931755520e+00,0.000000000000000000e+00
-1.630364900624779567e+00,9.246258820256148425e+00,0.000000000000000000e+00
-1.763189742586027009e+00,9.070824871138603029e+00,0.000000000000000000e+00
-1.891922528424937022e+00,8.900795692028575345e+00,0.000000000000000000e+00
-2.016824421754902286e+00,8.735826325498457834e+00,0.000000000000000000e+00
-2.138136733304619952e+00,8.575598043230781897e+00,0.000000000000000000e+00
-2.256082844873108950e+00,8.419815803150973110e+00,0.000000000000000000e+00
-2.370869916320864856e+00,8.268205990645274284e+00,0.000000000000000000e+00
-2.482690404399162887e+00,8.120514410114452630e+00,0.000000000000000000e+00
-2.591723417790869455e+00,7.976504495846543641e+00,0.000000000000000000e+00
-2.698135928893875324e+00,7.835955714141558559e+00,0.000000000000000000e+00
-2.802083859615193795e+00,7.698662131711000889e+00,0.000000000000000000e+00
-2.903713055733265769e+00,7.564431128499353285e+00,0.000000000000000000e+00
-3.003160162188280857e+00,7.433082236135764020e+00,0.000000000000000000e+00
-3.100553409922513382e+00,7.304446086128860038e+00,0.000000000000000000e+00
-3.196013323550058072e+00,7.178363454581267789e+00,0.000000000000000000e+00
-3.289653370727129378e+00,7.054684419601928269e+00,0.000000000000000000e+00
-3.381580585841067688e+00,6.933267665759906606e+00,0.000000000000000000e+00
-3.471896077904031319e+00,6.813979716516580964e+00,0.000000000000000000e+00
-3.560695492808081397e+00,6.696694248363562529e+00,0.000000000000000000e+00
-3.648069438640875184e+00,6.581291481854355752e+00,0.000000000000000000e+00
-3.734103943879354404e+00,6.467657751542367883e+00,0.000000000000000000e+00
-3.818880872152511596e+00,6.355685081064275543e+00,0.000000000000000000e+00
-3.902478160915285876e+00,6.245270549741351651e+00,0.000000000000000000e+00
-3.984970109191726007e+00,6.136315852992710873e+00,0.000000000000000000e+00
-4.066427803282859799e+00,6.028727142422173557e+00,0.000000000000000000e+00
-4.146919357580221899e+00,5.922414614648489284e+00,0.000000000000000000e+00
-4.226510016525405256e+00,5.817291973435889219e+00,0.000000000000000000e+00
-4.305262485217315138e+00,5.713276286724252806e+00,0.000000000000000000e+00
-4.383237270261377105e+00,5.610287865987882761e+00,0.000000000000000000e+00
-4.460492637875701938e+00,5.508249675258237055e+00,0.000000000000000000e+00
-4.537084876296139768e+00,5.407087201230781126e+00,0.000000000000000000e+00
-4.613068673091651029e+00,5.306728461865576563e+00,0.000000000000000000e+00
-4.688496983453140921e+00,5.207103425561978582e+00,0.000000000000000000e+00
-4.763421289522550950e+00,5.108143943549409371e+00,0.000000000000000000e+00
-4.837891946464853099e+00,5.009783765407622269e+00,0.000000000000000000e+00
-4.911957981454770916e+00,4.911957981454770916e+00,0.000000000000000000e+00
-4.985667435887672028e+00,4.814603077757890759e+00,0.000000000000000000e+00
-5.059067583786986511e+00,4.717656843671373501e+00,0.000000000000000000e+00
-5.132204723680847458e+00,4.621057889366715798e+00,0.000000000000000000e+00
-5.205124647244515401e+00,4.524745824530021387e+00,0.000000000000000000e+00
-5.277872628420174905e+00,4.428660975908032427e+00,0.000000000000000000e+00
-5.350493338023730949e+00,4.332744074847876270e+00,0.000000000000000000e+00
-5.423031368277153597e+00,4.236936460129997251e+00,0.000000000000000000e+00
-5.495530978960915469e+00,4.141179626661369184e+00,0.000000000000000000e+00
-5.568036277026279457e+00,4.045415152736231867e+00,0.000000000000000000e+00
-5.640591592736144300e+00,3.949584753196163422e+00,0.000000000000000000e+00
-5.713241149564246335e+00,3.853629814155701272e+00,0.000000000000000000e+00
-5.786029512253335838e+00,3.757491499722203088e+00,0.000000000000000000e+00
-5.859001661967218055e+00,3.661110571349128762e+00,0.000000000000000000e+00
-5.932202805557342806e+00,3.564427049944217440e+00,0.000000000000000000e+00
-6.005678951235172036e+00,3.467380359162095083e+00,0.000000000000000000e+00
-6.079476707225852650e+00,3.369908966911566495e+00,0.000000000000000000e+00
-6.153643345636691464e+00,3.271950205955928670e+00,0.000000000000000000e+00
-6.228227327517696921e+00,3.173440328606940142e+00,0.000000000000000000e+00
-6.303277985871524436e+00,3.074314088499326747e+00,0.000000000000000000e+00
-6.378845811038313940e+00,2.974504651877099448e+00,0.000000000000000000e+00
-6.454982849356171393e+00,2.873943527707998769e+00,0.000000000000000000e+00
-6.531742416345637459e+00,2.772560161706797643e+00,0.000000000000000000e+00
-6.609179486663070868e+00,2.670281843863621329e+00,0.000000000000000000e+00
-6.687351035818333678e+00,2.567033552307492528e+00,0.000000000000000000e+00
-6.766315826449972093e+00,2.462737556472110345e+00,0.000000000000000000e+00
-6.846134790199275066e+00,2.357313252568662421e+00,0.000000000000000000e+00
-6.926871443753545243e+00,2.250676965348795910e+00,0.000000000000000000e+00
-7.008591752621065041e+00,2.142741532594387266e+00,0.000000000000000000e+00
-7.091364418213667697e+00,2.033416025656966664e+00,0.000000000000000000e+00
-7.175261432630089864e+00,1.922605506355415272e+00,0.000000000000000000e+00
-7.260358104063310947e+00,1.810210586012407141e+00,0.000000000000000000e+00
-7.346733271014268318e+00,1.696127020961053722e+00,0.000000000000000000e+00
-7.434469761364811191e+00,1.580245330315454222e+00,0.000000000000000000e+00
-7.523654862495130935e+00,1.462450358017303831e+00,0.000000000000000000e+00
-7.614380502157645836e+00,1.342620723910862512e+00,0.000000000000000000e+00
-7.706743663677638523e+00,1.220628281896250167e+00,0.000000000000000000e+00
-7.800846875918190371e+00,1.096337531327087556e+00,0.000000000000000000e+00
-7.896798802230430070e+00,9.696049734704467182e-01,0.000000000000000000e+00
-7.994714756979838022e+00,8.402783806995866023e-01,0.000000000000000000e+00
-8.094717164392562836e+00,7.081959863330663518e-01,0.000000000000000000e+00
-8.196936537004098966e+00,5.731856397359770261e-01,0.000000000000000000e+00
-8.301511364807053539e+00,4.350637753224660398e-01,0.000000000000000000e+00
-8.408591139675847259e+00,2.936344729389702701e-01,0.000000000000000000e+00
-8.518331953577954252e+00,1.486880373298131164e-01,0.000000000000000000e+00
-8.630910021524233144e+00,1.056981633158846542e-15,0.000000000000000000e+00
-8.746489865368110017e+00,-1.526705484939946400e-01,0.000000000000000000e+00
-8.865342452145423380e+00,-3.095845802367752642e-01,0.000000000000000000e+00
-8.987256079778365603e+00,-4.710021329891923014e-01,0.000000000000000000e+00
-9.108450220448512269e+00,-6.369248856621246846e-01,0.000000000000000000e+00
-9.228560683869741155e+00,-8.073944404996487023e-01,0.000000000000000000e+00
-9.347398182181217763e+00,-9.824511376619272651e-01,0.000000000000000000e+00
-9.464847618066086099e+00,-1.162137158797149405e+00,0.000000000000000000e+00
-9.580773137533567407e+00,-1.346489853843218176e+00,0.000000000000000000e+00
-9.695044625001505878e+00,-1.535544216852265942e+00,0.000000000000000000e+00
-9.807531021974407182e+00,-1.729332333309354652e+00,0.000000000000000000e+00
-9.918105224731663228e+00,-1.927884359643760703e+00,0.000000000000000000e+00
-1.002663955033162324e+01,-2.131228027923143475e+00,0.000000000000000000e+00
-1.013302133640061164e+01,-2.339392306571544733e+00,0.000000000000000000e+00
-1.023702147281373165e+01,-2.552376118879401634e+00,0.000000000000000000e+00
-1.033809795613378668e+01,-2.770084998619883443e+00,0.000000000000000000e+00
-1.043653912087567015e+01,-2.992629436202382198e+00,0.000000000000000000e+00
-1.053229639430595199e+01,-3.220046153955746338e+00,0.000000000000000000e+00
-1.062533403278602151e+01,-3.452380306305999458e+00,0.000000000000000000e+00
-1.071541353595689650e+01,-3.689612768247812369e+00,0.000000000000000000e+00
-1.080197642014643122e+01,-3.931597888178689715e+00,0.000000000000000000e+00
-1.088486224033310279e+01,-4.178307140378903384e+00,0.000000000000000000e+00
-1.096450141248453747e+01,-4.429946123850373674e+00,0.000000000000000000e+00
-1.104074109064968212e+01,-4.686516545271352641e+00,0.000000000000000000e+00
-1.111264371955737218e+01,-4.947667753560684112e+00,0.000000000000000000e+00
-1.118031826227849734e+01,-5.213468026310646763e+00,0.000000000000000000e+00
-1.124398686246704848e+01,-5.484058818231586585e+00,0.000000000000000000e+00
-1.130343048942645545e+01,-5.759385500954037340e+00,0.000000000000000000e+00
-1.135839440358773444e+01,-6.039365432918557097e+00,0.000000000000000000e+00
-1.140863898816728472e+01,-6.323911855898083800e+00,0.000000000000000000e+00
-1.145398624397288678e+01,-6.612962041252018253e+00,0.000000000000000000e+00
-1.149435488489675450e+01,-6.906505191461525861e+00,0.000000000000000000e+00
-1.152966459654052755e+01,-7.204534044172193674e+00,0.000000000000000000e+00
-1.155975965036779840e+01,-7.506995692487048011e+00,0.000000000000000000e+00
-1.158442872710180005e+01,-7.813795839184231262e+00,0.000000000000000000e+00
-1.160346142630131361e+01,-8.124831160021765086e+00,0.000000000000000000e+00
-1.161665003575013166e+01,-8.439990283927464532e+00,0.000000000000000000e+00
-1.162378979777667709e+01,-8.759153879658148512e+00,0.000000000000000000e+00
-1.162467917273453288e+01,-9.082194750409477990e+00,0.000000000000000000e+00
-1.161937715737365906e+01,-9.409186097711982555e+00,0.000000000000000000e+00
-1.160859167780950507e+01,-9.740764995337595877e+00,0.000000000000000000e+00
-1.159183605591249666e+01,-1.007662935034469243e+01,0.000000000000000000e+00
-1.156829764273242844e+01,-1.041614198315744844e+01,0.000000000000000000e+00
-1.153720371502579312e+01,-1.075861651610502534e+01,0.000000000000000000e+00
-1.149782351059042362e+01,-1.110331909889003832e+01,0.000000000000000000e+00
-1.144947020300434559e+01,-1.144947020300434204e+01,0.000000000000000000e+00
-1.139150281370661233e+01,-1.179624648322375613e+01,0.000000000000000000e+00
-1.132332805941039133e+01,-1.214278270425620043e+01,0.000000000000000000e+00
-1.124443141934430379e+01,-1.248820625646236060e+01,0.000000000000000000e+00
-1.115463114758083307e+01,-1.283193526638041426e+01,0.000000000000000000e+00
-1.105393163168825232e+01,-1.317356273435524727e+01,0.000000000000000000e+00
-1.094235319974438703e+01,-1.351268085216657866e+01,0.000000000000000000e+00
-1.081989769642201615e+01,-1.384883751772053806e+01,0.000000000000000000e+00
-1.068653828010757323e+01,-1.418151528566503927e+01,0.000000000000000000e+00
-1.054231943119593140e+01,-1.451025786493002201e+01,0.000000000000000000e+00
-1.038761931614228295e+01,-1.483505782114447769e+01,0.000000000000000000e+00
-1.022286061898687493e+01,-1.515601414025591431e+01,0.000000000000000000e+00
-1.004795702837368943e+01,-1.547249698590714040e+01,0.000000000000000000e+00
-9.862722424284269707e+00,-1.578365524592957314e+01,0.000000000000000000e+00
-9.667565564567672354e+00,-1.608953101338836689e+01,0.000000000000000000e+00
-9.462910094617095424e+00,-1.639024107133320030e+01,0.000000000000000000e+00
-9.248882976709325021e+00,-1.668542657290055331e+01,0.000000000000000000e+00
-9.025704219073720225e+00,-1.697488079319999699e+01,0.000000000000000000e+00
-8.793458407441210767e+00,-1.725813385016670409e+01,0.000000000000000000e+00
-8.551994015809102123e+00,-1.753418618377654070e+01,0.000000000000000000e+00
-8.302007634884320808e+00,-1.780371282713259262e+01,0.000000000000000000e+00
-8.043906828081832217e+00,-1.806691054173101918e+01,0.000000000000000000e+00
-7.777679141377857874e+00,-1.832306380583307615e+01,0.000000000000000000e+00
-7.503376930619036322e+00,-1.857150959720227945e+01,0.000000000000000000e+00
-7.221103597910337513e+00,-1.881161801793725630e+01,0.000000000000000000e+00
-6.931437131890882064e+00,-1.904396700423947308e+01,0.000000000000000000e+00
-6.634643766478409255e+00,-1.926840459611068823e+01,0.000000000000000000e+00
-6.330936645553175701e+00,-1.948461948891852202e+01,0.000000000000000000e+00
-6.020573915989520408e+00,-1.969240995789161275e+01,0.000000000000000000e+00
-5.703815134760558792e+00,-1.989156728596237755e+01,0.000000000000000000e+00
-5.380932326662815512e+00,-2.008191283519544612e+01,0.000000000000000000e+00
-5.052204665705763098e+00,-2.026328614553350604e+01,0.000000000000000000e+00
-4.717916551023737526e+00,-2.043554171764520433e+01,0.000000000000000000e+00
-4.378359711494496764e+00,-2.059856292882436435e+01,0.000000000000000000e+00
-4.033820913417124565e+00,-2.075220957982501702e+01,0.000000000000000000e+00
-3.684605846424142683e+00,-2.089643814928236409e+01,0.000000000000000000e+00
-3.330837047740183188e+00,-2.103007745530530670e+01,0.000000000000000000e+00
-2.972970887105038429e+00,-2.115378703563699148e+01,0.000000000000000000e+00
-2.611343853750716537e+00,-2.126768898750811587e+01,0.000000000000000000e+00
-2.246260020166515936e+00,-2.137173649081362825e+01,0.000000000000000000e+00
-1.878022653003290632e+00,-2.146589714959820938e+01,0.000000000000000000e+00
-1.506929337288241300e+00,-2.155009352500713149e+01,0.000000000000000000e+00
-1.133277193292686835e+00,-2.162421703030254605e+01,0.000000000000000000e+00
-7.573086429019775245e-01,-2.168648211148169125e+01,0.000000000000000000e+00
-3.794510948242881265e-01,-2.173873866323313919e+01,0.000000000000000000e+00
-4.001081365784005147e-15,-2.178087248540947485e+01,0.000000000000000000e+00
3.807449296708974029e-01,-2.181286241195238773e+01,0.000000000000000000e+00
7.624887269102201826e-01,-2.183482030916873740e+01,0.000000000000000000e+00
1.144826763686609628e+00,-2.184459596167367579e+01,0.000000000000000000e+00
1.527489204949179280e+00,-2.184411333070848826e+01,0.000000000000000000e+00
1.910181581017602159e+00,-2.183347537880261768e+01,0.000000000000000000e+00
2.292603123862535952e+00,-2.181266166931747463e+01,0.000000000000000000e+00
2.674463261303060335e+00,-2.178175530894282730e+01,0.000000000000000000e+00
3.055161129787617558e+00,-2.173860099989594374e+01,0.000000000000000000e+00
3.434637377536601477e+00,-2.168544694478126189e+01,0.000000000000000000e+00
3.812574773690107222e+00,-2.162218599996185731e+01,0.000000000000000000e+00
4.188675807506283988e+00,-2.154886894710420719e+01,0.000000000000000000e+00
4.562652542744837447e+00,-2.146559253168587134e+01,0.000000000000000000e+00
4.933897603362255246e+00,-2.137105843515203318e+01,0.000000000000000000e+00
5.302238862489888405e+00,-2.126611853472725500e+01,0.000000000000000000e+00
5.667491805003222360e+00,-2.115136736775223980e+01,0.000000000000000000e+00
6.029347192576263836e+00,-2.102683248632207835e+01,0.000000000000000000e+00
6.387501384835677420e+00,-2.089257563016085228e+01,0.000000000000000000e+00
6.741650313272757877e+00,-2.074866618255196826e+01,0.000000000000000000e+00
7.091482093709050361e+00,-2.059515943539316751e+01,0.000000000000000000e+00
7.436701866055952515e+00,-2.043217045220482220e+01,0.000000000000000000e+00
7.776736203009621207e+00,-2.025909044146880689e+01,0.000000000000000000e+00
8.111579363774721330e+00,-2.007686344372174148e+01,0.000000000000000000e+00
8.440950078557179381e+00,-1.988563221236913847e+01,0.000000000000000000e+00
8.764575174865766982e+00,-1.968555815039647072e+01,0.000000000000000000e+00
9.082181194519970191e+00,-1.947680042496983432e+01,0.000000000000000000e+00
9.393505898633819129e+00,-1.925954122986669503e+01,0.000000000000000000e+00
9.698299872542634148e+00,-1.903398521539144284e+01,0.000000000000000000e+00
9.996319853836395097e+00,-1.880034330517710472e+01,0.000000000000000000e+00
1.028719436886664340e+01,-1.855858990919472618e+01,0.000000000000000000e+00
1.057044782412743089e+01,-1.830855269014459807e+01,0.000000000000000000e+00
1.084612615543071001e+01,-1.805098522346863632e+01,0.000000000000000000e+00
1.111409861096569607e+01,-1.778627576629559215e+01,0.000000000000000000e+00
1.137417374298957640e+01,-1.751469163916944183e+01,0.000000000000000000e+00
1.162627574382184825e+01,-1.723666262695672557e+01,0.000000000000000000e+00
1.186993218509987003e+01,-1.695201999031445439e+01,0.000000000000000000e+00
1.210414499418068957e+01,-1.665992633275196511e+01,0.000000000000000000e+00
1.232992589775747838e+01,-1.636236431358246435e+01,0.000000000000000000e+00
1.254698589778166173e+01,-1.605940960911019388e+01,0.000000000000000000e+00
1.275408858319686445e+01,-1.574998772558596549e+01,0.000000000000000000e+00
1.295220255740179205e+01,-1.543583392979150304e+01,0.000000000000000000e+00
1.314109605337699271e+01,-1.511710173606159557e+01,0.000000000000000000e+00
1.331976607562845594e+01,-1.479309889819030310e+01,0.000000000000000000e+00
1.349040688897159690e+01,-1.446669023323457992e+01,0.000000000000000000e+00
1.365564424091371265e+01,-1.414083356580578510e+01,0.000000000000000000e+00
1.381590457964268559e+01,-1.381590457964269270e+01,0.000000000000000000e+00
1.397122092018715556e+01,-1.349185121297450785e+01,0.000000000000000000e+00
1.412168733340298310e+01,-1.316868648011740284e+01,0.000000000000000000e+00
1.426740441580681029e+01,-1.284642863762530851e+01,0.000000000000000000e+00
1.440846604458422675e+01,-1.252508844483249817e+01,0.000000000000000000e+00
1.454497303484376225e+01,-1.220468150902089377e+01,0.000000000000000000e+00
1.467708424619579510e+01,-1.188526847642734374e+01,0.000000000000000000e+00
1.480498000079037269e+01,-1.156691807533694494e+01,0.000000000000000000e+00
1.492879935142650005e+01,-1.124965721443940758e+01,0.000000000000000000e+00
1.504863550492515145e+01,-1.093347368277955667e+01,0.000000000000000000e+00
1.516455516565913975e+01,-1.061833584059153424e+01,0.000000000000000000e+00
1.527650236939560280e+01,-1.030413095572085957e+01,0.000000000000000000e+00
1.538437093865852923e+01,-9.990727304131958419e+00,0.000000000000000000e+00
1.548825027101148244e+01,-9.678132909056433419e+00,0.000000000000000000e+00
1.558893207966044336e+01,-9.366775379363375009e+00,0.000000000000000000e+00
1.568738513595094020e+01,-9.057116031122619759e+00,0.000000000000000000e+00
1.578450753221586744e+01,-8.749495397831660526e+00,0.000000000000000000e+00
1.588068707575532024e+01,-8.443911099443651480e+00,0.000000000000000000e+00
1.597613892610794117e+01,-8.140249367510593359e+00,0.000000000000000000e+00
1.607106726872286728e+01,-7.838383239990283968e+00,0.000000000000000000e+00
1.616557903269949747e+01,-7.538133301457662583e+00,0.000000000000000000e+00
1.625970245003463788e+01,-7.239285945336906281e+00,0.000000000000000000e+00
1.635345350616989890e+01,-6.941629171423803868e+00,0.000000000000000000e+00
1.644686247226665898e+01,-6.644963771499781124e+00,0.000000000000000000e+00
1.654000012632424443e+01,-6.349111187977122484e+00,0.000000000000000000e+00
1.663293503151438912e+01,-6.053893259954813644e+00,0.000000000000000000e+00
1.672572869850661803e+01,-5.759130243287260420e+00,0.000000000000000000e+00
1.681844178972359316e+01,-5.464642997427811899e+00,0.000000000000000000e+00
1.691112998049682759e+01,-5.170251293173266482e+00,0.000000000000000000e+00
1.700384134655866220e+01,-4.875773046300543534e+00,0.000000000000000000e+00
1.709663079258492147e+01,-4.581028414166193663e+00,0.000000000000000000e+00
1.718956462016847553e+01,-4.285839816490407017e+00,0.000000000000000000e+00
1.728270282499822486e+01,-3.990026338968006403e+00,0.000000000000000000e+00
1.737609930001720571e+01,-3.693403922448545096e+00,0.000000000000000000e+00
1.746980679119746327e+01,-3.395786444649173674e+00,0.000000000000000000e+00
1.756387193929372614e+01,-3.096984508605810760e+00,0.000000000000000000e+00
1.765833692054659565e+01,-2.796805810222872779e+00,0.000000000000000000e+00
1.775328852194080653e+01,-2.495061987585954100e+00,0.000000000000000000e+00
1.784884648240129934e+01,-2.191562777965008646e+00,0.000000000000000000e+00
1.794512314971696298e+01,-1.886108445399387712e+00,0.000000000000000000e+00
1.804214893831166933e+01,-1.578483497748559117e+00,0.000000000000000000e+00
1.813980861731035432e+01,-1.268458985873921030e+00,0.000000000000000000e+00
1.823796242083605534e+01,-9.558111091235858003e-01,0.000000000000000000e+00
1.833646104993806958e+01,-6.403233296192951673e-01,0.000000000000000000e+00
1.843514596622939905e+01,-3.217866698017198823e-01,0.000000000000000000e+00
1.853384969355695944e+01,-4.539483940618536604e-15,0.000000000000000000e+00
