1.979697656511081405e+01,0.000000000000000000e+00,0.000000000000000000e+00
1.934957948815938877e+01,3.377481662995293066e-01,0.000000000000000000e+00
1.892170061356693722e+01,6.607603455182325947e-01,0.000000000000000000e+00
1.851184671353080446e+01,9.701647766842141918e-01,0.000000000000000000e+00
1.811867103944282675e+01,1.266980902441446899e+00,0.000000000000000000e+00
1.774094504423421625e+01,1.552131571606916394e+00,0.000000000000000000e+00
1.737756142925343283e+01,1.826455304803997537e+00,0.000000000000000000e+00
1.702751109477470592e+01,2.090715473041248273e+00,0.000000000000000000e+00
1.668986544186915211e+01,2.345607620270887761e+00,0.000000000000000000e+00
1.636378981757195206e+01,2.591769691844479251e+00,0.000000000000000000e+00
1.604850119401002218e+01,2.829783760435982121e+00,0.000000000000000000e+00
1.574330001744241692e+01,3.060187524238305645e+00,0.000000000000000000e+00
1.544752241008460381e+01,3.283472249808196075e+00,0.000000000000000000e+00
1.516057670298075699e+01,3.500094919837521079e+00,0.000000000000000000e+00
1.488189530478917355e+01,3.710473234864392733e+00,0.000000000000000000e+00
1.461097394314876929e+01,3.914998668698888906e+00,0.000000000000000000e+00
1.434732522380783770e+01,4.114029305907854095e+00,0.000000000000000000e+00
1.409051272751827355e+01,4.307902058286090075e+00,0.000000000000000000e+00
1.384012053867071401e+01,4.496927761251696687e+00,0.000000000000000000e+00
1.359576174749438415e+01,4.681396193369669056e+00,0.000000000000000000e+00
1.335708398085775350e+01,4.861580985626134499e+00,0.000000000000000000e+00
1.312374138863043704e+01,5.037732324200970169e+00,0.000000000000000000e+00
1.289542755282776376e+01,5.210090924699692927e+00,0.000000000000000000e+00
1.267184461602204415e+01,5.378878914422625002e+00,0.000000000000000000e+00
1.245271046876558074e+01,5.544303910536343416e+00,0.000000000000000000e+00
1.223777190606215726e+01,5.706566758550878582e+00,0.000000000000000000e+00
1.202677642699949345e+01,5.865850798843345260e+00,0.000000000000000000e+00
1.181949104565602582e+01,6.022331487833262997e+00,0.000000000000000000e+00
1.161570156513876206e+01,6.176178077549280054e+00,0.000000000000000000e+00
1.141519315185721162e+01,6.327544888156115377e+00,0.000000000000000000e+00
1.121776848146249073e+01,6.476581652479267426e+00,0.000000000000000000e+00
1.102324437987204497e+01,6.623433441781991782e+00,0.000000000000000000e+00
1.083143648767627987e+01,6.768232698301319239e+00,0.000000000000000000e+00
1.064217314938923309e+01,6.911108051336032787e+00,0.000000000000000000e+00
1.045529605491379321e+01,7.052186235148377946e+00,0.000000000000000000e+00
1.027064562202298781e+01,7.191583486821047977e+00,0.000000000000000000e+00
1.008806874769869211e+01,7.329410970644882006e+00,0.000000000000000000e+00
9.907426271192967704e+00,7.465781192752284134e+00,0.000000000000000000e+00
9.728578775152431746e+00,7.600798763364918997e+00,0.000000000000000000e+00
9.551387726676402679e+00,7.734561275917307022e+00,0.000000000000000000e+00
9.375726995104800565e+00,7.867169063611304303e+00,0.000000000000000000e+00
9.201473063144106845e+00,7.998718502164419597e+00,0.000000000000000000e+00
9.028500731377439692e+00,8.129298572478251828e+00,0.000000000000000000e+00
8.856691065304428179e+00,8.258998031657016625e+00,0.000000000000000000e+00
8.685932246307602966e+00,8.387907268994045040e+00,0.000000000000000000e+00
8.516110711154230017e+00,8.516110711154230017e+00,0.000000000000000000e+00
8.347112753605312463e+00,8.643688288986171031e+00,0.000000000000000000e+00
8.178832677211223867e+00,8.770724247568718823e+00,0.000000000000000000e+00
8.011165602137937825e+00,8.897300776103540088e+00,0.000000000000000000e+00
7.844004222554834094e+00,9.023494643735277876e+00,0.000000000000000000e+00
7.677243565104245882e+00,9.149382599933765903e+00,0.000000000000000000e+00
7.510783876689214544e+00,9.275045652672819330e+00,0.000000000000000000e+00
7.344523161230458896e+00,9.400560962665183595e+00,0.000000000000000000e+00
7.178357125772165226e+00,9.526001651497923106e+00,0.000000000000000000e+00
7.012185483585680501e+00,9.651445322597743015e+00,0.000000000000000000e+00
6.845909011051492854e+00,9.776971308471070543e+00,0.000000000000000000e+00
6.679424993351365636e+00,9.902654787251202961e+00,0.000000000000000000e+00
6.512629231874781155e+00,1.002856957647865421e+01,0.000000000000000000e+00
6.345421217957197157e+00,1.015479667640662065e+01,0.000000000000000000e+00
6.177697905810037859e+00,1.028141587279940516e+01,0.000000000000000000e+00
6.009352092045439520e+00,1.040850314399302157e+01,0.000000000000000000e+00
5.840276778434819960e+00,1.053613821229915715e+01,0.000000000000000000e+00
5.670365865402963834e+00,1.066440715125980709e+01,0.000000000000000000e+00
5.499508383056648242e+00,1.079339292770061931e+01,0.000000000000000000e+00
5.327589152114520665e+00,1.092317650493658476e+01,0.000000000000000000e+00
5.154493962366959892e+00,1.105384797402068031e+01,0.000000000000000000e+00
4.980104994394864981e+00,1.118549895531491600e+01,0.000000000000000000e+00
4.804298202066124013e+00,1.131821728546027295e+01,0.000000000000000000e+00
4.626947493864402183e+00,1.145209691351126047e+01,0.000000000000000000e+00
4.447925922752949290e+00,1.158724318193179137e+01,0.000000000000000000e+00
4.267099173691816461e+00,1.172375862629173682e+01,0.000000000000000000e+00
4.084325986859227875e+00,1.186174395901060485e+01,0.000000000000000000e+00
3.899461003583801766e+00,1.200130693458675601e+01,0.000000000000000000e+00
3.712351272164638338e+00,1.214255387929263641e+01,0.000000000000000000e+00
3.522836351436174240e+00,1.228559037528632381e+01,0.000000000000000000e+00
3.330759317023233024e+00,1.243056299891412131e+01,0.000000000000000000e+00
3.135958260559792876e+00,1.257764159981744001e+01,0.000000000000000000e+00
2.938256564306148899e+00,1.272698742074913980e+01,0.000000000000000000e+00
2.737448621247427383e+00,1.287868320667092092e+01,0.000000000000000000e+00
2.533308221519804615e+00,1.303274098471030662e+01,0.000000000000000000e+00
2.325609220717763215e+00,1.318918529299195264e+01,0.000000000000000000e+00
2.114185107976404243e+00,1.334843942778943671e+01,0.000000000000000000e+00
1.898885254693341462e+00,1.351127064752680340e+01,0.000000000000000000e+00
1.679477545715740705e+00,1.367824695031352888e+01,0.000000000000000000e+00
1.455471906593182485e+00,1.384789017220975182e+01,0.000000000000000000e+00
1.226376091447805905e+00,1.401754286810445471e+01,0.000000000000000000e+00
9.919081620336166472e-01,1.418494758255125632e+01,0.000000000000000000e+00
7.520244132069987542e-01,1.434948062091130616e+01,0.000000000000000000e+00
5.067317887181024272e-01,1.451089984823641288e+01,0.000000000000000000e+00
2.560463110853025692e-01,1.466888333777458975e+01,0.000000000000000000e+00
9.076485509438479455e-16,1.482302573404492207e+01,0.000000000000000000e+00
-2.613549547875919643e-01,1.497301533179004096e+01,0.000000000000000000e+00
-5.279619446964530782e-01,1.511885197206841625e+01,0.000000000000000000e+00
-7.997730825917387376e-01,1.526057950809877362e+01,0.000000000000000000e+00
-1.076740137251088525e+00,1.539810134803400565e+01,0.000000000000000000e+00
-1.358808800364053493e+00,1.553125565761351723e+01,0.000000000000000000e+00
-1.645920038255645146e+00,1.565988310647220949e+01,0.000000000000000000e+00
-1.938010281470113227e+00,1.578382711326917232e+01,0.000000000000000000e+00
-2.235012205102477001e+00,1.590293817334534054e+01,0.000000000000000000e+00
-2.536855362109675660e+00,1.601707438503145298e+01,0.000000000000000000e+00
-2.843466602786875352e+00,1.612610044907534146e+01,0.000000000000000000e+00
-3.154770704892998712e+00,1.622988829932276289e+01,0.000000000000000000e+00
-3.470689902460117882e+00,1.632831221577672665e+01,0.000000000000000000e+00
-3.791144208214456857e+00,1.642124967381304046e+01,0.000000000000000000e+00
-4.116055975600517058e+00,1.650859882830483372e+01,0.000000000000000000e+00
-4.445349459733392905e+00,1.659027004112387971e+01,0.000000000000000000e+00
-4.778930967542699193e+00,1.666611288232702748e+01,0.000000000000000000e+00
-5.116684990302205804e+00,1.673592249848847757e+01,0.000000000000000000e+00
-5.458451761099980537e+00,1.679938712360268127e+01,0.000000000000000000e+00
-5.804082821002539916e+00,1.685628046368696431e+01,0.000000000000000000e+00
-6.153557480639584298e+00,1.690676022737333284e+01,0.000000000000000000e+00
-6.506878198924459511e+00,1.695099724131260643e+01,0.000000000000000000e+00
-6.864017406104982122e+00,1.698903924347106198e+01,0.000000000000000000e+00
-7.224781312278559575e+00,1.702051814709068722e+01,0.000000000000000000e+00
-7.588891108036714073e+00,1.704492850180518104e+01,0.000000000000000000e+00
-7.956372451542291557e+00,1.706249578448405302e+01,0.000000000000000000e+00
-8.327343268906806983e+00,1.707358389438911672e+01,0.000000000000000000e+00
-8.701848803860197989e+00,1.707833987977345558e+01,0.000000000000000000e+00
-9.079454191988840961e+00,1.707596978977311863e+01,0.000000000000000000e+00
-9.459635060109748750e+00,1.706563339587785322e+01,0.000000000000000000e+00
-9.842912993870680083e+00,1.704842539986391614e+01,0.000000000000000000e+00
-1.022930891534339359e+01,1.702442894643124305e+01,0.000000000000000000e+00
-1.061803679429647751e+01,1.699241091254100766e+01,0.000000000000000000e+00
-1.100925270439308434e+01,1.695276251727585404e+01,0.000000000000000000e+00
-1.140311441258809388e+01,1.690581234758819917e+01,0.000000000000000000e+00
-1.179915591005363673e+01,1.685094099418255453e+01,0.000000000000000000e+00
-1.219725680801388634e+01,1.678808374989425189e+01,0.000000000000000000e+00
-1.259740892839847959e+01,1.671732628426591560e+01,0.000000000000000000e+00
-1.299941909769963289e+01,1.663849769747154639e+01,0.000000000000000000e+00
-1.340311217824178769e+01,1.655146511763111050e+01,0.000000000000000000e+00
-1.380833511011707770e+01,1.645613297522679375e+01,0.000000000000000000e+00
-1.421494051084771293e+01,1.635241847420528316e+01,0.000000000000000000e+00
-1.462282976542266866e+01,1.624029773969524726e+01,0.000000000000000000e+00
-1.503182347759297421e+01,1.611965715198511973e+01,0.000000000000000000e+00
-1.544158483666326731e+01,1.599022919133362386e+01,0.000000000000000000e+00
-1.585221223190106876e+01,1.585221223190107231e+01,0.000000000000000000e+00
-1.626358768025061252e+01,1.570556406090863000e+01,0.000000000000000000e+00
-1.667498303278925320e+01,1.554967323916552324e+01,0.000000000000000000e+00
-1.708684306567795730e+01,1.538506260061894437e+01,0.000000000000000000e+00
-1.749911102984281541e+01,1.521174514181601189e+01,0.000000000000000000e+00
-1.791054309894371599e+01,1.502873010850845681e+01,0.000000000000000000e+00
-1.832207545770346258e+01,1.483692416064237563e+01,0.000000000000000000e+00
-1.873363822097406484e+01,1.463632227422391452e+01,0.000000000000000000e+00
-1.914346061192041404e+01,1.442563227709593932e+01,0.000000000000000000e+00
-1.955302410186505213e+01,1.420610356111879113e+01,0.000000000000000000e+00
-1.996218086981071949e+01,1.397766952414713693e+01,0.000000000000000000e+00
-2.036873045707158525e+01,1.373888217056251726e+01,0.000000000000000000e+00
-2.077457342727744560e+01,1.349116572911320056e+01,0.000000000000000000e+00
-2.117953624228207232e+01,1.323444308545491310e+01,0.000000000000000000e+00
-2.158116393181956738e+01,1.296727151940836897e+01,0.000000000000000000e+00
-2.198141923634911876e+01,1.269097831327617953e+01,0.000000000000000000e+00
-2.238031255333958924e+01,1.240560982265816925e+01,0.000000000000000000e+00
-2.277541685652599313e+01,1.210990395263670827e+01,0.000000000000000000e+00
-2.316815566693940553e+01,1.180476493015420125e+01,0.000000000000000000e+00
-2.355896772495393421e+01,1.149047631243136181e+01,0.000000000000000000e+00
-2.394605095387996485e+01,1.116622694236403923e+01,0.000000000000000000e+00
-2.432937586281514086e+01,1.083213602977842527e+01,0.000000000000000000e+00
-2.470998297942673716e+01,1.048876548373463713e+01,0.000000000000000000e+00
-2.508978861578224695e+01,1.013693260143639030e+01,0.000000000000000000e+00
-2.547306362363569932e+01,9.778192987282668724e+00,0.000000000000000000e+00
-2.586379106170041098e+01,9.413650091739212300e+00,0.000000000000000000e+00
-2.626171049917838829e+01,9.042632097086247711e+00,0.000000000000000000e+00
-2.666685453018279262e+01,8.664586273434098374e+00,0.000000000000000000e+00
-2.707996746901962482e+01,8.279176908181732131e+00,0.000000000000000000e+00
-2.750150096219880069e+01,7.885928502351938540e+00,0.000000000000000000e+00
-2.793195110301262574e+01,7.484343741077848833e+00,0.000000000000000000e+00
-2.837189438342044667e+01,7.073907763495875578e+00,0.000000000000000000e+00
-2.882192056481199671e+01,6.654064665562807512e+00,0.000000000000000000e+00
-2.928266434651152039e+01,6.224222450031833276e+00,0.000000000000000000e+00
-2.975480522350580870e+01,5.783748237677666104e+00,0.000000000000000000e+00
-3.023906915683539154e+01,5.331963763859250527e+00,0.000000000000000000e+00
-3.073623587853988681e+01,4.868141517305475396e+00,0.000000000000000000e+00
-3.124714382881818509e+01,4.391499675767796873e+00,0.000000000000000000e+00
-3.177269552288673893e+01,3.901196468479333213e+00,0.000000000000000000e+00
-3.231386380747790810e+01,3.396323943964195013e+00,0.000000000000000000e+00
-3.287170100219209701e+01,2.875901188505578521e+00,0.000000000000000000e+00
-3.344734277363439645e+01,2.338866048142071996e+00,0.000000000000000000e+00
-3.404203153958091832e+01,1.784067275272682940e+00,0.000000000000000000e+00
-3.465708167814121765e+01,1.210251960539033611e+00,0.000000000000000000e+00
-3.529406247848641698e+01,6.160601521425459470e-01,0.000000000000000000e+00
-3.595398384244496270e+01,4.403093122924587968e-15,0.000000000000000000e+00
-3.595208531102822036e+01,-6.275459834088036315e-01,0.000000000000000000e+00
-3.604869992908058407e+01,-1.258848340700603252e+00,0.000000000000000000e+00
-3.612681768066249788e+01,-1.893326287206821057e+00,0.000000000000000000e+00
-3.618624218832965767e+01,-2.530388552445633543e+00,0.000000000000000000e+00
-3.622679471087107572e+01,-3.169433853082114005e+00,0.000000000000000000e+00
-3.624831454185773083e+01,-3.809851379591640441e+00,0.000000000000000000e+00
-3.625065939556908035e+01,-4.451021296325712306e+00,0.000000000000000000e+00
-3.623370577989530261e+01,-5.092315254667354019e+00,0.000000000000000000e+00
-3.619737899807045522e+01,-5.733101613824509002e+00,0.000000000000000000e+00
-3.614174172948727204e+01,-6.372764196705630546e+00,0.000000000000000000e+00
-3.606690398104276341e+01,-7.010695945475498903e+00,0.000000000000000000e+00
-3.597299307761690557e+01,-7.646295721557746283e+00,0.000000000000000000e+00
-3.586015342949340123e+01,-8.278968755752298847e+00,0.000000000000000000e+00
-3.572854628890053164e+01,-8.908127090701695394e+00,0.000000000000000000e+00
-3.557834949589691576e+01,-9.533190015457803312e+00,0.000000000000000000e+00
-3.540975721383222208e+01,-1.015358449190604517e+01,0.000000000000000000e+00
-3.522296345872025114e+01,-1.076874062122802123e+01,0.000000000000000000e+00
-3.501805078300573371e+01,-1.137805442308272141e+01,0.000000000000000000e+00
-3.479506023285852478e+01,-1.198090004425032440e+01,0.000000000000000000e+00
-3.455405295269256527e+01,-1.257664674803827154e+01,0.000000000000000000e+00
-3.429514647012491224e+01,-1.316467330615275166e+01,0.000000000000000000e+00
-3.401861466972658832e+01,-1.374441249315013280e+01,0.000000000000000000e+00
-3.372478035073563518e+01,-1.431531994108778960e+01,0.000000000000000000e+00
-3.341400916384406372e+01,-1.487687537090565471e+01,0.000000000000000000e+00
-3.308676271710834982e+01,-1.542861083854490545e+01,0.000000000000000000e+00
-3.274352056623772000e+01,-1.597008204453062952e+01,0.000000000000000000e+00
-3.238466475132032230e+01,-1.650081086414284570e+01,0.000000000000000000e+00
-3.201050418440404854e+01,-1.702028698708686960e+01,0.000000000000000000e+00
-3.162106399887150943e+01,-1.752784199114176289e+01,0.000000000000000000e+00
-3.121612300195272027e+01,-1.802263701823387620e+01,0.000000000000000000e+00
-3.079988395397325007e+01,-1.850643733856139050e+01,0.000000000000000000e+00
-3.038211091562412847e+01,-1.898484995748334825e+01,0.000000000000000000e+00
-2.996738253149184317e+01,-1.946104576420524168e+01,0.000000000000000000e+00
-2.955475324863865083e+01,-1.993493277938313568e+01,0.000000000000000000e+00
-2.914368805486099134e+01,-2.040663006724592776e+01,0.000000000000000000e+00
-2.873414735531157405e+01,-2.087658005960662067e+01,0.000000000000000000e+00
-2.832592629453168698e+01,-2.134511648215757162e+01,0.000000000000000000e+00
-2.791871247165714109e+01,-2.181248876467953224e+01,0.000000000000000000e+00
-2.751224698675099489e+01,-2.227897832718840831e+01,0.000000000000000000e+00
-2.710629407220147158e+01,-2.274488135856714166e+01,0.000000000000000000e+00
-2.670060876583172771e+01,-2.321048509175721719e+01,0.000000000000000000e+00
-2.629493842239075718e+01,-2.367606890008330112e+01,0.000000000000000000e+00
-2.588903722733571655e+01,-2.414191778007008793e+01,0.000000000000000000e+00
-2.548265663532740888e+01,-2.460831546499868239e+01,0.000000000000000000e+00
-2.507554935945403685e+01,-2.507554935945403329e+01,0.000000000000000000e+00
-2.466746266292908629e+01,-2.554390535176009891e+01,0.000000000000000000e+00
-2.425814510176604699e+01,-2.601367577037239798e+01,0.000000000000000000e+00
-2.384733882607601174e+01,-2.648515294561211419e+01,0.000000000000000000e+00
-2.343478556522128642e+01,-2.695863694422949308e+01,0.000000000000000000e+00
-2.302021950007898710e+01,-2.743442929152640986e+01,0.000000000000000000e+00
-2.260337274006695196e+01,-2.791284072481059653e+01,0.000000000000000000e+00
-2.218396897613262198e+01,-2.839418545983182796e+01,0.000000000000000000e+00
-2.176172761279952539e+01,-2.887878793807949407e+01,0.000000000000000000e+00
-2.133635902586812705e+01,-2.936697881188682047e+01,0.000000000000000000e+00
-2.090756655047965040e+01,-2.985909949489559523e+01,0.000000000000000000e+00
-2.047504413851203608e+01,-3.035550126833347662e+01,0.000000000000000000e+00
-2.003847538471976009e+01,-3.085654617319091031e+01,0.000000000000000000e+00
-1.959753418806135628e+01,-3.136261064521705322e+01,0.000000000000000000e+00
-1.915188051830148552e+01,-3.187408179503774264e+01,0.000000000000000000e+00
-1.870116373180022862e+01,-3.239136574414234104e+01,0.000000000000000000e+00
-1.824501627850270680e+01,-3.291488066212341579e+01,0.000000000000000000e+00
-1.778305731365047748e+01,-3.344506652455310558e+01,0.000000000000000000e+00
-1.731488758326096189e+01,-3.398238027254863169e+01,0.000000000000000000e+00
-1.684008957188945743e+01,-3.452730034178436824e+01,0.000000000000000000e+00
-1.635822670781429977e+01,-3.508033038217200783e+01,0.000000000000000000e+00
-1.586883869276054604e+01,-3.564199526309430865e+01,0.000000000000000000e+00
-1.537144314334697981e+01,-3.621285069537928081e+01,0.000000000000000000e+00
-1.486553133643963598e+01,-3.679348117986969413e+01,0.000000000000000000e+00
-1.435056601009609878e+01,-3.738450258506785673e+01,0.000000000000000000e+00
-1.382597801523607650e+01,-3.798656239873707818e+01,0.000000000000000000e+00
-1.329116918286268145e+01,-3.860035811789948212e+01,0.000000000000000000e+00
-1.274550585838940897e+01,-3.922663355333580881e+01,0.000000000000000000e+00
-1.218828380100941011e+01,-3.986607998535940567e+01,0.000000000000000000e+00
-1.161883674818663614e+01,-4.051969909625566402e+01,0.000000000000000000e+00
-1.103633450648842995e+01,-4.118816110754043081e+01,0.000000000000000000e+00
-1.043926241695185375e+01,-4.186959466208780611e+01,0.000000000000000000e+00
-9.825815874034578457e+00,-4.256028440353901487e+01,0.000000000000000000e+00
-9.194720711312101002e+00,-4.325775990668396531e+01,0.000000000000000000e+00
-8.545287024960433797e+00,-4.396169068187901985e+01,0.000000000000000000e+00
-7.876699305682518748e+00,-4.467098157091270849e+01,0.000000000000000000e+00
-7.188466694021563796e+00,-4.538619247756970054e+01,0.000000000000000000e+00
-6.479925318771710074e+00,-4.610706441649923448e+01,0.000000000000000000e+00
-5.750361196425215482e+00,-4.683293366966954352e+01,0.000000000000000000e+00
-4.999102891326000275e+00,-4.756328685223350305e+01,0.000000000000000000e+00
-4.225486735218026091e+00,-4.829753438816626954e+01,0.000000000000000000e+00
-3.428870770412471458e+00,-4.903513652506326537e+01,0.000000000000000000e+00
-2.608621147771076565e+00,-4.977545668711790938e+01,0.000000000000000000e+00
-1.764133279662141618e+00,-5.051816742122469606e+01,0.000000000000000000e+00
-8.946886419452154682e-01,-5.125667796851769964e+01,0.000000000000000000e+00
-9.546517791652300688e-15,-5.196882234833727665e+01,0.000000000000000000e+00
9.188610131432531913e-01,-5.264151218697886492e+01,0.000000000000000000e+00
1.859957792163418056e+00,-5.326222243192366079e+01,0.000000000000000000e+00
2.821708991854560811e+00,-5.384141496656852865e+01,0.000000000000000000e+00
3.802565080365875261e+00,-5.437921413373941704e+01,0.000000000000000000e+00
4.801136235924499118e+00,-5.487723828929992465e+01,0.000000000000000000e+00
5.814411283253458684e+00,-5.532042803561770228e+01,0.000000000000000000e+00
6.841720748036343558e+00,-5.572134393546937048e+01,0.000000000000000000e+00
7.881945222572245058e+00,-5.608295439018141337e+01,0.000000000000000000e+00
8.931364277039381960e+00,-5.639041473227204193e+01,0.000000000000000000e+00
9.989641229710308323e+00,-5.665407069055969913e+01,0.000000000000000000e+00
1.105609498357505416e+01,-5.687867784870041987e+01,0.000000000000000000e+00
1.212533763997749325e+01,-5.704522854863075310e+01,0.000000000000000000e+00
1.319960567420634057e+01,-5.717377352788902556e+01,0.000000000000000000e+00
1.427528204469983031e+01,-5.725502904572874030e+01,0.000000000000000000e+00
1.534973180952840366e+01,-5.728597899571607854e+01,0.000000000000000000e+00
1.642459924468196064e+01,-5.727938464020230214e+01,0.000000000000000000e+00
1.749330583252669769e+01,-5.721802518826383732e+01,0.000000000000000000e+00
1.855805186878423996e+01,-5.711581071860175030e+01,0.000000000000000000e+00
1.961680994821990254e+01,-5.697135283691961405e+01,0.000000000000000000e+00
2.066430040905905940e+01,-5.677469876271678118e+01,0.000000000000000000e+00
2.170376523328079443e+01,-5.654024147190144589e+01,0.000000000000000000e+00
2.273100180011428151e+01,-5.626120372044501750e+01,0.000000000000000000e+00
2.374271920965370342e+01,-5.593434122115179008e+01,0.000000000000000000e+00
2.474101856841688374e+01,-5.556923752851130871e+01,0.000000000000000000e+00
2.572372737534153586e+01,-5.516471137772108335e+01,0.000000000000000000e+00
2.668443863118731585e+01,-5.471120703591033418e+01,0.000000000000000000e+00
2.762658110647947041e+01,-5.422021831076673948e+01,0.000000000000000000e+00
2.854802899251940929e+01,-5.369103365970568831e+01,0.000000000000000000e+00
2.944719553240839716e+01,-5.312414699928014983e+01,0.000000000000000000e+00
3.032164386957296642e+01,-5.251862775110974013e+01,0.000000000000000000e+00
3.116812316713709308e+01,-5.187246789044011308e+01,0.000000000000000000e+00
3.198776536706503393e+01,-5.119112542377767738e+01,0.000000000000000000e+00
3.277887670350050087e+01,-5.047504378891853349e+01,0.000000000000000000e+00
3.354013090930330776e+01,-4.972528896494088713e+01,0.000000000000000000e+00
3.427013049062156114e+01,-4.894281855097334955e+01,0.000000000000000000e+00
3.496798320419747341e+01,-4.812929987759708439e+01,0.000000000000000000e+00
3.563234957744532494e+01,-4.728572498891706744e+01,0.000000000000000000e+00
3.625857799657550373e+01,-4.640886350193687093e+01,0.000000000000000000e+00
3.684798775004661309e+01,-4.550347529657096146e+01,0.000000000000000000e+00
3.740266255130030260e+01,-4.457475746810105477e+01,0.000000000000000000e+00
3.791953731688643359e+01,-4.362143774578431277e+01,0.000000000000000000e+00
3.839312615083625957e+01,-4.263988638653474794e+01,0.000000000000000000e+00
3.882594142755723965e+01,-4.163572472416349513e+01,0.000000000000000000e+00
3.921901831259985016e+01,-4.061248233980468569e+01,0.000000000000000000e+00
3.956991666272678287e+01,-3.956991666272679709e+01,0.000000000000000000e+00
3.987702978215929051e+01,-3.850880003327863932e+01,0.000000000000000000e+00
4.013957618311605557e+01,-3.743076034192768020e+01,0.000000000000000000e+00
4.035683825904249744e+01,-3.633746038351565488e+01,0.000000000000000000e+00
4.052813192218769700e+01,-3.523056758842422909e+01,0.000000000000000000e+00
4.065282318939809159e+01,-3.411176894453914343e+01,0.000000000000000000e+00
4.073033131559932940e+01,-3.298277196611496009e+01,0.000000000000000000e+00
4.076012933634647339e+01,-3.184530318504233293e+01,0.000000000000000000e+00
4.074174457075205424e+01,-3.070110662954373382e+01,0.000000000000000000e+00
4.067336800822754839e+01,-2.955093161519002720e+01,0.000000000000000000e+00
4.055071306250194141e+01,-2.839391496614283028e+01,0.000000000000000000e+00
4.038040999434483780e+01,-2.723693045477467578e+01,0.000000000000000000e+00
4.016589213405462289e+01,-2.608403533940722951e+01,0.000000000000000000e+00
3.989543078436925327e+01,-2.492943197837230684e+01,0.000000000000000000e+00
3.957941919053380531e+01,-2.378171431557546356e+01,0.000000000000000000e+00
3.920852446860216389e+01,-2.263705215647551938e+01,0.000000000000000000e+00
3.879073933481646463e+01,-2.150205792583371789e+01,0.000000000000000000e+00
3.831724136129157898e+01,-2.037363862704805229e+01,0.000000000000000000e+00
3.779574616094287620e+01,-1.925789455163175745e+01,0.000000000000000000e+00
3.722026203363896002e+01,-1.815353474876636142e+01,0.000000000000000000e+00
3.660181833392019968e+01,-1.706770819150504437e+01,0.000000000000000000e+00
3.596346425009575398e+01,-1.601196590721067281e+01,0.000000000000000000e+00
3.531423392290842145e+01,-1.499000295400958471e+01,0.000000000000000000e+00
3.465605544472077781e+01,-1.400195528366448627e+01,0.000000000000000000e+00
3.398995502037333694e+01,-1.304752128479281836e+01,0.000000000000000000e+00
3.331635724848281654e+01,-1.212616235262677478e+01,0.000000000000000000e+00
3.263598466211210791e+01,-1.123747070606321685e+01,0.000000000000000000e+00
3.195073919176121535e+01,-1.038142447260387868e+01,0.000000000000000000e+00
3.126204828187558604e+01,-9.557767325011347737e+00,0.000000000000000000e+00
3.057105931466065840e+01,-8.766110196237789864e+00,0.000000000000000000e+00
2.987751538636324611e+01,-8.005656119624473988e+00,0.000000000000000000e+00
2.918154248115139637e+01,-7.275775706708918378e+00,0.000000000000000000e+00
2.848634196214689140e+01,-6.576590240585087344e+00,0.000000000000000000e+00
2.779277778010488120e+01,-5.907537284198099314e+00,0.000000000000000000e+00
2.709977570750456266e+01,-5.267662779587565680e+00,0.000000000000000000e+00
2.640860177532972486e+01,-4.656549015776123568e+00,0.000000000000000000e+00
2.572153573243523184e+01,-4.073891041269322777e+00,0.000000000000000000e+00
2.503915680702430180e+01,-3.519023997903273582e+00,0.000000000000000000e+00
2.436180080122689162e+01,-2.991253014182689185e+00,0.000000000000000000e+00
2.368938248258562140e+01,-2.489854429748272757e+00,0.000000000000000000e+00
2.303770064942871798e+01,-2.015537640528833663e+00,0.000000000000000000e+00
2.242282270612486172e+01,-1.567956506613856327e+00,0.000000000000000000e+00
2.184124525596724453e+01,-1.144651160641513954e+00,0.000000000000000000e+00
2.129006655556377225e+01,-7.434655066508067955e-01,0.000000000000000000e+00
2.076664791168773050e+01,-3.624831876399629005e-01,0.000000000000000000e+00
2.026863966984469201e+01,-4.964384938949273086e-15,0.000000000000000000e+00
