1.982295795762210133e+01,0.000000000000000000e+00,0.000000000000000000e+00
1.945078782312985766e+01,3.395147643577156038e-01,0.000000000000000000e+00
1.909211125075709248e+01,6.667112160984918212e-01,0.000000000000000000e+00
1.874601460370810813e+01,9.824369957878017479e-01,0.000000000000000000e+00
1.841163580398828259e+01,1.287466994437891810e+00,0.000000000000000000e+00
1.808820978928559953e+01,1.582513300041132664e+00,0.000000000000000000e+00
1.777500393605298257e+01,1.868228195543237602e+00,0.000000000000000000e+00
1.747137462733765290e+01,2.145215061987802319e+00,0.000000000000000000e+00
1.717669767468414932e+01,2.414027428630736605e+00,0.000000000000000000e+00
1.689042361397630643e+01,2.675180290943968586e+00,0.000000000000000000e+00
1.661202343022513261e+01,2.929147934909875239e+00,0.000000000000000000e+00
1.634101401312826951e+01,3.176371355495663185e+00,0.000000000000000000e+00
1.607695394720575877e+01,3.417262053145345924e+00,0.000000000000000000e+00
1.581941072302191920e+01,3.652198738296406955e+00,0.000000000000000000e+00
1.556800788969979976e+01,3.881540315385731077e+00,0.000000000000000000e+00
1.532237536835912550e+01,4.105618106078353868e+00,0.000000000000000000e+00
1.508216668709635755e+01,4.324741704770087125e+00,0.000000000000000000e+00
1.484707419874404266e+01,4.539206112449310382e+00,0.000000000000000000e+00
1.461678827423153315e+01,4.749282405964017073e+00,0.000000000000000000e+00
1.439102621449507424e+01,4.955227709226093680e+00,0.000000000000000000e+00
1.416953164206921301e+01,5.157287751206297344e+00,0.000000000000000000e+00
1.395204498471945520e+01,5.355688284830045554e+00,0.000000000000000000e+00
1.373832838430605818e+01,5.550644966395183566e+00,0.000000000000000000e+00
1.352816648724408033e+01,5.742365983325863787e+00,0.000000000000000000e+00
1.332134077274920081e+01,5.931043038798124556e+00,0.000000000000000000e+00
1.311764472473591070e+01,6.116858192100874447e+00,0.000000000000000000e+00
1.291689520115730794e+01,6.299990732694406681e+00,0.000000000000000000e+00
1.271890776493416020e+01,6.480607196006259230e+00,0.000000000000000000e+00
1.252349974818751654e+01,6.658862933521455751e+00,0.000000000000000000e+00
1.233051031148202803e+01,6.834913474686190149e+00,0.000000000000000000e+00
1.213978261845236872e+01,7.008906762667014512e+00,0.000000000000000000e+00
1.195115701263301133e+01,7.180979600706240085e+00,0.000000000000000000e+00
1.176448440180324617e+01,7.351265743702185773e+00,0.000000000000000000e+00
1.157962887119711048e+01,7.519898915364521486e+00,0.000000000000000000e+00
1.139645229006385918e+01,7.687004131436451004e+00,0.000000000000000000e+00
1.121481569028462388e+01,7.852698485969823672e+00,0.000000000000000000e+00
1.103459340283789025e+01,8.017101386409118291e+00,0.000000000000000000e+00
1.085566428837817021e+01,8.180329791063636335e+00,0.000000000000000000e+00
1.067790417893531441e+01,8.342493056218172498e+00,0.000000000000000000e+00
1.050118986527574627e+01,8.503695882449525456e+00,0.000000000000000000e+00
1.032540970969434468e+01,8.664047479158830001e+00,0.000000000000000000e+00
1.015045222914602618e+01,8.823653505633794580e+00,0.000000000000000000e+00
9.976202745309532105e+00,8.982613298611916264e+00,0.000000000000000000e+00
9.802548437986661867e+00,9.141024301017731446e+00,0.000000000000000000e+00
9.629385265662198989e+00,9.298989259342619107e+00,0.000000000000000000e+00
9.456607332116886866e+00,9.456607332116885090e+00,0.000000000000000000e+00
9.284105218843803797e+00,9.613972390533987777e+00,0.000000000000000000e+00
9.111771463453330000e+00,9.771178610303159928e+00,0.000000000000000000e+00
8.939504951079269901e+00,9.928326075046168597e+00,0.000000000000000000e+00
8.767201447306115725e+00,1.008551156472326760e+01,0.000000000000000000e+00
8.594752667331631457e+00,1.024282736875113820e+01,0.000000000000000000e+00
8.422052063995364435e+00,1.040036814601803528e+01,0.000000000000000000e+00
8.248997336644615430e+00,1.055823511502127054e+01,0.000000000000000000e+00
8.075481892996245747e+00,1.071652642819005408e+01,0.000000000000000000e+00
7.901394394683503464e+00,1.087533639135464547e+01,0.000000000000000000e+00
7.726625101377555538e+00,1.103476423737594558e+01,0.000000000000000000e+00
7.551066313079692449e+00,1.119491618642335773e+01,0.000000000000000000e+00
7.374604695671966859e+00,1.135589539284776350e+01,0.000000000000000000e+00
7.197121419656531849e+00,1.151780191757729277e+01,0.000000000000000000e+00
7.018499389989140802e+00,1.168074453164855164e+01,0.000000000000000000e+00
6.838620662059800459e+00,1.184483844037788280e+01,0.000000000000000000e+00
6.657360059073901937e+00,1.201019547060590398e+01,0.000000000000000000e+00
6.474586491649991338e+00,1.217692616701999420e+01,0.000000000000000000e+00
6.290170653450186222e+00,1.234515500588153358e+01,0.000000000000000000e+00
6.103978302540261858e+00,1.251501016261496879e+01,0.000000000000000000e+00
5.915866173570647035e+00,1.268661595003065479e+01,0.000000000000000000e+00
5.725686097640925176e+00,1.286010153113364396e+01,0.000000000000000000e+00
5.533289491288124751e+00,1.303561313883882988e+01,0.000000000000000000e+00
5.338518073065155356e+00,1.321329589936886428e+01,0.000000000000000000e+00
5.141203287956859214e+00,1.339329246482422775e+01,0.000000000000000000e+00
4.941174000325015747e+00,1.357576399148924295e+01,0.000000000000000000e+00
4.738251503704049128e+00,1.376088155822112036e+01,0.000000000000000000e+00
4.532243647677689502e+00,1.394881166092474167e+01,0.000000000000000000e+00
4.322950200514235064e+00,1.413973298292852476e+01,0.000000000000000000e+00
4.110164412527131717e+00,1.433384673880800086e+01,0.000000000000000000e+00
3.893663684387555612e+00,1.453135069772018895e+01,0.000000000000000000e+00
3.673212436773912071e+00,1.473245040623953450e+01,0.000000000000000000e+00
3.448566534721336563e+00,1.493738274600918636e+01,0.000000000000000000e+00
3.219463216960960938e+00,1.514638358687289355e+01,0.000000000000000000e+00
2.985622741902087096e+00,1.535969746702466310e+01,0.000000000000000000e+00
2.746752353424736892e+00,1.557760668496986334e+01,0.000000000000000000e+00
2.502536335766498699e+00,1.580039258047506046e+01,0.000000000000000000e+00
2.252638415073739075e+00,1.602835517409520705e+01,0.000000000000000000e+00
1.996702209599183542e+00,1.626183450847808842e+01,0.000000000000000000e+00
1.734342634271837547e+00,1.650116791095873126e+01,0.000000000000000000e+00
1.465149504724829743e+00,1.674673547036968557e+01,0.000000000000000000e+00
1.188681971447583807e+00,1.699894415904223166e+01,0.000000000000000000e+00
9.044646836137728574e-01,1.725821425725720459e+01,0.000000000000000000e+00
6.119874578561407263e-01,1.752502784913603051e+01,0.000000000000000000e+00
3.106979430796305008e-01,1.779987323778805219e+01,0.000000000000000000e+00
1.107283171696069820e-15,1.808330650873384116e+01,0.000000000000000000e+00
-3.207526812388661885e-01,1.837590880113789282e+01,0.000000000000000000e+00
-6.522614942199399524e-01,1.867832535517531767e+01,0.000000000000000000e+00
-9.952891714096784304e-01,1.899124872348390269e+01,0.000000000000000000e+00
-1.350667143335212206e+00,1.931544004074335419e+01,0.000000000000000000e+00
-1.719302878943358870e+00,1.965172183061073241e+01,0.000000000000000000e+00
-2.102190931005451180e+00,2.000101066994737309e+01,0.000000000000000000e+00
-2.500420828904498016e+00,2.036429344632164629e+01,0.000000000000000000e+00
-2.915190599257840187e+00,2.074265892493832908e+01,0.000000000000000000e+00
-3.347821654862941365e+00,2.113731404425277915e+01,0.000000000000000000e+00
-3.799786289021693353e+00,2.154965889936137557e+01,0.000000000000000000e+00
-4.272668355162476672e+00,2.198097314546038206e+01,0.000000000000000000e+00
-4.768293933056678036e+00,2.243305920830190914e+01,0.000000000000000000e+00
-5.288824842208189381e+00,2.290841720733949671e+01,0.000000000000000000e+00
-5.835347002487758061e+00,2.340429849814343299e+01,0.000000000000000000e+00
-6.406523708174352016e+00,2.390947197880124264e+01,0.000000000000000000e+00
-7.000412301041468055e+00,2.441333897149360155e+01,0.000000000000000000e+00
-7.617118105221205582e+00,2.491447069976574724e+01,0.000000000000000000e+00
-8.256808987510403597e+00,2.541184509046145479e+01,0.000000000000000000e+00
-8.919658510979015631e+00,2.590456927273900689e+01,0.000000000000000000e+00
-9.605851397144302695e+00,2.639185980829060796e+01,0.000000000000000000e+00
-1.031550401024166597e+01,2.687280669388562160e+01,0.000000000000000000e+00
-1.104440043815784200e+01,2.733585032834965034e+01,0.000000000000000000e+00
-1.178490791991416664e+01,2.776350320414488237e+01,0.000000000000000000e+00
-1.253536562114970643e+01,2.815489215943691903e+01,0.000000000000000000e+00
-1.329437303831284645e+01,2.850987498449759627e+01,0.000000000000000000e+00
-1.406067158638234460e+01,2.882864896874457017e+01,0.000000000000000000e+00
-1.483290668397642698e+01,2.911121848514970623e+01,0.000000000000000000e+00
-1.560986223322867161e+01,2.935788102244337949e+01,0.000000000000000000e+00
-1.638847374205313656e+01,2.956558926667563725e+01,0.000000000000000000e+00
-1.716691499600247184e+01,2.973396898229236740e+01,0.000000000000000000e+00
-1.794603136867093696e+01,2.986721179649782698e+01,0.000000000000000000e+00
-1.872431751209256845e+01,2.996517184732976347e+01,0.000000000000000000e+00
-1.950048753179631689e+01,3.002811752751625463e+01,0.000000000000000000e+00
-2.027309517270331796e+01,3.005609961399400021e+01,0.000000000000000000e+00
-2.104089190958328004e+01,3.004950784074766545e+01,0.000000000000000000e+00
-2.180043569973902962e+01,3.000572555551514498e+01,0.000000000000000000e+00
-2.255145345540828927e+01,2.992678952801326275e+01,0.000000000000000000e+00
-2.329374916550221641e+01,2.981463932678907369e+01,0.000000000000000000e+00
-2.402594403201589301e+01,2.966956996820672998e+01,0.000000000000000000e+00
-2.474675286318503709e+01,2.949203162974182035e+01,0.000000000000000000e+00
-2.545489152769667740e+01,2.928250302269998429e+01,0.000000000000000000e+00
-2.614912153624806379e+01,2.904154162994666777e+01,0.000000000000000000e+00
-2.682824799026698059e+01,2.876977368954489123e+01,0.000000000000000000e+00
-2.749113799690053739e+01,2.846790675639028123e+01,0.000000000000000000e+00
-2.813671321633105649e+01,2.813671321633106004e+01,0.000000000000000000e+00
-2.876402929247059603e+01,2.777710020596070706e+01,0.000000000000000000e+00
-2.937205992134869703e+01,2.738988898759704682e+01,0.000000000000000000e+00
-2.996037516600310369e+01,2.697644296814977949e+01,0.000000000000000000e+00
-3.052764150470774851e+01,2.653727389685064253e+01,0.000000000000000000e+00
-3.106913380617550402e+01,2.607009871775943566e+01,0.000000000000000000e+00
-3.158759225157357164e+01,2.557912785239862430e+01,0.000000000000000000e+00
-3.208402246427418447e+01,2.506678559185605693e+01,0.000000000000000000e+00
-3.255719234403079554e+01,2.453360415082008217e+01,0.000000000000000000e+00
-3.300174046562661800e+01,2.397716794647318395e+01,0.000000000000000000e+00
-3.341896886776780917e+01,2.340021392040664594e+01,0.000000000000000000e+00
-3.382602066892983572e+01,2.281593903208113261e+01,0.000000000000000000e+00
-3.423274104247965255e+01,2.223100196895034841e+01,0.000000000000000000e+00
-3.463991180966451822e+01,2.164541924270132967e+01,0.000000000000000000e+00
-3.504778139560013273e+01,2.105883162490292193e+01,0.000000000000000000e+00
-3.545660079513963581e+01,2.047087801362296133e+01,0.000000000000000000e+00
-3.586662339275989808e+01,1.988119399165443824e+01,0.000000000000000000e+00
-3.627810554253471054e+01,1.928941087977629110e+01,0.000000000000000000e+00
-3.669130721260777506e+01,1.869515480004216457e+01,0.000000000000000000e+00
-3.710649265294161125e+01,1.809804571421932096e+01,0.000000000000000000e+00
-3.752393108593587812e+01,1.749769642945231496e+01,0.000000000000000000e+00
-3.794389742820277434e+01,1.689371156744067903e+01,0.000000000000000000e+00
-3.836667304053898420e+01,1.628568648745680392e+01,0.000000000000000000e+00
-3.879254650722764808e+01,1.567320615584998755e+01,0.000000000000000000e+00
-3.922181445865350469e+01,1.505584395950914534e+01,0.000000000000000000e+00
-3.965478244992981871e+01,1.443316045807625514e+01,0.000000000000000000e+00
-4.009176588147078490e+01,1.380470205853488608e+01,0.000000000000000000e+00
-4.053309096512713694e+01,1.316999960376987389e+01,0.000000000000000000e+00
-4.097909577848448492e+01,1.252856687791578771e+01,0.000000000000000000e+00
-4.143013138208250723e+01,1.187989900519336572e+01,0.000000000000000000e+00
-4.188656299141536010e+01,1.122347072726511108e+01,0.000000000000000000e+00
-4.234877129007227836e+01,1.055873456861634985e+01,0.000000000000000000e+00
-4.281715377922722610e+01,9.885118842155248942e+00,0.000000000000000000e+00
-4.329212629505352083e+01,9.202025512660927831e+00,0.000000000000000000e+00
-4.377412459684966706e+01,8.508827871368652040e+00,0.000000000000000000e+00
-4.426360614318551256e+01,7.804868026496559530e+00,0.000000000000000000e+00
-4.476105196089775973e+01,7.089454163164285561e+00,0.000000000000000000e+00
-4.526696874657575620e+01,6.361857572090837465e+00,0.000000000000000000e+00
-4.578189110739011625e+01,5.621309396925491697e+00,0.000000000000000000e+00
-4.630638403064314446e+01,4.866997081459492946e+00,0.000000000000000000e+00
-4.684104559926690570e+01,4.098060477636747301e+00,0.000000000000000000e+00
-4.738650996277046090e+01,3.313587570825943018e+00,0.000000000000000000e+00
-4.794345060286898530e+01,2.512609777262544863e+00,0.000000000000000000e+00
-4.851258393561895588e+01,1.694096761064800116e+00,0.000000000000000000e+00
-4.909467342441182325e+01,8.569507122527431076e-01,0.000000000000000000e+00
-4.969049293546551382e+01,6.085330312147201054e-15,0.000000000000000000e+00
-4.968293363771000060e+01,-8.672188324705376594e-01,0.000000000000000000e+00
-4.998214404042037984e+01,-1.745414930738849124e+00,0.000000000000000000e+00
-5.025667060057920565e+01,-2.633840500335647317e+00,0.000000000000000000e+00
-5.049927751611665627e+01,-3.531253482152609369e+00,0.000000000000000000e+00
-5.071582988699226036e+01,-4.437060176421054436e+00,0.000000000000000000e+00
-5.090191399383536464e+01,-5.350006743881279725e+00,0.000000000000000000e+00
-5.105620212041211659e+01,-6.268913358724762297e+00,0.000000000000000000e+00
-5.118081822588000307e+01,-7.192994914216549240e+00,0.000000000000000000e+00
-5.127659100381211488e+01,-8.121414167888927338e+00,0.000000000000000000e+00
-5.134302068856626278e+01,-9.053159818467147346e+00,0.000000000000000000e+00
-5.137949597250350564e+01,-9.987162310475387272e+00,0.000000000000000000e+00
-5.138542850638386028e+01,-1.092231000325767809e+01,0.000000000000000000e+00
-5.136049506079800153e+01,-1.185750458999985213e+01,0.000000000000000000e+00
-5.130519735248103785e+01,-1.279182239136932964e+01,0.000000000000000000e+00
-5.121982764168589597e+01,-1.372431145305101019e+01,0.000000000000000000e+00
-5.110459038002500876e+01,-1.465400548256612723e+01,0.000000000000000000e+00
-5.095971756328722790e+01,-1.557994917756465014e+01,0.000000000000000000e+00
-5.078546830441070625e+01,-1.650119893451503472e+01,0.000000000000000000e+00
-5.058212838958056068e+01,-1.741682354349569906e+01,0.000000000000000000e+00
-5.035000960919656166e+01,-1.832590479276480977e+01,0.000000000000000000e+00
-5.008931400708707571e+01,-1.922748618691642974e+01,0.000000000000000000e+00
-4.979990610815955421e+01,-2.012046811182487360e+01,0.000000000000000000e+00
-4.948162850048190364e+01,-2.100370516349398287e+01,0.000000000000000000e+00
-4.913456312724375863e+01,-2.187611694435198828e+01,0.000000000000000000e+00
-4.875974300702071673e+01,-2.273704157384339197e+01,0.000000000000000000e+00
-4.835844106533353681e+01,-2.358598763980475610e+01,0.000000000000000000e+00
-4.793117153022615895e+01,-2.442215171873301216e+01,0.000000000000000000e+00
-4.747771459715794151e+01,-2.524434864504074483e+01,0.000000000000000000e+00
-4.699815983791094709e+01,-2.605150539977803348e+01,0.000000000000000000e+00
-4.649312820505680577e+01,-2.684282008465733682e+01,0.000000000000000000e+00
-4.596541001253352476e+01,-2.761880471398651693e+01,0.000000000000000000e+00
-4.541973548615391820e+01,-2.838140067712607006e+01,0.000000000000000000e+00
-4.486138107554296539e+01,-2.913332151178470397e+01,0.000000000000000000e+00
-4.429394087152304849e+01,-2.987664036235714349e+01,0.000000000000000000e+00
-4.371725333427232840e+01,-3.061115033448103162e+01,0.000000000000000000e+00
-4.313051408825063504e+01,-3.133615273984844407e+01,0.000000000000000000e+00
-4.253342629674364161e+01,-3.205123565065983371e+01,0.000000000000000000e+00
-4.192718318324327953e+01,-3.275710558098209901e+01,0.000000000000000000e+00
-4.131187457541527408e+01,-3.345369641252606385e+01,0.000000000000000000e+00
-4.068691739178360223e+01,-3.414037737718607701e+01,0.000000000000000000e+00
-4.005231478982972959e+01,-3.481694606563969785e+01,0.000000000000000000e+00
-3.940932208397755687e+01,-3.548431298744957019e+01,0.000000000000000000e+00
-3.875778342835861423e+01,-3.614221775220065780e+01,0.000000000000000000e+00
-3.809610626855673132e+01,-3.678898218740264525e+01,0.000000000000000000e+00
-3.742577956296315023e+01,-3.742577956296313602e+01,0.000000000000000000e+00
-3.674757342801238025e+01,-3.805322624295163081e+01,0.000000000000000000e+00
-3.606102455740875712e+01,-3.867071438679678153e+01,0.000000000000000000e+00
-3.536548358797395508e+01,-3.927734866579027795e+01,0.000000000000000000e+00
-3.466132649074744876e+01,-3.987329494732849611e+01,0.000000000000000000e+00
-3.394921079214938686e+01,-4.045909392728214016e+01,0.000000000000000000e+00
-3.322936159081422147e+01,-4.103484414197157548e+01,0.000000000000000000e+00
-3.250175295261360020e+01,-4.160034672330449723e+01,0.000000000000000000e+00
-3.176618564415926471e+01,-4.215515216171416313e+01,0.000000000000000000e+00
-3.102211925119638991e+01,-4.269828407204744281e+01,0.000000000000000000e+00
-3.027050879885014822e+01,-4.323076680414744288e+01,0.000000000000000000e+00
-2.951159184756762599e+01,-4.375273419188250301e+01,0.000000000000000000e+00
-2.874533878398924003e+01,-4.426394006644552803e+01,0.000000000000000000e+00
-2.797186124911058869e+01,-4.476433539849699628e+01,0.000000000000000000e+00
-2.719122524256601636e+01,-4.525379827117407672e+01,0.000000000000000000e+00
-2.640351647489540099e+01,-4.573223203300068462e+01,0.000000000000000000e+00
-2.560869929042432602e+01,-4.619931647031094002e+01,0.000000000000000000e+00
-2.480658782194199574e+01,-4.665440623166434619e+01,0.000000000000000000e+00
-2.399772896860513427e+01,-4.709819498204969790e+01,0.000000000000000000e+00
-2.318225152748773255e+01,-4.753065936326555629e+01,0.000000000000000000e+00
-2.236022716041946623e+01,-4.795166188968526910e+01,0.000000000000000000e+00
-2.153176085140304608e+01,-4.836112667916241037e+01,0.000000000000000000e+00
-2.069694863322975564e+01,-4.875895540292700048e+01,0.000000000000000000e+00
-1.985589272437555408e+01,-4.914505904494617283e+01,0.000000000000000000e+00
-1.900869646190294660e+01,-4.951934728698704902e+01,0.000000000000000000e+00
-1.815546561664777059e+01,-4.988173182142443807e+01,0.000000000000000000e+00
-1.729630783637346170e+01,-5.023212536202538558e+01,0.000000000000000000e+00
-1.643133262329494926e+01,-5.057044190856551324e+01,0.000000000000000000e+00
-1.556065117536743969e+01,-5.089659664226884672e+01,0.000000000000000000e+00
-1.468437627308162696e+01,-5.121050591353966297e+01,0.000000000000000000e+00
-1.380262216419705013e+01,-5.151208719445971695e+01,0.000000000000000000e+00
-1.291550445928796442e+01,-5.180125903230933915e+01,0.000000000000000000e+00
-1.202314003460316272e+01,-5.207794099302350332e+01,0.000000000000000000e+00
-1.112564694527125475e+01,-5.234205360615001013e+01,0.000000000000000000e+00
-1.022314434175149422e+01,-5.259351827920161782e+01,0.000000000000000000e+00
-9.315752414294868444e+00,-5.283225730325028735e+01,0.000000000000000000e+00
-8.403592281528371899e+00,-5.305819349621120296e+01,0.000000000000000000e+00
-7.486786103190959274e+00,-5.327125115661200283e+01,0.000000000000000000e+00
-6.565456518574503519e+00,-5.347135234507490509e+01,0.000000000000000000e+00
-5.639728136104189105e+00,-5.365842890962874634e+01,0.000000000000000000e+00
-4.709723516093483831e+00,-5.383238612049353122e+01,0.000000000000000000e+00
-3.775571491278841396e+00,-5.399318782513464754e+01,0.000000000000000000e+00
-2.837350254136222105e+00,-5.413986803013313676e+01,0.000000000000000000e+00
-1.895251857489022251e+00,-5.427291222597084897e+01,0.000000000000000000e+00
-9.494242965854650107e-01,-5.439248152269208703e+01,0.000000000000000000e+00
-1.001121400473487459e-14,-5.449851070912893647e+01,0.000000000000000000e+00
9.528874098953463712e-01,-5.459088315133931957e+01,0.000000000000000000e+00
1.909109009050897532e+00,-5.466972912787703365e+01,0.000000000000000000e+00
2.868453554764945679e+00,-5.473335436086968286e+01,0.000000000000000000e+00
3.830237401644940753e+00,-5.477494676489984471e+01,0.000000000000000000e+00
4.793295574065983722e+00,-5.478761911416882668e+01,0.000000000000000000e+00
5.756606314923569556e+00,-5.477045049966233847e+01,0.000000000000000000e+00
6.718972641120628531e+00,-5.472164082936972562e+01,0.000000000000000000e+00
7.679380666481817386e+00,-5.464163268094737447e+01,0.000000000000000000e+00
8.637031067147754371e+00,-5.453206798249960485e+01,0.000000000000000000e+00
9.590945369584224167e+00,-5.439295410746978376e+01,0.000000000000000000e+00
1.054016206744095108e+01,-5.422443309303143621e+01,0.000000000000000000e+00
1.148371281787847842e+01,-5.402662109159496140e+01,0.000000000000000000e+00
1.242063203390292081e+01,-5.379966799821146850e+01,0.000000000000000000e+00
1.334995441609702738e+01,-5.354374263565467373e+01,0.000000000000000000e+00
1.427071662286984655e+01,-5.325903949696793660e+01,0.000000000000000000e+00
1.518195821458125749e+01,-5.294578036331976989e+01,0.000000000000000000e+00
1.608272327263808421e+01,-5.260421752866412248e+01,0.000000000000000000e+00
1.697206239985430898e+01,-5.223463703994276841e+01,0.000000000000000000e+00
1.784903523346835286e+01,-5.183736228105787802e+01,0.000000000000000000e+00
1.871271349751985724e+01,-5.141275779115962763e+01,0.000000000000000000e+00
1.956218463633747717e+01,-5.096123327764397004e+01,0.000000000000000000e+00
2.039655605452746201e+01,-5.048324774552948924e+01,0.000000000000000000e+00
2.121495997382735155e+01,-4.997931364519742914e+01,0.000000000000000000e+00
2.201655889459816962e+01,-4.945000091209539761e+01,0.000000000000000000e+00
2.280055162905029675e+01,-4.889594075993382205e+01,0.000000000000000000e+00
2.356617981331043410e+01,-4.831782900257883995e+01,0.000000000000000000e+00
2.431273488816744432e+01,-4.771642890907903478e+01,0.000000000000000000e+00
2.503956502186699140e+01,-4.709257261738559919e+01,0.000000000000000000e+00
2.574607999773949274e+01,-4.644715782696050610e+01,0.000000000000000000e+00
2.643097676225152171e+01,-4.577979464589196112e+01,0.000000000000000000e+00
2.709194091664283377e+01,-4.508856140462115292e+01,0.000000000000000000e+00
2.773036811929702239e+01,-4.437786560433018934e+01,0.000000000000000000e+00
2.834622108939831264e+01,-4.364935271210654832e+01,0.000000000000000000e+00
2.893759363032197385e+01,-4.290174683899831365e+01,0.000000000000000000e+00
2.950301647740846178e+01,-4.213467417509065882e+01,0.000000000000000000e+00
3.004254701918717529e+01,-4.135001856211439986e+01,0.000000000000000000e+00
3.055638702626486136e+01,-4.054969517063390327e+01,0.000000000000000000e+00
3.104389516133774407e+01,-3.973437384243342763e+01,0.000000000000000000e+00
3.150405470271243402e+01,-3.890426757170428829e+01,0.000000000000000000e+00
3.193573772934858823e+01,-3.805953017109764147e+01,0.000000000000000000e+00
3.233838006498488937e+01,-3.720105076746434491e+01,0.000000000000000000e+00
3.271166467116890431e+01,-3.632998416469620651e+01,0.000000000000000000e+00
3.305537230382528691e+01,-3.544754695683878509e+01,0.000000000000000000e+00
3.336934479131519993e+01,-3.455496808273639431e+01,0.000000000000000000e+00
3.365328795071979329e+01,-3.365328795071980750e+01,0.000000000000000000e+00
3.390674052865132637e+01,-3.274335871881469018e+01,0.000000000000000000e+00
3.412925233525410107e+01,-3.182604268122345914e+01,0.000000000000000000e+00
3.432041939509239370e+01,-3.090224442533920879e+01,0.000000000000000000e+00
3.447989458125904605e+01,-2.997291508079007372e+01,0.000000000000000000e+00
3.460735858972481793e+01,-2.903902182865798665e+01,0.000000000000000000e+00
3.470251821685272375e+01,-2.810154516366623412e+01,0.000000000000000000e+00
3.476510680548162924e+01,-2.716147825109370118e+01,0.000000000000000000e+00
3.479488467618301684e+01,-2.621982627059736615e+01,0.000000000000000000e+00
3.479163954333845510e+01,-2.527760574726841369e+01,0.000000000000000000e+00
3.475507462145197479e+01,-2.433576524098167582e+01,0.000000000000000000e+00
3.468464975260495464e+01,-2.339509166182864064e+01,0.000000000000000000e+00
3.458048353962208665e+01,-2.245682858707210272e+01,0.000000000000000000e+00
3.444292897088907779e+01,-2.152233070389850411e+01,0.000000000000000000e+00
3.427238846476115697e+01,-2.059292854848942511e+01,0.000000000000000000e+00
3.406931278128183749e+01,-1.966992690537864874e+01,0.000000000000000000e+00
3.383414490597772328e+01,-1.875457276954803731e+01,0.000000000000000000e+00
3.356670565596719769e+01,-1.784773398708246717e+01,0.000000000000000000e+00
3.326639052849711931e+01,-1.695007258708971420e+01,0.000000000000000000e+00
3.293249000855562514e+01,-1.606224859979218067e+01,0.000000000000000000e+00
3.256392234544170350e+01,-1.518480636924417482e+01,0.000000000000000000e+00
3.216046505679044998e+01,-1.431876157614592593e+01,0.000000000000000000e+00
3.172564221495864700e+01,-1.346673614832628729e+01,0.000000000000000000e+00
3.126511287476655454e+01,-1.263192555510211434e+01,0.000000000000000000e+00
3.078665753441519115e+01,-1.181789058641411927e+01,0.000000000000000000e+00
3.029946119699496521e+01,-1.102810199000996150e+01,0.000000000000000000e+00
2.980618048070429182e+01,-1.026309098620194504e+01,0.000000000000000000e+00
2.930145731223158023e+01,-9.520620609071764662e+00,0.000000000000000000e+00
2.879092976344813692e+01,-8.802270576407410729e+00,0.000000000000000000e+00
2.827707373024856707e+01,-8.108320414910398455e+00,0.000000000000000000e+00
2.775725620654229431e+01,-7.437534384646773411e+00,0.000000000000000000e+00
2.723059794182940507e+01,-6.789350601061956425e+00,0.000000000000000000e+00
2.670061760557850050e+01,-6.164323288535281442e+00,0.000000000000000000e+00
2.617009809105473295e+01,-5.562626068801818313e+00,0.000000000000000000e+00
2.563747946396860300e+01,-4.983421183718122371e+00,0.000000000000000000e+00
2.509901952510599799e+01,-4.425634331604775262e+00,0.000000000000000000e+00
2.455984129330704846e+01,-3.889896717699878437e+00,0.000000000000000000e+00
2.402251419422391621e+01,-3.376144196506286832e+00,0.000000000000000000e+00
2.348523706402585276e+01,-2.883624520607049657e+00,0.000000000000000000e+00
2.295189883171671497e+01,-2.412341774602757116e+00,0.000000000000000000e+00
2.244165998736642109e+01,-1.963390839597895843e+00,0.000000000000000000e+00
2.195602145858256193e+01,-1.535314583561970370e+00,0.000000000000000000e+00
2.149154299235895849e+01,-1.126324041595550662e+00,0.000000000000000000e+00
2.104720273650936591e+01,-7.349845152077224553e-01,0.000000000000000000e+00
2.062142750426463067e+01,-3.599483559994903770e-01,0.000000000000000000e+00
2.021274223145898574e+01,-4.950694015149355878e-15,0.000000000000000000e+00
