1.963625989149238293e+01,0.000000000000000000e+00,0.000000000000000000e+00
1.927040814672423608e+01,3.363662253943246472e-01,0.000000000000000000e+00
1.891774523193035762e+01,6.606222205478496923e-01,0.000000000000000000e+00
1.857733940518880189e+01,9.735971032132786362e-01,0.000000000000000000e+00
1.824837978254870308e+01,1.276051021328040713e+00,0.000000000000000000e+00
1.793011325126933997e+01,1.568681645222014476e+00,0.000000000000000000e+00
1.762181813507344330e+01,1.852127719077722778e+00,0.000000000000000000e+00
1.732288282734010565e+01,2.126982561527420934e+00,0.000000000000000000e+00
1.703269865096237368e+01,2.393789685640548726e+00,0.000000000000000000e+00
1.675070744214281504e+01,2.653051423263834696e+00,0.000000000000000000e+00
1.647642734674885290e+01,2.905238686914609847e+00,0.000000000000000000e+00
1.620937054276189926e+01,3.150782457029885464e+00,0.000000000000000000e+00
1.594908848633769516e+01,3.390083410426877553e+00,0.000000000000000000e+00
1.569519718896630245e+01,3.623521784375672627e+00,0.000000000000000000e+00
1.544730853499401313e+01,3.851446586332476496e+00,0.000000000000000000e+00
1.520504681499149058e+01,4.074180014954383644e+00,0.000000000000000000e+00
1.496809891592105402e+01,4.292033297721776997e+00,0.000000000000000000e+00
1.473615846204870117e+01,4.505295768684954183e+00,0.000000000000000000e+00
1.450891389255652619e+01,4.714231894638860609e+00,0.000000000000000000e+00
1.428608811025930336e+01,4.919094622251449778e+00,0.000000000000000000e+00
1.406743816036104811e+01,5.120128762751924967e+00,0.000000000000000000e+00
1.385271702063011823e+01,5.317559851742859500e+00,0.000000000000000000e+00
1.364167603073722468e+01,5.511594880764683069e+00,0.000000000000000000e+00
1.343410011539799243e+01,5.702437177424992676e+00,0.000000000000000000e+00
1.322979375624726117e+01,5.890283680997048243e+00,0.000000000000000000e+00
1.302855736885859272e+01,6.075316075810500926e+00,0.000000000000000000e+00
1.283018915126011628e+01,6.257701366533729548e+00,0.000000000000000000e+00
1.263451072409661435e+01,6.437604755837508463e+00,0.000000000000000000e+00
1.244136225955073272e+01,6.615189656120290529e+00,0.000000000000000000e+00
1.225058086293676496e+01,6.790607857879922271e+00,0.000000000000000000e+00
1.206200045448062319e+01,6.963999209359774234e+00,0.000000000000000000e+00
1.187546394803980121e+01,7.135498619058669334e+00,0.000000000000000000e+00
1.169083622296131075e+01,7.305245253919924409e+00,0.000000000000000000e+00
1.150798191635049683e+01,7.473370838857651854e+00,0.000000000000000000e+00
1.132676254205547117e+01,7.639997802868189858e+00,0.000000000000000000e+00
1.114703829810112978e+01,7.805240245042744718e+00,0.000000000000000000e+00
1.096868465091746714e+01,7.969215875171174801e+00,0.000000000000000000e+00
1.079158602683168588e+01,8.132043357551737017e+00,0.000000000000000000e+00
1.061562379801831391e+01,8.293834289794354220e+00,0.000000000000000000e+00
1.044067632651053934e+01,8.454692984965333835e+00,0.000000000000000000e+00
1.026662236670715345e+01,8.614719041340386241e+00,0.000000000000000000e+00
1.009335473121983817e+01,8.774019407924068759e+00,0.000000000000000000e+00
9.920768406241839088e+00,8.932699995522389358e+00,0.000000000000000000e+00
9.748754876858075846e+00,9.090860993728256290e+00,0.000000000000000000e+00
9.577202330855646650e+00,9.248596784963442730e+00,0.000000000000000000e+00
9.405999898745093901e+00,9.405999898745092125e+00,0.000000000000000000e+00
9.235047830030898908e+00,9.563171977302813431e+00,0.000000000000000000e+00
9.064245532154723506e+00,9.720213288663753559e+00,0.000000000000000000e+00
8.893488331701956184e+00,9.877219441675592293e+00,0.000000000000000000e+00
8.722667632549272909e+00,1.003428127117396329e+01,0.000000000000000000e+00
8.551675627902982413e+00,1.019149015225372601e+01,0.000000000000000000e+00
8.380413020221835652e+00,1.034894820926126613e+01,0.000000000000000000e+00
8.208777701422022233e+00,1.050675632946825289e+01,0.000000000000000000e+00
8.036662550710490294e+00,1.066501142103103383e+01,0.000000000000000000e+00
7.863955584513311337e+00,1.082380628991244187e+01,0.000000000000000000e+00
7.690545597263006350e+00,1.098323736549050800e+01,0.000000000000000000e+00
7.516327361092751680e+00,1.114341357212048145e+01,0.000000000000000000e+00
7.341190720578509854e+00,1.130444238329957685e+01,0.000000000000000000e+00
7.165019182484298810e+00,1.146642759897110153e+01,0.000000000000000000e+00
6.987690246317422194e+00,1.162946950596692020e+01,0.000000000000000000e+00
6.809083107780998567e+00,1.179367789563567648e+01,0.000000000000000000e+00
6.629079180169609842e+00,1.195917541450151234e+01,0.000000000000000000e+00
6.447552292174576039e+00,1.212608223259712759e+01,0.000000000000000000e+00
6.264368147783327068e+00,1.229451473719139898e+01,0.000000000000000000e+00
6.079385895222578107e+00,1.246458825541783888e+01,0.000000000000000000e+00
5.892467887796480674e+00,1.263643816425989286e+01,0.000000000000000000e+00
5.703471900873851475e+00,1.281020762829205140e+01,0.000000000000000000e+00
5.512245210049779409e+00,1.298603591909641608e+01,0.000000000000000000e+00
5.318624752212939732e+00,1.316405820245675429e+01,0.000000000000000000e+00
5.122444082014204092e+00,1.334442306256067567e+01,0.000000000000000000e+00
4.923535517127388239e+00,1.352730265719033120e+01,0.000000000000000000e+00
4.721718755298079273e+00,1.371286697046262226e+01,0.000000000000000000e+00
4.516799954499886027e+00,1.390128086067823254e+01,0.000000000000000000e+00
4.308576401932659117e+00,1.409271840620041161e+01,0.000000000000000000e+00
4.096842724780513478e+00,1.428738849254410859e+01,0.000000000000000000e+00
3.881378303357274184e+00,1.448550103152483537e+01,0.000000000000000000e+00
3.661945083452591287e+00,1.468725952036697180e+01,0.000000000000000000e+00
3.438292743916253613e+00,1.489288206899952804e+01,0.000000000000000000e+00
3.210162999467685907e+00,1.510262950362933410e+01,0.000000000000000000e+00
2.977276909141409078e+00,1.531676187957909896e+01,0.000000000000000000e+00
2.739333604386336773e+00,1.553553286842407566e+01,0.000000000000000000e+00
2.496017722341399292e+00,1.575923567508875500e+01,0.000000000000000000e+00
2.246994969677143406e+00,1.598819997359033884e+01,0.000000000000000000e+00
1.991902789309137889e+00,1.622274636698250561e+01,0.000000000000000000e+00
1.730353379934531644e+00,1.646321269129301612e+01,0.000000000000000000e+00
1.461935998980224527e+00,1.671000493163362322e+01,0.000000000000000000e+00
1.186205487436860162e+00,1.696352878771479311e+01,0.000000000000000000e+00
9.026820402490062234e-01,1.722419939554862012e+01,0.000000000000000000e+00
6.108521755358442551e-01,1.749251761706440433e+01,0.000000000000000000e+00
3.101589052648881517e-01,1.776899178206392804e+01,0.000000000000000000e+00
1.105497989869056273e-15,1.805415227702790659e+01,0.000000000000000000e+00
-3.202765197932841423e-01,1.834862953019044696e+01,0.000000000000000000e+00
-6.513790129170117238e-01,1.865305439706723334e+01,0.000000000000000000e+00
-9.940778997115330418e-01,1.896813628264561657e+01,0.000000000000000000e+00
-1.349214734970777485e+00,1.929466963345511132e+01,0.000000000000000000e+00
-1.717705896354393635e+00,1.963346823609225922e+01,0.000000000000000000e+00
-2.100558471478603639e+00,1.998547885505218247e+01,0.000000000000000000e+00
-2.498871907668711589e+00,2.035167849518775185e+01,0.000000000000000000e+00
-2.913867953728058513e+00,2.073324781298227037e+01,0.000000000000000000e+00
-3.346889573506291793e+00,2.113142911417543601e+01,0.000000000000000000e+00
-3.799398293033893204e+00,2.154745846476967941e+01,0.000000000000000000e+00
-4.273009109177274389e+00,2.198272617289566355e+01,0.000000000000000000e+00
-4.769694996896139294e+00,2.243965069542634438e+01,0.000000000000000000e+00
-5.291030230803935197e+00,2.291796979483539687e+01,0.000000000000000000e+00
-5.836660039420080714e+00,2.340956480163662334e+01,0.000000000000000000e+00
-6.404785068065637077e+00,2.390298328557943819e+01,0.000000000000000000e+00
-6.993416719574272911e+00,2.438894247964183748e+01,0.000000000000000000e+00
-7.603914226078687832e+00,2.487128275709829239e+01,0.000000000000000000e+00
-8.237401678939942684e+00,2.535211553637325821e+01,0.000000000000000000e+00
-8.893361567301621307e+00,2.582819740286149468e+01,0.000000000000000000e+00
-9.570264085092597739e+00,2.629408447200946597e+01,0.000000000000000000e+00
-1.026784946622547245e+01,2.674866236238606021e+01,0.000000000000000000e+00
-1.098058402860414162e+01,2.717789917203105432e+01,0.000000000000000000e+00
-1.170396127313141221e+01,2.757280485481623344e+01,0.000000000000000000e+00
-1.243680978494858458e+01,2.793353212704632327e+01,0.000000000000000000e+00
-1.317771254345189291e+01,2.825969574591821143e+01,0.000000000000000000e+00
-1.392499304716258024e+01,2.855046673856242023e+01,0.000000000000000000e+00
-1.467558348705333060e+01,2.880245432610878353e+01,0.000000000000000000e+00
-1.543012120407713184e+01,2.901983731200948924e+01,0.000000000000000000e+00
-1.618751516762558040e+01,2.920305040157706244e+01,0.000000000000000000e+00
-1.694630728207241788e+01,2.935186521322389197e+01,0.000000000000000000e+00
-1.770528161613193774e+01,2.946653692296620264e+01,0.000000000000000000e+00
-1.846315812895568342e+01,2.954722946891275015e+01,0.000000000000000000e+00
-1.921869676316397957e+01,2.959419779577293497e+01,0.000000000000000000e+00
-1.997072298470876817e+01,2.960781441010948356e+01,0.000000000000000000e+00
-2.071797915131182677e+01,2.958834062867069292e+01,0.000000000000000000e+00
-2.145847937581099885e+01,2.953506305366981977e+01,0.000000000000000000e+00
-2.219011492449759970e+01,2.944727710171630619e+01,0.000000000000000000e+00
-2.291326150106958437e+01,2.932763732454584016e+01,0.000000000000000000e+00
-2.362719954444516546e+01,2.917716153432160908e+01,0.000000000000000000e+00
-2.433055365408411319e+01,2.899602472706092371e+01,0.000000000000000000e+00
-2.502293947207166980e+01,2.878559902447480567e+01,0.000000000000000000e+00
-2.570260698195576765e+01,2.854563697789626175e+01,0.000000000000000000e+00
-2.636499103677813238e+01,2.827299142792209352e+01,0.000000000000000000e+00
-2.701214428076433549e+01,2.797189424321605244e+01,0.000000000000000000e+00
-2.764528934844837238e+01,2.764528934844837593e+01,0.000000000000000000e+00
-2.826145130692247420e+01,2.729176628685173256e+01,0.000000000000000000e+00
-2.885658143160621592e+01,2.690919751933272153e+01,0.000000000000000000e+00
-2.943363322027863305e+01,2.650216238991815132e+01,0.000000000000000000e+00
-2.999119805862986610e+01,2.607095072358670507e+01,0.000000000000000000e+00
-3.052607082980922115e+01,2.561441477458445348e+01,0.000000000000000000e+00
-3.104008668678573457e+01,2.513576658794801588e+01,0.000000000000000000e+00
-3.153243140003722544e+01,2.463583542165817875e+01,0.000000000000000000e+00
-3.200003810228268719e+01,2.411375831541883485e+01,0.000000000000000000e+00
-3.244232093983855947e+01,2.357072586999156982e+01,0.000000000000000000e+00
-3.286239780698699775e+01,2.301049866809854905e+01,0.000000000000000000e+00
-3.327275490435630445e+01,2.244275656179895151e+01,0.000000000000000000e+00
-3.368495272161084131e+01,2.187526407391322536e+01,0.000000000000000000e+00
-3.409929018378641530e+01,2.130760135771071262e+01,0.000000000000000000e+00
-3.451409147125162491e+01,2.073815836659010614e+01,0.000000000000000000e+00
-3.492978166873903234e+01,2.016671884918132918e+01,0.000000000000000000e+00
-3.534716031007419446e+01,1.959325090302619543e+01,0.000000000000000000e+00
-3.576645830579536067e+01,1.901736321831844734e+01,0.000000000000000000e+00
-3.618779087045682274e+01,1.843860040947990342e+01,0.000000000000000000e+00
-3.661144469393700263e+01,1.785659469170976266e+01,0.000000000000000000e+00
-3.703773812397972165e+01,1.727098092795110063e+01,0.000000000000000000e+00
-3.746695812263086367e+01,1.668136450744892940e+01,0.000000000000000000e+00
-3.789938467907600739e+01,1.608733434610791946e+01,0.000000000000000000e+00
-3.833532497677212092e+01,1.548847666652947019e+01,0.000000000000000000e+00
-3.877509073140456053e+01,1.488436278702130444e+01,0.000000000000000000e+00
-3.921900671838135111e+01,1.427455106297703225e+01,0.000000000000000000e+00
-3.966740284554801121e+01,1.365858214720723929e+01,0.000000000000000000e+00
-4.012062736493531645e+01,1.303598205608841631e+01,0.000000000000000000e+00
-4.057903786530020795e+01,1.240625689949502863e+01,0.000000000000000000e+00
-4.104300895900652790e+01,1.176889343665255794e+01,0.000000000000000000e+00
-4.151293061541790763e+01,1.112335623385047079e+01,0.000000000000000000e+00
-4.198920867313858452e+01,1.046908553943920417e+01,0.000000000000000000e+00
-4.247227182545495339e+01,9.805496569335993229e+00,0.000000000000000000e+00
-4.296256341582885341e+01,9.131974760198859897e+00,0.000000000000000000e+00
-4.346055625483035101e+01,8.447876360111134630e+00,0.000000000000000000e+00
-4.396674132884813702e+01,7.752522750105871552e+00,0.000000000000000000e+00
-4.448163911519080216e+01,7.045199515977502713e+00,0.000000000000000000e+00
-4.500580109017417385e+01,6.325152851662890541e+00,0.000000000000000000e+00
-4.553980505246524757e+01,5.591584966970825299e+00,0.000000000000000000e+00
-4.608426223053948689e+01,4.843651139523762694e+00,0.000000000000000000e+00
-4.663983446051065584e+01,4.080456784020434213e+00,0.000000000000000000e+00
-4.720722417251142389e+01,3.301050687086355850e+00,0.000000000000000000e+00
-4.778708226028027184e+01,2.504414859677301042e+00,0.000000000000000000e+00
-4.838036191929931107e+01,1.689479466511167871e+00,0.000000000000000000e+00
-4.898795034575520901e+01,8.550878539854527283e-01,0.000000000000000000e+00
-4.960907724812587105e+01,6.075359766057112486e-15,0.000000000000000000e+00
-4.960278995426667592e+01,-8.658199192724478355e-01,0.000000000000000000e+00
-5.022577945169365421e+01,-1.753922866775950107e+00,0.000000000000000000e+00
-5.086545427377588169e+01,-2.665745500711658167e+00,0.000000000000000000e+00
-5.152265355807850256e+01,-3.602814906186368571e+00,0.000000000000000000e+00
-5.220046055863941348e+01,-4.566948529713058313e+00,0.000000000000000000e+00
-5.288798815509260720e+01,-5.558751549781141499e+00,0.000000000000000000e+00
-5.355532703032019270e+01,-6.575767313429336625e+00,0.000000000000000000e+00
-5.417158178869984653e+01,-7.613319321732748612e+00,0.000000000000000000e+00
-5.472522219562770829e+01,-8.667623689090378392e+00,0.000000000000000000e+00
-5.522674417255419854e+01,-9.737965054305300683e+00,0.000000000000000000e+00
-5.567766733680537072e+01,-1.082264218899527286e+01,0.000000000000000000e+00
-5.607035812659869833e+01,-1.191812253499658603e+01,0.000000000000000000e+00
-5.640503757437532073e+01,-1.302212899516544908e+01,0.000000000000000000e+00
-5.668505202961009104e+01,-1.413317081360445826e+01,0.000000000000000000e+00
-5.691164090697739653e+01,-1.524942822095461459e+01,0.000000000000000000e+00
-5.708418763734994172e+01,-1.636862740480007261e+01,0.000000000000000000e+00
-5.720208853386400705e+01,-1.748843350831684162e+01,0.000000000000000000e+00
-5.726482306865553795e+01,-1.860646891629870581e+01,0.000000000000000000e+00
-5.727195579351111832e+01,-1.972031584681090521e+01,0.000000000000000000e+00
-5.722362754793295636e+01,-2.082769712418306085e+01,0.000000000000000000e+00
-5.712157872213816034e+01,-2.192691969587311718e+01,0.000000000000000000e+00
-5.696639400749904070e+01,-2.301591717028832917e+01,0.000000000000000000e+00
-5.675830712357920760e+01,-2.409247198464957052e+01,0.000000000000000000e+00
-5.649762775325097408e+01,-2.515436452763096753e+01,0.000000000000000000e+00
-5.618474190332945284e+01,-2.619937542098455907e+01,0.000000000000000000e+00
-5.582029400860192681e+01,-2.722537649132283732e+01,0.000000000000000000e+00
-5.540580156476571005e+01,-2.823066594688633657e+01,0.000000000000000000e+00
-5.494304624154166561e+01,-2.921373589084046785e+01,0.000000000000000000e+00
-5.443388347615666589e+01,-3.017319431655894135e+01,0.000000000000000000e+00
-5.388006166392202090e+01,-3.110766810561902318e+01,0.000000000000000000e+00
-5.327995105137835452e+01,-3.201382437048930996e+01,0.000000000000000000e+00
-5.263092174337991480e+01,-3.288744996017632616e+01,0.000000000000000000e+00
-5.194118637920537651e+01,-3.373100083434307805e+01,0.000000000000000000e+00
-5.121220038413045472e+01,-3.454306532533696839e+01,0.000000000000000000e+00
-5.043662809662728108e+01,-3.531610719513803787e+01,0.000000000000000000e+00
-4.962164735845271935e+01,-3.605223711560076794e+01,0.000000000000000000e+00
-4.877002136915115216e+01,-3.675084712632364159e+01,0.000000000000000000e+00
-4.788212127419935626e+01,-3.740961311818342949e+01,0.000000000000000000e+00
-4.695940032377138351e+01,-3.802697259060253288e+01,0.000000000000000000e+00
-4.600245518981819970e+01,-3.860064318302580233e+01,0.000000000000000000e+00
-4.501612756131227400e+01,-3.913192267689229453e+01,0.000000000000000000e+00
-4.401706166274922793e+01,-3.963314033924680757e+01,0.000000000000000000e+00
-4.302117539011722158e+01,-4.011789507465859828e+01,0.000000000000000000e+00
-4.203199306625013776e+01,-4.058982388684653841e+01,0.000000000000000000e+00
-4.104897885485478781e+01,-4.104897885485478071e+01,0.000000000000000000e+00
-4.007223308135998963e+01,-4.149601209702952076e+01,0.000000000000000000e+00
-3.910166896252278690e+01,-4.193140630515268441e+01,0.000000000000000000e+00
-3.813722553674576687e+01,-4.235567996197330842e+01,0.000000000000000000e+00
-3.717881259115366532e+01,-4.276933142285382417e+01,0.000000000000000000e+00
-3.622632514487746391e+01,-4.317285313789366086e+01,0.000000000000000000e+00
-3.527963983612472987e+01,-4.356672691721119151e+01,0.000000000000000000e+00
-3.433861613503665211e+01,-4.395142438313042277e+01,0.000000000000000000e+00
-3.340309633700816505e+01,-4.432740602011436692e+01,0.000000000000000000e+00
-3.247290594078435788e+01,-4.469512064205653701e+01,0.000000000000000000e+00
-3.154785399038440019e+01,-4.505500479335871233e+01,0.000000000000000000e+00
-3.062773344739711234e+01,-4.540748216312306340e+01,0.000000000000000000e+00
-2.971232171523276833e+01,-4.575296320287417018e+01,0.000000000000000000e+00
-2.880138081199029187e+01,-4.609184419748842032e+01,0.000000000000000000e+00
-2.789465874593324202e+01,-4.642450821802609795e+01,0.000000000000000000e+00
-2.699188760063304215e+01,-4.675132071648476995e+01,0.000000000000000000e+00
-2.609278994380515826e+01,-4.707263912689050755e+01,0.000000000000000000e+00
-2.519705909347929307e+01,-4.738877588600196589e+01,0.000000000000000000e+00
-2.430430026744913263e+01,-4.769987503384729166e+01,0.000000000000000000e+00
-2.341430569257517647e+01,-4.800644090939882602e+01,0.000000000000000000e+00
-2.252675217544326358e+01,-4.830877593684176929e+01,0.000000000000000000e+00
-2.164129420627626388e+01,-4.860714262217676662e+01,0.000000000000000000e+00
-2.075758255268563346e+01,-4.890179996552629405e+01,0.000000000000000000e+00
-1.987525556487209499e+01,-4.919298375690395630e+01,0.000000000000000000e+00
-1.899394355503334353e+01,-4.948091465062859839e+01,0.000000000000000000e+00
-1.811326782874377272e+01,-4.976579435200726920e+01,0.000000000000000000e+00
-1.723284247656521373e+01,-5.004780857371466141e+01,0.000000000000000000e+00
-1.635227262692048456e+01,-5.032712025927468602e+01,0.000000000000000000e+00
-1.547116040052488906e+01,-5.060388550704490740e+01,0.000000000000000000e+00
-1.458909498116892323e+01,-5.087822055989547465e+01,0.000000000000000000e+00
-1.370562575677891282e+01,-5.115009167382357447e+01,0.000000000000000000e+00
-1.282036807050661409e+01,-5.141968781809963929e+01,0.000000000000000000e+00
-1.193291425665516847e+01,-5.168713021260324325e+01,0.000000000000000000e+00
-1.104283873899504442e+01,-5.195247162559105902e+01,0.000000000000000000e+00
-1.014971236596861814e+01,-5.221574351328718677e+01,0.000000000000000000e+00
-9.253103656169567870e+00,-5.247695854027263351e+01,0.000000000000000000e+00
-8.352579147091050871e+00,-5.273610924138924361e+01,0.000000000000000000e+00
-7.447704099891019780e+00,-5.299316825364149253e+01,0.000000000000000000e+00
-6.538043106849262820e+00,-5.324808802321184942e+01,0.000000000000000000e+00
-5.623160743854160870e+00,-5.350080070170591995e+01,0.000000000000000000e+00
-4.702622233688217968e+00,-5.375121809118466842e+01,0.000000000000000000e+00
-3.775994102738771119e+00,-5.399923145057935159e+01,0.000000000000000000e+00
-2.842844895559955898e+00,-5.424471203418944754e+01,0.000000000000000000e+00
-1.902745759762712430e+00,-5.448750950955765404e+01,0.000000000000000000e+00
-9.552713286563181416e-01,-5.472745776568509513e+01,0.000000000000000000e+00
-1.009678838889314613e-14,-5.496435595919261630e+01,0.000000000000000000e+00
9.634853300378531937e-01,-5.519803758966940421e+01,0.000000000000000000e+00
1.935592416121495019e+00,-5.542811468054521384e+01,0.000000000000000000e+00
2.916753720544010609e+00,-5.565497642613996021e+01,0.000000000000000000e+00
3.907142873450893727e+00,-5.587474625051174826e+01,0.000000000000000000e+00
4.905451258201360076e+00,-5.606956444988816912e+01,0.000000000000000000e+00
5.909902022870188176e+00,-5.622896173433453981e+01,0.000000000000000000e+00
6.919085873630765882e+00,-5.635143231975410316e+01,0.000000000000000000e+00
7.931706938910787485e+00,-5.643702739995055140e+01,0.000000000000000000e+00
8.946459124400165663e+00,-5.648571984765997911e+01,0.000000000000000000e+00
9.962040714752902204e+00,-5.649754039186968413e+01,0.000000000000000000e+00
1.097714987773220408e+01,-5.647254048739538490e+01,0.000000000000000000e+00
1.199048605054225725e+01,-5.641080170066271648e+01,0.000000000000000000e+00
1.300074975726043469e+01,-5.631243392117918489e+01,0.000000000000000000e+00
1.400664308910489453e+01,-5.617757704462358959e+01,0.000000000000000000e+00
1.500687031873667188e+01,-5.600640249212253252e+01,0.000000000000000000e+00
1.600013887446485228e+01,-5.579911541426909594e+01,0.000000000000000000e+00
1.698516070745229811e+01,-5.555595737534428480e+01,0.000000000000000000e+00
1.796065413682300260e+01,-5.527720955379881218e+01,0.000000000000000000e+00
1.892534624878127403e+01,-5.496319643949196632e+01,0.000000000000000000e+00
1.987797592816423276e+01,-5.461429000709387083e+01,0.000000000000000000e+00
2.081729760030971832e+01,-5.423091433504348657e+01,0.000000000000000000e+00
2.174208574249603032e+01,-5.381355058710182249e+01,0.000000000000000000e+00
2.265114028287879577e+01,-5.336274242402576107e+01,0.000000000000000000e+00
2.354329253487148321e+01,-5.287910081210591784e+01,0.000000000000000000e+00
2.441741390105145371e+01,-5.236331309175111670e+01,0.000000000000000000e+00
2.527241582796974839e+01,-5.181613125807579223e+01,0.000000000000000000e+00
2.610729414575547835e+01,-5.123844976077283064e+01,0.000000000000000000e+00
2.692099879374578819e+01,-5.063103490495443282e+01,0.000000000000000000e+00
2.771290558942542859e+01,-4.999540512065190967e+01,0.000000000000000000e+00
2.848166599092069973e+01,-4.933169258048121009e+01,0.000000000000000000e+00
2.922448474747660541e+01,-4.863771034749098021e+01,0.000000000000000000e+00
2.994102048968098018e+01,-4.791564892436208822e+01,0.000000000000000000e+00
3.063267909986257109e+01,-4.717018929365366375e+01,0.000000000000000000e+00
3.129739733591204498e+01,-4.640029970625788280e+01,0.000000000000000000e+00
3.193122287496358425e+01,-4.560251230171745362e+01,0.000000000000000000e+00
3.253751164414449448e+01,-4.478404276412079099e+01,0.000000000000000000e+00
3.311489143739343888e+01,-4.394494520051507180e+01,0.000000000000000000e+00
3.365850742251655703e+01,-4.308092492755867653e+01,0.000000000000000000e+00
3.416937396605924704e+01,-4.219566275126937427e+01,0.000000000000000000e+00
3.464884339734964414e+01,-4.129288359802561814e+01,0.000000000000000000e+00
3.509593416528734622e+01,-4.037325388565504625e+01,0.000000000000000000e+00
3.550933305844671395e+01,-3.943710968794894711e+01,0.000000000000000000e+00
3.588760371823882878e+01,-3.848474330520481601e+01,0.000000000000000000e+00
3.622949797962204599e+01,-3.751674341131288770e+01,0.000000000000000000e+00
3.653458480148886167e+01,-3.653458480148888299e+01,0.000000000000000000e+00
3.680267689511138229e+01,-3.553993196046074843e+01,0.000000000000000000e+00
3.703355705319923885e+01,-3.453435064544807886e+01,0.000000000000000000e+00
3.722676107964736758e+01,-3.351912623222390408e+01,0.000000000000000000e+00
3.738180335051342240e+01,-3.249550588825551500e+01,0.000000000000000000e+00
3.749823442337847013e+01,-3.146475467445607777e+01,0.000000000000000000e+00
3.757564158266958998e+01,-3.042815459070423856e+01,0.000000000000000000e+00
3.761364936144831717e+01,-2.938700360656318367e+01,0.000000000000000000e+00
3.761192003929333794e+01,-2.834261467775193921e+01,0.000000000000000000e+00
3.756914649695038122e+01,-2.729558267089809220e+01,0.000000000000000000e+00
3.748212402730377590e+01,-2.624526579202941434e+01,0.000000000000000000e+00
3.735559864695282783e+01,-2.519666943911714796e+01,0.000000000000000000e+00
3.719559673365413488e+01,-2.415510295234751226e+01,0.000000000000000000e+00
3.698672433004116300e+01,-2.311187046136182843e+01,0.000000000000000000e+00
3.674095503032219057e+01,-2.207619298318316581e+01,0.000000000000000000e+00
3.645458009152856960e+01,-2.104706162903881506e+01,0.000000000000000000e+00
3.612603433496837368e+01,-2.002498782496647323e+01,0.000000000000000000e+00
3.575449710750840637e+01,-1.901100333637528195e+01,0.000000000000000000e+00
3.534238319170687959e+01,-1.800784368195879992e+01,0.000000000000000000e+00
3.488961196322166813e+01,-1.701680075688053151e+01,0.000000000000000000e+00
3.439814962254363451e+01,-1.604012059535359924e+01,0.000000000000000000e+00
3.386235814187420345e+01,-1.507649319695345547e+01,0.000000000000000000e+00
3.328847068068612458e+01,-1.413011747408310015e+01,0.000000000000000000e+00
3.268447726862201108e+01,-1.320538599423633741e+01,0.000000000000000000e+00
3.206928665870757555e+01,-1.231024577751893645e+01,0.000000000000000000e+00
3.144774752030681597e+01,-1.144604403211045174e+01,0.000000000000000000e+00
3.081725497837929240e+01,-1.061123185484442821e+01,0.000000000000000000e+00
3.018143260693861407e+01,-9.806541914520437331e+00,0.000000000000000000e+00
2.954116477332996027e+01,-9.031640437232724139e+00,0.000000000000000000e+00
2.889473589522307151e+01,-8.285432190674633546e+00,0.000000000000000000e+00
2.824526883399873967e+01,-7.568296974069919081e+00,0.000000000000000000e+00
2.759362766485905993e+01,-6.879864076877653112e+00,0.000000000000000000e+00
2.694047384195557626e+01,-6.219698463957843870e+00,0.000000000000000000e+00
2.628644433384344836e+01,-5.587356226132213166e+00,0.000000000000000000e+00
2.563173493358711141e+01,-4.982304560126716630e+00,0.000000000000000000e+00
2.498246356097116205e+01,-4.405082370365316358e+00,0.000000000000000000e+00
2.436600403578993834e+01,-3.859195912153988051e+00,0.000000000000000000e+00
2.378496011673966493e+01,-3.342758148169692856e+00,0.000000000000000000e+00
2.323278563025057863e+01,-2.852627382161643688e+00,0.000000000000000000e+00
2.270777798490830435e+01,-2.386683639686550062e+00,0.000000000000000000e+00
2.220798680514466028e+01,-1.942947085183464706e+00,0.000000000000000000e+00
2.173109102301899398e+01,-1.519585915293944822e+00,0.000000000000000000e+00
2.127531389368324355e+01,-1.114991954717582612e+00,0.000000000000000000e+00
2.083905064417016106e+01,-7.277156839719199910e-01,0.000000000000000000e+00
2.042083839269845669e+01,-3.564470600332091399e-01,0.000000000000000000e+00
2.001930461548536400e+01,-4.903315463701996628e-15,0.000000000000000000e+00
