1.921667939274406578e+01,0.000000000000000000e+00,0.000000000000000000e+00
1.884066159337010760e+01,3.288649714028506477e-01,0.000000000000000000e+00
1.847887143364513207e+01,6.452964098019634553e-01,0.000000000000000000e+00
1.813028401890275632e+01,9.501679232015048937e-01,0.000000000000000000e+00
1.779401554225179183e+01,1.244278778542942776e+00,0.000000000000000000e+00
1.746920654244377857e+01,1.528357533256733847e+00,0.000000000000000000e+00
1.715510433026407000e+01,1.803074121535299668e+00,0.000000000000000000e+00
1.685101112937326562e+01,2.069044002290054696e+00,0.000000000000000000e+00
1.655625834870382462e+01,2.326830367875272643e+00,0.000000000000000000e+00
1.627027607758934380e+01,2.576958570474679355e+00,0.000000000000000000e+00
1.599249829906015918e+01,2.819908939058539676e+00,0.000000000000000000e+00
1.572240716328175303e+01,3.056126364787786098e+00,0.000000000000000000e+00
1.545955146500626398e+01,3.286029104362484077e+00,0.000000000000000000e+00
1.520347534344083407e+01,3.509998851362284622e+00,0.000000000000000000e+00
1.495376325732762801e+01,3.728391927939233685e+00,0.000000000000000000e+00
1.471005400587094059e+01,3.941547091491319765e+00,0.000000000000000000e+00
1.447198209264445801e+01,4.149774087849895210e+00,0.000000000000000000e+00
1.423919958168140631e+01,4.353360191533329093e+00,0.000000000000000000e+00
1.401141285530460756e+01,4.552584008739412269e+00,0.000000000000000000e+00
1.378833092598244825e+01,4.747703078991616366e+00,0.000000000000000000e+00
1.356966081176204142e+01,4.938952624569935779e+00,0.000000000000000000e+00
1.335514775283094124e+01,5.126560904895850257e+00,0.000000000000000000e+00
1.314455991038801486e+01,5.310746930858176285e+00,0.000000000000000000e+00
1.293766116276170663e+01,5.491711344245415738e+00,0.000000000000000000e+00
1.273421868785843181e+01,5.669639444826601427e+00,0.000000000000000000e+00
1.253403494248840921e+01,5.844716481264693009e+00,0.000000000000000000e+00
1.233692132840985245e+01,6.017118574438723222e+00,0.000000000000000000e+00
1.214268560945568254e+01,6.187007343227438838e+00,0.000000000000000000e+00
1.195113793704240557e+01,6.354532760212754816e+00,0.000000000000000000e+00
1.176211592773220538e+01,6.519847322978744586e+00,0.000000000000000000e+00
1.157546439518504933e+01,6.683097484555014844e+00,0.000000000000000000e+00
1.139102506887977384e+01,6.844418374245559100e+00,0.000000000000000000e+00
1.120863862900625563e+01,7.003934755892990971e+00,0.000000000000000000e+00
1.102816367843294465e+01,7.161773231799342554e+00,0.000000000000000000e+00
1.084947005311600421e+01,7.318059954053601324e+00,0.000000000000000000e+00
1.067242494454536228e+01,7.472912397148005148e+00,0.000000000000000000e+00
1.049689299444919044e+01,7.626439172388876031e+00,0.000000000000000000e+00
1.032274434423050558e+01,7.778745808770609393e+00,0.000000000000000000e+00
1.014986494472793233e+01,7.929943592300328525e+00,0.000000000000000000e+00
9.978140402872217152e+00,8.080138779223915435e+00,0.000000000000000000e+00
9.807453524485568508e+00,8.229430635184154852e+00,0.000000000000000000e+00
9.637685251164791467e+00,8.377911972084602255e+00,0.000000000000000000e+00
9.468726115243628172e+00,8.525679288513936527e+00,0.000000000000000000e+00
9.300474048958266238e+00,8.672832358885402826e+00,0.000000000000000000e+00
9.132824096579241768e+00,8.819465712354130460e+00,0.000000000000000000e+00
8.965668259587378230e+00,8.965668259587376454e+00,0.000000000000000000e+00
8.798897505331360946e+00,9.111525094706843575e+00,0.000000000000000000e+00
8.632412485917125622e+00,9.257129041923910506e+00,0.000000000000000000e+00
8.466115580955976938e+00,9.402573916200132942e+00,0.000000000000000000e+00
8.299905435590751779e+00,9.547948996025533930e+00,0.000000000000000000e+00
8.133677089295382245e+00,9.693338892168986476e+00,0.000000000000000000e+00
7.967325344504526008e+00,9.838827413118286458e+00,0.000000000000000000e+00
7.800752982248244649e+00,9.984508504433845744e+00,0.000000000000000000e+00
7.633860907912095151e+00,1.013047558681522808e+01,0.000000000000000000e+00
7.466545433665852549e+00,1.027681814327427645e+01,0.000000000000000000e+00
7.298698440054865344e+00,1.042362162897613764e+01,0.000000000000000000e+00
7.130212745951427067e+00,1.057097511433963533e+01,0.000000000000000000e+00
6.960986220706514516e+00,1.071897879486204630e+01,0.000000000000000000e+00
6.790912060448483167e+00,1.086773105401701400e+01,0.000000000000000000e+00
6.619877679363074918e+00,1.101732659743412412e+01,0.000000000000000000e+00
6.447765303748122179e+00,1.116785710137151888e+01,0.000000000000000000e+00
6.274459875624879501e+00,1.131942525416167911e+01,0.000000000000000000e+00
6.099846548110516409e+00,1.147214283758291131e+01,0.000000000000000000e+00
5.923803259091267037e+00,1.162611850883816977e+01,0.000000000000000000e+00
5.746200572667586215e+00,1.178145710862550111e+01,0.000000000000000000e+00
5.566904633364588406e+00,1.193826551206708508e+01,0.000000000000000000e+00
5.385784534651189226e+00,1.209667012115117402e+01,0.000000000000000000e+00
5.202702607285405456e+00,1.225679924605072380e+01,0.000000000000000000e+00
5.017511663225526775e+00,1.241877715451243702e+01,0.000000000000000000e+00
4.830055854089418510e+00,1.258272568734862240e+01,0.000000000000000000e+00
4.640178985410694956e+00,1.274878698464373983e+01,0.000000000000000000e+00
4.447719588467531793e+00,1.291711560967923589e+01,0.000000000000000000e+00
4.252504070943239789e+00,1.308786177091275249e+01,0.000000000000000000e+00
4.054347060086699983e+00,1.326117169772805759e+01,0.000000000000000000e+00
3.853058810199471385e+00,1.343721294765810370e+01,0.000000000000000000e+00
3.648442786430674989e+00,1.361617384746744719e+01,0.000000000000000000e+00
3.440287115099772919e+00,1.379823796713119499e+01,0.000000000000000000e+00
3.228364988740067609e+00,1.398358506211124741e+01,0.000000000000000000e+00
3.012442197291755441e+00,1.417242626444221898e+01,0.000000000000000000e+00
2.792271972519979606e+00,1.436499398990899223e+01,0.000000000000000000e+00
2.567587716230384842e+00,1.456151353533113024e+01,0.000000000000000000e+00
2.338105173125127667e+00,1.476221507828832458e+01,0.000000000000000000e+00
2.103527717429632293e+00,1.496737743079474292e+01,0.000000000000000000e+00
1.863536286025856858e+00,1.517728509449572805e+01,0.000000000000000000e+00
1.617787074409657633e+00,1.539221583526399506e+01,0.000000000000000000e+00
1.365916463398016312e+00,1.561249661784213139e+01,0.000000000000000000e+00
1.107535020398918935e+00,1.583848869434554096e+01,0.000000000000000000e+00
8.422214575811740600e-01,1.607054275344403038e+01,0.000000000000000000e+00
5.695245351360914698e-01,1.630904883899183133e+01,0.000000000000000000e+00
2.889587979560961917e-01,1.655443844777524376e+01,0.000000000000000000e+00
1.029140258092427192e-15,1.680713588291668614e+01,0.000000000000000000e+00
-2.979173189745906725e-01,1.706767177319305517e+01,0.000000000000000000e+00
-6.054092674757014514e-01,1.733665312325870289e+01,0.000000000000000000e+00
-9.231447123664635601e-01,1.761465043921810647e+01,0.000000000000000000e+00
-1.251839455387566469e+00,1.790213825848159956e+01,0.000000000000000000e+00
-1.592256362202245423e+00,1.819957349937616087e+01,0.000000000000000000e+00
-1.945280572995387924e+00,1.850810833719708626e+01,0.000000000000000000e+00
-2.311978263707020975e+00,1.882955191357719826e+01,0.000000000000000000e+00
-2.693145858428320771e+00,1.916272849902531306e+01,0.000000000000000000e+00
-3.088623121504407543e+00,1.950079891165879076e+01,0.000000000000000000e+00
-3.497993480220311646e+00,1.983810682951473581e+01,0.000000000000000000e+00
-3.921257700408115277e+00,2.017312205028907712e+01,0.000000000000000000e+00
-4.358511558488173065e+00,2.050518471057334224e+01,0.000000000000000000e+00
-4.809949916552402449e+00,2.083418202006183861e+01,0.000000000000000000e+00
-5.275782077975260442e+00,2.116000616783328780e+01,0.000000000000000000e+00
-5.756176296884493837e+00,2.148234239729659478e+01,0.000000000000000000e+00
-6.250919047624359237e+00,2.179954537396545433e+01,0.000000000000000000e+00
-6.759874180912562203e+00,2.211055216526120049e+01,0.000000000000000000e+00
-7.283982233596793421e+00,2.241779220541788931e+01,0.000000000000000000e+00
-7.823079604191683245e+00,2.271987288341737354e+01,0.000000000000000000e+00
-8.376192310537815544e+00,2.301339923421209122e+01,0.000000000000000000e+00
-8.944396177664629022e+00,2.330094867272316250e+01,0.000000000000000000e+00
-9.527839901212837859e+00,2.358223128094711640e+01,0.000000000000000000e+00
-1.012465066959476445e+01,2.385218223310387486e+01,0.000000000000000000e+00
-1.073177229042202008e+01,2.410395521345414593e+01,0.000000000000000000e+00
-1.134963600245967896e+01,2.433937295253923594e+01,0.000000000000000000e+00
-1.197866696471214176e+01,2.455990689474830546e+01,0.000000000000000000e+00
-1.261761068388826601e+01,2.476345528257314044e+01,0.000000000000000000e+00
-1.326485189597694614e+01,2.494755801966333308e+01,0.000000000000000000e+00
-1.392064285489627551e+01,2.511350449431081344e+01,0.000000000000000000e+00
-1.458510105217698083e+01,2.526213605589683198e+01,0.000000000000000000e+00
-1.525781025980086092e+01,2.539326056098379780e+01,0.000000000000000000e+00
-1.593823722847937496e+01,2.550651136878308733e+01,0.000000000000000000e+00
-1.662582421903014307e+01,2.560152420942446128e+01,0.000000000000000000e+00
-1.731955412124206362e+01,2.567729493219746217e+01,0.000000000000000000e+00
-1.801831120506444961e+01,2.573281523237191948e+01,0.000000000000000000e+00
-1.872264287083017109e+01,2.576950715084915799e+01,0.000000000000000000e+00
-1.943221498951177040e+01,2.578742027444609519e+01,0.000000000000000000e+00
-2.014640845932864721e+01,2.578622692626155555e+01,0.000000000000000000e+00
-2.086474880106752749e+01,2.576581896625642543e+01,0.000000000000000000e+00
-2.158670875856948967e+01,2.572603771531008476e+01,0.000000000000000000e+00
-2.231177540619144395e+01,2.566676153629333257e+01,0.000000000000000000e+00
-2.303944603261548707e+01,2.558789709855455996e+01,0.000000000000000000e+00
-2.376919046031927252e+01,2.548933611226357598e+01,0.000000000000000000e+00
-2.450012266476329970e+01,2.537061971094980350e+01,0.000000000000000000e+00
-2.523121134277739230e+01,2.523121134277739941e+01,0.000000000000000000e+00
-2.596280030636916791e+01,2.507198481841835758e+01,0.000000000000000000e+00
-2.669446639487069817e+01,2.489299262961176851e+01,0.000000000000000000e+00
-2.742565571546147041e+01,2.469417132372169377e+01,0.000000000000000000e+00
-2.815588833911652245e+01,2.447554032462853613e+01,0.000000000000000000e+00
-2.888466186180057704e+01,2.423710911491732034e+01,0.000000000000000000e+00
-2.961148206097001889e+01,2.397890537221392293e+01,0.000000000000000000e+00
-3.033588024160490448e+01,2.370098720019504412e+01,0.000000000000000000e+00
-3.105732747863575582e+01,2.340337490689476496e+01,0.000000000000000000e+00
-3.177547010327501198e+01,2.308623037739220152e+01,0.000000000000000000e+00
-3.248964528236727034e+01,2.274949454047311193e+01,0.000000000000000000e+00
-3.319747899573072658e+01,2.239198232031795044e+01,0.000000000000000000e+00
-3.390001861836322661e+01,2.201492950030204909e+01,0.000000000000000000e+00
-3.459706490123759437e+01,2.161864552280128038e+01,0.000000000000000000e+00
-3.528809818625137495e+01,2.120322852049634221e+01,0.000000000000000000e+00
-3.597267790209821925e+01,2.076883527024810050e+01,0.000000000000000000e+00
-3.665056607378883768e+01,2.031574051556893323e+01,0.000000000000000000e+00
-3.732100777927048085e+01,1.984393183534954730e+01,0.000000000000000000e+00
-3.798208538013093261e+01,1.935283912604698742e+01,0.000000000000000000e+00
-3.863370401002752175e+01,1.884291646269801745e+01,0.000000000000000000e+00
-3.927653082457158007e+01,1.831494710925859337e+01,0.000000000000000000e+00
-3.991086550569593072e+01,1.776946217862681721e+01,0.000000000000000000e+00
-4.053559836951463069e+01,1.720634066784609928e+01,0.000000000000000000e+00
-4.114874096593554498e+01,1.662517051033545101e+01,0.000000000000000000e+00
-4.174993689108070782e+01,1.602629923748420282e+01,0.000000000000000000e+00
-4.234099653781450456e+01,1.541086242893281799e+01,0.000000000000000000e+00
-4.292103455900526399e+01,1.477889738962553956e+01,0.000000000000000000e+00
-4.348725919961904651e+01,1.412986704914188429e+01,0.000000000000000000e+00
-4.404093121654830867e+01,1.346466391290931774e+01,0.000000000000000000e+00
-4.458237409549629149e+01,1.278379005805659396e+01,0.000000000000000000e+00
-4.511024101905734085e+01,1.208725265142973271e+01,0.000000000000000000e+00
-4.562264564339423600e+01,1.137500312268962332e+01,0.000000000000000000e+00
-4.612465767587511323e+01,1.064871628391509795e+01,0.000000000000000000e+00
-4.662467798183354972e+01,9.910381240790524515e+00,0.000000000000000000e+00
-4.713035697198254326e+01,9.161213357984999917e+00,0.000000000000000000e+00
-4.764445899366162251e+01,8.401003601840621116e+00,0.000000000000000000e+00
-4.816642593095411939e+01,7.628812413507406021e+00,0.000000000000000000e+00
-4.869690545879677046e+01,6.843903740602755192e+00,0.000000000000000000e+00
-4.923658542092879031e+01,6.045492521267099129e+00,0.000000000000000000e+00
-4.978595988654355864e+01,5.232715240842818361e+00,0.000000000000000000e+00
-5.034564228360767402e+01,4.404672957747107098e+00,0.000000000000000000e+00
-5.091630222240794268e+01,3.560414690365273138e+00,0.000000000000000000e+00
-5.149860318457245967e+01,2.698927429081995122e+00,0.000000000000000000e+00
-5.209321388725064139e+01,1.819135114240977069e+00,0.000000000000000000e+00
-5.270120633128282606e+01,9.199029783079295530e-01,0.000000000000000000e+00
-5.332264669150014669e+01,6.530140859281086492e-15,0.000000000000000000e+00
-5.331760313514765670e+01,-9.306622245409227334e-01,0.000000000000000000e+00
-5.356410300988853379e+01,-1.870499694240544519e+00,0.000000000000000000e+00
-5.378542529791252491e+01,-2.818774697657485895e+00,0.000000000000000000e+00
-5.398120992978242327e+01,-3.774733915243026594e+00,0.000000000000000000e+00
-5.415111854155824744e+01,-4.737608989634801482e+00,0.000000000000000000e+00
-5.429483502293957287e+01,-5.706617113962107801e+00,0.000000000000000000e+00
-5.441206605029610444e+01,-6.680961637805464370e+00,0.000000000000000000e+00
-5.450254160406880999e+01,-7.659832690437651692e+00,0.000000000000000000e+00
-5.456601547003450037e+01,-8.642407820961395259e+00,0.000000000000000000e+00
-5.460226572393367661e+01,-9.627852654942538280e+00,0.000000000000000000e+00
-5.461109519897369324e+01,-1.061532156712587494e+01,0.000000000000000000e+00
-5.459238485423851728e+01,-1.160396961798351612e+01,0.000000000000000000e+00
-5.454623538377141756e+01,-1.259299069576049135e+01,0.000000000000000000e+00
-5.447275828296919542e+01,-1.358158403205202625e+01,0.000000000000000000e+00
-5.437207089861033893e+01,-1.456895248809036403e+01,0.000000000000000000e+00
-5.424431220395126729e+01,-1.555430622814320962e+01,0.000000000000000000e+00
-5.408964249876920150e+01,-1.653686326100400095e+01,0.000000000000000000e+00
-5.390824309672547798e+01,-1.751584997143772782e+01,0.000000000000000000e+00
-5.370031600034712937e+01,-1.849050164130035512e+01,0.000000000000000000e+00
-5.346608248142254638e+01,-1.946006256605945595e+01,0.000000000000000000e+00
-5.320569251415606971e+01,-2.042375181533757811e+01,0.000000000000000000e+00
-5.291915974778626719e+01,-2.138072838726583313e+01,0.000000000000000000e+00
-5.260650863188663351e+01,-2.233013808294905189e+01,0.000000000000000000e+00
-5.226784558812472170e+01,-2.327114417511031519e+01,0.000000000000000000e+00
-5.190365153112893637e+01,-2.420307019517382940e+01,0.000000000000000000e+00
-5.151455835275213246e+01,-2.512532889421489202e+01,0.000000000000000000e+00
-5.110098058486421735e+01,-2.603725010210897750e+01,0.000000000000000000e+00
-5.066282455585510291e+01,-2.693790165095893130e+01,0.000000000000000000e+00
-5.020008883988411696e+01,-2.782636362768089100e+01,0.000000000000000000e+00
-4.971345669392158584e+01,-2.870207760458243484e+01,0.000000000000000000e+00
-4.920360975338512333e+01,-2.956451141480949119e+01,0.000000000000000000e+00
-4.867017538250544817e+01,-3.041250094857947417e+01,0.000000000000000000e+00
-4.811329012419712825e+01,-3.124513594036841013e+01,0.000000000000000000e+00
-4.753539140453047196e+01,-3.206302635379407207e+01,0.000000000000000000e+00
-4.693685109832805580e+01,-3.286553695887597826e+01,0.000000000000000000e+00
-4.631571375644707445e+01,-3.365033575898171847e+01,0.000000000000000000e+00
-4.567449768447818315e+01,-3.441820271654920305e+01,0.000000000000000000e+00
-4.501411522606975524e+01,-3.516888121604543471e+01,0.000000000000000000e+00
-4.433177506431318449e+01,-3.589916361027339065e+01,0.000000000000000000e+00
-4.363320095022974243e+01,-3.661260282442191283e+01,0.000000000000000000e+00
-4.292438608431505997e+01,-3.731359955199848599e+01,0.000000000000000000e+00
-4.220764114588041593e+01,-3.800393078802263602e+01,0.000000000000000000e+00
-4.148285215026583472e+01,-3.868338544614101693e+01,0.000000000000000000e+00
-4.075090023555259933e+01,-3.935268692075609920e+01,0.000000000000000000e+00
-4.001241158069165493e+01,-4.001241158069164783e+01,0.000000000000000000e+00
-3.926684464917407524e+01,-4.066200796112475757e+01,0.000000000000000000e+00
-3.851329133066859356e+01,-4.130044854307382707e+01,0.000000000000000000e+00
-3.775266164496018462e+01,-4.192857849100481360e+01,0.000000000000000000e+00
-3.698536095241823318e+01,-4.254679076932745119e+01,0.000000000000000000e+00
-3.621138114080468284e+01,-4.315504356735218039e+01,0.000000000000000000e+00
-3.543076852704540869e+01,-4.375335530790000149e+01,0.000000000000000000e+00
-3.464330271121254867e+01,-4.434140541674833003e+01,0.000000000000000000e+00
-3.384832971100366450e+01,-4.491825066348768303e+01,0.000000000000000000e+00
-3.304674917261996825e+01,-4.548494809153981322e+01,0.000000000000000000e+00
-3.223872892140247615e+01,-4.604167644900026346e+01,0.000000000000000000e+00
-3.142418558246840021e+01,-4.658827101186838604e+01,0.000000000000000000e+00
-3.060316721467541612e+01,-4.712474497563781028e+01,0.000000000000000000e+00
-2.977567688550769631e+01,-4.765104384544744676e+01,0.000000000000000000e+00
-2.894172749656262411e+01,-4.816712325630897595e+01,0.000000000000000000e+00
-2.810119716154216363e+01,-4.867270123730128972e+01,0.000000000000000000e+00
-2.725384807094383532e+01,-4.916724343489467941e+01,0.000000000000000000e+00
-2.640013558302112173e+01,-4.965143367971924704e+01,0.000000000000000000e+00
-2.554011497557740284e+01,-5.012529796287761030e+01,0.000000000000000000e+00
-2.467377590455960501e+01,-5.058873752338519125e+01,0.000000000000000000e+00
-2.380114237701825886e+01,-5.104171454354889903e+01,0.000000000000000000e+00
-2.292222650377273752e+01,-5.148416366723546389e+01,0.000000000000000000e+00
-2.203704535739683479e+01,-5.191602544098866900e+01,0.000000000000000000e+00
-2.114561558772781069e+01,-5.233723514857977221e+01,0.000000000000000000e+00
-2.024795506009419199e+01,-5.274772630946282703e+01,0.000000000000000000e+00
-1.934408243214614487e+01,-5.314742968239026766e+01,0.000000000000000000e+00
-1.843401730846360209e+01,-5.353627358650439305e+01,0.000000000000000000e+00
-1.751778024049365712e+01,-5.391418385402124613e+01,0.000000000000000000e+00
-1.659539276740692415e+01,-5.428108388804562168e+01,0.000000000000000000e+00
-1.566687744616249844e+01,-5.463689469563253454e+01,0.000000000000000000e+00
-1.473225788340869258e+01,-5.498153493108839740e+01,0.000000000000000000e+00
-1.379155876541313930e+01,-5.531492094005815829e+01,0.000000000000000000e+00
-1.284480588634789910e+01,-5.563696680657896110e+01,0.000000000000000000e+00
-1.189202617438178677e+01,-5.594758440270230437e+01,0.000000000000000000e+00
-1.093324771476681612e+01,-5.624668343860163588e+01,0.000000000000000000e+00
-9.968499771068582760e+00,-5.653417152052455208e+01,0.000000000000000000e+00
-8.997812798536175549e+00,-5.680995418552019771e+01,0.000000000000000000e+00
-8.021218469329530976e+00,-5.707393503329655005e+01,0.000000000000000000e+00
-7.038749639639626743e+00,-5.732601548500660726e+01,0.000000000000000000e+00
-6.050440492544253424e+00,-5.756609595465209850e+01,0.000000000000000000e+00
-5.056326108433712108e+00,-5.779407187921501077e+01,0.000000000000000000e+00
-4.056443681897284215e+00,-5.800984728396055345e+01,0.000000000000000000e+00
-3.050829526829716976e+00,-5.821329521239449178e+01,0.000000000000000000e+00
-2.039521080379215867e+00,-5.840424223358375855e+01,0.000000000000000000e+00
-1.022542064675184159e+00,-5.858139565107887847e+01,0.000000000000000000e+00
-1.079143480775496441e-14,-5.874583493661673117e+01,0.000000000000000000e+00
1.028057888758044935e+00,-5.889739700114922982e+01,0.000000000000000000e+00
2.061576795350409164e+00,-5.903583527383526075e+01,0.000000000000000000e+00
3.100223171445294579e+00,-5.915578209680978716e+01,0.000000000000000000e+00
4.142889518752830291e+00,-5.924608034611418361e+01,0.000000000000000000e+00
5.188246424188863948e+00,-5.930192798809342491e+01,0.000000000000000000e+00
6.235150633153449640e+00,-5.932349555079890280e+01,0.000000000000000000e+00
7.282066814958027656e+00,-5.930767485267563899e+01,0.000000000000000000e+00
8.327838077688118901e+00,-5.925564691090035296e+01,0.000000000000000000e+00
9.371512735830785701e+00,-5.916940273064815869e+01,0.000000000000000000e+00
1.041191793034236213e+01,-5.904892086570242071e+01,0.000000000000000000e+00
1.144789935997469854e+01,-5.889433662678195702e+01,0.000000000000000000e+00
1.247829438893333176e+01,-5.870575949711203378e+01,0.000000000000000000e+00
1.350193561332520176e+01,-5.848330836525617116e+01,0.000000000000000000e+00
1.451766749080932861e+01,-5.822718397155129111e+01,0.000000000000000000e+00
1.552403893211131169e+01,-5.793650203331662851e+01,0.000000000000000000e+00
1.651958266724104973e+01,-5.761063119996030935e+01,0.000000000000000000e+00
1.750374450319121067e+01,-5.725216854154034962e+01,0.000000000000000000e+00
1.847536096292007457e+01,-5.686131427894948587e+01,0.000000000000000000e+00
1.943332668856803380e+01,-5.643847875836723205e+01,0.000000000000000000e+00
2.037652654205835390e+01,-5.598404656122320944e+01,0.000000000000000000e+00
2.130386928415429182e+01,-5.549847690781664511e+01,0.000000000000000000e+00
2.221428398291204687e+01,-5.498228224416180865e+01,0.000000000000000000e+00
2.310672323597473365e+01,-5.443602860190580373e+01,0.000000000000000000e+00
2.398019046937361409e+01,-5.386038963944049129e+01,0.000000000000000000e+00
2.483367506262927549e+01,-5.325598803349409849e+01,0.000000000000000000e+00
2.566637253645754768e+01,-5.262386221090425664e+01,0.000000000000000000e+00
2.647724743803282266e+01,-5.196452397874256945e+01,0.000000000000000000e+00
2.726339512994666592e+01,-5.127498875608505102e+01,0.000000000000000000e+00
2.802560591416481728e+01,-5.055953143957065521e+01,0.000000000000000000e+00
2.876330433336440962e+01,-4.981950449895320077e+01,0.000000000000000000e+00
2.947634232898767337e+01,-4.905687175287427237e+01,0.000000000000000000e+00
3.016310911469240708e+01,-4.827106501947512385e+01,0.000000000000000000e+00
3.082017199377753158e+01,-4.745890303195751159e+01,0.000000000000000000e+00
3.144965944360746946e+01,-4.662603756411060374e+01,0.000000000000000000e+00
3.205057963073517158e+01,-4.577297141456384821e+01,0.000000000000000000e+00
3.262072140696832179e+01,-4.489857117727820679e+01,0.000000000000000000e+00
3.316107571190529768e+01,-4.400623380284631736e+01,0.000000000000000000e+00
3.367095613658043618e+01,-4.309685855495629880e+01,0.000000000000000000e+00
3.414829597107245718e+01,-4.216963359519472476e+01,0.000000000000000000e+00
3.459193680969998042e+01,-4.122506496775185525e+01,0.000000000000000000e+00
3.500120995086415832e+01,-4.026428614198377431e+01,0.000000000000000000e+00
3.537619186959010875e+01,-3.928924141736555953e+01,0.000000000000000000e+00
3.571717352946282631e+01,-3.830197930351783242e+01,0.000000000000000000e+00
3.602376639769655498e+01,-3.730370212172495314e+01,0.000000000000000000e+00
3.629513515776188370e+01,-3.629513515776190502e+01,0.000000000000000000e+00
3.653046966908159021e+01,-3.527706449786241194e+01,0.000000000000000000e+00
3.672921198090219264e+01,-3.425054427413942904e+01,0.000000000000000000e+00
3.689096081141511263e+01,-3.321677031263127589e+01,0.000000000000000000e+00
3.701535095886579541e+01,-3.217695368415519397e+01,0.000000000000000000e+00
3.710205258676767670e+01,-3.113231864147682870e+01,0.000000000000000000e+00
3.715077161235432612e+01,-3.008410167255889078e+01,0.000000000000000000e+00
3.716125007125403101e+01,-2.903355054369254518e+01,0.000000000000000000e+00
3.713272280492689248e+01,-2.798151366099704518e+01,0.000000000000000000e+00
3.706347787892278234e+01,-2.692819291482334165e+01,0.000000000000000000e+00
3.695624407503688502e+01,-2.587704068525877688e+01,0.000000000000000000e+00
3.681059043502867922e+01,-2.482905675842524573e+01,0.000000000000000000e+00
3.662460988049181054e+01,-2.378429975428794663e+01,0.000000000000000000e+00
3.640269319136201176e+01,-2.274692730224051829e+01,0.000000000000000000e+00
3.614070144211500235e+01,-2.171552424059948549e+01,0.000000000000000000e+00
3.583919327653725873e+01,-2.069176788574783643e+01,0.000000000000000000e+00
3.549877696410976569e+01,-1.967729338670908490e+01,0.000000000000000000e+00
3.511906643148284957e+01,-1.867313885276546159e+01,0.000000000000000000e+00
3.470031193485932164e+01,-1.768069203620609997e+01,0.000000000000000000e+00
3.424337296400655362e+01,-1.670160893696113646e+01,0.000000000000000000e+00
3.374781168482897442e+01,-1.573686303460852187e+01,0.000000000000000000e+00
3.321322448575747899e+01,-1.478748027265108078e+01,0.000000000000000000e+00
3.264926882329926627e+01,-1.385879238314797490e+01,0.000000000000000000e+00
3.207161772790228582e+01,-1.295777466703227887e+01,0.000000000000000000e+00
3.148620929440528471e+01,-1.208642334772004467e+01,0.000000000000000000e+00
3.089415205725117275e+01,-1.124455176173338344e+01,0.000000000000000000e+00
3.029571269094797259e+01,-1.043165044378356754e+01,0.000000000000000000e+00
2.969096682060144587e+01,-9.647179920211129911e+00,0.000000000000000000e+00
2.908140065222412218e+01,-8.891076439176794466e+00,0.000000000000000000e+00
2.846815367834226151e+01,-8.163111708337297046e+00,0.000000000000000000e+00
2.785204338446060390e+01,-7.462932532422810183e+00,0.000000000000000000e+00
2.723388096406803527e+01,-6.790169150440004131e+00,0.000000000000000000e+00
2.661446702660991548e+01,-6.144433860204385311e+00,0.000000000000000000e+00
2.599458387171349472e+01,-5.525319369814446269e+00,0.000000000000000000e+00
2.537499282786593113e+01,-4.932398950247964819e+00,0.000000000000000000e+00
2.475643607616438047e+01,-4.365227626412207407e+00,0.000000000000000000e+00
2.413956177870152686e+01,-3.823330981999215616e+00,0.000000000000000000e+00
2.352862400610703375e+01,-3.306732457217018251e+00,0.000000000000000000e+00
2.294778813918782845e+01,-2.817634090363074328e+00,0.000000000000000000e+00
2.239967652689317390e+01,-2.354300871557629460e+00,0.000000000000000000e+00
2.187823243706420939e+01,-1.914097316228270174e+00,0.000000000000000000e+00
2.138189143608556719e+01,-1.495167501447699498e+00,0.000000000000000000e+00
2.090890684133329103e+01,-1.095789374790276716e+00,0.000000000000000000e+00
2.045715396677097786e+01,-7.143795581307990084e-01,0.000000000000000000e+00
2.002500160093197934e+01,-3.495377031319475414e-01,0.000000000000000000e+00
1.961098140324214967e+01,-4.803305120723754280e-15,0.000000000000000000e+00
