4.251074808807361904e+01,0.000000000000000000e+00,0.000000000000000000e+00
4.203734476913646745e+01,7.337645823551448565e-01,0.000000000000000000e+00
4.155002128444611031e+01,1.450958715651354369e+00,0.000000000000000000e+00
4.104839717584441416e+01,2.151255339114265475e+00,0.000000000000000000e+00
4.053264842603093854e+01,2.834318884059488841e+00,0.000000000000000000e+00
4.000497795373858168e+01,3.499982055556642102e+00,0.000000000000000000e+00
3.946643360038650883e+01,4.148089322232221932e+00,0.000000000000000000e+00
3.891615867574189735e+01,4.778303455028730440e+00,0.000000000000000000e+00
3.835389999931632588e+01,5.390289119995967049e+00,0.000000000000000000e+00
3.778042046943304655e+01,5.983830751276808080e+00,0.000000000000000000e+00
3.719775128336803505e+01,6.558967172940713297e+00,0.000000000000000000e+00
3.660553080809458493e+01,7.115394394627701402e+00,0.000000000000000000e+00
3.600283830073864522e+01,7.652639519566787563e+00,0.000000000000000000e+00
3.539135192948486264e+01,8.170737401448379345e+00,0.000000000000000000e+00
3.477272580880467956e+01,8.669814279322794803e+00,0.000000000000000000e+00
3.414661122354387146e+01,9.149556901608089987e+00,0.000000000000000000e+00
3.351081085334998022e+01,9.609070385234288025e+00,0.000000000000000000e+00
3.286930060042892165e+01,1.004915367163868822e+01,0.000000000000000000e+00
3.222301312252751870e+01,1.046989163548059310e+01,0.000000000000000000e+00
3.156931301291351133e+01,1.087018620293087956e+01,0.000000000000000000e+00
3.090939966731598432e+01,1.125010143794067474e+01,0.000000000000000000e+00
3.024592768804930287e+01,1.161032384572401099e+01,0.000000000000000000e+00
2.957925654600984444e+01,1.195079538529421370e+01,0.000000000000000000e+00
2.890770417184486973e+01,1.227059241538547418e+01,0.000000000000000000e+00
2.823157428530082669e+01,1.256950670323476338e+01,0.000000000000000000e+00
2.755324570173130994e+01,1.284828947774360941e+01,0.000000000000000000e+00
2.687458103342710558e+01,1.310760897405640613e+01,0.000000000000000000e+00
2.619447643767647804e+01,1.334675238117833196e+01,0.000000000000000000e+00
2.550991622817117843e+01,1.356386305941283155e+01,0.000000000000000000e+00
2.482448790322343157e+01,1.376043834243651887e+01,0.000000000000000000e+00
2.414324286365845040e+01,1.393910776644371374e+01,0.000000000000000000e+00
2.347466982356014853e+01,1.410500464165193968e+01,0.000000000000000000e+00
2.282815692337279145e+01,1.426461562199238031e+01,0.000000000000000000e+00
2.220321962216381806e+01,1.441893941606514318e+01,0.000000000000000000e+00
2.159831966533407765e+01,1.456825056375310545e+01,0.000000000000000000e+00
2.101225458285079739e+01,1.471293905369364552e+01,0.000000000000000000e+00
2.044378733018133687e+01,1.485328092887391627e+01,0.000000000000000000e+00
1.989180471261633443e+01,1.498955000504588497e+01,0.000000000000000000e+00
1.935528194467309149e+01,1.512200358035806680e+01,0.000000000000000000e+00
1.883326382669365984e+01,1.525087633980562707e+01,0.000000000000000000e+00
1.832486527394621589e+01,1.537638769274161277e+01,0.000000000000000000e+00
1.782925944240613347e+01,1.549873877836838076e+01,0.000000000000000000e+00
1.734568250104589282e+01,1.561812267504799223e+01,0.000000000000000000e+00
1.687341350229920423e+01,1.573471264553292315e+01,0.000000000000000000e+00
1.641178597887696000e+01,1.584867749433760764e+01,0.000000000000000000e+00
1.596016920642974846e+01,1.596016920642974490e+01,0.000000000000000000e+00
1.551797720466170816e+01,1.606933580413823748e+01,0.000000000000000000e+00
1.508465430083715830e+01,1.617631127375702249e+01,0.000000000000000000e+00
1.465968242753215200e+01,1.628122676743880959e+01,0.000000000000000000e+00
1.424256823143247708e+01,1.638420053112952957e+01,0.000000000000000000e+00
1.383285132282197338e+01,1.648535025979465374e+01,0.000000000000000000e+00
1.343009029012748456e+01,1.658478031128743169e+01,0.000000000000000000e+00
1.303387355321183705e+01,1.668259738949616633e+01,0.000000000000000000e+00
1.264380373970009153e+01,1.677889427835377845e+01,0.000000000000000000e+00
1.225950975079343763e+01,1.687376757483215073e+01,0.000000000000000000e+00
1.188063271700116097e+01,1.696730193362035877e+01,0.000000000000000000e+00
1.150683417264522745e+01,1.705958321551240786e+01,0.000000000000000000e+00
1.113778927909059568e+01,1.715069148522129083e+01,0.000000000000000000e+00
1.077318604964388982e+01,1.724070162302847109e+01,0.000000000000000000e+00
1.041272861960852225e+01,1.732969059689849090e+01,0.000000000000000000e+00
1.005612816802202758e+01,1.741772491443868276e+01,0.000000000000000000e+00
9.703111328236103006e+00,1.750487621085306245e+01,0.000000000000000000e+00
9.353411387425406787e+00,1.759120833760271196e+01,0.000000000000000000e+00
9.006771321461267021e+00,1.767678401618238837e+01,0.000000000000000000e+00
8.662944006326918966e+00,1.776166737555842090e+01,0.000000000000000000e+00
8.321686387559255493e+00,1.784591404843100904e+01,0.000000000000000000e+00
7.982765629264831908e+00,1.792958516078743969e+01,0.000000000000000000e+00
7.645952848863176499e+00,1.801273610797116831e+01,0.000000000000000000e+00
7.311024365862702545e+00,1.809542029295299059e+01,0.000000000000000000e+00
6.977763322712025484e+00,1.817769492801857822e+01,0.000000000000000000e+00
6.645954341084150840e+00,1.825960948285511876e+01,0.000000000000000000e+00
6.315387672612912340e+00,1.834121757554220977e+01,0.000000000000000000e+00
5.985856317231195156e+00,1.842257144343893671e+01,0.000000000000000000e+00
5.657154423849225289e+00,1.850371836041637508e+01,0.000000000000000000e+00
5.329080379120272326e+00,1.858471188653322415e+01,0.000000000000000000e+00
5.001432466007404543e+00,1.866560007376413921e+01,0.000000000000000000e+00
4.674010262099633550e+00,1.874643124238007630e+01,0.000000000000000000e+00
4.346614941873649940e+00,1.882725775552874836e+01,0.000000000000000000e+00
4.019046147989695505e+00,1.890812551921570517e+01,0.000000000000000000e+00
3.691104327037627364e+00,1.898908558902680355e+01,0.000000000000000000e+00
3.362588791576644809e+00,1.907018868051889982e+01,0.000000000000000000e+00
3.033296649035905901e+00,1.915148131230917627e+01,0.000000000000000000e+00
2.703024335611429851e+00,1.923301751647722213e+01,0.000000000000000000e+00
2.371564965986385332e+00,1.931484665944090651e+01,0.000000000000000000e+00
2.038708879266570406e+00,1.939701929340182218e+01,0.000000000000000000e+00
1.704243410298305950e+00,1.947959131634600638e+01,0.000000000000000000e+00
1.367951126711372645e+00,1.956261251859234207e+01,0.000000000000000000e+00
1.029610566575083208e+00,1.964613995594839579e+01,0.000000000000000000e+00
6.889948192068031663e-01,1.973023015342259967e+01,0.000000000000000000e+00
3.458710181768985814e-01,1.981493736054637012e+01,0.000000000000000000e+00
1.218543462705830814e-15,1.990032495172041749e+01,0.000000000000000000e+00
-3.488647878531636048e-01,1.998645031043081133e+01,0.000000000000000000e+00
-7.009777906973149175e-01,2.007337756010704766e+01,0.000000000000000000e+00
-1.056602313809039018e+00,2.016117317436025402e+01,0.000000000000000000e+00
-1.416010993310917732e+00,2.024990063117457240e+01,0.000000000000000000e+00
-1.779487456696542180e+00,2.033963470214922253e+01,0.000000000000000000e+00
-2.147326183554882473e+00,2.043044391243604352e+01,0.000000000000000000e+00
-2.519834699801887457e+00,2.052240673641795610e+01,0.000000000000000000e+00
-2.897333931726217227e+00,2.061560213344113635e+01,0.000000000000000000e+00
-3.280159332796761085e+00,2.071011095582100126e+01,0.000000000000000000e+00
-3.668663365553732625e+00,2.080602384736241106e+01,0.000000000000000000e+00
-4.063214588200649402e+00,2.090342692747680431e+01,0.000000000000000000e+00
-4.464202586340422663e+00,2.100242190250876462e+01,0.000000000000000000e+00
-4.872035574551953019e+00,2.110310454982594663e+01,0.000000000000000000e+00
-5.287146313347177440e+00,2.120558562638718669e+01,0.000000000000000000e+00
-5.709989984358742277e+00,2.130997273233624156e+01,0.000000000000000000e+00
-6.141051452586955506e+00,2.141639153612195301e+01,0.000000000000000000e+00
-6.580843263592821124e+00,2.152496842055630566e+01,0.000000000000000000e+00
-7.029907759684151713e+00,2.163583137984048932e+01,0.000000000000000000e+00
-7.488818453050411605e+00,2.174910801228845258e+01,0.000000000000000000e+00
-7.958207216665903694e+00,2.186499462713039321e+01,0.000000000000000000e+00
-8.438745571938763845e+00,2.198368380919091436e+01,0.000000000000000000e+00
-8.931068038010137045e+00,2.210516908784535772e+01,0.000000000000000000e+00
-9.435911708195117598e+00,2.222961492145552498e+01,0.000000000000000000e+00
-9.954454460477201394e+00,2.235807078238665468e+01,0.000000000000000000e+00
-1.048714745417925975e+01,2.248976029189162773e+01,0.000000000000000000e+00
-1.103253014529105513e+01,2.262003893922963726e+01,0.000000000000000000e+00
-1.158476444993183740e+01,2.273638041323882675e+01,0.000000000000000000e+00
-1.213735710068914031e+01,2.282704871862530638e+01,0.000000000000000000e+00
-1.269214822416783406e+01,2.289724151338217339e+01,0.000000000000000000e+00
-1.324929949833198428e+01,2.294845989580784718e+01,0.000000000000000000e+00
-1.380558188170979328e+01,2.297634666763966038e+01,0.000000000000000000e+00
-1.436124053269972123e+01,2.298278910434326150e+01,0.000000000000000000e+00
-1.491673375000802082e+01,2.296975567618786584e+01,0.000000000000000000e+00
-1.547067820394644500e+01,2.293622366159178938e+01,0.000000000000000000e+00
-1.602166277754302470e+01,2.288130576044241948e+01,0.000000000000000000e+00
-1.656897549164925110e+01,2.280523830743601010e+01,0.000000000000000000e+00
-1.711342617457477644e+01,2.271028358515263079e+01,0.000000000000000000e+00
-1.765393222135794460e+01,2.259600282203087218e+01,0.000000000000000000e+00
-1.818797487073230812e+01,2.246027845099830955e+01,0.000000000000000000e+00
-1.871574648159809584e+01,2.230455810752697587e+01,0.000000000000000000e+00
-1.923771435048398715e+01,2.213045881593901498e+01,0.000000000000000000e+00
-1.975317241701428017e+01,2.193812049391487662e+01,0.000000000000000000e+00
-2.026104656548660543e+01,2.172731236918090403e+01,0.000000000000000000e+00
-2.076015543396126972e+01,2.149777027087092662e+01,0.000000000000000000e+00
-2.124987213012662224e+01,2.124987213012662579e+01,0.000000000000000000e+00
-2.172981022240872306e+01,2.098423381046810476e+01,0.000000000000000000e+00
-2.219966386920754431e+01,2.070152146522121228e+01,0.000000000000000000e+00
-2.265901500119459300e+01,2.040226874688105241e+01,0.000000000000000000e+00
-2.310718533973632205e+01,2.008676976409432413e+01,0.000000000000000000e+00
-2.354357291367057314e+01,1.975540334845638313e+01,0.000000000000000000e+00
-2.396773586875641016e+01,1.940868981835421891e+01,0.000000000000000000e+00
-2.437918412132252755e+01,1.904710613995009183e+01,0.000000000000000000e+00
-2.477731864433375719e+01,1.867104881512516812e+01,0.000000000000000000e+00
-2.516153682217146681e+01,1.828092657128043896e+01,0.000000000000000000e+00
-2.553123996239933291e+01,1.787716668151301391e+01,0.000000000000000000e+00
-2.588589187180107132e+01,1.746025453359197144e+01,0.000000000000000000e+00
-2.622529820944704326e+01,1.703090779108397967e+01,0.000000000000000000e+00
-2.654941468110841640e+01,1.658991554535620239e+01,0.000000000000000000e+00
-2.685786516674115632e+01,1.613783348984685162e+01,0.000000000000000000e+00
-2.714963677943271136e+01,1.567485010300603498e+01,0.000000000000000000e+00
-2.742367806247279205e+01,1.520119297415540593e+01,0.000000000000000000e+00
-2.768131637319876148e+01,1.471841699643511170e+01,0.000000000000000000e+00
-2.792776818031502017e+01,1.422990863545121876e+01,0.000000000000000000e+00
-2.816879987005106756e+01,1.373884167741370277e+01,0.000000000000000000e+00
-2.840979925190792343e+01,1.324770695781081642e+01,0.000000000000000000e+00
-2.865215407790284630e+01,1.275676089136230829e+01,0.000000000000000000e+00
-2.889546335966497992e+01,1.226539649888517580e+01,0.000000000000000000e+00
-2.913928819592892339e+01,1.177303663332410544e+01,0.000000000000000000e+00
-2.938338824832309015e+01,1.127922597601351917e+01,0.000000000000000000e+00
-2.962801754330089210e+01,1.078371648607838473e+01,0.000000000000000000e+00
-2.987349186673691648e+01,1.028626815510176051e+01,0.000000000000000000e+00
-3.012011263625960211e+01,9.786617848274396181e+00,0.000000000000000000e+00
-3.036808369559140885e+01,9.284454922846805403e+00,0.000000000000000000e+00
-3.061753123577024382e+01,8.779435805183307906e+00,0.000000000000000000e+00
-3.086856619042844585e+01,8.271207382231969163e+00,0.000000000000000000e+00
-3.112131478328325684e+01,7.759415260769969791e+00,0.000000000000000000e+00
-3.137597937247369728e+01,7.243715602515975682e+00,0.000000000000000000e+00
-3.163276647870452152e+01,6.723752078824164258e+00,0.000000000000000000e+00
-3.189186883031735320e+01,6.199151322216660098e+00,0.000000000000000000e+00
-3.215346121000377622e+01,5.669522734486711180e+00,0.000000000000000000e+00
-3.241770087492317032e+01,5.134459409682940567e+00,0.000000000000000000e+00
-3.268473095324770838e+01,4.593539370192532445e+00,0.000000000000000000e+00
-3.295479451430657747e+01,4.046339974084585123e+00,0.000000000000000000e+00
-3.322830830427239590e+01,3.492435933492686218e+00,0.000000000000000000e+00
-3.350569042902615990e+01,2.931368076148857860e+00,0.000000000000000000e+00
-3.378715162350524537e+01,2.362627797683731323e+00,0.000000000000000000e+00
-3.407231855778761087e+01,1.785654550638001270e+00,0.000000000000000000e+00
-3.436069095352732461e+01,1.199901768365299937e+00,0.000000000000000000e+00
-3.465174632131869714e+01,6.048484819147401659e-01,0.000000000000000000e+00
-3.494494098238375557e+01,4.279521012046943756e-15,0.000000000000000000e+00
-3.494842548961722173e+01,-6.100270360602317865e-01,0.000000000000000000e+00
-3.524109850200240857e+01,-1.230646277424399804e+00,0.000000000000000000e+00
-3.553965540476410467e+01,-1.862554416248210387e+00,0.000000000000000000e+00
-3.584390106442561574e+01,-2.506449729053865649e+00,0.000000000000000000e+00
-3.615362158558406946e+01,-3.163032034144739768e+00,0.000000000000000000e+00
-3.646935983399229997e+01,-3.833084175980522534e+00,0.000000000000000000e+00
-3.679298866174441685e+01,-4.517610957137845773e+00,0.000000000000000000e+00
-3.712612510511808495e+01,-5.217736611538708935e+00,0.000000000000000000e+00
-3.746606450343191597e+01,-5.934041657539033565e+00,0.000000000000000000e+00
-3.780719681822686340e+01,-6.666428864008631550e+00,0.000000000000000000e+00
-3.814271103158764475e+01,-7.414191961670668185e+00,0.000000000000000000e+00
-3.846285476389210345e+01,-8.175532160626323375e+00,0.000000000000000000e+00
-3.875784371352052204e+01,-8.947953270067760201e+00,0.000000000000000000e+00
-3.902365457452383879e+01,-9.729689858708171712e+00,0.000000000000000000e+00
-3.926122745702922856e+01,-1.052001419096558443e+01,0.000000000000000000e+00
-3.947167341302197485e+01,-1.131832021936266131e+01,0.000000000000000000e+00
-3.965571031287979764e+01,-1.212396733768395052e+01,0.000000000000000000e+00
-3.981320167674736865e+01,-1.293609339486820531e+01,0.000000000000000000e+00
-3.994392285622210892e+01,-1.375379562250946996e+01,0.000000000000000000e+00
-4.004767725173699944e+01,-1.457616247113197439e+01,0.000000000000000000e+00
-4.012429663525035295e+01,-1.540227440936516778e+01,0.000000000000000000e+00
-4.017364145165095834e+01,-1.623120473376534534e+01,0.000000000000000000e+00
-4.019560109855959240e+01,-1.706202038874566185e+01,0.000000000000000000e+00
-4.019009418422069757e+01,-1.789378279606680522e+01,0.000000000000000000e+00
-4.015711115474299930e+01,-1.872556846083816851e+01,0.000000000000000000e+00
-4.009681665625478075e+01,-1.955652418100587298e+01,0.000000000000000000e+00
-4.000935218207963828e+01,-2.038578315455500700e+01,0.000000000000000000e+00
-3.989486194104326700e+01,-2.121247436888527815e+01,0.000000000000000000e+00
-3.975351523135271492e+01,-2.203573331980431860e+01,0.000000000000000000e+00
-3.958557709244617229e+01,-2.285474359035048408e+01,0.000000000000000000e+00
-3.939191563543714381e+01,-2.366905081339019645e+01,0.000000000000000000e+00
-3.917353797147295325e+01,-2.447834328422972661e+01,0.000000000000000000e+00
-3.892927931072697589e+01,-2.528096958209285106e+01,0.000000000000000000e+00
-3.865730888244535635e+01,-2.607468407941776789e+01,0.000000000000000000e+00
-3.836075205669965271e+01,-2.686048776149470285e+01,0.000000000000000000e+00
-3.804107391050337128e+01,-2.763845800697588828e+01,0.000000000000000000e+00
-3.769664610500915813e+01,-2.840646034772135664e+01,0.000000000000000000e+00
-3.732710918616577089e+01,-2.916313388619814262e+01,0.000000000000000000e+00
-3.693367539822040868e+01,-2.990830062468614159e+01,0.000000000000000000e+00
-3.651663133405823913e+01,-3.064109188424497177e+01,0.000000000000000000e+00
-3.607581977664629136e+01,-3.136023168768698000e+01,0.000000000000000000e+00
-3.561273796793030044e+01,-3.206585329484368430e+01,0.000000000000000000e+00
-3.512832863154154239e+01,-3.275769639971403535e+01,0.000000000000000000e+00
-3.462422881846860179e+01,-3.343622910634672962e+01,0.000000000000000000e+00
-3.409644583289061615e+01,-3.409644583289060193e+01,0.000000000000000000e+00
-3.354901843028801522e+01,-3.474102558248172556e+01,0.000000000000000000e+00
-3.298306136718367298e+01,-3.537000297099164925e+01,0.000000000000000000e+00
-3.239559908571999358e+01,-3.597895776998975492e+01,0.000000000000000000e+00
-3.179114264761353326e+01,-3.657152613127105667e+01,0.000000000000000000e+00
-3.116832832843940793e+01,-3.714496726057354437e+01,0.000000000000000000e+00
-3.052656848278058277e+01,-3.769717261815829801e+01,0.000000000000000000e+00
-2.986998673428546880e+01,-3.823183957426697788e+01,0.000000000000000000e+00
-2.919719715389983605e+01,-3.874598928891295202e+01,0.000000000000000000e+00
-2.850710952713505719e+01,-3.923667015804021929e+01,0.000000000000000000e+00
-2.780279754820340088e+01,-3.970650990032120831e+01,0.000000000000000000e+00
-2.708482437427170453e+01,-4.015490345631769031e+01,0.000000000000000000e+00
-2.635365309044490090e+01,-4.058106706250001849e+01,0.000000000000000000e+00
-2.560985056065115018e+01,-4.098432813579133693e+01,0.000000000000000000e+00
-2.485409294167929062e+01,-4.136415693526965498e+01,0.000000000000000000e+00
-2.408712887949337045e+01,-4.172013102774206317e+01,0.000000000000000000e+00
-2.330974990383643686e+01,-4.205190198995443751e+01,0.000000000000000000e+00
-2.252277771798379646e+01,-4.235918412732479510e+01,0.000000000000000000e+00
-2.172705977888871587e+01,-4.264175577578539134e+01,0.000000000000000000e+00
-2.092346091076625569e+01,-4.289945228447825798e+01,0.000000000000000000e+00
-2.011284278662252234e+01,-4.313213054703269478e+01,0.000000000000000000e+00
-1.929602932969364559e+01,-4.333959146482626323e+01,0.000000000000000000e+00
-1.847376994703765618e+01,-4.352147463541240313e+01,0.000000000000000000e+00
-1.764609951927482356e+01,-4.367562893423269088e+01,0.000000000000000000e+00
-1.681461821283008717e+01,-4.380357803324482546e+01,0.000000000000000000e+00
-1.598040397922781430e+01,-4.390579908669111830e+01,0.000000000000000000e+00
-1.514434672435013418e+01,-4.398237649215188583e+01,0.000000000000000000e+00
-1.430717544372182992e+01,-4.403295832662070808e+01,0.000000000000000000e+00
-1.346905181959490783e+01,-4.405528341262051839e+01,0.000000000000000000e+00
-1.263125652582733061e+01,-4.405042645203002394e+01,0.000000000000000000e+00
-1.179502268690127842e+01,-4.401962394394316647e+01,0.000000000000000000e+00
-1.096120595636981143e+01,-4.396299585836756307e+01,0.000000000000000000e+00
-1.013053537002145177e+01,-4.388016954883018172e+01,0.000000000000000000e+00
-9.303392209863142526e+00,-4.376901911080933871e+01,0.000000000000000000e+00
-8.480976362215187692e+00,-4.363084100358326367e+01,0.000000000000000000e+00
-7.664353179380261949e+00,-4.346670684534847595e+01,0.000000000000000000e+00
-6.854372223780266893e+00,-4.327680301003915986e+01,0.000000000000000000e+00
-6.051844870546123190e+00,-4.306111375645021866e+01,0.000000000000000000e+00
-5.257583146779628791e+00,-4.281957852125420771e+01,0.000000000000000000e+00
-4.472416328255059526e+00,-4.255219893803467102e+01,0.000000000000000000e+00
-3.697190953322394780e+00,-4.225908596977100729e+01,0.000000000000000000e+00
-2.932761450425607208e+00,-4.194044271308683847e+01,0.000000000000000000e+00
-2.179676923044483683e+00,-4.159071330369826569e+01,0.000000000000000000e+00
-1.439772375802627735e+00,-4.122968642322839372e+01,0.000000000000000000e+00
-7.133764681484792147e-01,-4.086931048851308645e+01,0.000000000000000000e+00
-7.442581394100592153e-15,-4.051552605089842274e+01,0.000000000000000000e+00
7.011322206734100781e-01,-4.016783802046969498e+01,0.000000000000000000e+00
1.390749747884353349e+00,-3.982586203356701304e+01,0.000000000000000000e+00
2.069544062505362270e+00,-3.948925313794106273e+01,0.000000000000000000e+00
2.738172113848087896e+00,-3.915768555357696812e+01,0.000000000000000000e+00
3.397259110035964813e+00,-3.883084931374365567e+01,0.000000000000000000e+00
4.047401068029979676e+00,-3.850844885364715253e+01,0.000000000000000000e+00
4.689167171668525036e+00,-3.819020190475422538e+01,0.000000000000000000e+00
5.323101952997393305e+00,-3.787583846552190181e+01,0.000000000000000000e+00
5.949727292522795530e+00,-3.756509970506928653e+01,0.000000000000000000e+00
6.569544301505565009e+00,-3.725773716030172267e+01,0.000000000000000000e+00
7.183035038475520828e+00,-3.695351175404480415e+01,0.000000000000000000e+00
7.790664141330892356e+00,-3.665219309213956933e+01,0.000000000000000000e+00
8.392880328760432107e+00,-3.635355865977989964e+01,0.000000000000000000e+00
8.990117812448129797e+00,-3.605739311240797917e+01,0.000000000000000000e+00
9.582797646249364476e+00,-3.576348769445402098e+01,0.000000000000000000e+00
1.017132894475672344e+01,-3.547163947500166614e+01,0.000000000000000000e+00
1.075611011546825146e+01,-3.518165093588309134e+01,0.000000000000000000e+00
1.133752994292010818e+01,-3.489332925755673642e+01,0.000000000000000000e+00
1.191596868224925210e+01,-3.460648586503276647e+01,0.000000000000000000e+00
1.249179909613033423e+01,-3.432093594498181943e+01,0.000000000000000000e+00
1.306538740241345842e+01,-3.403649784801552869e+01,0.000000000000000000e+00
1.363709427006720709e+01,-3.375299274664205029e+01,0.000000000000000000e+00
1.420727571564623659e+01,-3.347024410661556715e+01,0.000000000000000000e+00
1.477628398463762061e+01,-3.318807721114798426e+01,0.000000000000000000e+00
1.534446847450077378e+01,-3.290631883510764055e+01,0.000000000000000000e+00
1.591217655369873540e+01,-3.262479671593652597e+01,0.000000000000000000e+00
1.647975441693953869e+01,-3.234333914683045919e+01,0.000000000000000000e+00
1.704754797026853552e+01,-3.206177463694521634e+01,0.000000000000000000e+00
1.761590362260955800e+01,-3.177993138744655965e+01,0.000000000000000000e+00
1.818516915310141613e+01,-3.149763691740593075e+01,0.000000000000000000e+00
1.875569459358305835e+01,-3.121471768933282220e+01,0.000000000000000000e+00
1.932783303503293837e+01,-3.093099857750351589e+01,0.000000000000000000e+00
1.990194155310228297e+01,-3.064630250950782298e+01,0.000000000000000000e+00
2.047838211486683591e+01,-3.036045002179099939e+01,0.000000000000000000e+00
2.105752245042631543e+01,-3.007325871450367316e+01,0.000000000000000000e+00
2.163973708809095697e+01,-2.978454289179792625e+01,0.000000000000000000e+00
2.222540829949811680e+01,-2.949411299224828653e+01,0.000000000000000000e+00
2.281492712632880071e+01,-2.920177506443941695e+01,0.000000000000000000e+00
2.340869453786720200e+01,-2.890733032300979133e+01,0.000000000000000000e+00
2.400712246484698653e+01,-2.861057444533056682e+01,0.000000000000000000e+00
2.461063510629518447e+01,-2.831129710792627208e+01,0.000000000000000000e+00
2.521967012812190134e+01,-2.800928126415616859e+01,0.000000000000000000e+00
2.583468004003808005e+01,-2.770430250843608277e+01,0.000000000000000000e+00
2.645613365480005896e+01,-2.739612838524039873e+01,0.000000000000000000e+00
2.708451756266267907e+01,-2.708451756266269328e+01,0.000000000000000000e+00
2.772033786408086797e+01,-2.676921910920241743e+01,0.000000000000000000e+00
2.836412183356991079e+01,-2.644997151485056008e+01,0.000000000000000000e+00
2.901641992006416260e+01,-2.612650184707016976e+01,0.000000000000000000e+00
2.967780771884775248e+01,-2.579852465745440071e+01,0.000000000000000000e+00
3.034888822588993307e+01,-2.546574091698475684e+01,0.000000000000000000e+00
3.103029426962897119e+01,-2.512783684488809399e+01,0.000000000000000000e+00
3.172269102704947841e+01,-2.478448253354741126e+01,0.000000000000000000e+00
3.242677900165068650e+01,-2.443533064848211467e+01,0.000000000000000000e+00
3.314329702729808957e+01,-2.408001480864573196e+01,0.000000000000000000e+00
3.387302566033741158e+01,-2.371814790933920492e+01,0.000000000000000000e+00
3.461679096242400533e+01,-2.334932032990896289e+01,0.000000000000000000e+00
3.537546852741640890e+01,-2.297309787462376818e+01,0.000000000000000000e+00
3.614998792317001630e+01,-2.258901952508131217e+01,0.000000000000000000e+00
3.694133754974622974e+01,-2.219659494784659515e+01,0.000000000000000000e+00
3.775057072772428057e+01,-2.179530217171365081e+01,0.000000000000000000e+00
3.857882368844826715e+01,-2.138459116490736633e+01,0.000000000000000000e+00
3.942607488258480686e+01,-2.096321586846207197e+01,0.000000000000000000e+00
4.024847970727268631e+01,-2.050762471431552569e+01,0.000000000000000000e+00
4.102629473001972826e+01,-2.000986092793845827e+01,0.000000000000000000e+00
4.175828802994414701e+01,-1.947220949980519578e+01,0.000000000000000000e+00
4.244251210307786693e+01,-1.889662386484499379e+01,0.000000000000000000e+00
4.307936266057681252e+01,-1.828610454777530592e+01,0.000000000000000000e+00
4.366531870544213945e+01,-1.764193391644908004e+01,0.000000000000000000e+00
4.419953658343894887e+01,-1.696661245961438169e+01,0.000000000000000000e+00
4.468281600715286572e+01,-1.626321500979704027e+01,0.000000000000000000e+00
4.511224192114722342e+01,-1.553339059085465301e+01,0.000000000000000000e+00
4.548636906504226118e+01,-1.477941721935141040e+01,0.000000000000000000e+00
4.580792018565652768e+01,-1.400488665456466997e+01,0.000000000000000000e+00
4.606937022407995386e+01,-1.321017933656917798e+01,0.000000000000000000e+00
4.627530923776544824e+01,-1.239943173975972002e+01,0.000000000000000000e+00
4.642589697334855003e+01,-1.157527617256826780e+01,0.000000000000000000e+00
4.651224880648142346e+01,-1.073819874713451483e+01,0.000000000000000000e+00
4.655084542430827810e+01,-9.894687646223674804e+00,0.000000000000000000e+00
4.652401061462211374e+01,-9.043351565596735142e+00,0.000000000000000000e+00
4.643403502196330379e+01,-8.187573197533954072e+00,0.000000000000000000e+00
4.628421573451837645e+01,-7.330699604971800731e+00,0.000000000000000000e+00
4.607590786183217801e+01,-6.475546550572395255e+00,0.000000000000000000e+00
4.581056666188680992e+01,-5.624830312293042311e+00,0.000000000000000000e+00
4.548978805635032785e+01,-4.781169386060402537e+00,0.000000000000000000e+00
4.512058197901422574e+01,-3.947539414855851803e+00,0.000000000000000000e+00
4.472035850710749116e+01,-3.127152099372847438e+00,0.000000000000000000e+00
4.430548374500790487e+01,-2.321952013136767690e+00,0.000000000000000000e+00
4.387808546920413733e+01,-1.532256508409276519e+00,0.000000000000000000e+00
4.343522031467814060e+01,-7.581645907641830773e-01,0.000000000000000000e+00
4.297680870998817682e+01,-1.052628224485102196e-14,0.000000000000000000e+00
