3.569709008947433659e+01,0.000000000000000000e+00,0.000000000000000000e+00
3.535029638036079547e+01,6.170417185509327052e-01,0.000000000000000000e+00
3.498962250208241898e+01,1.221864541998489484e+00,0.000000000000000000e+00
3.461543161912275224e+01,1.814117900082190982e+00,0.000000000000000000e+00
3.422815784381853632e+01,2.393465956717490073e+00,0.000000000000000000e+00
3.382823676139950919e+01,2.959587223693374458e+00,0.000000000000000000e+00
3.341605663721161790e+01,3.512169078448659221e+00,0.000000000000000000e+00
3.299239912089473137e+01,4.050957239192435111e+00,0.000000000000000000e+00
3.255859404567711124e+01,4.575811983915772707e+00,0.000000000000000000e+00
3.211386040065750791e+01,5.086335806218428068e+00,0.000000000000000000e+00
3.165649578191188240e+01,5.581894321034779338e+00,0.000000000000000000e+00
3.118903095459853958e+01,6.062533478660734332e+00,0.000000000000000000e+00
3.071291921218490728e+01,6.528232506591187700e+00,0.000000000000000000e+00
3.022639489104675548e+01,6.978313112742926094e+00,0.000000000000000000e+00
2.973107883940600260e+01,7.412790509402249484e+00,0.000000000000000000e+00
2.922781753254010439e+01,7.831570104368329233e+00,0.000000000000000000e+00
2.871448050901644677e+01,8.233744790421692272e+00,0.000000000000000000e+00
2.819465879518842044e+01,8.619972246947368077e+00,0.000000000000000000e+00
2.766867851965595548e+01,8.990098619772552979e+00,0.000000000000000000e+00
2.713273556698238664e+01,9.342550079798655815e+00,0.000000000000000000e+00
2.659073419614591316e+01,9.678235754681544734e+00,0.000000000000000000e+00
2.604410451385183833e+01,9.997395047571252746e+00,0.000000000000000000e+00
2.549329523706259337e+01,1.029995985873177844e+01,0.000000000000000000e+00
2.494344782225902790e+01,1.058786542998726432e+01,0.000000000000000000e+00
2.440724646509431039e+01,1.086680625565535507e+01,0.000000000000000000e+00
2.388729749203519148e+01,1.113882975316270141e+01,0.000000000000000000e+00
2.338049552240616435e+01,1.140342960309569342e+01,0.000000000000000000e+00
2.288660328286320578e+01,1.166130682510154593e+01,0.000000000000000000e+00
2.240491190104179253e+01,1.191290297332843373e+01,0.000000000000000000e+00
2.193456758585635313e+01,1.215852935254268807e+01,0.000000000000000000e+00
2.147493718941434082e+01,1.239856076713867239e+01,0.000000000000000000e+00
2.102539615169330034e+01,1.263333254700611974e+01,0.000000000000000000e+00
2.058533889903000613e+01,1.286314737667074759e+01,0.000000000000000000e+00
2.015421178654875334e+01,1.308829816909552690e+01,0.000000000000000000e+00
1.973149223957364384e+01,1.330905956560267178e+01,0.000000000000000000e+00
1.931668436748098117e+01,1.352568800732784027e+01,0.000000000000000000e+00
1.890932422944822378e+01,1.373842822853633372e+01,0.000000000000000000e+00
1.850896908523076689e+01,1.394750861740305226e+01,0.000000000000000000e+00
1.811520434954564607e+01,1.415314877953197836e+01,0.000000000000000000e+00
1.772763225363469175e+01,1.435555354534619354e+01,0.000000000000000000e+00
1.734587896963839881e+01,1.455492064586931633e+01,0.000000000000000000e+00
1.696958537129266631e+01,1.475143550950495808e+01,0.000000000000000000e+00
1.659841197117696865e+01,1.494527726776942522e+01,0.000000000000000000e+00
1.623203213768703179e+01,1.513661484706451255e+01,0.000000000000000000e+00
1.587013563179294096e+01,1.532561183428821217e+01,0.000000000000000000e+00
1.551242301691302750e+01,1.551242301691302572e+01,0.000000000000000000e+00
1.515860897651268324e+01,1.569719911007672053e+01,0.000000000000000000e+00
1.480841672963762612e+01,1.588008274586942825e+01,0.000000000000000000e+00
1.446158209798182881e+01,1.606121406224843184e+01,0.000000000000000000e+00
1.411784712553520826e+01,1.624072531119164609e+01,0.000000000000000000e+00
1.377696534459917288e+01,1.641874794447199193e+01,0.000000000000000000e+00
1.343869443962023169e+01,1.659540555103042792e+01,0.000000000000000000e+00
1.310280242902342174e+01,1.677082232730767686e+01,0.000000000000000000e+00
1.276906006054120546e+01,1.694511503030120636e+01,0.000000000000000000e+00
1.243724673649687595e+01,1.711840154855340757e+01,0.000000000000000000e+00
1.210714411304221905e+01,1.729079373238077366e+01,0.000000000000000000e+00
1.177854011491238495e+01,1.746240384043067095e+01,0.000000000000000000e+00
1.145122526898684079e+01,1.763334058446105601e+01,0.000000000000000000e+00
1.112499357029262015e+01,1.780371134589895377e+01,0.000000000000000000e+00
1.079964229056949598e+01,1.797362308091975791e+01,0.000000000000000000e+00
1.047496949217607742e+01,1.814317936818292054e+01,0.000000000000000000e+00
1.015077687394290429e+01,1.831248623369777206e+01,0.000000000000000000e+00
9.826864985622835391e+00,1.848164504984606538e+01,0.000000000000000000e+00
9.503037441884634617e+00,1.865076111765157663e+01,0.000000000000000000e+00
9.179095943497232568e+00,1.881993567517730881e+01,0.000000000000000000e+00
8.854843531543799884e+00,1.898927323342497786e+01,0.000000000000000000e+00
8.530081518582873557e+00,1.915887677513785192e+01,0.000000000000000000e+00
8.204610228761415769e+00,1.932885041808933124e+01,0.000000000000000000e+00
7.878228668723656902e+00,1.949930020616529802e+01,0.000000000000000000e+00
7.550732593869285303e+00,1.967033091071593276e+01,0.000000000000000000e+00
7.221916450494187956e+00,1.984205237292065149e+01,0.000000000000000000e+00
6.891569700961934331e+00,2.001457168979476009e+01,0.000000000000000000e+00
6.559479738370218804e+00,2.018800280321665497e+01,0.000000000000000000e+00
6.225427920587934594e+00,2.036245721523932417e+01,0.000000000000000000e+00
5.889192004058865670e+00,2.053805325750727562e+01,0.000000000000000000e+00
5.550543075080065947e+00,2.071490876579840545e+01,0.000000000000000000e+00
5.209246684993030563e+00,2.089314728225483719e+01,0.000000000000000000e+00
4.865061054114574901e+00,2.107289458281673333e+01,0.000000000000000000e+00
4.517736846383940019e+00,2.125428079419810956e+01,0.000000000000000000e+00
4.167016420263891519e+00,2.143744105948281486e+01,0.000000000000000000e+00
3.812632590589695614e+00,2.162251389589329875e+01,0.000000000000000000e+00
3.454308457368071572e+00,2.180964525486246686e+01,0.000000000000000000e+00
3.091755600403001125e+00,2.199898418811928380e+01,0.000000000000000000e+00
2.724674013486124480e+00,2.219068906913091510e+01,0.000000000000000000e+00
2.352750102976063129e+00,2.238492194942398683e+01,0.000000000000000000e+00
1.975656357194961688e+00,2.258185549502136880e+01,0.000000000000000000e+00
1.593049388288827251e+00,2.278166763237755887e+01,0.000000000000000000e+00
1.204569090346015559e+00,2.298454746270469329e+01,0.000000000000000000e+00
8.098368174975074663e-01,2.319069222368885264e+01,0.000000000000000000e+00
4.084539289744143487e-01,2.340030991887731915e+01,0.000000000000000000e+00
1.445917276519524714e-15,2.361362112776073374e+01,0.000000000000000000e+00
-4.159691373346134924e-01,2.383085591748015730e+01,0.000000000000000000e+00
-8.399235093627838156e-01,2.405226235238817978e+01,0.000000000000000000e+00
-1.272361182273692659e+00,2.427809763512389551e+01,0.000000000000000000e+00
-1.713811091802162290e+00,2.450864045091379850e+01,0.000000000000000000e+00
-2.164835529995259744e+00,2.474418333472187825e+01,0.000000000000000000e+00
-2.626033358663432349e+00,2.498503844327014889e+01,0.000000000000000000e+00
-3.098043737872876680e+00,2.523154145025404560e+01,0.000000000000000000e+00
-3.581549212755789746e+00,2.548404682767156260e+01,0.000000000000000000e+00
-4.077280659618532255e+00,2.574293694042174252e+01,0.000000000000000000e+00
-4.586021800874882537e+00,2.600862206367219898e+01,0.000000000000000000e+00
-5.108613922874542190e+00,2.628154027296606898e+01,0.000000000000000000e+00
-5.645962353004019718e+00,2.656216448292456533e+01,0.000000000000000000e+00
-6.199042809683013466e+00,2.685100437379666261e+01,0.000000000000000000e+00
-6.768909295128324288e+00,2.714861234173423199e+01,0.000000000000000000e+00
-7.356700549031643277e+00,2.745558022505593598e+01,0.000000000000000000e+00
-7.963649654452906290e+00,2.777254683062774276e+01,0.000000000000000000e+00
-8.591111210558688427e+00,2.810025859874435383e+01,0.000000000000000000e+00
-9.240487189307186711e+00,2.843929529800956857e+01,0.000000000000000000e+00
-9.913416818527199581e+00,2.879065295930116619e+01,0.000000000000000000e+00
-1.060646517082702367e+01,2.914102355707916203e+01,0.000000000000000000e+00
-1.131152271185109193e+01,2.946752412167885282e+01,0.000000000000000000e+00
-1.202471346678666464e+01,2.976221021774155773e+01,0.000000000000000000e+00
-1.274538985354087828e+01,3.002625683981034399e+01,0.000000000000000000e+00
-1.347229994706178502e+01,3.025928111016860811e+01,0.000000000000000000e+00
-1.420436687059128822e+01,3.046136305543972611e+01,0.000000000000000000e+00
-1.494047458509155035e+01,3.063251243683103908e+01,0.000000000000000000e+00
-1.567952561463159533e+01,3.077280169261307563e+01,0.000000000000000000e+00
-1.642042468392353172e+01,3.088232727528118815e+01,0.000000000000000000e+00
-1.716208314066534513e+01,3.096121756569887040e+01,0.000000000000000000e+00
-1.790341808352903641e+01,3.100962974981971954e+01,0.000000000000000000e+00
-1.864335344124091520e+01,3.102775061446617499e+01,0.000000000000000000e+00
-1.938082101117507960e+01,3.101579706534777969e+01,0.000000000000000000e+00
-2.011476203418666131e+01,3.097401731191177987e+01,0.000000000000000000e+00
-2.084412913819644331e+01,3.090269228292916281e+01,0.000000000000000000e+00
-2.156788879123468305e+01,3.080213738683742619e+01,0.000000000000000000e+00
-2.228502391821032091e+01,3.067270401829236448e+01,0.000000000000000000e+00
-2.299453795068458106e+01,3.051478251300995836e+01,0.000000000000000000e+00
-2.369545571621353730e+01,3.032880026496917836e+01,0.000000000000000000e+00
-2.438683706309337396e+01,3.011523574609762122e+01,0.000000000000000000e+00
-2.506775162614591324e+01,2.987458305871873776e+01,0.000000000000000000e+00
-2.573736318868501982e+01,2.960744949743621035e+01,0.000000000000000000e+00
-2.639446261204957267e+01,2.931402049913348051e+01,0.000000000000000000e+00
-2.703654605442926595e+01,2.899314601591123974e+01,0.000000000000000000e+00
-2.766437469995531018e+01,2.864729861386463838e+01,0.000000000000000000e+00
-2.827749796459210430e+01,2.827749796459210785e+01,0.000000000000000000e+00
-2.887511034085839157e+01,2.788436992748260224e+01,0.000000000000000000e+00
-2.945671954206275700e+01,2.746883536109960033e+01,0.000000000000000000e+00
-3.002054468687445166e+01,2.703061984808580576e+01,0.000000000000000000e+00
-3.056351855620534863e+01,2.656846134190945463e+01,0.000000000000000000e+00
-3.108866557091008431e+01,2.608648781434446562e+01,0.000000000000000000e+00
-3.159478934707870934e+01,2.558495594542405982e+01,0.000000000000000000e+00
-3.207814340622901028e+01,2.506219236830796504e+01,0.000000000000000000e+00
-3.254229312324490309e+01,2.452237678265349174e+01,0.000000000000000000e+00
-3.298485041744785917e+01,2.396489660817125511e+01,0.000000000000000000e+00
-3.340314014640227924e+01,2.338913053038627510e+01,0.000000000000000000e+00
-3.381378514376000055e+01,2.280768606614604366e+01,0.000000000000000000e+00
-3.422473156476486622e+01,2.222580055330481485e+01,0.000000000000000000e+00
-3.463624029238571467e+01,2.164312502407879890e+01,0.000000000000000000e+00
-3.504856114916069032e+01,2.105930014811000461e+01,0.000000000000000000e+00
-3.546194834553138264e+01,2.047396542328114322e+01,0.000000000000000000e+00
-3.587665896399306575e+01,1.988675679962548060e+01,0.000000000000000000e+00
-3.629295337336295546e+01,1.929730561146737955e+01,0.000000000000000000e+00
-3.671109587336000857e+01,1.870523762630683251e+01,0.000000000000000000e+00
-3.713135537684318876e+01,1.811017207490663594e+01,0.000000000000000000e+00
-3.755400612006428673e+01,1.751172064818566554e+01,0.000000000000000000e+00
-3.797932840725423631e+01,1.690948645566295738e+01,0.000000000000000000e+00
-3.840760937457672952e+01,1.630306293032377241e+01,0.000000000000000000e+00
-3.883914379474524736e+01,1.569203268205988167e+01,0.000000000000000000e+00
-3.927423493851460279e+01,1.507596629642711861e+01,0.000000000000000000e+00
-3.971319547361061097e+01,1.445442105998954752e+01,0.000000000000000000e+00
-4.015634840484426604e+01,1.382693960466829708e+01,0.000000000000000000e+00
-4.060402810676100671e+01,1.319304847828118099e+01,0.000000000000000000e+00
-4.105658139699983877e+01,1.255225660886773298e+01,0.000000000000000000e+00
-4.151436868601812336e+01,1.190405366340566573e+01,0.000000000000000000e+00
-4.197776524150916089e+01,1.124790829652564561e+01,0.000000000000000000e+00
-4.244716249194797086e+01,1.058326625047735625e+01,0.000000000000000000e+00
-4.292296950178257475e+01,9.909548326614244118e+00,0.000000000000000000e+00
-4.340561449160405516e+01,9.226148173509841399e+00,0.000000000000000000e+00
-4.389554655334269029e+01,8.532429908807873886e+00,0.000000000000000000e+00
-4.439323746122888537e+01,7.827725525412406959e+00,0.000000000000000000e+00
-4.489918365972295788e+01,7.111332074973791606e+00,0.000000000000000000e+00
-4.541390844810591432e+01,6.382508600394807274e+00,0.000000000000000000e+00
-4.593796433471288054e+01,5.640472779611015675e+00,0.000000000000000000e+00
-4.647193563093795632e+01,4.884397255805488669e+00,0.000000000000000000e+00
-4.701644129676807893e+01,4.113405612799323485e+00,0.000000000000000000e+00
-4.757213806447889226e+01,3.326567952185540022e+00,0.000000000000000000e+00
-4.813972387676734144e+01,2.522896023680170519e+00,0.000000000000000000e+00
-4.871994167910533946e+01,1.701337853027417024e+00,0.000000000000000000e+00
-4.931358373339569567e+01,8.607718059095128549e-01,0.000000000000000000e+00
-4.992147723573128104e+01,6.113617730544576466e-15,0.000000000000000000e+00
-4.991079907085141087e+01,-8.711962384009173110e-01,0.000000000000000000e+00
-5.021620831144524288e+01,-1.753588635193562117e+00,0.000000000000000000e+00
-5.049618227867048148e+01,-2.646392775496765992e+00,0.000000000000000000e+00
-5.074097301645821290e+01,-3.548154477952585317e+00,0.000000000000000000e+00
-5.095986904821826613e+01,-4.458410836484705264e+00,0.000000000000000000e+00
-5.114977756049208324e+01,-5.376058254504956224e+00,0.000000000000000000e+00
-5.130910423425884659e+01,-6.299965833724849418e+00,0.000000000000000000e+00
-5.143957351437886416e+01,-7.229360598445836672e+00,0.000000000000000000e+00
-5.154147659221997912e+01,-8.163367923558940475e+00,0.000000000000000000e+00
-5.161289396158126408e+01,-9.100745757871795405e+00,0.000000000000000000e+00
-5.165375992140502603e+01,-1.004047382164819702e+01,0.000000000000000000e+00
-5.166435082147642532e+01,-1.098159677152679770e+01,0.000000000000000000e+00
-5.164490368480376503e+01,-1.192316549456457508e+01,0.000000000000000000e+00
-5.159544338156764098e+01,-1.286418885413465318e+01,0.000000000000000000e+00
-5.151604497070176336e+01,-1.380368264714491389e+01,0.000000000000000000e+00
-5.140683380587482532e+01,-1.474067239030449450e+01,0.000000000000000000e+00
-5.126796375968847741e+01,-1.567418949724744337e+01,0.000000000000000000e+00
-5.109961701324490235e+01,-1.660327203756140335e+01,0.000000000000000000e+00
-5.090200382690763092e+01,-1.752696548938051890e+01,0.000000000000000000e+00
-5.067536229243320633e+01,-1.844432348510158448e+01,0.000000000000000000e+00
-5.041996926149055014e+01,-1.935441284707740550e+01,0.000000000000000000e+00
-5.013623864160553723e+01,-2.025635527593863472e+01,0.000000000000000000e+00
-4.982467021914364125e+01,-2.114931773397515258e+01,0.000000000000000000e+00
-4.948577411279114813e+01,-2.203248614971316854e+01,0.000000000000000000e+00
-4.911969297501537568e+01,-2.290488900047194321e+01,0.000000000000000000e+00
-4.872612779423373297e+01,-2.376532043987256415e+01,0.000000000000000000e+00
-4.830496441042464539e+01,-2.461260870403396694e+01,0.000000000000000000e+00
-4.785711718659918290e+01,-2.544608058024344288e+01,0.000000000000000000e+00
-4.738383028601050739e+01,-2.626528602003746471e+01,0.000000000000000000e+00
-4.688590770712031741e+01,-2.706959143590587402e+01,0.000000000000000000e+00
-4.636434421698692887e+01,-2.785850856702565537e+01,0.000000000000000000e+00
-4.582362450670805032e+01,-2.863377854764302555e+01,0.000000000000000000e+00
-4.526897740983903162e+01,-2.939801766623604351e+01,0.000000000000000000e+00
-4.470234069438600955e+01,-3.015210952115514331e+01,0.000000000000000000e+00
-4.412450361879254501e+01,-3.089631005364013561e+01,0.000000000000000000e+00
-4.353563354172460720e+01,-3.163048925171956682e+01,0.000000000000000000e+00
-4.293481326233035844e+01,-3.235370242423618947e+01,0.000000000000000000e+00
-4.232154405789689378e+01,-3.306521406400558050e+01,0.000000000000000000e+00
-4.169813718214365394e+01,-3.376648570407499506e+01,0.000000000000000000e+00
-4.106420703134691053e+01,-3.445696097459065754e+01,0.000000000000000000e+00
-4.041806809701006387e+01,-3.513489056488398887e+01,0.000000000000000000e+00
-3.976181192044980861e+01,-3.580169626178307141e+01,0.000000000000000000e+00
-3.909586365491778537e+01,-3.645748266379192160e+01,0.000000000000000000e+00
-3.841931593151682023e+01,-3.710110213083238051e+01,0.000000000000000000e+00
-3.773217289764581750e+01,-3.773217289764580329e+01,0.000000000000000000e+00
-3.703578534102609865e+01,-3.835167841567290736e+01,0.000000000000000000e+00
-3.633031776214772179e+01,-3.895949599338111824e+01,0.000000000000000000e+00
-3.561476696903934425e+01,-3.955420590854043184e+01,0.000000000000000000e+00
-3.488968113597452714e+01,-4.013598691683989017e+01,0.000000000000000000e+00
-3.415588265456740658e+01,-4.070539586180694869e+01,0.000000000000000000e+00
-3.341398973142172224e+01,-4.126284090782412761e+01,0.000000000000000000e+00
-3.266365256594757938e+01,-4.180756877864661902e+01,0.000000000000000000e+00
-3.190389812210899478e+01,-4.233790279244986721e+01,0.000000000000000000e+00
-3.113604722794426038e+01,-4.285509247947906886e+01,0.000000000000000000e+00
-3.036063078989586117e+01,-4.335947434602301342e+01,0.000000000000000000e+00
-2.957771252750275082e+01,-4.385076213116584398e+01,0.000000000000000000e+00
-2.878756907574879875e+01,-4.432896901313775118e+01,0.000000000000000000e+00
-2.799022661457408745e+01,-4.479372612698669087e+01,0.000000000000000000e+00
-2.718525220192495695e+01,-4.524385746218791837e+01,0.000000000000000000e+00
-2.637332392060701736e+01,-4.567993699496292237e+01,0.000000000000000000e+00
-2.555494119752519921e+01,-4.610233430348859684e+01,0.000000000000000000e+00
-2.473032385692930646e+01,-4.651097457431273341e+01,0.000000000000000000e+00
-2.389965985807895876e+01,-4.690572351546548191e+01,0.000000000000000000e+00
-2.306315570432279571e+01,-4.728647673951444119e+01,0.000000000000000000e+00
-2.222102231009317563e+01,-4.765313612479204153e+01,0.000000000000000000e+00
-2.137346267927136267e+01,-4.800558316331283493e+01,0.000000000000000000e+00
-2.052071259590891827e+01,-4.834376931746130168e+01,0.000000000000000000e+00
-1.966296431558793145e+01,-4.866754447670540884e+01,0.000000000000000000e+00
-1.880008975082524003e+01,-4.897590822513677722e+01,0.000000000000000000e+00
-1.793272147764443147e+01,-4.926974732919690325e+01,0.000000000000000000e+00
-1.706110993374277029e+01,-4.954906105479879841e+01,0.000000000000000000e+00
-1.618546721274797662e+01,-4.981374598216426364e+01,0.000000000000000000e+00
-1.530602567555299132e+01,-5.006375415946791918e+01,0.000000000000000000e+00
-1.442301227442475309e+01,-5.029902132952365434e+01,0.000000000000000000e+00
-1.353665800339410374e+01,-5.051949543335069848e+01,0.000000000000000000e+00
-1.264719448884896202e+01,-5.072512651859501887e+01,0.000000000000000000e+00
-1.175485478456327115e+01,-5.091586990504941923e+01,0.000000000000000000e+00
-1.085987291390253162e+01,-5.109168509585525442e+01,0.000000000000000000e+00
-9.962483790010152163e+00,-5.125253599093566237e+01,0.000000000000000000e+00
-9.062923048273905380e+00,-5.139839071627012146e+01,0.000000000000000000e+00
-8.161426918222931093e+00,-5.152922156683963806e+01,0.000000000000000000e+00
-7.258232100001151821e+00,-5.164500492238554585e+01,0.000000000000000000e+00
-6.353575652926718220e+00,-5.174572117378019698e+01,0.000000000000000000e+00
-5.447694894550574318e+00,-5.183135466216189968e+01,0.000000000000000000e+00
-4.540827304652482965e+00,-5.190189358998465252e+01,0.000000000000000000e+00
-3.633210448401900550e+00,-5.195733006299406753e+01,0.000000000000000000e+00
-2.725081872632363567e+00,-5.199765969694800560e+01,0.000000000000000000e+00
-1.816679098791395219e+00,-5.202288280676824428e+01,0.000000000000000000e+00
-9.082393935683041875e-01,-5.203300000907239564e+01,0.000000000000000000e+00
-9.557393632892268399e-15,-5.202802767048969912e+01,0.000000000000000000e+00
9.078020259494016253e-01,-5.200794323496803173e+01,0.000000000000000000e+00
1.814932817952602750e+00,-5.197287586636603152e+01,0.000000000000000000e+00
2.721127782518748983e+00,-5.192221116301489303e+01,0.000000000000000000e+00
3.625936234099054190e+00,-5.185330395196952935e+01,0.000000000000000000e+00
4.528831516567280779e+00,-5.176478110475816408e+01,0.000000000000000000e+00
5.429323604601154152e+00,-5.165656351408910041e+01,0.000000000000000000e+00
6.326931473190344768e+00,-5.152872174371773184e+01,0.000000000000000000e+00
7.221176945369124134e+00,-5.138134379705834931e+01,0.000000000000000000e+00
8.111583639015867320e+00,-5.121452348724978521e+01,0.000000000000000000e+00
8.997681500835849278e+00,-5.102838751440105369e+01,0.000000000000000000e+00
9.878997993294387214e+00,-5.082303880016542053e+01,0.000000000000000000e+00
1.075493126139687661e+01,-5.059797343773903577e+01,0.000000000000000000e+00
1.162506495817896202e+01,-5.035368840333833873e+01,0.000000000000000000e+00
1.248897874969266475e+01,-5.009055784860174043e+01,0.000000000000000000e+00
1.334621865151094333e+01,-4.980876609636215591e+01,0.000000000000000000e+00
1.419633591395974470e+01,-4.950850691596060216e+01,0.000000000000000000e+00
1.503889034177101003e+01,-4.918999385347756714e+01,0.000000000000000000e+00
1.587345007635739336e+01,-4.885345597817845231e+01,0.000000000000000000e+00
1.669959307032052820e+01,-4.849913984758473617e+01,0.000000000000000000e+00
1.751690808409229305e+01,-4.812730941970578868e+01,0.000000000000000000e+00
1.832499544761041577e+01,-4.773824525113370498e+01,0.000000000000000000e+00
1.912346896437498245e+01,-4.733224662543908323e+01,0.000000000000000000e+00
1.991170618983049323e+01,-4.690904013489966928e+01,0.000000000000000000e+00
2.068868874809345826e+01,-4.646755573207624224e+01,0.000000000000000000e+00
2.145472227592352965e+01,-4.600980039832856505e+01,0.000000000000000000e+00
2.220959847460233760e+01,-4.553642507241085013e+01,0.000000000000000000e+00
2.295300679850287295e+01,-4.504781227567290358e+01,0.000000000000000000e+00
2.368446968022707111e+01,-4.454400894529587163e+01,0.000000000000000000e+00
2.440294942793596178e+01,-4.402408613747001453e+01,0.000000000000000000e+00
2.510797061875862823e+01,-4.348828078663650842e+01,0.000000000000000000e+00
2.580002864059319378e+01,-4.293845831059498153e+01,0.000000000000000000e+00
2.647907356245243093e+01,-4.237537571901066968e+01,0.000000000000000000e+00
2.714398811041638382e+01,-4.179807626942984200e+01,0.000000000000000000e+00
2.779357451989221417e+01,-4.120566875864248146e+01,0.000000000000000000e+00
2.842942815514231114e+01,-4.060143115258464519e+01,0.000000000000000000e+00
2.905098530949016578e+01,-3.998525095185593869e+01,0.000000000000000000e+00
2.965536720169503937e+01,-3.935400147826118911e+01,0.000000000000000000e+00
3.024496878262933564e+01,-3.871179470926728783e+01,0.000000000000000000e+00
3.081987229975029052e+01,-3.805937266773502614e+01,0.000000000000000000e+00
3.137717158159517794e+01,-3.739385695781101759e+01,0.000000000000000000e+00
3.191760446490876646e+01,-3.671700381060730933e+01,0.000000000000000000e+00
3.244211332598893449e+01,-3.603061706735027059e+01,0.000000000000000000e+00
3.294999198029954357e+01,-3.533454039523749657e+01,0.000000000000000000e+00
3.344069607474656891e+01,-3.462885449965744300e+01,0.000000000000000000e+00
3.391394581298440869e+01,-3.391394581298442290e+01,0.000000000000000000e+00
3.436944270767008902e+01,-3.319018501917188502e+01,0.000000000000000000e+00
3.480690025332207682e+01,-3.245795958791161695e+01,0.000000000000000000e+00
3.522619287847640379e+01,-3.171780653299591179e+01,0.000000000000000000e+00
3.562727234886763483e+01,-3.097031535743741415e+01,0.000000000000000000e+00
3.601006887983497506e+01,-3.021603551573799962e+01,0.000000000000000000e+00
3.637450351313239594e+01,-2.945549216033034057e+01,0.000000000000000000e+00
3.672039963887513636e+01,-2.868912043743564055e+01,0.000000000000000000e+00
3.704744026153748138e+01,-2.791724865502288822e+01,0.000000000000000000e+00
3.735532549271623282e+01,-2.714023261794116593e+01,0.000000000000000000e+00
3.764396458731341966e+01,-2.635858777213625004e+01,0.000000000000000000e+00
3.791338077466402012e+01,-2.557289823480083513e+01,0.000000000000000000e+00
3.816360639197682758e+01,-2.478373577475079514e+01,0.000000000000000000e+00
3.839457451417629841e+01,-2.399159289350778224e+01,0.000000000000000000e+00
3.860615535214817839e+01,-2.319691840316593812e+01,0.000000000000000000e+00
3.879822733339081964e+01,-2.240016699501351383e+01,0.000000000000000000e+00
3.897068513453668714e+01,-2.160180351138954791e+01,0.000000000000000000e+00
3.912352063115494616e+01,-2.080234491938753294e+01,0.000000000000000000e+00
3.925680094537057840e+01,-2.000233914740327279e+01,0.000000000000000000e+00
3.937061020281019097e+01,-1.920232962763410711e+01,0.000000000000000000e+00
3.946504805886323908e+01,-1.840285413930301672e+01,0.000000000000000000e+00
3.954022945481514739e+01,-1.760444437696520126e+01,0.000000000000000000e+00
3.959628436250035577e+01,-1.680762552735563276e+01,0.000000000000000000e+00
3.963335751773902160e+01,-1.601291585506755055e+01,0.000000000000000000e+00
3.965160814282671708e+01,-1.522082629734863701e+01,0.000000000000000000e+00
3.965120965835522782e+01,-1.443186006828985235e+01,0.000000000000000000e+00
3.963236050905283747e+01,-1.364651610311778818e+01,0.000000000000000000e+00
3.959529740506192041e+01,-1.286529200510431536e+01,0.000000000000000000e+00
3.954020051869347441e+01,-1.208865244959221030e+01,0.000000000000000000e+00
3.946724159697622270e+01,-1.131704941656104602e+01,0.000000000000000000e+00
3.937660389399913896e+01,-1.055092921407726791e+01,0.000000000000000000e+00
3.926848199467943346e+01,-9.790732190416829184e+00,0.000000000000000000e+00
3.914308163153315689e+01,-9.036892451352329658e+00,0.000000000000000000e+00
3.900061949459108490e+01,-8.289837582771138358e+00,0.000000000000000000e+00
3.884132303460735613e+01,-7.549988378784957099e+00,0.000000000000000000e+00
3.866542535067326014e+01,-6.817757709892792839e+00,0.000000000000000000e+00
3.847311973027909460e+01,-6.093543536019139673e+00,0.000000000000000000e+00
3.826457971979651518e+01,-5.377735973356419841e+00,0.000000000000000000e+00
3.803998774055676790e+01,-4.670723191476160885e+00,0.000000000000000000e+00
3.779951860287754783e+01,-3.972889496166154277e+00,0.000000000000000000e+00
3.754325899343763950e+01,-3.284609553743491617e+00,0.000000000000000000e+00
3.727126953392189534e+01,-2.606261055594425446e+00,0.000000000000000000e+00
3.698372241641737190e+01,-1.938234761464884714e+00,0.000000000000000000e+00
3.668134404260243997e+01,-1.280940759959208197e+00,0.000000000000000000e+00
3.636504056239058258e+01,-6.347541441338278023e-01,0.000000000000000000e+00
3.603523145624271962e+01,-8.826086171884331247e-15,0.000000000000000000e+00
