5.470018410713742441e+01,0.000000000000000000e+00,0.000000000000000000e+00
5.361878056323340758e+01,9.359192961030902147e-01,0.000000000000000000e+00
5.245484123772201457e+01,1.831763419588713804e+00,0.000000000000000000e+00
5.119823772259106676e+01,2.683185942246226752e+00,0.000000000000000000e+00
4.984242866182272280e+01,3.485322135843111457e+00,0.000000000000000000e+00
4.840263599882380419e+01,4.234681934668871328e+00,0.000000000000000000e+00
4.690223477098273719e+01,4.929623517855360681e+00,0.000000000000000000e+00
4.538008546111601049e+01,5.571973867079413445e+00,0.000000000000000000e+00
4.387732604238851764e+01,6.166556026506259336e+00,0.000000000000000000e+00
4.240086244162525020e+01,6.715636867094466389e+00,0.000000000000000000e+00
4.093285462312166345e+01,7.217566667473573894e+00,0.000000000000000000e+00
3.948476140223709763e+01,7.675060127595902060e+00,0.000000000000000000e+00
3.806879280639152796e+01,8.091771705855054009e+00,0.000000000000000000e+00
3.665626331168954977e+01,8.462765204192109536e+00,0.000000000000000000e+00
3.528081760076641160e+01,8.796495791073628112e+00,0.000000000000000000e+00
3.391886832184368927e+01,9.088533375015604321e+00,0.000000000000000000e+00
3.258812501360789327e+01,9.344494478183253960e+00,0.000000000000000000e+00
3.127562392140033865e+01,9.561917814534506732e+00,0.000000000000000000e+00
2.999708367783060581e+01,9.746643316473791785e+00,0.000000000000000000e+00
2.873850558974908509e+01,9.895461039230003308e+00,0.000000000000000000e+00
2.754581769685341186e+01,1.002585772017783761e+01,0.000000000000000000e+00
2.643094822242031228e+01,1.014589043447041306e+01,0.000000000000000000e+00
2.538956108545350432e+01,1.025804854096694463e+01,0.000000000000000000e+00
2.441406251289743423e+01,1.036315469809193779e+01,0.000000000000000000e+00
2.349773981065806794e+01,1.046186780362134350e+01,0.000000000000000000e+00
2.263489553188271586e+01,1.055482512805527229e+01,0.000000000000000000e+00
2.182048738997319504e+01,1.064256279848036435e+01,0.000000000000000000e+00
2.105009538483590248e+01,1.072555931285911512e+01,0.000000000000000000e+00
2.031981068579045058e+01,1.080423499121048359e+01,0.000000000000000000e+00
1.962616734863945922e+01,1.087896220667764524e+01,0.000000000000000000e+00
1.896608361487296435e+01,1.095007348051985474e+01,0.000000000000000000e+00
1.833680998633253267e+01,1.101786699937851388e+01,0.000000000000000000e+00
1.773587955071574740e+01,1.108260756039764239e+01,0.000000000000000000e+00
1.716107282908036424e+01,1.114453100262027085e+01,0.000000000000000000e+00
1.661040100508164841e+01,1.120385694609557525e+01,0.000000000000000000e+00
1.608205605239982106e+01,1.126077687780144032e+01,0.000000000000000000e+00
1.557440303257441272e+01,1.131546615146097245e+01,0.000000000000000000e+00
1.508596340877257624e+01,1.136808882638312923e+01,0.000000000000000000e+00
1.461537665683719389e+01,1.141878370796869824e+01,0.000000000000000000e+00
1.416142026906669038e+01,1.146769202125434539e+01,0.000000000000000000e+00
1.372295450092471292e+01,1.151492606038851818e+01,0.000000000000000000e+00
1.329895707833847140e+01,1.156060701498686427e+01,0.000000000000000000e+00
1.288846635263964302e+01,1.160482722871336492e+01,0.000000000000000000e+00
1.249061881640314375e+01,1.164769048149087283e+01,0.000000000000000000e+00
1.210459917745760627e+01,1.168927554920975176e+01,0.000000000000000000e+00
1.172966789488224215e+01,1.172966789488224038e+01,0.000000000000000000e+00
1.136513450024900429e+01,1.176894129531487643e+01,0.000000000000000000e+00
1.101035454744551245e+01,1.180715970295854156e+01,0.000000000000000000e+00
1.066474258664644026e+01,1.184439658416139274e+01,0.000000000000000000e+00
1.032773548999294988e+01,1.188070062582308317e+01,0.000000000000000000e+00
9.998824252415186464e+00,1.191613472453391154e+01,0.000000000000000000e+00
9.677527818379463298e+00,1.195075158520565495e+01,0.000000000000000000e+00
9.363388634639147057e+00,1.198459093187815228e+01,0.000000000000000000e+00
9.055992984379763300e+00,1.201770859455192841e+01,0.000000000000000000e+00
8.754941758198798496e+00,1.205014355076293775e+01,0.000000000000000000e+00
8.459858453385262322e+00,1.208192998752259051e+01,0.000000000000000000e+00
8.170399536891524761e+00,1.211311545054994454e+01,0.000000000000000000e+00
7.886231613765009918e+00,1.214373175856367482e+01,0.000000000000000000e+00
7.607038488630990969e+00,1.217380635710042114e+01,0.000000000000000000e+00
7.332530603511379752e+00,1.220338023713124898e+01,0.000000000000000000e+00
7.062426939626538669e+00,1.223248228417633854e+01,0.000000000000000000e+00
6.796456968804562848e+00,1.226113293837069484e+01,0.000000000000000000e+00
6.534372217449464948e+00,1.228936676378100223e+01,0.000000000000000000e+00
6.275933099646357149e+00,1.231721223321344283e+01,0.000000000000000000e+00
6.020905835719308818e+00,1.234468636476250047e+01,0.000000000000000000e+00
5.769071696340720479e+00,1.237181417771849290e+01,0.000000000000000000e+00
5.520223364306352742e+00,1.239862467639731669e+01,0.000000000000000000e+00
5.274157531194766158e+00,1.242513649759234795e+01,0.000000000000000000e+00
5.030677761928724401e+00,1.245136439232350156e+01,0.000000000000000000e+00
4.789600130145650780e+00,1.247733492329844118e+01,0.000000000000000000e+00
4.550745300187515774e+00,1.250306995395444254e+01,0.000000000000000000e+00
4.313936983222788513e+00,1.252858271228364195e+01,0.000000000000000000e+00
4.079005940094548421e+00,1.255388942986905754e+01,0.000000000000000000e+00
3.845790553550924251e+00,1.257901410222361349e+01,0.000000000000000000e+00
3.614131425812743270e+00,1.260397413631869945e+01,0.000000000000000000e+00
3.383871463632347254e+00,1.262878022855838367e+01,0.000000000000000000e+00
3.154859310475297995e+00,1.265344957044235663e+01,0.000000000000000000e+00
2.926947733522690775e+00,1.267800349304422802e+01,0.000000000000000000e+00
2.699990556913702822e+00,1.270245686936369900e+01,0.000000000000000000e+00
2.473843067899040182e+00,1.272681928984031252e+01,0.000000000000000000e+00
2.248364412443335070e+00,1.275110821616533485e+01,0.000000000000000000e+00
2.023415595789862742e+00,1.277534328273534747e+01,0.000000000000000000e+00
1.798857759734267425e+00,1.279953803848907157e+01,0.000000000000000000e+00
1.574552575769837759e+00,1.282370164612927077e+01,0.000000000000000000e+00
1.350363637048624055e+00,1.284785178861015709e+01,0.000000000000000000e+00
1.126154720562946743e+00,1.287200735703607357e+01,0.000000000000000000e+00
9.017888472937217736e-01,1.289618133917244336e+01,0.000000000000000000e+00
6.771285762466552338e-01,1.292038291852918697e+01,0.000000000000000000e+00
4.520364572338188003e-01,1.294463048245944314e+01,0.000000000000000000e+00
2.263737407849612804e-01,1.296894292378201108e+01,0.000000000000000000e+00
7.956121909533935501e-16,1.299333312278004904e+01,0.000000000000000000e+00
-2.272267326723636516e-01,1.301781079628256954e+01,0.000000000000000000e+00
-4.554505021446810797e-01,1.304239593724627433e+01,0.000000000000000000e+00
-6.848181085565857584e-01,1.306710793559976125e+01,0.000000000000000000e+00
-9.154790060703396071e-01,1.309195973083827447e+01,0.000000000000000000e+00
-1.147585521430211308e+00,1.311696253183895422e+01,0.000000000000000000e+00
-1.381294478786419200e+00,1.314213908977943746e+01,0.000000000000000000e+00
-1.616766864048556851e+00,1.316750943408156260e+01,0.000000000000000000e+00
-1.854167377644412973e+00,1.319308641912359370e+01,0.000000000000000000e+00
-2.093665704995088639e+00,1.321888501613591771e+01,0.000000000000000000e+00
-2.335438771062497310e+00,1.324493144315707127e+01,0.000000000000000000e+00
-2.579668895434134246e+00,1.327124597587937060e+01,0.000000000000000000e+00
-2.826543484310948262e+00,1.329784158203944244e+01,0.000000000000000000e+00
-3.076258893678969208e+00,1.332474118102253335e+01,0.000000000000000000e+00
-3.329020871829996064e+00,1.335197344007861986e+01,0.000000000000000000e+00
-3.585041649327053381e+00,1.337955758253908556e+01,0.000000000000000000e+00
-3.844541878909187194e+00,1.340751087845917233e+01,0.000000000000000000e+00
-4.107756791499221016e+00,1.343586705757124555e+01,0.000000000000000000e+00
-4.374931215070139601e+00,1.346465377689550103e+01,0.000000000000000000e+00
-4.646318701603832757e+00,1.349388931434646999e+01,0.000000000000000000e+00
-4.922190613661453717e+00,1.352360756528633701e+01,0.000000000000000000e+00
-5.202833614563966869e+00,1.355384495472191553e+01,0.000000000000000000e+00
-5.488544634377292120e+00,1.358462466893578302e+01,0.000000000000000000e+00
-5.779641540539605771e+00,1.361598219689347644e+01,0.000000000000000000e+00
-6.076464461495130642e+00,1.364796263584015001e+01,0.000000000000000000e+00
-6.379366424224822474e+00,1.368059544521645421e+01,0.000000000000000000e+00
-6.688726556948136448e+00,1.371392175498422006e+01,0.000000000000000000e+00
-7.004951905415120805e+00,1.374799220012604195e+01,0.000000000000000000e+00
-7.328466369118197932e+00,1.378284065080114651e+01,0.000000000000000000e+00
-7.659733808163005087e+00,1.381852558259310726e+01,0.000000000000000000e+00
-7.999251639136948810e+00,1.385511026151382552e+01,0.000000000000000000e+00
-8.347540382141957593e+00,1.389264018609126161e+01,0.000000000000000000e+00
-8.705160614301457045e+00,1.393116911191482643e+01,0.000000000000000000e+00
-9.072700243458468705e+00,1.397073323209372830e+01,0.000000000000000000e+00
-9.450838450660279833e+00,1.401144420666835622e+01,0.000000000000000000e+00
-9.840351556763963004e+00,1.405347846143412838e+01,0.000000000000000000e+00
-1.024197346860960245e+01,1.409686711213969446e+01,0.000000000000000000e+00
-1.065627667926405842e+01,1.414135678497170545e+01,0.000000000000000000e+00
-1.108408998246040511e+01,1.418698822352532396e+01,0.000000000000000000e+00
-1.152740863903289892e+01,1.423516415055932072e+01,0.000000000000000000e+00
-1.198752162961177170e+01,1.428617196839062586e+01,0.000000000000000000e+00
-1.246075956847685973e+01,1.433446413755267201e+01,0.000000000000000000e+00
-1.294276417272744872e+01,1.437439586671400882e+01,0.000000000000000000e+00
-1.343234377374529842e+01,1.440442516525932604e+01,0.000000000000000000e+00
-1.392910793080220522e+01,1.442401350640632884e+01,0.000000000000000000e+00
-1.443297692035443269e+01,1.443297692035443447e+01,0.000000000000000000e+00
-1.494399570124634380e+01,1.443124889945875644e+01,0.000000000000000000e+00
-1.546220119374924451e+01,1.441873587806693280e+01,0.000000000000000000e+00
-1.598657439074504083e+01,1.439437623589511972e+01,0.000000000000000000e+00
-1.651603614965461375e+01,1.435717118618812904e+01,0.000000000000000000e+00
-1.705162975333848152e+01,1.430801623699785807e+01,0.000000000000000000e+00
-1.759371327597228429e+01,1.424710809549338464e+01,0.000000000000000000e+00
-1.814074428105180559e+01,1.417310276091971488e+01,0.000000000000000000e+00
-1.869020616740709428e+01,1.408408055470583520e+01,0.000000000000000000e+00
-1.924035474022537429e+01,1.397893597268327781e+01,0.000000000000000000e+00
-1.979304824675319097e+01,1.385924158652507288e+01,0.000000000000000000e+00
-2.034792101698098321e+01,1.372484602599068815e+01,0.000000000000000000e+00
-2.090223819575917474e+01,1.357407219914903962e+01,0.000000000000000000e+00
-2.145658793439757872e+01,1.340756419675251365e+01,0.000000000000000000e+00
-2.201190666883946179e+01,1.322608786701576911e+01,0.000000000000000000e+00
-2.256760328668038085e+01,1.302941183252959867e+01,0.000000000000000000e+00
-2.312210597549183078e+01,1.281679263086528131e+01,0.000000000000000000e+00
-2.367437627176047954e+01,1.258788915239777317e+01,0.000000000000000000e+00
-2.422624482670887502e+01,1.234388828489092305e+01,0.000000000000000000e+00
-2.477727760340826535e+01,1.208468574312525234e+01,0.000000000000000000e+00
-2.532479576810174038e+01,1.180914620787714320e+01,0.000000000000000000e+00
-2.586904090591317740e+01,1.151763907273247511e+01,0.000000000000000000e+00
-2.641103354219430699e+01,1.121081860872864766e+01,0.000000000000000000e+00
-2.695113670552761320e+01,1.088896604510168942e+01,0.000000000000000000e+00
-2.748731584425015484e+01,1.055139197226677972e+01,0.000000000000000000e+00
-2.801834274855263374e+01,1.019784277394145988e+01,0.000000000000000000e+00
-2.855498424448840211e+01,9.832269572428698368e+00,0.000000000000000000e+00
-2.910578709196203562e+01,9.457043500539953129e+00,0.000000000000000000e+00
-2.967167765542467350e+01,9.071542229614701469e+00,0.000000000000000000e+00
-3.025364064898877103e+01,8.675091858502653963e+00,0.000000000000000000e+00
-3.085274097815594985e+01,8.266967029383502918e+00,0.000000000000000000e+00
-3.147012864626659479e+01,7.846384324591620718e+00,0.000000000000000000e+00
-3.210704796245078541e+01,7.412496085472702667e+00,0.000000000000000000e+00
-3.276484783244018217e+01,6.964383398904960387e+00,0.000000000000000000e+00
-3.344499340316587421e+01,6.501048156816344736e+00,0.000000000000000000e+00
-3.414907931767309179e+01,6.021404050059182111e+00,0.000000000000000000e+00
-3.487884473662885654e+01,5.524266302777363968e+00,0.000000000000000000e+00
-3.563619056609599767e+01,5.008339967772629464e+00,0.000000000000000000e+00
-3.642319911850345449e+01,4.472206510444510563e+00,0.000000000000000000e+00
-3.724215674005258592e+01,3.914308403807695846e+00,0.000000000000000000e+00
-3.809557988020558383e+01,3.332931369964284407e+00,0.000000000000000000e+00
-3.898624523394859409e+01,2.726183838857911379e+00,0.000000000000000000e+00
-3.991722476094747663e+01,2.091973104863281918e+00,0.000000000000000000e+00
-4.089192645610606291e+01,1.427977537847169298e+00,0.000000000000000000e+00
-4.191414209363487231e+01,7.316140716549313083e-01,0.000000000000000000e+00
-4.298809440881836252e+01,5.264523221920364346e-15,0.000000000000000000e+00
-4.298335202434974889e+01,-7.502772004174438347e-01,0.000000000000000000e+00
-4.347272627172279869e+01,-1.518101053312674420e+00,0.000000000000000000e+00
-4.393431871618947326e+01,-2.302500078228832514e+00,0.000000000000000000e+00
-4.437062757452325457e+01,-3.102696530219203996e+00,0.000000000000000000e+00
-4.477911500139437351e+01,-3.917664925345637261e+00,0.000000000000000000e+00
-4.515778393272501745e+01,-4.746274346541695444e+00,0.000000000000000000e+00
-4.550614700485242281e+01,-5.587452278373844727e+00,0.000000000000000000e+00
-4.582683235118572895e+01,-6.440541270402202478e+00,0.000000000000000000e+00
-4.612036223080021102e+01,-7.304747759490167525e+00,0.000000000000000000e+00
-4.637960097318954666e+01,-8.177975006065903329e+00,0.000000000000000000e+00
-4.661033057594622164e+01,-9.060130466363672141e+00,0.000000000000000000e+00
-4.681189713502135419e+01,-9.950175900270883389e+00,0.000000000000000000e+00
-4.698252530853014974e+01,-1.084677063249134221e+01,0.000000000000000000e+00
-4.712420637999396433e+01,-1.174938426229375743e+01,0.000000000000000000e+00
-4.723730598127917091e+01,-1.265719799030557446e+01,0.000000000000000000e+00
-4.731831077382879869e+01,-1.356830727629668942e+01,0.000000000000000000e+00
-4.736716743420801379e+01,-1.448159637842686287e+01,0.000000000000000000e+00
-4.738475852132397392e+01,-1.539624134481822182e+01,0.000000000000000000e+00
-4.737197983410175084e+01,-1.631148075308241374e+01,0.000000000000000000e+00
-4.732938279500193346e+01,-1.722648654357161746e+01,0.000000000000000000e+00
-4.725635292902353513e+01,-1.814001431639267281e+01,0.000000000000000000e+00
-4.715287693815012915e+01,-1.905099890659040085e+01,0.000000000000000000e+00
-4.701919965920479427e+01,-1.995846613366365574e+01,0.000000000000000000e+00
-4.685559327773180627e+01,-2.086145419439598925e+01,0.000000000000000000e+00
-4.666235686448339948e+01,-2.175901435347006441e+01,0.000000000000000000e+00
-4.643981589580125302e+01,-2.265021161938116379e+01,0.000000000000000000e+00
-4.618832175831175135e+01,-2.353412540529706476e+01,0.000000000000000000e+00
-4.590823018864382021e+01,-2.440983898218815185e+01,0.000000000000000000e+00
-4.559975205544683519e+01,-2.527635530833617850e+01,0.000000000000000000e+00
-4.526304756690088027e+01,-2.613263269709306513e+01,0.000000000000000000e+00
-4.489831294332229561e+01,-2.697762810841775760e+01,0.000000000000000000e+00
-4.450597566098397806e+01,-2.781042016737135114e+01,0.000000000000000000e+00
-4.408689188903984046e+01,-2.863036235322021383e+01,0.000000000000000000e+00
-4.364195974961723579e+01,-2.943687354281118829e+01,0.000000000000000000e+00
-4.317167022583222291e+01,-3.022912892923138273e+01,0.000000000000000000e+00
-4.267609695491750443e+01,-3.100599936702764126e+01,0.000000000000000000e+00
-4.215539662644801666e+01,-3.176636986154954201e+01,0.000000000000000000e+00
-4.160993876046657647e+01,-3.250924707337723873e+01,0.000000000000000000e+00
-4.104022851910210790e+01,-3.323372177344327838e+01,0.000000000000000000e+00
-4.044707015326717681e+01,-3.393912164780805796e+01,0.000000000000000000e+00
-3.983130460502555081e+01,-3.462482484306711683e+01,0.000000000000000000e+00
-3.919366527189791327e+01,-3.529013472167268617e+01,0.000000000000000000e+00
-3.853547368545442708e+01,-3.593491056314712040e+01,0.000000000000000000e+00
-3.785874311190778485e+01,-3.655976325147398853e+01,0.000000000000000000e+00
-3.716190560478518989e+01,-3.716190560478517568e+01,0.000000000000000000e+00
-3.644310841555765990e+01,-3.773794349306614038e+01,0.000000000000000000e+00
-3.570822548918319939e+01,-3.829238370510583422e+01,0.000000000000000000e+00
-3.495757338738503961e+01,-3.882431849208973773e+01,0.000000000000000000e+00
-3.418696096451139255e+01,-3.932759983247175484e+01,0.000000000000000000e+00
-3.340151741099074911e+01,-3.980637837264626455e+01,0.000000000000000000e+00
-3.260289897956754857e+01,-4.026122724466753056e+01,0.000000000000000000e+00
-3.178939749981828200e+01,-4.068857332235200630e+01,0.000000000000000000e+00
-3.096167628789748605e+01,-4.108753218654180017e+01,0.000000000000000000e+00
-3.012222643434985514e+01,-4.145968786857798705e+01,0.000000000000000000e+00
-2.927265460021532206e+01,-4.180568331934786386e+01,0.000000000000000000e+00
-2.841251331312856010e+01,-4.212328325539296259e+01,0.000000000000000000e+00
-2.754090847498764916e+01,-4.240928003225761245e+01,0.000000000000000000e+00
-2.666109713839593809e+01,-4.266667433269255838e+01,0.000000000000000000e+00
-2.577447653092147206e+01,-4.289593245873754057e+01,0.000000000000000000e+00
-2.488185924708566077e+01,-4.309664440272980102e+01,0.000000000000000000e+00
-2.398375834312659549e+01,-4.326784540188984352e+01,0.000000000000000000e+00
-2.307898676575072372e+01,-4.340526120372513219e+01,0.000000000000000000e+00
-2.217069911014175432e+01,-4.351244698795787968e+01,0.000000000000000000e+00
-2.126032754587408391e+01,-4.359013124053973343e+01,0.000000000000000000e+00
-2.034850836883990155e+01,-4.363751701902377533e+01,0.000000000000000000e+00
-1.943654549335292714e+01,-4.365519593573295509e+01,0.000000000000000000e+00
-1.852503619018930792e+01,-4.364225033562811262e+01,0.000000000000000000e+00
-1.761334738761585328e+01,-4.359456456374222455e+01,0.000000000000000000e+00
-1.670416633715011301e+01,-4.351584105973600458e+01,0.000000000000000000e+00
-1.579889450369448589e+01,-4.340710590124626123e+01,0.000000000000000000e+00
-1.489832358668439838e+01,-4.326787341958311828e+01,0.000000000000000000e+00
-1.400374485446584671e+01,-4.309909499739217864e+01,0.000000000000000000e+00
-1.311571808142062423e+01,-4.289958082991437749e+01,0.000000000000000000e+00
-1.223383299963220949e+01,-4.266444590645497215e+01,0.000000000000000000e+00
-1.136227474582897301e+01,-4.240458664099050168e+01,0.000000000000000000e+00
-1.050679669051416987e+01,-4.214045983885173285e+01,0.000000000000000000e+00
-9.669365378700307545e+00,-4.188262285747880753e+01,0.000000000000000000e+00
-8.848658968832795679e+00,-4.162966741327724662e+01,0.000000000000000000e+00
-8.043768060542667797e+00,-4.138159927939835114e+01,0.000000000000000000e+00
-7.253766466769549837e+00,-4.113815388674273521e+01,0.000000000000000000e+00
-6.477765729617425805e+00,-4.089900318708205873e+01,0.000000000000000000e+00
-5.714940966116596854e+00,-4.066391791551934887e+01,0.000000000000000000e+00
-4.964505308036661901e+00,-4.043265107216939924e+01,0.000000000000000000e+00
-4.225712816087882295e+00,-4.020497181113940854e+01,0.000000000000000000e+00
-3.497854728430186189e+00,-3.998066249341807321e+01,0.000000000000000000e+00
-2.780256091828930298e+00,-3.975951447743560152e+01,0.000000000000000000e+00
-2.072273319812523606e+00,-3.954133046967471898e+01,0.000000000000000000e+00
-1.373291387643060135e+00,-3.932592000779253993e+01,0.000000000000000000e+00
-6.827217303208293897e-01,-3.911310173456602968e+01,0.000000000000000000e+00
-7.146310557876820173e-15,-3.890270273765116826e+01,0.000000000000000000e+00
6.754159612784278455e-01,-3.869455450644447581e+01,0.000000000000000000e+00
1.344047938512406004e+00,-3.848849719162149086e+01,0.000000000000000000e+00
2.006399119508056827e+00,-3.828437584947068473e+01,0.000000000000000000e+00
2.662955616362901345e+00,-3.808203952604250730e+01,0.000000000000000000e+00
3.314188219592837825e+00,-3.788134469114175573e+01,0.000000000000000000e+00
3.960553490142635802e+00,-3.768214934566047702e+01,0.000000000000000000e+00
4.602495433955063220e+00,-3.748431724730124159e+01,0.000000000000000000e+00
5.240446647556476378e+00,-3.728771540779317917e+01,0.000000000000000000e+00
5.874829329217824636e+00,-3.709221257580645670e+01,0.000000000000000000e+00
6.506057013616623586e+00,-3.689768285872032294e+01,0.000000000000000000e+00
7.134534843087859457e+00,-3.670399987908786699e+01,0.000000000000000000e+00
7.760661524345215057e+00,-3.651104187690560110e+01,0.000000000000000000e+00
8.384829673749068846e+00,-3.631868744182598618e+01,0.000000000000000000e+00
9.007427063973766579e+00,-3.612681672840078306e+01,0.000000000000000000e+00
9.628837919108409693e+00,-3.593531233195832186e+01,0.000000000000000000e+00
1.024944296642652830e+01,-3.574405544243945343e+01,0.000000000000000000e+00
1.086962173226459782e+01,-3.555293070490977669e+01,0.000000000000000000e+00
1.148975192198402517e+01,-3.536182033651797951e+01,0.000000000000000000e+00
1.211021174622273833e+01,-3.517060868433764398e+01,0.000000000000000000e+00
1.273137990725084912e+01,-3.497917881367005322e+01,0.000000000000000000e+00
1.335363673314039801e+01,-3.478741302739759078e+01,0.000000000000000000e+00
1.397736575934787595e+01,-3.459519423635301649e+01,0.000000000000000000e+00
1.460295321444814753e+01,-3.440240187827127016e+01,0.000000000000000000e+00
1.523079103453417105e+01,-3.420891675921435393e+01,0.000000000000000000e+00
1.586127567437016417e+01,-3.401461545179671475e+01,0.000000000000000000e+00
1.649481089858667815e+01,-3.381937415149631221e+01,0.000000000000000000e+00
1.713180797353263074e+01,-3.362306630715205813e+01,0.000000000000000000e+00
1.777268638837981385e+01,-3.342556165092646836e+01,0.000000000000000000e+00
1.841787663420267052e+01,-3.322672899879938058e+01,0.000000000000000000e+00
1.906781892011394675e+01,-3.302643115916047378e+01,0.000000000000000000e+00
1.972296701543070796e+01,-3.282452933485735258e+01,0.000000000000000000e+00
2.038378785127025594e+01,-3.262087953103529969e+01,0.000000000000000000e+00
2.105076301628897895e+01,-3.241533243034722744e+01,0.000000000000000000e+00
2.172439195059267902e+01,-3.220773557062111081e+01,0.000000000000000000e+00
2.240519080750688374e+01,-3.199792859241770770e+01,0.000000000000000000e+00
2.309369658575159079e+01,-3.178574645747537275e+01,0.000000000000000000e+00
2.379046819005474944e+01,-3.157101761553727215e+01,0.000000000000000000e+00
2.449608694633506190e+01,-3.135356150843565004e+01,0.000000000000000000e+00
2.521116147868875501e+01,-3.113319162297875664e+01,0.000000000000000000e+00
2.593632800517027803e+01,-3.090971207886350669e+01,0.000000000000000000e+00
2.667225236434052604e+01,-3.068291646936323858e+01,0.000000000000000000e+00
2.741963509124909137e+01,-3.045258988439097081e+01,0.000000000000000000e+00
2.817921243369777784e+01,-3.021850568703601780e+01,0.000000000000000000e+00
2.895175904458113081e+01,-2.998042412822411151e+01,0.000000000000000000e+00
2.973809335918511110e+01,-2.973809335918512531e+01,0.000000000000000000e+00
3.053908062227899123e+01,-2.949124734986308027e+01,0.000000000000000000e+00
3.135563608584586959e+01,-2.923960368549372291e+01,0.000000000000000000e+00
3.218873006477908660e+01,-2.898286273113854961e+01,0.000000000000000000e+00
3.303939403983137169e+01,-2.872070706430990583e+01,0.000000000000000000e+00
3.390872524923829445e+01,-2.845279885032759637e+01,0.000000000000000000e+00
3.479789255826832317e+01,-2.817877778252107746e+01,0.000000000000000000e+00
3.570814340794428432e+01,-2.789825919386750641e+01,0.000000000000000000e+00
3.664081149339558863e+01,-2.761083189990125675e+01,0.000000000000000000e+00
3.759732533297566448e+01,-2.731605579366015135e+01,0.000000000000000000e+00
3.857921727798553491e+01,-2.701345875627577442e+01,0.000000000000000000e+00
3.958813381181283830e+01,-2.670253342196543400e+01,0.000000000000000000e+00
4.062584706571092852e+01,-2.638273356455347596e+01,0.000000000000000000e+00
4.169426832975815245e+01,-2.605347042954963399e+01,0.000000000000000000e+00
4.279546093905372572e+01,-2.571410715140962111e+01,0.000000000000000000e+00
4.393166302717893501e+01,-2.536395747468971607e+01,0.000000000000000000e+00
4.510528365829136987e+01,-2.500226700013556069e+01,0.000000000000000000e+00
4.631899802862597681e+01,-2.462824811692987126e+01,0.000000000000000000e+00
4.757559028403969847e+01,-2.424097402443811688e+01,0.000000000000000000e+00
4.887775402702394700e+01,-2.383927349488581982e+01,0.000000000000000000e+00
5.019208619302429497e+01,-2.340495417058303573e+01,0.000000000000000000e+00
5.145008158255014763e+01,-2.290705218201572890e+01,0.000000000000000000e+00
5.263568820296009676e+01,-2.234252407601761092e+01,0.000000000000000000e+00
5.374478189397455452e+01,-2.171430138695622958e+01,0.000000000000000000e+00
5.477455608373615803e+01,-2.102598211557667796e+01,0.000000000000000000e+00
5.572303148265118011e+01,-2.028152482276351165e+01,0.000000000000000000e+00
5.659375269667368968e+01,-1.948679179315126220e+01,0.000000000000000000e+00
5.738199994301732687e+01,-1.864454199072185148e+01,0.000000000000000000e+00
5.807459526988621690e+01,-1.775518558729817542e+01,0.000000000000000000e+00
5.867939619569268217e+01,-1.682604609822786301e+01,0.000000000000000000e+00
5.919995647830584318e+01,-1.586258053031965787e+01,0.000000000000000000e+00
5.963204346015777446e+01,-1.486793830137889927e+01,0.000000000000000000e+00
5.997261013399795360e+01,-1.384576801871474494e+01,0.000000000000000000e+00
6.022009499228548179e+01,-1.280017633500235341e+01,0.000000000000000000e+00
6.037312933738570564e+01,-1.173534754421248572e+01,0.000000000000000000e+00
6.043048290783406884e+01,-1.065552459389293816e+01,0.000000000000000000e+00
6.039082292788919659e+01,-9.564966690171921471e+00,0.000000000000000000e+00
6.025257944161944579e+01,-8.467947807697374429e+00,0.000000000000000000e+00
6.001647276971943512e+01,-7.369096255971170351e+00,0.000000000000000000e+00
5.968398311258698641e+01,-6.273039402658000085e+00,0.000000000000000000e+00
5.925671413603134141e+01,-5.184290724699119224e+00,0.000000000000000000e+00
5.873490656463486204e+01,-4.107144765864845226e+00,0.000000000000000000e+00
5.811719362038967063e+01,-3.045793055807183514e+00,0.000000000000000000e+00
5.740565627130557402e+01,-2.004649690172755960e+00,0.000000000000000000e+00
5.660041691791368379e+01,-9.879639522664214191e-01,0.000000000000000000e+00
5.569559211028212786e+01,-1.364148572089471648e-14,0.000000000000000000e+00
