5.818834782271513006e+01,0.000000000000000000e+00,0.000000000000000000e+00
5.766389506843868418e+01,1.006527032433522928e+00,0.000000000000000000e+00
5.707483684391264234e+01,1.993097221205383907e+00,0.000000000000000000e+00
5.642388620829256496e+01,2.957050574695629486e+00,0.000000000000000000e+00
5.571186603168830231e+01,3.895753179019914025e+00,0.000000000000000000e+00
5.493690115113173533e+01,4.806356059968311278e+00,0.000000000000000000e+00
5.410597916728639944e+01,5.686767563678258419e+00,0.000000000000000000e+00
5.321889818837561847e+01,6.534459045796085164e+00,0.000000000000000000e+00
5.226185333063943261e+01,7.344924490182020982e+00,0.000000000000000000e+00
5.124911129637840901e+01,8.117061809806765282e+00,0.000000000000000000e+00
5.018294031248593967e+01,8.848606348373756703e+00,0.000000000000000000e+00
4.906237923309245730e+01,9.536760442360490586e+00,0.000000000000000000e+00
4.788912389348914900e+01,1.017914751618975622e+01,0.000000000000000000e+00
4.666473057085250531e+01,1.077340193625448350e+01,0.000000000000000000e+00
4.539318788334003330e+01,1.131779287763843911e+01,0.000000000000000000e+00
4.408302115562729995e+01,1.181200991857443228e+01,0.000000000000000000e+00
4.277086962724580133e+01,1.226434951050427635e+01,0.000000000000000000e+00
4.147519954935975051e+01,1.268024102185968260e+01,0.000000000000000000e+00
4.019691095015412685e+01,1.306076809542526362e+01,0.000000000000000000e+00
3.893654063628027018e+01,1.340692610704644672e+01,0.000000000000000000e+00
3.769449236227831079e+01,1.371967321564400955e+01,0.000000000000000000e+00
3.647122335934453474e+01,1.399999096139590549e+01,0.000000000000000000e+00
3.526718608498564578e+01,1.424886808974290631e+01,0.000000000000000000e+00
3.408285630024284529e+01,1.446731416394394820e+01,0.000000000000000000e+00
3.291868251173075066e+01,1.465634173678698104e+01,0.000000000000000000e+00
3.177525997248828560e+01,1.481704706503727742e+01,0.000000000000000000e+00
3.065266785778416647e+01,1.495030504072665245e+01,0.000000000000000000e+00
2.955644452839376513e+01,1.505976068378698329e+01,0.000000000000000000e+00
2.850799655795690413e+01,1.515797064763865798e+01,0.000000000000000000e+00
2.751413913595171223e+01,1.525133636598890163e+01,0.000000000000000000e+00
2.656956153457245762e+01,1.533994350423573039e+01,0.000000000000000000e+00
2.567040190826053703e+01,1.542433358128369214e+01,0.000000000000000000e+00
2.481287571473865228e+01,1.550480556687543121e+01,0.000000000000000000e+00
2.399368053010084267e+01,1.558167832500275729e+01,0.000000000000000000e+00
2.320984392148991304e+01,1.565523739962837446e+01,0.000000000000000000e+00
2.245867056984962318e+01,1.572573043117726144e+01,0.000000000000000000e+00
2.173772760096276002e+01,1.579338356429539303e+01,0.000000000000000000e+00
2.104482055694678522e+01,1.585840976437379091e+01,0.000000000000000000e+00
2.037793894060495958e+01,1.592099079212617596e+01,0.000000000000000000e+00
1.973526325057279962e+01,1.598130107121404819e+01,0.000000000000000000e+00
1.911512851647335154e+01,1.603949728807909381e+01,0.000000000000000000e+00
1.851600655536300621e+01,1.609571893589537339e+01,0.000000000000000000e+00
1.793650626549227312e+01,1.615010278202278471e+01,0.000000000000000000e+00
1.737533558973790804e+01,1.620276256413522020e+01,0.000000000000000000e+00
1.683131948072257700e+01,1.625381628772542086e+01,0.000000000000000000e+00
1.630336015660159887e+01,1.630336015660159532e+01,0.000000000000000000e+00
1.579045330822736304e+01,1.635149306916401457e+01,0.000000000000000000e+00
1.529166380305076345e+01,1.639830178660867688e+01,0.000000000000000000e+00
1.480612178965880510e+01,1.644386415568027360e+01,0.000000000000000000e+00
1.433302928047816494e+01,1.648826406403576073e+01,0.000000000000000000e+00
1.387162562867659688e+01,1.653155967809724913e+01,0.000000000000000000e+00
1.342122220831238977e+01,1.657382914227004989e+01,0.000000000000000000e+00
1.298115894530551984e+01,1.661512576821213472e+01,0.000000000000000000e+00
1.255082487189195106e+01,1.665550715330885723e+01,0.000000000000000000e+00
1.212965295952724176e+01,1.669503503508295950e+01,0.000000000000000000e+00
1.171709621927235467e+01,1.673374761035938008e+01,0.000000000000000000e+00
1.131265518995616759e+01,1.677170103487209474e+01,0.000000000000000000e+00
1.091585428607572972e+01,1.680894156523326544e+01,0.000000000000000000e+00
1.052623711090090985e+01,1.684550070944803579e+01,0.000000000000000000e+00
1.014338576183196849e+01,1.688142880498331877e+01,0.000000000000000000e+00
9.766897637309504887e+00,1.691676294014448345e+01,0.000000000000000000e+00
9.396386101429570203e+00,1.695152925394761922e+01,0.000000000000000000e+00
9.031494920242746360e+00,1.698577151814148678e+01,0.000000000000000000e+00
8.671879848401733426e+00,1.701952249295165487e+01,0.000000000000000000e+00
8.317207801571322889e+00,1.705280310677497368e+01,0.000000000000000000e+00
7.967169595985793329e+00,1.708565033546488010e+01,0.000000000000000000e+00
7.621467188645420165e+00,1.711809557680199489e+01,0.000000000000000000e+00
7.279809647422338159e+00,1.715015678062648163e+01,0.000000000000000000e+00
6.941922961201107967e+00,1.718186225869759198e+01,0.000000000000000000e+00
6.607545102056405995e+00,1.721324348983822716e+01,0.000000000000000000e+00
6.276418900009335111e+00,1.724431920281385899e+01,0.000000000000000000e+00
5.948296642697244785e+00,1.727510781336390977e+01,0.000000000000000000e+00
5.622943230942047954e+00,1.730563981234136861e+01,0.000000000000000000e+00
5.300127849328655216e+00,1.733593705427734832e+01,0.000000000000000000e+00
4.979624003394520493e+00,1.736601267433494300e+01,0.000000000000000000e+00
4.661214854522319762e+00,1.739589066207206969e+01,0.000000000000000000e+00
4.344689115276876734e+00,1.742559626569320486e+01,0.000000000000000000e+00
4.029837751523056788e+00,1.745514499800163577e+01,0.000000000000000000e+00
3.716455985938962758e+00,1.748455073199986742e+01,0.000000000000000000e+00
3.404345475639084295e+00,1.751383918844939913e+01,0.000000000000000000e+00
3.093309610634825013e+00,1.754303055724201243e+01,0.000000000000000000e+00
2.783153041649056636e+00,1.757213673228417861e+01,0.000000000000000000e+00
2.473683868335089464e+00,1.760117529950171189e+01,0.000000000000000000e+00
2.164712754623036695e+00,1.763017059070517334e+01,0.000000000000000000e+00
1.856050332433459182e+00,1.765913930815291621e+01,0.000000000000000000e+00
1.547507551375083334e+00,1.768809225113534467e+01,0.000000000000000000e+00
1.238896889221728470e+00,1.771705093923851138e+01,0.000000000000000000e+00
9.300304239876477919e-01,1.774603764385408411e+01,0.000000000000000000e+00
6.207189999057912688e-01,1.777506649882025158e+01,0.000000000000000000e+00
3.107725934792595623e-01,1.780414995631851838e+01,0.000000000000000000e+00
1.091975463848318569e-15,1.783331266792342973e+01,0.000000000000000000e+00
-3.117924051616019487e-01,1.786257492847040851e+01,0.000000000000000000e+00
-6.248006252061443222e-01,1.789194895472729385e+01,0.000000000000000000e+00
-9.392235120862439945e-01,1.792145221444583925e+01,0.000000000000000000e+00
-1.255263955633329376e+00,1.795111089359228274e+01,0.000000000000000000e+00
-1.573128700207517827e+00,1.798094332234688864e+01,0.000000000000000000e+00
-1.893028350620559630e+00,1.801096164997988680e+01,0.000000000000000000e+00
-2.215179729669414677e+00,1.804119111865484015e+01,0.000000000000000000e+00
-2.539805819029568035e+00,1.807165742545823051e+01,0.000000000000000000e+00
-2.867134742736074937e+00,1.810237632472730951e+01,0.000000000000000000e+00
-3.197401689762251475e+00,1.813336607316360372e+01,0.000000000000000000e+00
-3.530851904724150447e+00,1.816465834624504794e+01,0.000000000000000000e+00
-3.867737875493784561e+00,1.819627606461830638e+01,0.000000000000000000e+00
-4.208319577678564904e+00,1.822823472199240769e+01,0.000000000000000000e+00
-4.552870613591851523e+00,1.826056664984983513e+01,0.000000000000000000e+00
-4.901675732713822953e+00,1.829330287671538713e+01,0.000000000000000000e+00
-5.255028419508045445e+00,1.832646201298682698e+01,0.000000000000000000e+00
-5.613238058397019614e+00,1.836007440148273417e+01,0.000000000000000000e+00
-5.976631045655262042e+00,1.839417897698372784e+01,0.000000000000000000e+00
-6.345544641706902134e+00,1.842879977322273177e+01,0.000000000000000000e+00
-6.720334607251270853e+00,1.846396758460231524e+01,0.000000000000000000e+00
-7.101380417818828228e+00,1.849972847069052762e+01,0.000000000000000000e+00
-7.489075363528878704e+00,1.853611197651418863e+01,0.000000000000000000e+00
-7.883836099927171048e+00,1.857315392778014385e+01,0.000000000000000000e+00
-8.286109831718595942e+00,1.861090739464924937e+01,0.000000000000000000e+00
-8.696361039955574412e+00,1.864940643343443938e+01,0.000000000000000000e+00
-9.115087178627012676e+00,1.868869825866914880e+01,0.000000000000000000e+00
-9.542821610253641396e+00,1.872884194444537442e+01,0.000000000000000000e+00
-9.980120445033783483e+00,1.876987664831906244e+01,0.000000000000000000e+00
-1.042758899120143745e+01,1.881186851246996383e+01,0.000000000000000000e+00
-1.088586838681938573e+01,1.885487713047903569e+01,0.000000000000000000e+00
-1.135563983702156854e+01,1.889895838971717623e+01,0.000000000000000000e+00
-1.183764684083499574e+01,1.894419498198195839e+01,0.000000000000000000e+00
-1.233267008759403893e+01,1.899064657817018187e+01,0.000000000000000000e+00
-1.284156609184684861e+01,1.903840466234883522e+01,0.000000000000000000e+00
-1.336524426078971217e+01,1.908754695066832596e+01,0.000000000000000000e+00
-1.390469477725831737e+01,1.913817050108830387e+01,0.000000000000000000e+00
-1.446098558972383152e+01,1.919037604237037797e+01,0.000000000000000000e+00
-1.503527078061835454e+01,1.924426902340956502e+01,0.000000000000000000e+00
-1.562880249076449246e+01,1.929996375589300683e+01,0.000000000000000000e+00
-1.624295156554032360e+01,1.935759588256642871e+01,0.000000000000000000e+00
-1.687921978370635756e+01,1.941732117771562471e+01,0.000000000000000000e+00
-1.753919744949507020e+01,1.947925218746948417e+01,0.000000000000000000e+00
-1.822461635005273095e+01,1.954350832600079357e+01,0.000000000000000000e+00
-1.893767299975266383e+01,1.961053446389708554e+01,0.000000000000000000e+00
-1.968032955231074155e+01,1.968032955231074510e+01,0.000000000000000000e+00
-2.045299102737945773e+01,1.975122384637013795e+01,0.000000000000000000e+00
-2.124931721945729635e+01,1.981530887726872336e+01,0.000000000000000000e+00
-2.206156325682680119e+01,1.986432077997949364e+01,0.000000000000000000e+00
-2.288845127709812743e+01,1.989662714433427837e+01,0.000000000000000000e+00
-2.373200880803366175e+01,1.991351983791701485e+01,0.000000000000000000e+00
-2.459198955802564512e+01,1.991420048858752168e+01,0.000000000000000000e+00
-2.546550349396080293e+01,1.989583185158817358e+01,0.000000000000000000e+00
-2.635335902867593916e+01,1.985868042987178583e+01,0.000000000000000000e+00
-2.725646740104473054e+01,1.980298273005075416e+01,0.000000000000000000e+00
-2.817532718780704570e+01,1.972857648842748546e+01,0.000000000000000000e+00
-2.910857880468223158e+01,1.963398431693711288e+01,0.000000000000000000e+00
-3.005320257297305275e+01,1.951677795079165278e+01,0.000000000000000000e+00
-3.100981148176094848e+01,1.937708080343838901e+01,0.000000000000000000e+00
-3.197042271366752786e+01,1.920976798230705285e+01,0.000000000000000000e+00
-3.292618799408099761e+01,1.900994350177088776e+01,0.000000000000000000e+00
-3.387473814584626552e+01,1.877707396983498001e+01,0.000000000000000000e+00
-3.481455912814197262e+01,1.851122944756933109e+01,0.000000000000000000e+00
-3.573940225397475245e+01,1.821013499811869352e+01,0.000000000000000000e+00
-3.665271450584343427e+01,1.787672332390050656e+01,0.000000000000000000e+00
-3.755523041726724642e+01,1.751229154734726023e+01,0.000000000000000000e+00
-3.844695885622746090e+01,1.711768894566954557e+01,0.000000000000000000e+00
-3.932516867006365402e+01,1.669254374363699611e+01,0.000000000000000000e+00
-4.018267280413957110e+01,1.623485363702551965e+01,0.000000000000000000e+00
-4.102551296586913310e+01,1.574821894647629072e+01,0.000000000000000000e+00
-4.185492798310285423e+01,1.523394794320498313e+01,0.000000000000000000e+00
-4.266619461081343445e+01,1.469114895849378577e+01,0.000000000000000000e+00
-4.345614573585824303e+01,1.411975767194797271e+01,0.000000000000000000e+00
-4.422844916921671654e+01,1.352199390436436488e+01,0.000000000000000000e+00
-4.498329459008256492e+01,1.289875215993534852e+01,0.000000000000000000e+00
-4.571440177233850477e+01,1.224913703737000148e+01,0.000000000000000000e+00
-4.642309015482916834e+01,1.157457635411248198e+01,0.000000000000000000e+00
-4.711146271916611283e+01,1.087653817925327360e+01,0.000000000000000000e+00
-4.777826293866750973e+01,1.015558329280941052e+01,0.000000000000000000e+00
-4.842201757960855701e+01,9.412286746196357967e+00,0.000000000000000000e+00
-4.904141607807468972e+01,8.647324826714475776e+00,0.000000000000000000e+00
-4.963566602899361158e+01,7.861517184137759351e+00,0.000000000000000000e+00
-5.020417271157606365e+01,7.055736338427937682e+00,0.000000000000000000e+00
-5.074637610734395565e+01,6.230871507753880323e+00,0.000000000000000000e+00
-5.126180815673264846e+01,5.387833144649214034e+00,0.000000000000000000e+00
-5.175032292051371030e+01,4.527566589350761284e+00,0.000000000000000000e+00
-5.221196025958916209e+01,3.651015926274342682e+00,0.000000000000000000e+00
-5.264766678553696266e+01,2.759147300663519431e+00,0.000000000000000000e+00
-5.305901694972278904e+01,1.852861700359990538e+00,0.000000000000000000e+00
-5.343789537698050651e+01,9.327619334324891431e-01,0.000000000000000000e+00
-5.378806576736264589e+01,6.587138257432799210e-15,0.000000000000000000e+00
-5.377980307464684273e+01,-9.387299544946990926e-01,0.000000000000000000e+00
-5.383016312593397856e+01,-1.879790718223914858e+00,0.000000000000000000e+00
-5.388060832218866381e+01,-2.823763028585242196e+00,0.000000000000000000e+00
-5.393124078839740321e+01,-3.771239732490417662e+00,0.000000000000000000e+00
-5.398209260675068322e+01,-4.722821136497267425e+00,0.000000000000000000e+00
-5.403319640449627315e+01,-5.679117787054657640e+00,0.000000000000000000e+00
-5.408458542488949661e+01,-6.640752073010705914e+00,0.000000000000000000e+00
-5.413616761743787009e+01,-7.608342184543296582e+00,0.000000000000000000e+00
-5.416646047388137930e+01,-8.579124526516810789e+00,0.000000000000000000e+00
-5.417370646032505022e+01,-9.552286093935785871e+00,0.000000000000000000e+00
-5.415559124992220319e+01,-1.052678056869579493e+01,0.000000000000000000e+00
-5.411020852920712798e+01,-1.150147987621615719e+01,0.000000000000000000e+00
-5.404126776958473499e+01,-1.247640973609622073e+01,0.000000000000000000e+00
-5.394860818679677550e+01,-1.345089873538329606e+01,0.000000000000000000e+00
-5.383208861609860918e+01,-1.442426467156423264e+01,0.000000000000000000e+00
-5.369158798027584822e+01,-1.539581510740716119e+01,0.000000000000000000e+00
-5.352700574266184930e+01,-1.636484794214561234e+01,0.000000000000000000e+00
-5.333826234465583127e+01,-1.733065199861665562e+01,0.000000000000000000e+00
-5.312529962725209742e+01,-1.829250762595006208e+01,0.000000000000000000e+00
-5.288808123609953782e+01,-1.924968731739308581e+01,0.000000000000000000e+00
-5.262661178673064200e+01,-2.020146355069680766e+01,0.000000000000000000e+00
-5.234104426346021199e+01,-2.114715457003671517e+01,0.000000000000000000e+00
-5.203160238745712718e+01,-2.208610486050708133e+01,0.000000000000000000e+00
-5.169852707496190902e+01,-2.301766724197302239e+01,0.000000000000000000e+00
-5.134210286989221572e+01,-2.394121575401246105e+01,0.000000000000000000e+00
-5.096283935310712110e+01,-2.485623755835706206e+01,0.000000000000000000e+00
-5.056135218227444739e+01,-2.576229569771946970e+01,0.000000000000000000e+00
-5.013819833517916891e+01,-2.665895294132862148e+01,0.000000000000000000e+00
-4.969318030962831756e+01,-2.754537964110148351e+01,0.000000000000000000e+00
-4.922563065079064870e+01,-2.842043110726308441e+01,0.000000000000000000e+00
-4.873526345388548009e+01,-2.928310056737286615e+01,0.000000000000000000e+00
-4.822321342312645243e+01,-3.013320811869419558e+01,0.000000000000000000e+00
-4.769088140970854539e+01,-3.097082051374672318e+01,0.000000000000000000e+00
-4.713870584791166607e+01,-3.179545856734630860e+01,0.000000000000000000e+00
-4.656649458908074735e+01,-3.260621053927597757e+01,0.000000000000000000e+00
-4.597439644474994225e+01,-3.340235421648928593e+01,0.000000000000000000e+00
-4.536291718041591992e+01,-3.418340996578001523e+01,0.000000000000000000e+00
-4.473262814878819427e+01,-3.494895940851797178e+01,0.000000000000000000e+00
-4.408413538967814560e+01,-3.569862895576832784e+01,0.000000000000000000e+00
-4.341785875223178692e+01,-3.643190926550492748e+01,0.000000000000000000e+00
-4.273400989987789700e+01,-3.714810805967119478e+01,0.000000000000000000e+00
-4.203229897360883882e+01,-3.784605198697335027e+01,0.000000000000000000e+00
-4.131318534360911343e+01,-3.852516858931682009e+01,0.000000000000000000e+00
-4.057944365190120095e+01,-3.918711322255717988e+01,0.000000000000000000e+00
-3.983081958247127830e+01,-3.983081958247126408e+01,0.000000000000000000e+00
-3.906504896298851293e+01,-4.045304241088742714e+01,0.000000000000000000e+00
-3.828563419952550362e+01,-4.105631615902198917e+01,0.000000000000000000e+00
-3.749354917639657714e+01,-4.164080494066978844e+01,0.000000000000000000e+00
-3.668593359191172709e+01,-4.220233899354318652e+01,0.000000000000000000e+00
-3.586649506192190273e+01,-4.274402434380790083e+01,0.000000000000000000e+00
-3.503600131850483024e+01,-4.326585840457996568e+01,0.000000000000000000e+00
-3.419190594400487271e+01,-4.376364390176186703e+01,0.000000000000000000e+00
-3.333687084026259839e+01,-4.423952181759892710e+01,0.000000000000000000e+00
-3.247294680300036873e+01,-4.469517688407189837e+01,0.000000000000000000e+00
-3.159950259411283113e+01,-4.512876664382447700e+01,0.000000000000000000e+00
-3.071473156470535670e+01,-4.553646217617835390e+01,0.000000000000000000e+00
-2.982173841638406131e+01,-4.592145014743321951e+01,0.000000000000000000e+00
-2.892216378963955492e+01,-4.628513736714093341e+01,0.000000000000000000e+00
-2.801547206202341300e+01,-4.662557534118969471e+01,0.000000000000000000e+00
-2.710115814054240602e+01,-4.694058284337827303e+01,0.000000000000000000e+00
-2.618068637670579335e+01,-4.723120848936126492e+01,0.000000000000000000e+00
-2.525531323154254792e+01,-4.749833598517347610e+01,0.000000000000000000e+00
-2.432603823893896688e+01,-4.774253820506160650e+01,0.000000000000000000e+00
-2.339298908614244610e+01,-4.796273538934036651e+01,0.000000000000000000e+00
-2.245568501912467951e+01,-4.815637192829562707e+01,0.000000000000000000e+00
-2.151571561511284614e+01,-4.832508848840863891e+01,0.000000000000000000e+00
-2.057422214872581634e+01,-4.846982992405916235e+01,0.000000000000000000e+00
-1.963197383015176456e+01,-4.859084033362135813e+01,0.000000000000000000e+00
-1.868943839113811478e+01,-4.868765157802234711e+01,0.000000000000000000e+00
-1.774676155461768801e+01,-4.875882663975740172e+01,0.000000000000000000e+00
-1.680443988389727394e+01,-4.880363710406390965e+01,0.000000000000000000e+00
-1.586391876002585910e+01,-4.882412160281722180e+01,0.000000000000000000e+00
-1.492604110019445507e+01,-4.882088061617286456e+01,0.000000000000000000e+00
-1.399144680897332904e+01,-4.879397369184543720e+01,0.000000000000000000e+00
-1.306055285824334788e+01,-4.874264684190311669e+01,0.000000000000000000e+00
-1.213323457844721176e+01,-4.866374590935388511e+01,0.000000000000000000e+00
-1.121115357238284282e+01,-4.856084122167084871e+01,0.000000000000000000e+00
-1.029521130630568848e+01,-4.843516109508864531e+01,0.000000000000000000e+00
-9.385896996292302674e+00,-4.828625408575906874e+01,0.000000000000000000e+00
-8.483666549491315934e+00,-4.811326386582901193e+01,0.000000000000000000e+00
-7.588814799496651275e+00,-4.791389093491031304e+01,0.000000000000000000e+00
-6.702565247330206866e+00,-4.769122982315816017e+01,0.000000000000000000e+00
-5.825875224688530807e+00,-4.744794607601784975e+01,0.000000000000000000e+00
-4.959033975525689364e+00,-4.718205658402379044e+01,0.000000000000000000e+00
-4.102284981177559686e+00,-4.688933189569179660e+01,0.000000000000000000e+00
-3.256815800389441407e+00,-4.657463582095535060e+01,0.000000000000000000e+00
-2.423365117924145995e+00,-4.624056105938280581e+01,0.000000000000000000e+00
-1.602646958769674779e+00,-4.589380423442191415e+01,0.000000000000000000e+00
-7.950818433581764433e-01,-4.555020829930344206e+01,0.000000000000000000e+00
-8.305376799465096158e-15,-4.521236547684672757e+01,0.000000000000000000e+00
7.833699490156653678e-01,-4.487923432179842109e+01,0.000000000000000000e+00
1.555749104212926337e+00,-4.455082539291003485e+01,0.000000000000000000e+00
2.317829391030445052e+00,-4.422681942908567265e+01,0.000000000000000000e+00
3.070269085107938167e+00,-4.390689350442894323e+01,0.000000000000000000e+00
3.813700873875289332e+00,-4.359080045548133597e+01,0.000000000000000000e+00
4.548730759919348721e+00,-4.327828225400573814e+01,0.000000000000000000e+00
5.275940568904454508e+00,-4.296908772656316700e+01,0.000000000000000000e+00
5.995890713527969318e+00,-4.266297924176156187e+01,0.000000000000000000e+00
6.709121897406747692e+00,-4.235972854189141401e+01,0.000000000000000000e+00
7.416156251173734226e+00,-4.205911211872592048e+01,0.000000000000000000e+00
8.117499602909660439e+00,-4.176091518178642303e+01,0.000000000000000000e+00
8.813642934224324321e+00,-4.146492992254395205e+01,0.000000000000000000e+00
9.505063192683685713e+00,-4.117095190265573024e+01,0.000000000000000000e+00
1.019222577791818196e+01,-4.087878482036683891e+01,0.000000000000000000e+00
1.087558473106425261e+01,-4.058823477835203875e+01,0.000000000000000000e+00
1.155558460270621701e+01,-4.029911265050323976e+01,0.000000000000000000e+00
1.223266180353376242e+01,-4.001123389111934614e+01,0.000000000000000000e+00
1.290724476652643204e+01,-3.972441472822988118e+01,0.000000000000000000e+00
1.357975662792469684e+01,-3.943847691500930353e+01,0.000000000000000000e+00
1.425061461691393205e+01,-3.915324187332107897e+01,0.000000000000000000e+00
1.492023235828458638e+01,-3.886853415925788369e+01,0.000000000000000000e+00
1.558902047562458115e+01,-3.858417963685586471e+01,0.000000000000000000e+00
1.625738698943618843e+01,-3.830000360117557534e+01,0.000000000000000000e+00
1.692573988793297346e+01,-3.801583421383484307e+01,0.000000000000000000e+00
1.759448596049273306e+01,-3.773149690508491005e+01,0.000000000000000000e+00
1.826403398727826044e+01,-3.744681904685145213e+01,0.000000000000000000e+00
1.893479411948242230e+01,-3.716162585847336430e+01,0.000000000000000000e+00
1.960717941446320367e+01,-3.687574123557477890e+01,0.000000000000000000e+00
2.028160765734427784e+01,-3.658898876752771656e+01,0.000000000000000000e+00
2.095850040124498648e+01,-3.630118754540900738e+01,0.000000000000000000e+00
2.163828677100090303e+01,-3.601215670619344422e+01,0.000000000000000000e+00
2.232140193954490925e+01,-3.572171026045761977e+01,0.000000000000000000e+00
2.300828989629765076e+01,-3.542965948859785641e+01,0.000000000000000000e+00
2.369940461942132615e+01,-3.513581226574464722e+01,0.000000000000000000e+00
2.439520958335252487e+01,-3.483996994052104412e+01,0.000000000000000000e+00
2.509618202366155160e+01,-3.454193121022144908e+01,0.000000000000000000e+00
2.580281130644933540e+01,-3.424148712747219037e+01,0.000000000000000000e+00
2.651560202652014198e+01,-3.393842293640628327e+01,0.000000000000000000e+00
2.723507603105952057e+01,-3.363251794877132994e+01,0.000000000000000000e+00
2.796177157938208779e+01,-3.332354173502728401e+01,0.000000000000000000e+00
2.869624824342807301e+01,-3.301125738501106355e+01,0.000000000000000000e+00
2.943908681197220290e+01,-3.269541823851941587e+01,0.000000000000000000e+00
3.019089059675735243e+01,-3.237576640374103931e+01,0.000000000000000000e+00
3.095229041125950786e+01,-3.205203500210844680e+01,0.000000000000000000e+00
3.172394418871020960e+01,-3.172394418871022381e+01,0.000000000000000000e+00
3.250653961686138871e+01,-3.139120041582451393e+01,0.000000000000000000e+00
3.330079918050290644e+01,-3.105349761625962657e+01,0.000000000000000000e+00
3.410748087904677561e+01,-3.071051372430495618e+01,0.000000000000000000e+00
3.492738097105306139e+01,-3.036190906479127705e+01,0.000000000000000000e+00
3.576133913721079693e+01,-3.000732648043922879e+01,0.000000000000000000e+00
3.661024415012445843e+01,-2.964639116414173614e+01,0.000000000000000000e+00
3.747502943309419976e+01,-2.927870184899272132e+01,0.000000000000000000e+00
3.835668442400941558e+01,-2.890383489622704971e+01,0.000000000000000000e+00
3.925629253368397542e+01,-2.852136601754074618e+01,0.000000000000000000e+00
4.017485626512029029e+01,-2.813073720332883809e+01,0.000000000000000000e+00
4.111384708210376715e+01,-2.773164001703618453e+01,0.000000000000000000e+00
4.207412148170375588e+01,-2.732325396733291001e+01,0.000000000000000000e+00
4.305299807409728885e+01,-2.690249900431475538e+01,0.000000000000000000e+00
4.404539528841129226e+01,-2.646514347830841629e+01,0.000000000000000000e+00
4.505069406001504007e+01,-2.601003034272918768e+01,0.000000000000000000e+00
4.606903630824196227e+01,-2.553648381736476125e+01,0.000000000000000000e+00
4.710018001189538950e+01,-2.504360994527823792e+01,0.000000000000000000e+00
4.814353758690785412e+01,-2.453035762922116803e+01,0.000000000000000000e+00
4.919984287769957376e+01,-2.399636672377404523e+01,0.000000000000000000e+00
5.025823610104988148e+01,-2.343580037928161630e+01,0.000000000000000000e+00
5.128317266781306927e+01,-2.283273954534106664e+01,0.000000000000000000e+00
5.225580513396278803e+01,-2.218127328012383970e+01,0.000000000000000000e+00
5.317646823907001163e+01,-2.148468776587456475e+01,0.000000000000000000e+00
5.404893164782983916e+01,-2.074744099168938050e+01,0.000000000000000000e+00
5.487074644042503735e+01,-1.997131843628287839e+01,0.000000000000000000e+00
5.563734641689044480e+01,-1.915747470149824849e+01,0.000000000000000000e+00
5.634871341375937703e+01,-1.830880684551380355e+01,0.000000000000000000e+00
5.700320020508115704e+01,-1.742762724402387775e+01,0.000000000000000000e+00
5.759865285207175134e+01,-1.651614793125501635e+01,0.000000000000000000e+00
5.813428200866872686e+01,-1.557703391678592730e+01,0.000000000000000000e+00
5.860965994742971930e+01,-1.461302946201062092e+01,0.000000000000000000e+00
5.902457239790633992e+01,-1.362689626146450017e+01,0.000000000000000000e+00
5.937887108202229314e+01,-1.262136867304219834e+01,0.000000000000000000e+00
5.967188381312570300e+01,-1.159903922242538421e+01,0.000000000000000000e+00
5.990259536843472432e+01,-1.056244377791703037e+01,0.000000000000000000e+00
6.007006315154654885e+01,-9.514163332517266980e+00,0.000000000000000000e+00
6.017342736441075601e+01,-8.456823708698037123e+00,0.000000000000000000e+00
6.021191269098797960e+01,-7.393093260887027007e+00,0.000000000000000000e+00
6.018486483460601733e+01,-6.325684193009365686e+00,0.000000000000000000e+00
6.009198200655740862e+01,-5.257367194377589037e+00,0.000000000000000000e+00
5.993358775263065041e+01,-4.190964719878049749e+00,0.000000000000000000e+00
5.971022421252089885e+01,-3.129280251470730079e+00,0.000000000000000000e+00
5.942252630982606121e+01,-2.075080343882742095e+00,0.000000000000000000e+00
5.907122013266763361e+01,-1.031091982804802631e+00,0.000000000000000000e+00
5.865701323146755897e+01,-1.436682470029214059e-14,0.000000000000000000e+00
