4.829264156456292767e+01,0.000000000000000000e+00,0.000000000000000000e+00
4.754952385342009080e+01,8.299800261672783952e-01,0.000000000000000000e+00
4.674984513817837239e+01,1.632540565845230107e+00,0.000000000000000000e+00
4.589730985262828256e+01,2.405376084441895213e+00,0.000000000000000000e+00
4.499265073922026659e+01,3.146192627081500159e+00,0.000000000000000000e+00
4.403436949942207690e+01,3.852508136711148445e+00,0.000000000000000000e+00
4.302235123092237501e+01,4.521831325457429607e+00,0.000000000000000000e+00
4.195706960761278737e+01,5.151680368543339661e+00,0.000000000000000000e+00
4.083927016906351781e+01,5.739585118196661284e+00,0.000000000000000000e+00
3.968289687775897789e+01,6.285153412440144471e+00,0.000000000000000000e+00
3.852667552231220327e+01,6.793292371584032985e+00,0.000000000000000000e+00
3.738150010913560095e+01,7.266227547245434515e+00,0.000000000000000000e+00
3.624936957713257613e+01,7.705041360021202657e+00,0.000000000000000000e+00
3.513076098453829843e+01,8.110575241364863075e+00,0.000000000000000000e+00
3.402632041503462546e+01,8.483714513182730954e+00,0.000000000000000000e+00
3.293664013869973672e+01,8.825346126559093562e+00,0.000000000000000000e+00
3.186233442959711226e+01,9.136377377190971316e+00,0.000000000000000000e+00
3.080395953932584518e+01,9.417715541583094208e+00,0.000000000000000000e+00
2.976227700610049354e+01,9.670350004021786461e+00,0.000000000000000000e+00
2.873725902988204695e+01,9.895031814246163293e+00,0.000000000000000000e+00
2.773512137058546756e+01,1.009475862265354529e+01,0.000000000000000000e+00
2.677660907199112117e+01,1.027857720294043276e+01,0.000000000000000000e+00
2.587037271784835823e+01,1.045230905014108025e+01,0.000000000000000000e+00
2.501179082272705045e+01,1.061687531255014072e+01,0.000000000000000000e+00
2.419677883511064564e+01,1.077310002945772460e+01,0.000000000000000000e+00
2.342162206523027379e+01,1.092168173542897058e+01,0.000000000000000000e+00
2.268303162580884447e+01,1.106325373137704737e+01,0.000000000000000000e+00
2.197806594849542350e+01,1.119838393142532773e+01,0.000000000000000000e+00
2.130407025064318205e+01,1.132757508504570509e+01,0.000000000000000000e+00
2.065866583292272196e+01,1.145128546212712095e+01,0.000000000000000000e+00
2.003970710537389266e+01,1.156993029176887156e+01,0.000000000000000000e+00
1.944523525057056546e+01,1.168387608979436543e+01,0.000000000000000000e+00
1.887349717584323372e+01,1.179346994853168518e+01,0.000000000000000000e+00
1.832287098440229300e+01,1.189901154644919501e+01,0.000000000000000000e+00
1.779190334560324871e+01,1.200079033744665757e+01,0.000000000000000000e+00
1.727924111694516185e+01,1.209905488462816514e+01,0.000000000000000000e+00
1.678366940217201631e+01,1.219404959666027821e+01,0.000000000000000000e+00
1.630404650816188550e+01,1.228598027928970815e+01,0.000000000000000000e+00
1.583935112097727860e+01,1.237505736401260670e+01,0.000000000000000000e+00
1.538861116591121636e+01,1.246145161520130529e+01,0.000000000000000000e+00
1.495095819732334874e+01,1.254534350912095242e+01,0.000000000000000000e+00
1.452556663152648042e+01,1.262688243205188776e+01,0.000000000000000000e+00
1.411168050882389124e+01,1.270621420198403051e+01,0.000000000000000000e+00
1.370860440133182223e+01,1.278348041413507197e+01,0.000000000000000000e+00
1.331567089449876207e+01,1.285879391184272258e+01,0.000000000000000000e+00
1.293228306186744447e+01,1.293228306186744270e+01,0.000000000000000000e+00
1.255786868617575358e+01,1.300405370113634085e+01,0.000000000000000000e+00
1.219188909558388545e+01,1.307420038219528280e+01,0.000000000000000000e+00
1.183385776222560182e+01,1.314283052943634011e+01,0.000000000000000000e+00
1.148330145064170615e+01,1.321002719941340686e+01,0.000000000000000000e+00
1.113977736028616938e+01,1.327586968982068605e+01,0.000000000000000000e+00
1.080288199062862020e+01,1.334044825261099554e+01,0.000000000000000000e+00
1.047222139413325337e+01,1.340383214389419742e+01,0.000000000000000000e+00
1.014742303940200330e+01,1.346608519723007191e+01,0.000000000000000000e+00
9.828147687600971238e+00,1.352728478893454778e+01,0.000000000000000000e+00
9.514064756602961026e+00,1.358749261815792231e+01,0.000000000000000000e+00
9.204854946204571675e+00,1.364675866406433613e+01,0.000000000000000000e+00
8.900227195028751481e+00,1.370514802761451278e+01,0.000000000000000000e+00
8.599901118476042328e+00,1.376271870623595817e+01,0.000000000000000000e+00
8.303601657091896016e+00,1.381951386750979971e+01,0.000000000000000000e+00
8.011071181206506964e+00,1.387558230890048350e+01,0.000000000000000000e+00
7.722068119170340417e+00,1.393097965644227543e+01,0.000000000000000000e+00
7.436354845598771135e+00,1.398574936382404132e+01,0.000000000000000000e+00
7.153699788599273468e+00,1.403992635833490787e+01,0.000000000000000000e+00
6.873887621473449450e+00,1.409355819689138301e+01,0.000000000000000000e+00
6.596710008438015471e+00,1.414669026568999222e+01,0.000000000000000000e+00
6.321961142924856780e+00,1.419935721020275565e+01,0.000000000000000000e+00
6.049441318744734453e+00,1.425159064267673870e+01,0.000000000000000000e+00
5.778962608551730717e+00,1.430343437881073676e+01,0.000000000000000000e+00
5.510340210768077007e+00,1.435492702581445101e+01,0.000000000000000000e+00
5.243390918889728525e+00,1.440609815102294711e+01,0.000000000000000000e+00
4.977936460746793301e+00,1.445697721767992050e+01,0.000000000000000000e+00
4.713806429782253282e+00,1.450760444637169755e+01,0.000000000000000000e+00
4.450831713297412229e+00,1.455801456387109205e+01,0.000000000000000000e+00
4.188843815654386127e+00,1.460823442570677244e+01,0.000000000000000000e+00
3.927677406558883089e+00,1.465829163701811311e+01,0.000000000000000000e+00
3.667172144188930449e+00,1.470822411590671308e+01,0.000000000000000000e+00
3.407167716819415659e+00,1.475806476504313380e+01,0.000000000000000000e+00
3.147503410039690586e+00,1.480783931255882813e+01,0.000000000000000000e+00
2.888019834156670740e+00,1.485757403601260229e+01,0.000000000000000000e+00
2.628560248494355545e+00,1.490730594905584105e+01,0.000000000000000000e+00
2.368966795766725753e+00,1.495706769498704425e+01,0.000000000000000000e+00
2.109080150757839167e+00,1.500688504678382351e+01,0.000000000000000000e+00
1.848740595791843466e+00,1.505678386758892096e+01,0.000000000000000000e+00
1.587788834749322309e+00,1.510680165015045162e+01,0.000000000000000000e+00
1.326063228786467540e+00,1.515697206179791223e+01,0.000000000000000000e+00
1.063399534156977078e+00,1.520732183552183159e+01,0.000000000000000000e+00
7.996314881686901188e-01,1.525787772555826116e+01,0.000000000000000000e+00
5.345908593460039215e-01,1.530867925096362825e+01,0.000000000000000000e+00
2.681056461139600389e-01,1.535976217885885475e+01,0.000000000000000000e+00
9.436610760503910126e-16,1.541115490127283394e+01,0.000000000000000000e+00
-2.699056957589729411e-01,1.546288695395501911e+01,0.000000000000000000e+00
-5.417957994915112430e-01,1.551500174185877867e+01,0.000000000000000000e+00
-8.158600921363603486e-01,1.556753793611648540e+01,0.000000000000000000e+00
-1.092293590548361060e+00,1.562052609277765391e+01,0.000000000000000000e+00
-1.371297462974423675e+00,1.567400172444158990e+01,0.000000000000000000e+00
-1.653080878163597500e+00,1.572801394715481216e+01,0.000000000000000000e+00
-1.937860181700237661e+00,1.578260464874454350e+01,0.000000000000000000e+00
-2.225858678033770133e+00,1.583780744398764107e+01,0.000000000000000000e+00
-2.517309920328564488e+00,1.589366932238096908e+01,0.000000000000000000e+00
-2.812458644397622720e+00,1.595024557839890988e+01,0.000000000000000000e+00
-3.111558489979741271e+00,1.600758072555179368e+01,0.000000000000000000e+00
-3.414873434346136882e+00,1.606571637928295004e+01,0.000000000000000000e+00
-3.722684134608452045e+00,1.612471651663691574e+01,0.000000000000000000e+00
-4.035284019839051162e+00,1.618464020817234328e+01,0.000000000000000000e+00
-4.352977904669649512e+00,1.624553470445183834e+01,0.000000000000000000e+00
-4.676090563347632845e+00,1.630746577132671504e+01,0.000000000000000000e+00
-5.004966710471434155e+00,1.637050847037145118e+01,0.000000000000000000e+00
-5.339964904213908348e+00,1.643472207479278069e+01,0.000000000000000000e+00
-5.681466612935984983e+00,1.650017713844071565e+01,0.000000000000000000e+00
-6.029881972370360721e+00,1.656696456106406501e+01,0.000000000000000000e+00
-6.385638750794965013e+00,1.663515768078094936e+01,0.000000000000000000e+00
-6.749193437436737497e+00,1.670483994816320816e+01,0.000000000000000000e+00
-7.121040120278387064e+00,1.677611921448370680e+01,0.000000000000000000e+00
-7.501695190095489352e+00,1.684908326357485819e+01,0.000000000000000000e+00
-7.891716078165600834e+00,1.692383974432269156e+01,0.000000000000000000e+00
-8.291704907294045412e+00,1.700051442466687845e+01,0.000000000000000000e+00
-8.702293828055589486e+00,1.707921328893453250e+01,0.000000000000000000e+00
-9.124176919276504094e+00,1.716008100658549651e+01,0.000000000000000000e+00
-9.558092595944938097e+00,1.724325549239088318e+01,0.000000000000000000e+00
-1.000483567717821565e+01,1.732888371425045193e+01,0.000000000000000000e+00
-1.046527748736800589e+01,1.741714659933135323e+01,0.000000000000000000e+00
-1.094034151494268770e+01,1.750820628586406258e+01,0.000000000000000000e+00
-1.143104567273702088e+01,1.760226673121203333e+01,0.000000000000000000e+00
-1.193847574010225898e+01,1.769951815581186594e+01,0.000000000000000000e+00
-1.246385511650180611e+01,1.780022984095457161e+01,0.000000000000000000e+00
-1.300849602339122413e+01,1.790465873911684014e+01,0.000000000000000000e+00
-1.357376236367175615e+01,1.801299105461661298e+01,0.000000000000000000e+00
-1.416116576110985470e+01,1.812546561803169354e+01,0.000000000000000000e+00
-1.477279222531863212e+01,1.824287911312910282e+01,0.000000000000000000e+00
-1.540938699734231854e+01,1.836419231375721139e+01,0.000000000000000000e+00
-1.606756613092685981e+01,1.848362045795256492e+01,0.000000000000000000e+00
-1.674214487512325533e+01,1.859403562339532456e+01,0.000000000000000000e+00
-1.742846776646966234e+01,1.868974349643583466e+01,0.000000000000000000e+00
-1.812961556916609851e+01,1.877376649924097762e+01,0.000000000000000000e+00
-1.884604770193736201e+01,1.884604770193736556e+01,0.000000000000000000e+00
-1.957362811637582567e+01,1.890203295423225782e+01,0.000000000000000000e+00
-2.031556582030921021e+01,1.894457161086098296e+01,0.000000000000000000e+00
-2.107223100279002281e+01,1.897352201729047749e+01,0.000000000000000000e+00
-2.184043065578446985e+01,1.898559671726838971e+01,0.000000000000000000e+00
-2.262115116861440356e+01,1.898139960238984969e+01,0.000000000000000000e+00
-2.341576318766842491e+01,1.896171115444932909e+01,0.000000000000000000e+00
-2.422345260813116141e+01,1.892543534709953690e+01,0.000000000000000000e+00
-2.504186751010024281e+01,1.887040068437360674e+01,0.000000000000000000e+00
-2.587144249256546047e+01,1.879670323169383295e+01,0.000000000000000000e+00
-2.671307616489876935e+01,1.870469729943225445e+01,0.000000000000000000e+00
-2.756700889031228030e+01,1.859418228038652998e+01,0.000000000000000000e+00
-2.843221842447501402e+01,1.846409853630422759e+01,0.000000000000000000e+00
-2.930696562668392602e+01,1.831302461757492495e+01,0.000000000000000000e+00
-3.019041129118604161e+01,1.814022921711870140e+01,0.000000000000000000e+00
-3.107962499744514417e+01,1.794382985858756996e+01,0.000000000000000000e+00
-3.196554955493173367e+01,1.771879345296069630e+01,0.000000000000000000e+00
-3.284291416267300434e+01,1.746288722354160683e+01,0.000000000000000000e+00
-3.371108612705848628e+01,1.717665631183487918e+01,0.000000000000000000e+00
-3.456685268450223703e+01,1.685938053838706452e+01,0.000000000000000000e+00
-3.540785221256290782e+01,1.651095264553849873e+01,0.000000000000000000e+00
-3.623647988936013320e+01,1.613352030134903359e+01,0.000000000000000000e+00
-3.705441188956999099e+01,1.572866467658023204e+01,0.000000000000000000e+00
-3.785842058971869761e+01,1.529579478694404671e+01,0.000000000000000000e+00
-3.864327134067751501e+01,1.483376206380090956e+01,0.000000000000000000e+00
-3.941182230666300512e+01,1.434473019781408354e+01,0.000000000000000000e+00
-4.016645345695480529e+01,1.383041905314368947e+01,0.000000000000000000e+00
-4.090431921117403391e+01,1.329061897270850423e+01,0.000000000000000000e+00
-4.161916256786000901e+01,1.272425493361062543e+01,0.000000000000000000e+00
-4.231654166402136497e+01,1.213407306342849878e+01,0.000000000000000000e+00
-4.299727229557556285e+01,1.152108438834057047e+01,0.000000000000000000e+00
-4.365421246105854891e+01,1.088421760860761900e+01,0.000000000000000000e+00
-4.428881739447117383e+01,1.022487915895192501e+01,0.000000000000000000e+00
-4.490332192088543906e+01,9.544495715065542285e+00,0.000000000000000000e+00
-4.549625118983146166e+01,8.843575370886741283e+00,0.000000000000000000e+00
-4.606631884746524719e+01,8.122734914726997602e+00,0.000000000000000000e+00
-4.661270778825752359e+01,7.382727635054328275e+00,0.000000000000000000e+00
-4.713471547728584454e+01,6.624352256637496161e+00,0.000000000000000000e+00
-4.763176520951734005e+01,5.848445376280838381e+00,0.000000000000000000e+00
-4.810381642355982024e+01,5.055914838558755342e+00,0.000000000000000000e+00
-4.855109621819009647e+01,4.247670520848016551e+00,0.000000000000000000e+00
-4.897356979632656504e+01,3.424565605350120556e+00,0.000000000000000000e+00
-4.937097395673684019e+01,2.587423106113438287e+00,0.000000000000000000e+00
-4.974306178952515012e+01,1.737065994565758498e+00,0.000000000000000000e+00
-5.008961094443164086e+01,8.743174112642088103e-01,0.000000000000000000e+00
-5.041042345067730679e+01,6.173496372253462916e-15,0.000000000000000000e+00
-5.038398665163172296e+01,-8.794557583466637851e-01,0.000000000000000000e+00
-5.057307823075964137e+01,-1.766050807384478949e+00,0.000000000000000000e+00
-5.074087714157226259e+01,-2.659216689863416860e+00,0.000000000000000000e+00
-5.088716071694334886e+01,-3.558376917792863470e+00,0.000000000000000000e+00
-5.101172183382823988e+01,-4.462947367397817722e+00,0.000000000000000000e+00
-5.111436916150418597e+01,-5.372336681807351688e+00,0.000000000000000000e+00
-5.119492739981261309e+01,-6.285946681242085887e+00,0.000000000000000000e+00
-5.125323750719266513e+01,-7.203172780460778135e+00,0.000000000000000000e+00
-5.128915691829944734e+01,-8.123404413222168330e+00,0.000000000000000000e+00
-5.130255975100728705e+01,-9.046025463510739328e+00,0.000000000000000000e+00
-5.129333700260315254e+01,-9.970414703271170964e+00,0.000000000000000000e+00
-5.126100380219793351e+01,-1.089586271594910905e+01,0.000000000000000000e+00
-5.120393693924918921e+01,-1.182136029967186097e+01,0.000000000000000000e+00
-5.112177681247175798e+01,-1.274609051444839736e+01,0.000000000000000000e+00
-5.101459131346684472e+01,-1.366931854464718654e+01,0.000000000000000000e+00
-5.088246868371154363e+01,-1.459031311107132112e+01,0.000000000000000000e+00
-5.072551749745615268e+01,-1.550834703184045082e+01,0.000000000000000000e+00
-5.054395730982046331e+01,-1.642272725551586632e+01,0.000000000000000000e+00
-5.033827777091006084e+01,-1.733285904196967664e+01,0.000000000000000000e+00
-5.010895292391858646e+01,-1.823816733455274886e+01,0.000000000000000000e+00
-4.985573415848327983e+01,-1.913782328372841235e+01,0.000000000000000000e+00
-4.957812618524231851e+01,-2.003086320660261421e+01,0.000000000000000000e+00
-4.927680156879952733e+01,-2.091676128931333167e+01,0.000000000000000000e+00
-4.895217289342978262e+01,-2.179491158033787812e+01,0.000000000000000000e+00
-4.860340959608488731e+01,-2.266414210709852028e+01,0.000000000000000000e+00
-4.823205801120946035e+01,-2.352434650566596375e+01,0.000000000000000000e+00
-4.783883156524045432e+01,-2.437510215656737600e+01,0.000000000000000000e+00
-4.742314677201507322e+01,-2.521533441774703022e+01,0.000000000000000000e+00
-4.698516236184590156e+01,-2.604430078114913627e+01,0.000000000000000000e+00
-4.652510037034269175e+01,-2.686127922289172076e+01,0.000000000000000000e+00
-4.604340601258362398e+01,-2.766566943885828778e+01,0.000000000000000000e+00
-4.554068014694530575e+01,-2.845697528893167672e+01,0.000000000000000000e+00
-4.501770027379198780e+01,-2.923483638609016566e+01,0.000000000000000000e+00
-4.447524178765439729e+01,-2.999892937439907215e+01,0.000000000000000000e+00
-4.391375369126392059e+01,-3.074874136570744554e+01,0.000000000000000000e+00
-4.332936859613496949e+01,-3.148062899671198878e+01,0.000000000000000000e+00
-4.272836494213601810e+01,-3.219813245641682187e+01,0.000000000000000000e+00
-4.211020687461815015e+01,-3.290009936036349103e+01,0.000000000000000000e+00
-4.147054912954963157e+01,-3.358218853293841022e+01,0.000000000000000000e+00
-4.081805641388497463e+01,-3.425041608226428735e+01,0.000000000000000000e+00
-4.014360804165287533e+01,-3.489630607870167722e+01,0.000000000000000000e+00
-3.945745179082349097e+01,-3.552764917014452095e+01,0.000000000000000000e+00
-3.875155009695642860e+01,-3.613640507663123458e+01,0.000000000000000000e+00
-3.803247190340841399e+01,-3.672753119528695009e+01,0.000000000000000000e+00
-3.729946749795904992e+01,-3.729946749795903571e+01,0.000000000000000000e+00
-3.654961544695709108e+01,-3.784823475271210214e+01,0.000000000000000000e+00
-3.578789603480559833e+01,-3.837781990534188736e+01,0.000000000000000000e+00
-3.501433917200215973e+01,-3.888736328289961364e+01,0.000000000000000000e+00
-3.422715879426667840e+01,-3.937384214586109010e+01,0.000000000000000000e+00
-3.342755458631099685e+01,-3.983740826987517636e+01,0.000000000000000000e+00
-3.261748297600131963e+01,-4.027923698039451494e+01,0.000000000000000000e+00
-3.179745315416100127e+01,-4.069888408971981164e+01,0.000000000000000000e+00
-3.096791174674693181e+01,-4.109580691991838108e+01,0.000000000000000000e+00
-3.012936312216474377e+01,-4.146951067665845159e+01,0.000000000000000000e+00
-2.928239424451462725e+01,-4.181959297294029909e+01,0.000000000000000000e+00
-2.842766040009050243e+01,-4.214573973530940521e+01,0.000000000000000000e+00
-2.756586010228121353e+01,-4.244770216891712522e+01,0.000000000000000000e+00
-2.669768294762759453e+01,-4.272522386647888482e+01,0.000000000000000000e+00
-2.582386152659418244e+01,-4.297812289377159800e+01,0.000000000000000000e+00
-2.494523408471708947e+01,-4.320641284142887173e+01,0.000000000000000000e+00
-2.406248278309870869e+01,-4.340986805110653535e+01,0.000000000000000000e+00
-2.317624941481745537e+01,-4.358818564191462741e+01,0.000000000000000000e+00
-2.228733228707215730e+01,-4.374135248629193740e+01,0.000000000000000000e+00
-2.139647564663728829e+01,-4.386927621455824777e+01,0.000000000000000000e+00
-2.050442868124928708e+01,-4.397188920803371559e+01,0.000000000000000000e+00
-1.961194408020924485e+01,-4.404914761190308070e+01,0.000000000000000000e+00
-1.871977620861069269e+01,-4.410102906874669060e+01,0.000000000000000000e+00
-1.782867940060756951e+01,-4.412752999821768185e+01,0.000000000000000000e+00
-1.693940677486295243e+01,-4.412866335159549891e+01,0.000000000000000000e+00
-1.605270973865334483e+01,-4.410445752800928432e+01,0.000000000000000000e+00
-1.516933812981694274e+01,-4.405495680375699408e+01,0.000000000000000000e+00
-1.429004080162888179e+01,-4.398022332073584550e+01,0.000000000000000000e+00
-1.341556640285250701e+01,-4.388034049721792229e+01,0.000000000000000000e+00
-1.254666412082973359e+01,-4.375541767700216411e+01,0.000000000000000000e+00
-1.168408417870600680e+01,-4.360559579484252168e+01,0.000000000000000000e+00
-1.082857782961429471e+01,-4.343105349632595846e+01,0.000000000000000000e+00
-9.980896478751446921e+00,-4.323201230143952500e+01,0.000000000000000000e+00
-9.141790095230760471e+00,-4.300874093655443886e+01,0.000000000000000000e+00
-8.312007600724346190e+00,-4.276157208308202939e+01,0.000000000000000000e+00
-7.492101201201490923e+00,-4.248981733311001818e+01,0.000000000000000000e+00
-6.687300726838618203e+00,-4.222195509316479445e+01,0.000000000000000000e+00
-5.896843581314141325e+00,-4.195822227611845534e+01,0.000000000000000000e+00
-5.119998231130909794e+00,-4.169903930494737665e+01,0.000000000000000000e+00
-4.355953471497438834e+00,-4.144412887346275198e+01,0.000000000000000000e+00
-3.603940902695352833e+00,-4.119323301386877745e+01,0.000000000000000000e+00
-2.863230796179438986e+00,-4.094610803210156291e+01,0.000000000000000000e+00
-2.133128802906615551e+00,-4.070252226079080771e+01,0.000000000000000000e+00
-1.412973076545602114e+00,-4.046225490189956986e+01,0.000000000000000000e+00
-7.021316464883283759e-01,-4.022509508705830683e+01,0.000000000000000000e+00
-7.346198338053283413e-15,-3.999084113159806719e+01,0.000000000000000000e+00
6.940011593197656925e-01,-3.975929978913281104e+01,0.000000000000000000e+00
1.380427986911602511e+00,-3.953028547202561072e+01,0.000000000000000000e+00
2.059815427960369760e+00,-3.930361973240311357e+01,0.000000000000000000e+00
2.732679013921682998e+00,-3.907913056481468317e+01,0.000000000000000000e+00
3.399516541717200191e+00,-3.885665187593009051e+01,0.000000000000000000e+00
4.060809651271102716e+00,-3.863602300141796775e+01,0.000000000000000000e+00
4.717025295348128644e+00,-3.841708811483427155e+01,0.000000000000000000e+00
5.368617146732546530e+00,-3.819969589693345569e+01,0.000000000000000000e+00
6.016026898348936669e+00,-3.798369894177645278e+01,0.000000000000000000e+00
6.659685535543907520e+00,-3.776895350210127589e+01,0.000000000000000000e+00
7.300014502788036097e+00,-3.755531892695981355e+01,0.000000000000000000e+00
7.937426870272537016e+00,-3.734265744566765477e+01,0.000000000000000000e+00
8.572328397764184871e+00,-3.713083364135652431e+01,0.000000000000000000e+00
9.205118621149884106e+00,-3.691971425664376483e+01,0.000000000000000000e+00
9.836191840526598895e+00,-3.670916770183963962e+01,0.000000000000000000e+00
1.046593814760781882e+01,-3.649906386431304384e+01,0.000000000000000000e+00
1.109474436509888839e+01,-3.628927365799587079e+01,0.000000000000000000e+00
1.172299503044736291e+01,-3.607966881159518380e+01,0.000000000000000000e+00
1.235107331474035064e+01,-3.587012147164055165e+01,0.000000000000000000e+00
1.297936197479896592e+01,-3.566050394468818041e+01,0.000000000000000000e+00
1.360824427937167869e+01,-3.545068836187322603e+01,0.000000000000000000e+00
1.423810494207722321e+01,-3.524054635969693550e+01,0.000000000000000000e+00
1.486933107943411514e+01,-3.502994880170154346e+01,0.000000000000000000e+00
1.550231314143117700e+01,-3.481876539623298328e+01,0.000000000000000000e+00
1.613744592128676558e+01,-3.460686445754819829e+01,0.000000000000000000e+00
1.677512950616077703e+01,-3.439411246947163647e+01,0.000000000000000000e+00
1.741577035529644490e+01,-3.418037386076998985e+01,0.000000000000000000e+00
1.805978229795923085e+01,-3.396551052616514710e+01,0.000000000000000000e+00
1.870758769666721122e+01,-3.374938159071584209e+01,0.000000000000000000e+00
1.935961852267135797e+01,-3.353184289641831128e+01,0.000000000000000000e+00
2.001631762255463087e+01,-3.331274673142877418e+01,0.000000000000000000e+00
2.067813990781217726e+01,-3.309194129081357261e+01,0.000000000000000000e+00
2.134555374021383045e+01,-3.286927033777664064e+01,0.000000000000000000e+00
2.201904228788557205e+01,-3.264457266005066316e+01,0.000000000000000000e+00
2.269910503418234526e+01,-3.241768160939741961e+01,0.000000000000000000e+00
2.338625937315434200e+01,-3.218842458865916711e+01,0.000000000000000000e+00
2.408104225105736518e+01,-3.195662241848801344e+01,0.000000000000000000e+00
2.478401205275300967e+01,-3.172208883909360821e+01,0.000000000000000000e+00
2.549575047384829674e+01,-3.148462976388244527e+01,0.000000000000000000e+00
2.621686463961022895e+01,-3.124404262081160510e+01,0.000000000000000000e+00
2.694798939104964219e+01,-3.100011563359046463e+01,0.000000000000000000e+00
2.768978967522682311e+01,-3.075262694629511273e+01,0.000000000000000000e+00
2.844296320463780248e+01,-3.050134376103698841e+01,0.000000000000000000e+00
2.920824335990473131e+01,-3.024602141175351733e+01,0.000000000000000000e+00
2.998640229094235110e+01,-2.998640229094236531e+01,0.000000000000000000e+00
3.077825432463226463e+01,-2.972221470945468269e+01,0.000000000000000000e+00
3.158465969880350244e+01,-2.945317165965846584e+01,0.000000000000000000e+00
3.240652864760222229e+01,-2.917896945595483871e+01,0.000000000000000000e+00
3.324482587434448533e+01,-2.889928623357740989e+01,0.000000000000000000e+00
3.410057539669037396e+01,-2.861378023829594497e+01,0.000000000000000000e+00
3.497455405962473662e+01,-2.832183544559975630e+01,0.000000000000000000e+00
3.586443434835997834e+01,-2.802036705916750847e+01,0.000000000000000000e+00
3.676637306456457566e+01,-2.770544933039291280e+01,0.000000000000000000e+00
3.768065149066376307e+01,-2.737659579091583240e+01,0.000000000000000000e+00
3.860722235696898252e+01,-2.703306812368814960e+01,0.000000000000000000e+00
3.954585415307586516e+01,-2.667401543205815528e+01,0.000000000000000000e+00
4.049628850837507343e+01,-2.629859725365585632e+01,0.000000000000000000e+00
4.145872954416552147e+01,-2.590628946124685328e+01,0.000000000000000000e+00
4.243315846613111120e+01,-2.549641386325412284e+01,0.000000000000000000e+00
4.340268642819086153e+01,-2.505855269286893972e+01,0.000000000000000000e+00
4.433474740978000028e+01,-2.457515178311324888e+01,0.000000000000000000e+00
4.522655620145844324e+01,-2.404738649388339766e+01,0.000000000000000000e+00
4.607700556082151166e+01,-2.347740696973488994e+01,0.000000000000000000e+00
4.687966339665629789e+01,-2.286473957954741465e+01,0.000000000000000000e+00
4.763867803376184185e+01,-2.221428039152349854e+01,0.000000000000000000e+00
4.835043830081656324e+01,-2.152700207876404903e+01,0.000000000000000000e+00
4.901473403968176967e+01,-2.080552022305663584e+01,0.000000000000000000e+00
4.962802700668779465e+01,-2.005102444715732091e+01,0.000000000000000000e+00
5.019198056575739031e+01,-1.926689618639083434e+01,0.000000000000000000e+00
5.070199649258290009e+01,-1.845401754116955928e+01,0.000000000000000000e+00
5.116037011880698770e+01,-1.761592813802477053e+01,0.000000000000000000e+00
5.156257974238759800e+01,-1.675369774688160263e+01,0.000000000000000000e+00
5.191075700814555205e+01,-1.587071111513524002e+01,0.000000000000000000e+00
5.220681867636918838e+01,-1.497006436059565715e+01,0.000000000000000000e+00
5.244035437801284161e+01,-1.405135060639042699e+01,0.000000000000000000e+00
5.262115946672430766e+01,-1.311992859713090986e+01,0.000000000000000000e+00
5.274436650521617764e+01,-1.217699648712301652e+01,0.000000000000000000e+00
5.281231762453322887e+01,-1.122560464809592240e+01,0.000000000000000000e+00
5.282115435342819154e+01,-1.026739231223050908e+01,0.000000000000000000e+00
5.276832477237942243e+01,-9.304479384157412269e+00,0.000000000000000000e+00
5.265631626441255264e+01,-8.339941181090773981e+00,0.000000000000000000e+00
5.248540425070522275e+01,-7.376342523086579561e+00,0.000000000000000000e+00
5.225499437919681611e+01,-6.416106539833462463e+00,0.000000000000000000e+00
5.196456972722862133e+01,-5.461696362090282086e+00,0.000000000000000000e+00
5.161369255845064430e+01,-4.515612981576783369e+00,0.000000000000000000e+00
5.120243824442799507e+01,-3.580423270167294003e+00,0.000000000000000000e+00
5.073243711451794979e+01,-2.658774366788452248e+00,0.000000000000000000e+00
5.020562086482864572e+01,-1.753218913410754087e+00,0.000000000000000000e+00
4.962267392957684820e+01,-8.661669953525803489e-01,0.000000000000000000e+00
4.898322411667579246e+01,-1.199742972528088875e-14,0.000000000000000000e+00
