5.593569428988046610e+01,0.000000000000000000e+00,0.000000000000000000e+00
5.509687242213706071e+01,9.617194854701232032e-01,0.000000000000000000e+00
5.418417429343657687e+01,1.892153060601781567e+00,0.000000000000000000e+00
5.319175966371573594e+01,2.787662000132587803e+00,0.000000000000000000e+00
5.211965099415552061e+01,3.644561033629708735e+00,0.000000000000000000e+00
5.096855547054624935e+01,4.459170799965013643e+00,0.000000000000000000e+00
4.974195993087721490e+01,5.228090659150770314e+00,0.000000000000000000e+00
4.844407843545321413e+01,5.948184899042992413e+00,0.000000000000000000e+00
4.708770012211967071e+01,6.617744679378597894e+00,0.000000000000000000e+00
4.565823898569055217e+01,7.231554627952522019e+00,0.000000000000000000e+00
4.424795474788709981e+01,7.802108263219718509e+00,0.000000000000000000e+00
4.286882295741622784e+01,8.332855058832688400e+00,0.000000000000000000e+00
4.151580410430518242e+01,8.824456575377300993e+00,0.000000000000000000e+00
4.018976522211798397e+01,9.278538398591445358e+00,0.000000000000000000e+00
3.889745234845795352e+01,9.698224109728810660e+00,0.000000000000000000e+00
3.763781750262220527e+01,1.008502280469759427e+01,0.000000000000000000e+00
3.641078189330690407e+01,1.044062369977610594e+01,0.000000000000000000e+00
3.521510946897300443e+01,1.076633941559044239e+01,0.000000000000000000e+00
3.405027983566829164e+01,1.106360658085079685e+01,0.000000000000000000e+00
3.291966639848764942e+01,1.133515016128324326e+01,0.000000000000000000e+00
3.182314739711913276e+01,1.158267841321733727e+01,0.000000000000000000e+00
3.076092764546978131e+01,1.180801380742250295e+01,0.000000000000000000e+00
2.973308831500353122e+01,1.201294745433427735e+01,0.000000000000000000e+00
2.873987650974683916e+01,1.219935379936152486e+01,0.000000000000000000e+00
2.778514783774073038e+01,1.237074484290062060e+01,0.000000000000000000e+00
2.687753486186785068e+01,1.253320033841693082e+01,0.000000000000000000e+00
2.601398922864173358e+01,1.268787030540987004e+01,0.000000000000000000e+00
2.519060140034871864e+01,1.283525250154766972e+01,0.000000000000000000e+00
2.440436830667163548e+01,1.297603280239778023e+01,0.000000000000000000e+00
2.365229614050556961e+01,1.311068183832363054e+01,0.000000000000000000e+00
2.293179278655884445e+01,1.323967673832046366e+01,0.000000000000000000e+00
2.224050886290605433e+01,1.336344592285367305e+01,0.000000000000000000e+00
2.157629555611326921e+01,1.348236582075260159e+01,0.000000000000000000e+00
2.093721268790471868e+01,1.359678489991658523e+01,0.000000000000000000e+00
2.032149895244966231e+01,1.370702411843174851e+01,0.000000000000000000e+00
1.972753087250577408e+01,1.381336582719331396e+01,0.000000000000000000e+00
1.915384079848395871e+01,1.391607991474275430e+01,0.000000000000000000e+00
1.859906520916766581e+01,1.401540091649426678e+01,0.000000000000000000e+00
1.806198315842148716e+01,1.411156782788110675e+01,0.000000000000000000e+00
1.754143677632196940e+01,1.420477542076522504e+01,0.000000000000000000e+00
1.703634304317181858e+01,1.429518916413509189e+01,0.000000000000000000e+00
1.654571946406945671e+01,1.438297449774338332e+01,0.000000000000000000e+00
1.606879890625207707e+01,1.446841152219807469e+01,0.000000000000000000e+00
1.560478681033141868e+01,1.455169911659604765e+01,0.000000000000000000e+00
1.515256554161495117e+01,1.463266245306602897e+01,0.000000000000000000e+00
1.471093715915538347e+01,1.471093715915537992e+01,0.000000000000000000e+00
1.427853071232242854e+01,1.478585138899952511e+01,0.000000000000000000e+00
1.385386702869651643e+01,1.485645351441676532e+01,0.000000000000000000e+00
1.343613231953912823e+01,1.492233670498114684e+01,0.000000000000000000e+00
1.302623766015964968e+01,1.498497226920018655e+01,0.000000000000000000e+00
1.262526016788266325e+01,1.504619916251074052e+01,0.000000000000000000e+00
1.223325215009796096e+01,1.510680829533227332e+01,0.000000000000000000e+00
1.184937088438493014e+01,1.516650311022079300e+01,0.000000000000000000e+00
1.147281438836344236e+01,1.522493892348983557e+01,0.000000000000000000e+00
1.110311251925197062e+01,1.528212333245556032e+01,0.000000000000000000e+00
1.073994641193367805e+01,1.533823306072020998e+01,0.000000000000000000e+00
1.038299152515045343e+01,1.539341797158663105e+01,0.000000000000000000e+00
1.003188559288479809e+01,1.544774914547958211e+01,0.000000000000000000e+00
9.686259165719928177e+00,1.550125500014195978e+01,0.000000000000000000e+00
9.345756748464353336e+00,1.555395120350811133e+01,0.000000000000000000e+00
9.010064613811280765e+00,1.560588969059959119e+01,0.000000000000000000e+00
8.678888066938718282e+00,1.565712853541273830e+01,0.000000000000000000e+00
8.351938245764296553e+00,1.570771129574712432e+01,0.000000000000000000e+00
8.028941401844098991e+00,1.575768474334448044e+01,0.000000000000000000e+00
7.709634995087489173e+00,1.580709424760205373e+01,0.000000000000000000e+00
7.393761084207505441e+00,1.585597181367725028e+01,0.000000000000000000e+00
7.081073110557197126e+00,1.590435060501577880e+01,0.000000000000000000e+00
6.771339057680001439e+00,1.595227513883020620e+01,0.000000000000000000e+00
6.464330883297085606e+00,1.599978038538157143e+01,0.000000000000000000e+00
6.159825304531937995e+00,1.604689354126031375e+01,0.000000000000000000e+00
5.857610553007564391e+00,1.609365272634738275e+01,0.000000000000000000e+00
5.557479971987578260e+00,1.614009378711184794e+01,0.000000000000000000e+00
5.259229075570137191e+00,1.618624274411563491e+01,0.000000000000000000e+00
4.962659376238350184e+00,1.623212741541407667e+01,0.000000000000000000e+00
4.667579587033399591e+00,1.627778446959726466e+01,0.000000000000000000e+00
4.373799838461380318e+00,1.632324321927442057e+01,0.000000000000000000e+00
4.081131879696073383e+00,1.636852593033030345e+01,0.000000000000000000e+00
3.789392861134881052e+00,1.641366375619035267e+01,0.000000000000000000e+00
3.498402460220109145e+00,1.645868954942501361e+01,0.000000000000000000e+00
3.207980342529374251e+00,1.650362815431329366e+01,0.000000000000000000e+00
2.917947362025542279e+00,1.654850182485690624e+01,0.000000000000000000e+00
2.628127475331025753e+00,1.659334382813035802e+01,0.000000000000000000e+00
2.338344235616391487e+00,1.663818377461648979e+01,0.000000000000000000e+00
2.048420204275813727e+00,1.668304377368471236e+01,0.000000000000000000e+00
1.758178332370377461e+00,1.672794942968906540e+01,0.000000000000000000e+00
1.467441632724039824e+00,1.677293461328528323e+01,0.000000000000000000e+00
1.176030993373100131e+00,1.681802674377806284e+01,0.000000000000000000e+00
8.837653356482197964e-01,1.686324716937964041e+01,0.000000000000000000e+00
5.904622652570122865e-01,1.690862698190385061e+01,0.000000000000000000e+00
2.959366595194815597e-01,1.695419986900634512e+01,0.000000000000000000e+00
1.040949267912116534e-15,1.699999164880626523e+01,0.000000000000000000e+00
-2.975394989234581566e-01,1.704602647696033912e+01,0.000000000000000000e+00
-5.968777175138194613e-01,1.709234149765440591e+01,0.000000000000000000e+00
-8.982153387490078300e-01,1.713896965368398639e+01,0.000000000000000000e+00
-1.201757704930950688e+00,1.718593585964960724e+01,0.000000000000000000e+00
-1.507716043406882589e+00,1.723327323385304766e+01,0.000000000000000000e+00
-1.816308649796608998e+00,1.728102245552189942e+01,0.000000000000000000e+00
-2.127760072680487280e+00,1.732921514752230863e+01,0.000000000000000000e+00
-2.442301818164533511e+00,1.737788040989183713e+01,0.000000000000000000e+00
-2.760175727299782444e+00,1.742706367900827402e+01,0.000000000000000000e+00
-3.081632298631558964e+00,1.747680522997589847e+01,0.000000000000000000e+00
-3.406930170100073596e+00,1.752713628871874718e+01,0.000000000000000000e+00
-3.736341153500430501e+00,1.757810309004160487e+01,0.000000000000000000e+00
-4.070149761223672336e+00,1.762975549546376897e+01,0.000000000000000000e+00
-4.408650401344633707e+00,1.768213097233820363e+01,0.000000000000000000e+00
-4.752153246132562181e+00,1.773527735992008658e+01,0.000000000000000000e+00
-5.100986527828358597e+00,1.778925409498651433e+01,0.000000000000000000e+00
-5.455490827526622510e+00,1.784410645833166953e+01,0.000000000000000000e+00
-5.816026187462305153e+00,1.789988804893289753e+01,0.000000000000000000e+00
-6.182976690867564962e+00,1.795666816203365812e+01,0.000000000000000000e+00
-6.556741848848706589e+00,1.801450017490497402e+01,0.000000000000000000e+00
-6.937747254696590815e+00,1.807344950681953222e+01,0.000000000000000000e+00
-7.326448252279196716e+00,1.813359575145103619e+01,0.000000000000000000e+00
-7.723319721940939964e+00,1.819500103894782228e+01,0.000000000000000000e+00
-8.128874309115138530e+00,1.825775062871784016e+01,0.000000000000000000e+00
-8.543657367184350093e+00,1.832193235038932144e+01,0.000000000000000000e+00
-8.968243460762691299e+00,1.838762401982014083e+01,0.000000000000000000e+00
-9.403259309821022427e+00,1.845493550744385303e+01,0.000000000000000000e+00
-9.849363895973382910e+00,1.852395934598380833e+01,0.000000000000000000e+00
-1.030727132271779389e+01,1.859480969272255635e+01,0.000000000000000000e+00
-1.077774828456500344e+01,1.866760762005490193e+01,0.000000000000000000e+00
-1.126161362376401520e+01,1.874247249218951339e+01,0.000000000000000000e+00
-1.175976178985886023e+01,1.881955284560872599e+01,0.000000000000000000e+00
-1.227314375230411514e+01,1.889898406003294795e+01,0.000000000000000000e+00
-1.280280624971787340e+01,1.898094083326270010e+01,0.000000000000000000e+00
-1.334986561536792493e+01,1.906558396886281059e+01,0.000000000000000000e+00
-1.391555110308539867e+01,1.915311295167944294e+01,0.000000000000000000e+00
-1.450118487734408035e+01,1.924372229883965701e+01,0.000000000000000000e+00
-1.510823283492346114e+01,1.933765619428500315e+01,0.000000000000000000e+00
-1.573826935933168158e+01,1.943514408062142707e+01,0.000000000000000000e+00
-1.639300441327186064e+01,1.953642190292947944e+01,0.000000000000000000e+00
-1.707442643597385157e+01,1.964188074336352940e+01,0.000000000000000000e+00
-1.778464786244575180e+01,1.975185248786250369e+01,0.000000000000000000e+00
-1.852551603693281734e+01,1.986618373506722079e+01,0.000000000000000000e+00
-1.930076546576020036e+01,1.998652771915686088e+01,0.000000000000000000e+00
-2.011050799725173022e+01,2.011050799725173377e+01,0.000000000000000000e+00
-2.094016500939894243e+01,2.022168229218442193e+01,0.000000000000000000e+00
-2.177812794127446594e+01,2.030843285307457791e+01,0.000000000000000000e+00
-2.262146390624086223e+01,2.036845758911689686e+01,0.000000000000000000e+00
-2.346881251408665747e+01,2.040112747079102462e+01,0.000000000000000000e+00
-2.431365727540407917e+01,2.040158085236236474e+01,0.000000000000000000e+00
-2.516062446188811563e+01,2.037467195445272949e+01,0.000000000000000000e+00
-2.601024292636763136e+01,2.032142894031905556e+01,0.000000000000000000e+00
-2.686108319930079702e+01,2.024127803498122802e+01,0.000000000000000000e+00
-2.771136115706725178e+01,2.013348238952521285e+01,0.000000000000000000e+00
-2.855606770404541450e+01,1.999517386799945129e+01,0.000000000000000000e+00
-2.939882765195109116e+01,1.982975963642365613e+01,0.000000000000000000e+00
-3.024063115859996742e+01,1.963849549748004364e+01,0.000000000000000000e+00
-3.107920707939414129e+01,1.942044398555680473e+01,0.000000000000000000e+00
-3.191211440395676391e+01,1.917473281523979622e+01,0.000000000000000000e+00
-3.273745132213247899e+01,1.890097633341544991e+01,0.000000000000000000e+00
-3.355718001005736539e+01,1.860104862080472188e+01,0.000000000000000000e+00
-3.437249913493177189e+01,1.827618197981926329e+01,0.000000000000000000e+00
-3.518044056419989118e+01,1.792532979188598929e+01,0.000000000000000000e+00
-3.597591048362428978e+01,1.754662394619177945e+01,0.000000000000000000e+00
-3.676322638250690744e+01,1.714297400064885935e+01,0.000000000000000000e+00
-3.754332418566862373e+01,1.671536486929742082e+01,0.000000000000000000e+00
-3.831236362000976214e+01,1.626263350615921155e+01,0.000000000000000000e+00
-3.906756117909419146e+01,1.578431929577352477e+01,0.000000000000000000e+00
-3.981349211908585772e+01,1.528296773368302119e+01,0.000000000000000000e+00
-4.054878117601535337e+01,1.475854938384329174e+01,0.000000000000000000e+00
-4.126565271696822634e+01,1.420890371087387472e+01,0.000000000000000000e+00
-4.197099711654794874e+01,1.363720363370095079e+01,0.000000000000000000e+00
-4.266503406195548109e+01,1.304400993821862009e+01,0.000000000000000000e+00
-4.333992096403794392e+01,1.242752235558933016e+01,0.000000000000000000e+00
-4.399872496362730345e+01,1.178942282200302927e+01,0.000000000000000000e+00
-4.464398881155123178e+01,1.113099656933737336e+01,0.000000000000000000e+00
-4.527333155462717684e+01,1.045217216224464352e+01,0.000000000000000000e+00
-4.588587704027113290e+01,9.753344252893443311e+00,0.000000000000000000e+00
-4.647875947699585453e+01,9.034555635476124280e+00,0.000000000000000000e+00
-4.706037813543423454e+01,8.298014387619776500e+00,0.000000000000000000e+00
-4.765303184387735058e+01,7.547498778359825522e+00,0.000000000000000000e+00
-4.825740932150765161e+01,6.782136586619666119e+00,0.000000000000000000e+00
-4.887424144348663901e+01,6.001002275101052774e+00,0.000000000000000000e+00
-4.950430501841353248e+01,5.203112121319157346e+00,0.000000000000000000e+00
-5.014842703239376220e+01,4.387418858991472881e+00,0.000000000000000000e+00
-5.080748933011467727e+01,3.552805751708852267e+00,0.000000000000000000e+00
-5.148243379809354536e+01,2.698080027444266005e+00,0.000000000000000000e+00
-5.217426812082387499e+01,1.821965590447918171e+00,0.000000000000000000e+00
-5.288407218253193065e+01,9.230949136146363587e-01,0.000000000000000000e+00
-5.361300329340349435e+01,6.565699287594309016e-15,0.000000000000000000e+00
-5.360470676715745952e+01,-9.356736370787808177e-01,0.000000000000000000e+00
-5.395295100005901645e+01,-1.884078565272617078e+00,0.000000000000000000e+00
-5.427573428006717648e+01,-2.844470702574739107e+00,0.000000000000000000e+00
-5.457158290773597997e+01,-3.816016815448915356e+00,0.000000000000000000e+00
-5.483825463413797507e+01,-4.797725608035027456e+00,0.000000000000000000e+00
-5.507623933834818786e+01,-5.788746016966429764e+00,0.000000000000000000e+00
-5.528822097075382658e+01,-6.788539934996784098e+00,0.000000000000000000e+00
-5.547114241041094829e+01,-7.795960656254385057e+00,0.000000000000000000e+00
-5.562315446043209732e+01,-8.809842188300763155e+00,0.000000000000000000e+00
-5.575175690473245993e+01,-9.830538964203796581e+00,0.000000000000000000e+00
-5.584676702782593338e+01,-1.085551183921094420e+01,0.000000000000000000e+00
-5.591594798497843044e+01,-1.188530164620680019e+01,0.000000000000000000e+00
-5.595619148642779095e+01,-1.291850471074721618e+01,0.000000000000000000e+00
-5.596677933949440842e+01,-1.395408531828111620e+01,0.000000000000000000e+00
-5.594781664152232992e+01,-1.499117228738041163e+01,0.000000000000000000e+00
-5.589956019973181611e+01,-1.602894095321979151e+01,0.000000000000000000e+00
-5.582213366410004340e+01,-1.706653896560170836e+01,0.000000000000000000e+00
-5.571563430122847649e+01,-1.810310697257887114e+01,0.000000000000000000e+00
-5.558018290481998491e+01,-1.913779172581972432e+01,0.000000000000000000e+00
-5.541592354837776213e+01,-2.016974667598100623e+01,0.000000000000000000e+00
-5.522302332378087897e+01,-2.119813255992141876e+01,0.000000000000000000e+00
-5.500167206597475911e+01,-2.222211797943875666e+01,0.000000000000000000e+00
-5.475208206402123778e+01,-2.324087997121859672e+01,0.000000000000000000e+00
-5.447448601944891067e+01,-2.425360379329744376e+01,0.000000000000000000e+00
-5.416910287810698321e+01,-2.525946750744724412e+01,0.000000000000000000e+00
-5.383614107701602336e+01,-2.625764044588990487e+01,0.000000000000000000e+00
-5.347583144720762505e+01,-2.724729705522673484e+01,0.000000000000000000e+00
-5.308841001871748233e+01,-2.822760831886383670e+01,0.000000000000000000e+00
-5.267398392517388572e+01,-2.919766606580152768e+01,0.000000000000000000e+00
-5.223261453813833555e+01,-3.015651406407213386e+01,0.000000000000000000e+00
-5.176449228004073433e+01,-3.110324487503264734e+01,0.000000000000000000e+00
-5.127043716708979559e+01,-3.203732484470729247e+01,0.000000000000000000e+00
-5.075149104649848653e+01,-3.295840365169159014e+01,0.000000000000000000e+00
-5.020815860547887866e+01,-3.386583059437086263e+01,0.000000000000000000e+00
-4.964024451819278028e+01,-3.475847341021177783e+01,0.000000000000000000e+00
-4.904777709127034768e+01,-3.563529596093497531e+01,0.000000000000000000e+00
-4.843134914191894325e+01,-3.649563929783548133e+01,0.000000000000000000e+00
-4.779158621509187554e+01,-3.733887937780782096e+01,0.000000000000000000e+00
-4.712900163380184893e+01,-3.816431302347415766e+01,0.000000000000000000e+00
-4.644457732009136208e+01,-3.897162769947332350e+01,0.000000000000000000e+00
-4.573989419378064980e+01,-3.976108341177095440e+01,0.000000000000000000e+00
-4.501433061788368661e+01,-4.053108533970255678e+01,0.000000000000000000e+00
-4.426640820680835731e+01,-4.127909346197677820e+01,0.000000000000000000e+00
-4.349907890481213002e+01,-4.200657221282427400e+01,0.000000000000000000e+00
-4.271386087296831846e+01,-4.271386087296831136e+01,0.000000000000000000e+00
-4.190886811194508965e+01,-4.339790334657006099e+01,0.000000000000000000e+00
-4.108679528744311682e+01,-4.406019366144352745e+01,0.000000000000000000e+00
-4.024861575601171637e+01,-4.470061636317801401e+01,0.000000000000000000e+00
-3.939154045300222151e+01,-4.531478364890208610e+01,0.000000000000000000e+00
-3.851931224535504583e+01,-4.590552875266000399e+01,0.000000000000000000e+00
-3.763358138485107673e+01,-4.647360264238307792e+01,0.000000000000000000e+00
-3.673296858011144650e+01,-4.701605575972495643e+01,0.000000000000000000e+00
-3.581743560806233972e+01,-4.753134244740160597e+01,0.000000000000000000e+00
-3.488944486307691761e+01,-4.802120112481491532e+01,0.000000000000000000e+00
-3.395063462379052055e+01,-4.848653116559621878e+01,0.000000000000000000e+00
-3.300076004491565129e+01,-4.892563877384664295e+01,0.000000000000000000e+00
-3.203926366988805086e+01,-4.933613959167806939e+01,0.000000000000000000e+00
-3.106761511842145040e+01,-4.971857720896760213e+01,0.000000000000000000e+00
-3.008749482568281763e+01,-5.007400031371125948e+01,0.000000000000000000e+00
-2.909980159434300262e+01,-5.040233485157584425e+01,0.000000000000000000e+00
-2.810529628124604073e+01,-5.070329666742025410e+01,0.000000000000000000e+00
-2.710457907240109776e+01,-5.097629919353708772e+01,0.000000000000000000e+00
-2.609763165263758111e+01,-5.121948605027024115e+01,0.000000000000000000e+00
-2.508541290545881708e+01,-5.143271844766501744e+01,0.000000000000000000e+00
-2.406957457586112170e+01,-5.161736925165502754e+01,0.000000000000000000e+00
-2.305108484787400158e+01,-5.177358424671130877e+01,0.000000000000000000e+00
-2.203071778804122260e+01,-5.190111862175232460e+01,0.000000000000000000e+00
-2.100929118310004284e+01,-5.199982040688576035e+01,0.000000000000000000e+00
-1.998775810127964903e+01,-5.206989005738848419e+01,0.000000000000000000e+00
-1.896679599128986382e+01,-5.211084370547123967e+01,0.000000000000000000e+00
-1.794614805594748930e+01,-5.211939839646352368e+01,0.000000000000000000e+00
-1.692793245147136005e+01,-5.209881902430810641e+01,0.000000000000000000e+00
-1.591316043770349076e+01,-5.204960248602062478e+01,0.000000000000000000e+00
-1.490261379284862819e+01,-5.197159059216311761e+01,0.000000000000000000e+00
-1.389716043983495375e+01,-5.186490884240031818e+01,0.000000000000000000e+00
-1.289775850695807691e+01,-5.173008390505718523e+01,0.000000000000000000e+00
-1.190510897248862143e+01,-5.156669229505823893e+01,0.000000000000000000e+00
-1.091938117884825132e+01,-5.137164947088170663e+01,0.000000000000000000e+00
-9.942098054927001272e+00,-5.114766047564513229e+01,0.000000000000000000e+00
-8.974363224721907173e+00,-5.089614299901111849e+01,0.000000000000000000e+00
-8.017001204350073351e+00,-5.061735349711685927e+01,0.000000000000000000e+00
-7.070892463986801602e+00,-5.031201414848655418e+01,0.000000000000000000e+00
-6.136685748638946336e+00,-4.997929465653032111e+01,0.000000000000000000e+00
-5.214791664272946825e+00,-4.961542844673481767e+01,0.000000000000000000e+00
-4.306525421650104768e+00,-4.922381081263200286e+01,0.000000000000000000e+00
-3.413340382630360104e+00,-4.881304163255397555e+01,0.000000000000000000e+00
-2.536355307573019413e+00,-4.839654231244526983e+01,0.000000000000000000e+00
-1.675751312040022256e+00,-4.798723901075528886e+01,0.000000000000000000e+00
-8.306062882478059128e-01,-4.758540238398434497e+01,0.000000000000000000e+00
-8.668719512251159218e-15,-4.719031108009623665e+01,0.000000000000000000e+00
8.169283600555413694e-01,-4.680179440266221036e+01,0.000000000000000000e+00
1.621000594702177722e+00,-4.641938360164797928e+01,0.000000000000000000e+00
2.412996134710799101e+00,-4.604270907337649277e+01,0.000000000000000000e+00
3.193657528046827121e+00,-4.567143044683334807e+01,0.000000000000000000e+00
3.963691773414148134e+00,-4.530520428214871487e+01,0.000000000000000000e+00
4.723774383221835294e+00,-4.494371108149325522e+01,0.000000000000000000e+00
5.474551537514799726e+00,-4.458664425932139608e+01,0.000000000000000000e+00
6.216642207657752550e+00,-4.423370773926368571e+01,0.000000000000000000e+00
6.950641037228650454e+00,-4.388462037676495697e+01,0.000000000000000000e+00
7.677119719415396837e+00,-4.353910949174924383e+01,0.000000000000000000e+00
8.396629221935626219e+00,-4.319691258432271042e+01,0.000000000000000000e+00
9.109701911206935065e+00,-4.285777789983773545e+01,0.000000000000000000e+00
9.816852323769078126e+00,-4.252145900181613314e+01,0.000000000000000000e+00
1.051857986296196756e+01,-4.218771956224199471e+01,0.000000000000000000e+00
1.121536951416511130e+01,-4.185632885252320534e+01,0.000000000000000000e+00
1.190769323095263310e+01,-4.152706136645078772e+01,0.000000000000000000e+00
1.259601219357799984e+01,-4.119969946582276776e+01,0.000000000000000000e+00
1.328077653447389395e+01,-4.087402730105374360e+01,0.000000000000000000e+00
1.396242823102675246e+01,-4.054983594731594110e+01,0.000000000000000000e+00
1.464140103751144117e+01,-4.022691873974223853e+01,0.000000000000000000e+00
1.531812195674795518e+01,-3.990507200117021114e+01,0.000000000000000000e+00
1.599301305744752000e+01,-3.958409636500352491e+01,0.000000000000000000e+00
1.666649085767244642e+01,-3.926379191702761062e+01,0.000000000000000000e+00
1.733896962787850526e+01,-3.894396340582338922e+01,0.000000000000000000e+00
1.801086013918523676e+01,-3.862441421281247500e+01,0.000000000000000000e+00
1.868257234811758849e+01,-3.830494985592863344e+01,0.000000000000000000e+00
1.935451576292314257e+01,-3.798537596527800986e+01,0.000000000000000000e+00
2.002709980117858990e+01,-3.766549662020887013e+01,0.000000000000000000e+00
2.070073665304170873e+01,-3.734511749138484049e+01,0.000000000000000000e+00
2.137583958119566319e+01,-3.702404020907270876e+01,0.000000000000000000e+00
2.205282688604365759e+01,-3.670206731427032310e+01,0.000000000000000000e+00
2.273212053026431079e+01,-3.637899740290495743e+01,0.000000000000000000e+00
2.341414839335032738e+01,-3.605462676847571402e+01,0.000000000000000000e+00
2.409934581054324809e+01,-3.572874946540250818e+01,0.000000000000000000e+00
2.478815462121986002e+01,-3.540115361311047337e+01,0.000000000000000000e+00
2.548102758891986852e+01,-3.507162568841650341e+01,0.000000000000000000e+00
2.617842622622862692e+01,-3.473994496168867130e+01,0.000000000000000000e+00
2.688082444209856092e+01,-3.440588631111521778e+01,0.000000000000000000e+00
2.758870945594356883e+01,-3.406921885961639163e+01,0.000000000000000000e+00
2.830258139684645258e+01,-3.372970305938181923e+01,0.000000000000000000e+00
2.902295826758427211e+01,-3.338709427512277017e+01,0.000000000000000000e+00
2.975037401687707117e+01,-3.304113770399295902e+01,0.000000000000000000e+00
3.048538199192826426e+01,-3.269156976129383452e+01,0.000000000000000000e+00
3.122855769178125485e+01,-3.233811814579719623e+01,0.000000000000000000e+00
3.198049763597086326e+01,-3.198049763597087747e+01,0.000000000000000000e+00
3.274182469665948503e+01,-3.161841257626511847e+01,0.000000000000000000e+00
3.351318917626653615e+01,-3.125155449145391984e+01,0.000000000000000000e+00
3.429526941949062291e+01,-3.087959928559338607e+01,0.000000000000000000e+00
3.508877758094612176e+01,-3.050220899729981028e+01,0.000000000000000000e+00
3.589446091657286786e+01,-3.011902891640360735e+01,0.000000000000000000e+00
3.671310346625551801e+01,-2.972968499601002179e+01,0.000000000000000000e+00
3.754553173814667844e+01,-2.933378428656581249e+01,0.000000000000000000e+00
3.839261805288914076e+01,-2.893091282780426710e+01,0.000000000000000000e+00
3.925528287517593640e+01,-2.852063245769588562e+01,0.000000000000000000e+00
4.013449982367423985e+01,-2.810247931881299621e+01,0.000000000000000000e+00
4.103130208401377388e+01,-2.767596271280174136e+01,0.000000000000000000e+00
4.194678596619223043e+01,-2.724056131667600056e+01,0.000000000000000000e+00
4.288211764610451837e+01,-2.679572106202093096e+01,0.000000000000000000e+00
4.383853751443303537e+01,-2.634085078818517900e+01,0.000000000000000000e+00
4.481736839117409943e+01,-2.587531970501502343e+01,0.000000000000000000e+00
4.582003898997033531e+01,-2.539846235005933650e+01,0.000000000000000000e+00
4.684800721591314243e+01,-2.490952729124603238e+01,0.000000000000000000e+00
4.790309902043895818e+01,-2.440784806056530698e+01,0.000000000000000000e+00
4.898639612197666793e+01,-2.389226178508432952e+01,0.000000000000000000e+00
5.010160877537580149e+01,-2.336276385784345422e+01,0.000000000000000000e+00
5.122731614054131200e+01,-2.280787061713795794e+01,0.000000000000000000e+00
5.231207055869717237e+01,-2.220515653594692296e+01,0.000000000000000000e+00
5.333480769930881848e+01,-2.154866106039562368e+01,0.000000000000000000e+00
5.429137105332081603e+01,-2.084050476013273467e+01,0.000000000000000000e+00
5.517005648187793554e+01,-2.008025838218871684e+01,0.000000000000000000e+00
5.598444826379000716e+01,-1.927699145200961439e+01,0.000000000000000000e+00
5.673228104252528681e+01,-1.843343552293720222e+01,0.000000000000000000e+00
5.740019547547549905e+01,-1.754900087857740587e+01,0.000000000000000000e+00
5.799376291357337010e+01,-1.662944391825748625e+01,0.000000000000000000e+00
5.851641584737665625e+01,-1.567942637026831854e+01,0.000000000000000000e+00
5.896370375393578200e+01,-1.470130249720577176e+01,0.000000000000000000e+00
5.933163174903052806e+01,-1.369778649842672991e+01,0.000000000000000000e+00
5.961919617493751389e+01,-1.267245134847528654e+01,0.000000000000000000e+00
5.982603506846814412e+01,-1.162900319109281533e+01,0.000000000000000000e+00
5.995191388315570435e+01,-1.057113996271080758e+01,0.000000000000000000e+00
5.999672468368432732e+01,-9.502547660330650459e+00,0.000000000000000000e+00
5.996004322490050953e+01,-8.426834523619016082e+00,0.000000000000000000e+00
5.984023097238184619e+01,-7.347456484272334443e+00,0.000000000000000000e+00
5.963706804447252097e+01,-6.268108430301393419e+00,0.000000000000000000e+00
5.935089667096391253e+01,-5.192530628807852544e+00,0.000000000000000000e+00
5.898218495895551428e+01,-4.124436155642198010e+00,0.000000000000000000e+00
5.853160554966402884e+01,-3.067511464728853721e+00,0.000000000000000000e+00
5.800117298839980862e+01,-2.025445592178885867e+00,0.000000000000000000e+00
5.739367504463812963e+01,-1.001810324373233696e+00,0.000000000000000000e+00
5.670495944488168050e+01,-1.388870941599096325e-14,0.000000000000000000e+00
