2.363108515002569732e+01,0.000000000000000000e+00,0.000000000000000000e+00
2.359070540611743638e+01,4.117772945662334094e-01,0.000000000000000000e+00
2.353663789354189362e+01,8.219175064911111717e-01,0.000000000000000000e+00
2.346894254535559199e+01,1.229955160923371205e+00,0.000000000000000000e+00
2.338771553349499754e+01,1.635428385899022174e+00,0.000000000000000000e+00
2.329306688075423892e+01,2.037879290817151468e+00,0.000000000000000000e+00
2.318512031894349334e+01,2.436854340665252749e+00,0.000000000000000000e+00
2.306397685344738235e+01,2.831900270625291594e+00,0.000000000000000000e+00
2.292960087138832392e+01,3.222545245857597163e+00,0.000000000000000000e+00
2.278193307337198092e+01,3.608303719337063509e+00,0.000000000000000000e+00
2.262102998713723423e+01,3.988697918147554589e+00,0.000000000000000000e+00
2.244740398620567490e+01,4.363333326177912141e+00,0.000000000000000000e+00
2.226166762602659688e+01,4.731863527629057486e+00,0.000000000000000000e+00
2.206393270672938201e+01,5.093860233118761904e+00,0.000000000000000000e+00
2.185394109733349666e+01,5.448799488050670270e+00,0.000000000000000000e+00
2.163217146860107576e+01,5.796322875543232556e+00,0.000000000000000000e+00
2.139964176896176440e+01,6.136248534141239830e+00,0.000000000000000000e+00
2.115536675127418675e+01,6.467844693374943610e+00,0.000000000000000000e+00
2.089810100982927921e+01,6.790204631958322246e+00,0.000000000000000000e+00
2.063087034247730855e+01,7.103778345113751058e+00,0.000000000000000000e+00
2.035420423611175522e+01,7.408324484119723330e+00,0.000000000000000000e+00
2.006528319277523309e+01,7.702340570507012707e+00,0.000000000000000000e+00
1.976673482833738760e+01,7.986279269777499579e+00,0.000000000000000000e+00
1.945974286104792839e+01,8.260170774429486329e+00,0.000000000000000000e+00
1.914289261418408117e+01,8.522964911615664718e+00,0.000000000000000000e+00
1.881578940543845491e+01,8.773946693987639378e+00,0.000000000000000000e+00
1.848022558483115674e+01,9.013408261770759822e+00,0.000000000000000000e+00
1.813691580239535028e+01,9.241220176658101693e+00,0.000000000000000000e+00
1.778582182421861546e+01,9.456889213787604831e+00,0.000000000000000000e+00
1.742734238066730157e+01,9.660133624370333294e+00,0.000000000000000000e+00
1.706166889946866405e+01,9.850559131932495660e+00,0.000000000000000000e+00
1.668854432220311068e+01,1.002748907210783713e+01,0.000000000000000000e+00
1.630857603203957140e+01,1.019072933570455675e+01,0.000000000000000000e+00
1.592271124621056799e+01,1.034032958758053944e+01,0.000000000000000000e+00
1.553137694545968550e+01,1.047604602800267237e+01,0.000000000000000000e+00
1.513496148788125772e+01,1.059761412432810168e+01,0.000000000000000000e+00
1.473389514477275064e+01,1.070480142584910688e+01,0.000000000000000000e+00
1.432861504758423976e+01,1.079738590147094435e+01,0.000000000000000000e+00
1.391957415476759152e+01,1.087516321421430909e+01,0.000000000000000000e+00
1.350723607337902088e+01,1.093794410481795332e+01,0.000000000000000000e+00
1.309207424887629934e+01,1.098555467357766702e+01,0.000000000000000000e+00
1.267456973735274772e+01,1.101783538020763764e+01,0.000000000000000000e+00
1.225521066884041232e+01,1.103464124994594364e+01,0.000000000000000000e+00
1.183448764710443335e+01,1.103583826763468423e+01,0.000000000000000000e+00
1.141290202114441676e+01,1.102131136979213011e+01,0.000000000000000000e+00
1.099093874873131327e+01,1.099093874873131149e+01,0.000000000000000000e+00
1.056912990253381501e+01,1.094465440446413318e+01,0.000000000000000000e+00
1.014861965657054554e+01,1.088306216964769391e+01,0.000000000000000000e+00
9.736311058600925605e+00,1.081326890995205581e+01,0.000000000000000000e+00
9.333205634536803075e+00,1.073662490006825188e+01,0.000000000000000000e+00
8.939344316862394280e+00,1.065349570505739152e+01,0.000000000000000000e+00
8.554381334817307447e+00,1.056378118628241225e+01,0.000000000000000000e+00
8.178617073503318124e+00,1.046815248614202076e+01,0.000000000000000000e+00
7.812119495056433216e+00,1.036703272179449264e+01,0.000000000000000000e+00
7.454932810913792451e+00,1.026083473926908951e+01,0.000000000000000000e+00
7.107074430146124833e+00,1.014995418118103743e+01,0.000000000000000000e+00
6.768660097249016516e+00,1.003495126931104053e+01,0.000000000000000000e+00
6.439495738857028861e+00,9.915953872899239130e+00,0.000000000000000000e+00
6.119438012114956749e+00,9.793147949113892636e+00,0.000000000000000000e+00
5.809892898642531556e+00,9.669285545864743980e+00,0.000000000000000000e+00
5.513520775295833509e+00,9.549698111398928546e+00,0.000000000000000000e+00
5.230531361121038891e+00,9.436128360907193979e+00,0.000000000000000000e+00
4.959316477702057746e+00,9.327117749642409805e+00,0.000000000000000000e+00
4.699094713817267177e+00,9.222492651701486466e+00,0.000000000000000000e+00
4.449113040336755809e+00,9.122033558222989669e+00,0.000000000000000000e+00
4.208597030399523931e+00,9.025365457327756857e+00,0.000000000000000000e+00
3.976885339755497295e+00,8.932230718691409166e+00,0.000000000000000000e+00
3.753374262631518299e+00,8.842395636442448748e+00,0.000000000000000000e+00
3.537505461810809937e+00,8.755633262416280260e+00,0.000000000000000000e+00
3.328767530212710213e+00,8.671735891864923218e+00,0.000000000000000000e+00
3.126692086223452183e+00,8.590515904486396792e+00,0.000000000000000000e+00
2.930848179428993117e+00,8.511801163514061130e+00,0.000000000000000000e+00
2.740837708313109911e+00,8.435431092944407183e+00,0.000000000000000000e+00
2.556292840808669808e+00,8.361257131971298051e+00,0.000000000000000000e+00
2.376874029267054489e+00,8.289144820856266804e+00,0.000000000000000000e+00
2.202264593391032754e+00,8.218963354245349962e+00,0.000000000000000000e+00
2.032172952401204657e+00,8.150600531138000093e+00,0.000000000000000000e+00
1.866324681580167733e+00,8.083940331845557381e+00,0.000000000000000000e+00
1.704466816528207307e+00,8.018885905645486645e+00,0.000000000000000000e+00
1.546361357695323901e+00,7.955339532872775621e+00,0.000000000000000000e+00
1.391785942289275768e+00,7.893210311304668991e+00,0.000000000000000000e+00
1.240533362714835164e+00,7.832419397845713505e+00,0.000000000000000000e+00
1.092407433259429350e+00,7.772882775121590093e+00,0.000000000000000000e+00
9.472251369570028334e-01,7.714529660663510313e+00,0.000000000000000000e+00
8.048138573453237354e-01,7.657292356592115823e+00,0.000000000000000000e+00
6.650100951283792750e-01,7.601100169181675525e+00,0.000000000000000000e+00
5.276604188854348010e-01,7.545895547357424960e+00,0.000000000000000000e+00
3.926191879463212797e-01,7.491620391428590153e+00,0.000000000000000000e+00
2.597481795441116681e-01,7.438214659201395129e+00,0.000000000000000000e+00
1.289166468996725545e-01,7.385629754448365780e+00,0.000000000000000000e+00
4.490667306078728585e-16,7.333816263114077749e+00,0.000000000000000000e+00
-1.271203883308978377e-01,7.282722169964389813e+00,0.000000000000000000e+00
-2.525576537403883548e-01,7.232304941048662172e+00,0.000000000000000000e+00
-3.764200677455047939e-01,7.182522764655888459e+00,0.000000000000000000e+00
-4.988110475134365784e-01,7.133330315650528775e+00,0.000000000000000000e+00
-6.198299229928623255e-01,7.084688438624946016e+00,0.000000000000000000e+00
-7.395724283591812442e-01,7.036561623703667223e+00,0.000000000000000000e+00
-8.581303520127648854e-01,6.988910867151750139e+00,0.000000000000000000e+00
-9.755921038698469605e-01,6.941698517272623548e+00,0.000000000000000000e+00
-1.092043834351858811e+00,6.894893413230592571e+00,0.000000000000000000e+00
-1.207568675049723206e+00,6.848462272749341828e+00,0.000000000000000000e+00
-1.322246700354588134e+00,6.802369572412688470e+00,0.000000000000000000e+00
-1.436156518555827599e+00,6.756585199121499130e+00,0.000000000000000000e+00
-1.549375010710383638e+00,6.711080479110782093e+00,0.000000000000000000e+00
-1.661976537004629551e+00,6.665823806602096724e+00,0.000000000000000000e+00
-1.774033689737067654e+00,6.620783864437616906e+00,0.000000000000000000e+00
-1.885618871700123655e+00,6.575934488746011830e+00,0.000000000000000000e+00
-1.996802865033451724e+00,6.531247879691301605e+00,0.000000000000000000e+00
-2.107654535950448604e+00,6.486693667347446457e+00,0.000000000000000000e+00
-2.218242579022528194e+00,6.442244227320898631e+00,0.000000000000000000e+00
-2.328635884873005768e+00,6.397874511820317522e+00,0.000000000000000000e+00
-2.438901964249711174e+00,6.353556836927156226e+00,0.000000000000000000e+00
-2.549107194134507814e+00,6.309261704151221117e+00,0.000000000000000000e+00
-2.659319306071655564e+00,6.264963678689690063e+00,0.000000000000000000e+00
-2.769606149435138498e+00,6.220637260862575957e+00,0.000000000000000000e+00
-2.880034527421637236e+00,6.176253975362179460e+00,0.000000000000000000e+00
-2.990671335784270024e+00,6.131784928659572032e+00,0.000000000000000000e+00
-3.101585899041249483e+00,6.087205069184994599e+00,0.000000000000000000e+00
-3.212847465535724201e+00,6.042487257553921687e+00,0.000000000000000000e+00
-3.324524671272733212e+00,5.997601270554043573e+00,0.000000000000000000e+00
-3.436688187715856380e+00,5.952518550895673499e+00,0.000000000000000000e+00
-3.549411330029779599e+00,5.907212450991025321e+00,0.000000000000000000e+00
-3.662767259513254992e+00,5.861652917240125937e+00,0.000000000000000000e+00
-3.776829466927167367e+00,5.815807370423652145e+00,0.000000000000000000e+00
-3.891675887293103209e+00,5.769646772602942342e+00,0.000000000000000000e+00
-4.007386304945356414e+00,5.723140763653356444e+00,0.000000000000000000e+00
-4.124040491860125890e+00,5.676254772287324890e+00,0.000000000000000000e+00
-4.241721333330515264e+00,5.628954330153079333e+00,0.000000000000000000e+00
-4.360517131764565235e+00,5.581207414836620195e+00,0.000000000000000000e+00
-4.480516942637904343e+00,5.532977632270672963e+00,0.000000000000000000e+00
-4.601811252822852083e+00,5.484225092992096151e+00,0.000000000000000000e+00
-4.724498138384101154e+00,5.434913398371544524e+00,0.000000000000000000e+00
-4.848678766254404415e+00,5.385003318188712917e+00,0.000000000000000000e+00
-4.974455168569800634e+00,5.334450072194814041e+00,0.000000000000000000e+00
-5.101937122955011006e+00,5.283210549873357031e+00,0.000000000000000000e+00
-5.231241065476500474e+00,5.231241065476501362e+00,0.000000000000000000e+00
-5.362484467015253387e+00,5.178491054873923360e+00,0.000000000000000000e+00
-5.495792663983106507e+00,5.124909569448936608e+00,0.000000000000000000e+00
-5.631301055956089208e+00,5.070446245441562638e+00,0.000000000000000000e+00
-5.769146705218035187e+00,5.015042719362218016e+00,0.000000000000000000e+00
-5.909476115228803117e+00,4.958639228739436078e+00,0.000000000000000000e+00
-6.052448458210612614e+00,4.901176123194692202e+00,0.000000000000000000e+00
-6.198225329776189341e+00,4.842584360003995947e+00,0.000000000000000000e+00
-6.346982104240585620e+00,4.782794070580446366e+00,0.000000000000000000e+00
-6.498907610011803726e+00,4.721732764251255432e+00,0.000000000000000000e+00
-6.654194974894211967e+00,4.659317482138095379e+00,0.000000000000000000e+00
-6.813058637806100215e+00,4.595466076947076317e+00,0.000000000000000000e+00
-6.975723387918551843e+00,4.530087736159773115e+00,0.000000000000000000e+00
-7.142427052243549568e+00,4.463083763195076159e+00,0.000000000000000000e+00
-7.313432535177957661e+00,4.394353600303329443e+00,0.000000000000000000e+00
-7.489011142039246671e+00,4.323782598820464784e+00,0.000000000000000000e+00
-7.669465283754432150e+00,4.251254026587862000e+00,0.000000000000000000e+00
-7.855112556669789470e+00,4.176637433143837619e+00,0.000000000000000000e+00
-8.046299621319789708e+00,4.099794431319819132e+00,0.000000000000000000e+00
-8.243399037924335815e+00,4.020574351348166431e+00,0.000000000000000000e+00
-8.446815875767605064e+00,3.938814929895656736e+00,0.000000000000000000e+00
-8.656993726809554701e+00,3.854341935711666167e+00,0.000000000000000000e+00
-8.874403339055334072e+00,3.766960726315415009e+00,0.000000000000000000e+00
-9.099549849182935191e+00,3.676456782364253772e+00,0.000000000000000000e+00
-9.333033630975929640e+00,3.582615948707657427e+00,0.000000000000000000e+00
-9.575510876431890139e+00,3.485200936913485315e+00,0.000000000000000000e+00
-9.827468743790229055e+00,3.383868857228073512e+00,0.000000000000000000e+00
-1.008975179850086334e+01,3.278359089434321749e+00,0.000000000000000000e+00
-1.036396204545678223e+01,3.168581178769191542e+00,0.000000000000000000e+00
-1.064736551899059336e+01,3.053082933057988058e+00,0.000000000000000000e+00
-1.093521515299166502e+01,2.930082069304695391e+00,0.000000000000000000e+00
-1.122611174709685677e+01,2.798984021598029504e+00,0.000000000000000000e+00
-1.152075084590553189e+01,2.659774908202513277e+00,0.000000000000000000e+00
-1.181884194107927222e+01,2.512172405917259876e+00,0.000000000000000000e+00
-1.211785306500877901e+01,2.355472024861858138e+00,0.000000000000000000e+00
-1.241639231148612232e+01,2.189344967576145162e+00,0.000000000000000000e+00
-1.271021216893232264e+01,2.013099840782457850e+00,0.000000000000000000e+00
-1.299483323065127749e+01,1.826304709054102915e+00,0.000000000000000000e+00
-1.326978692678351557e+01,1.629324961080218515e+00,0.000000000000000000e+00
-1.353571363090500590e+01,1.422660829951467143e+00,0.000000000000000000e+00
-1.379299703687715883e+01,1.206730876773412842e+00,0.000000000000000000e+00
-1.404113353077616289e+01,9.818517038803064034e-01,0.000000000000000000e+00
-1.427910270359775780e+01,7.483360628500278500e-01,0.000000000000000000e+00
-1.450607951477142876e+01,5.065634589642993291e-01,0.000000000000000000e+00
-1.472259406230267409e+01,2.569838352692828121e-01,0.000000000000000000e+00
-1.492913650032985018e+01,1.828291922916287050e-15,0.000000000000000000e+00
-1.512557649338348753e+01,-2.640179197687323454e-01,0.000000000000000000e+00
-1.531149114786514609e+01,-5.346890529495335054e-01,0.000000000000000000e+00
-1.548602732841451690e+01,-8.115883021986880497e-01,0.000000000000000000e+00
-1.564854769699303816e+01,-1.094253051996684878e+00,0.000000000000000000e+00
-1.579938427696039227e+01,-1.382267014923758364e+00,0.000000000000000000e+00
-1.593909942213686470e+01,-1.675266855587281389e+00,0.000000000000000000e+00
-1.606788179870835975e+01,-1.972887811294175897e+00,0.000000000000000000e+00
-1.618537683501994096e+01,-2.274706370366454511e+00,0.000000000000000000e+00
-1.629120115935937108e+01,-2.580272777839568654e+00,0.000000000000000000e+00
-1.638503326311549557e+01,-2.889123444092925208e+00,0.000000000000000000e+00
-1.646678883634474033e+01,-3.200819504514220259e+00,0.000000000000000000e+00
-1.653646352104843231e+01,-3.514933828215804912e+00,0.000000000000000000e+00
-1.659406574901182196e+01,-3.831041942893021357e+00,0.000000000000000000e+00
-1.663961658720323555e+01,-4.148722371763641448e+00,0.000000000000000000e+00
-1.667314958801868841e+01,-4.467556967392914302e+00,0.000000000000000000e+00
-1.669471063141651967e+01,-4.787131240137199484e+00,0.000000000000000000e+00
-1.670435775910698695e+01,-5.107034681021041855e+00,0.000000000000000000e+00
-1.670209397023505105e+01,-5.426839299262224969e+00,0.000000000000000000e+00
-1.668775055131729346e+01,-5.746053318508382191e+00,0.000000000000000000e+00
-1.666143441824815241e+01,-6.064266188420744719e+00,0.000000000000000000e+00
-1.662334474368094561e+01,-6.381104189094140899e+00,0.000000000000000000e+00
-1.657369006812761469e+01,-6.696205446387222260e+00,0.000000000000000000e+00
-1.651268706405945608e+01,-7.009219806643352868e+00,0.000000000000000000e+00
-1.644041639793061194e+01,-7.319744978775545974e+00,0.000000000000000000e+00
-1.635665818085821499e+01,-7.627234971557790288e+00,0.000000000000000000e+00
-1.626127491629211264e+01,-7.931153708304266026e+00,0.000000000000000000e+00
-1.615464120107377610e+01,-8.231200819398333479e+00,0.000000000000000000e+00
-1.603715212216575736e+01,-8.527105040345437814e+00,0.000000000000000000e+00
-1.590892649390159974e+01,-8.818461954466419783e+00,0.000000000000000000e+00
-1.577039137058051921e+01,-9.105039703030415765e+00,0.000000000000000000e+00
-1.562177284991512316e+01,-9.386508104907935746e+00,0.000000000000000000e+00
-1.546286183183538476e+01,-9.662268451522448842e+00,0.000000000000000000e+00
-1.529373519308581386e+01,-9.931867762741921624e+00,0.000000000000000000e+00
-1.511455959861817888e+01,-1.019489917759040587e+01,0.000000000000000000e+00
-1.492561586370173643e+01,-1.045102874018638595e+01,0.000000000000000000e+00
-1.472727702136814543e+01,-1.069999307774007136e+01,0.000000000000000000e+00
-1.452000734786309621e+01,-1.094161034450456782e+01,0.000000000000000000e+00
-1.430425585036853953e+01,-1.117570949376755962e+01,0.000000000000000000e+00
-1.408075671367836001e+01,-1.140237196204014225e+01,0.000000000000000000e+00
-1.384779680430460225e+01,-1.161968119110990649e+01,0.000000000000000000e+00
-1.360701411444221876e+01,-1.182839691096282309e+01,0.000000000000000000e+00
-1.336006843786239706e+01,-1.202945965354722802e+01,0.000000000000000000e+00
-1.310479742373052936e+01,-1.222042129840667890e+01,0.000000000000000000e+00
-1.284722626264139755e+01,-1.240642218923943929e+01,0.000000000000000000e+00
-1.258521438178289209e+01,-1.258521438178288854e+01,0.000000000000000000e+00
-1.232103750906273909e+01,-1.275880783798511686e+01,0.000000000000000000e+00
-1.205285930922712723e+01,-1.292510918954487664e+01,0.000000000000000000e+00
-1.178291035943616016e+01,-1.308624770630034639e+01,0.000000000000000000e+00
-1.150908630700086732e+01,-1.323968928355371943e+01,0.000000000000000000e+00
-1.123374289938323223e+01,-1.338785345861965759e+01,0.000000000000000000e+00
-1.095525510889825860e+01,-1.352861338309454275e+01,0.000000000000000000e+00
-1.067489281032183968e+01,-1.366323972712950408e+01,0.000000000000000000e+00
-1.039264439909294957e+01,-1.379150493275865585e+01,0.000000000000000000e+00
-1.010788941433149546e+01,-1.391231624400782785e+01,0.000000000000000000e+00
-9.822103822228038794e+00,-1.402741799572906878e+01,0.000000000000000000e+00
-9.534254848672633287e+00,-1.413511410249539857e+01,0.000000000000000000e+00
-9.244969968909545699e+00,-1.423600534664180728e+01,0.000000000000000000e+00
-8.954974540091257040e+00,-1.433095496319153739e+01,0.000000000000000000e+00
-8.663251701394729665e+00,-1.441807205706945538e+01,0.000000000000000000e+00
-8.370800170944480811e+00,-1.449865119608206676e+01,0.000000000000000000e+00
-8.078023494941129812e+00,-1.457314015307837707e+01,0.000000000000000000e+00
-7.784065934703322753e+00,-1.463969881139737339e+01,0.000000000000000000e+00
-7.489878351473024054e+00,-1.469971393755654887e+01,0.000000000000000000e+00
-7.195819107512464008e+00,-1.475361555944249403e+01,0.000000000000000000e+00
-6.901192232598745591e+00,-1.479965450257483361e+01,0.000000000000000000e+00
-6.606761406356712385e+00,-1.483902907508831781e+01,0.000000000000000000e+00
-6.312940573183483117e+00,-1.487235598463906250e+01,0.000000000000000000e+00
-6.019153882697228397e+00,-1.489792864375355030e+01,0.000000000000000000e+00
-5.726008956949247164e+00,-1.491676331808722367e+01,0.000000000000000000e+00
-5.433958217000041557e+00,-1.492967749946752143e+01,0.000000000000000000e+00
-5.142476261775814628e+00,-1.493483549763902474e+01,0.000000000000000000e+00
-4.852161096055508160e+00,-1.493341632505226180e+01,0.000000000000000000e+00
-4.563407662718755198e+00,-1.492623390281421258e+01,0.000000000000000000e+00
-4.275670264183738745e+00,-1.491103423641546222e+01,0.000000000000000000e+00
-3.989737979532968826e+00,-1.488990484850424245e+01,0.000000000000000000e+00
-3.705668783629186613e+00,-1.486262570337890310e+01,0.000000000000000000e+00
-3.423231892165902401e+00,-1.482764635299668754e+01,0.000000000000000000e+00
-3.143185686187178529e+00,-1.478752601891786256e+01,0.000000000000000000e+00
-2.865151574117920763e+00,-1.473992703699201812e+01,0.000000000000000000e+00
-2.589627630121169144e+00,-1.468650809828588066e+01,0.000000000000000000e+00
-2.316670983115014515e+00,-1.462688492864612755e+01,0.000000000000000000e+00
-2.046349687466292533e+00,-1.456053460760800533e+01,0.000000000000000000e+00
-1.779011253787085911e+00,-1.448888395010749619e+01,0.000000000000000000e+00
-1.514567557347328286e+00,-1.441014773114416236e+01,0.000000000000000000e+00
-1.253404535652111740e+00,-1.432647939902191858e+01,0.000000000000000000e+00
-9.954764838833384255e-01,-1.423597696242063471e+01,0.000000000000000000e+00
-7.410627409830889967e-01,-1.414031945488071962e+01,0.000000000000000000e+00
-4.902456335880355787e-01,-1.403879813427050927e+01,0.000000000000000000e+00
-2.431700550293640906e-01,-1.393120312238193925e+01,0.000000000000000000e+00
-2.538583924226610637e-15,-1.381940722823958545e+01,0.000000000000000000e+00
2.391420560293972541e-01,-1.370043921422538880e+01,0.000000000000000000e+00
4.741246762483979915e-01,-1.357715431672936468e+01,0.000000000000000000e+00
7.048608187823417470e-01,-1.344954562900985628e+01,0.000000000000000000e+00
9.313461251123043017e-01,-1.331887010471295163e+01,0.000000000000000000e+00
1.153829781631890317e+00,-1.318833475253624954e+01,0.000000000000000000e+00
1.372654247802977068e+00,-1.305993278323434481e+01,0.000000000000000000e+00
1.588041701814262296e+00,-1.293356176164566129e+01,0.000000000000000000e+00
1.800198486155316857e+00,-1.280907780267142826e+01,0.000000000000000000e+00
2.009324584994793828e+00,-1.268637614198469876e+01,0.000000000000000000e+00
2.215608530862708481e+00,-1.256534038047161062e+01,0.000000000000000000e+00
2.419231404105813166e+00,-1.244586663555403128e+01,0.000000000000000000e+00
2.620365975604203257e+00,-1.232785266668041224e+01,0.000000000000000000e+00
2.819178003772362384e+00,-1.221120150865255916e+01,0.000000000000000000e+00
3.015826574459735454e+00,-1.209581972369384140e+01,0.000000000000000000e+00
3.210464737040717331e+00,-1.198161751454423474e+01,0.000000000000000000e+00
3.403239997733967570e+00,-1.186850832395452926e+01,0.000000000000000000e+00
3.594294810024143860e+00,-1.175640859097142865e+01,0.000000000000000000e+00
3.783767016544343775e+00,-1.164523745532526000e+01,0.000000000000000000e+00
3.971790268498724519e+00,-1.153491650162098736e+01,0.000000000000000000e+00
4.158494421859600720e+00,-1.142536952298724628e+01,0.000000000000000000e+00
4.344005912663377877e+00,-1.131652230004457849e+01,0.000000000000000000e+00
4.528448133172661372e+00,-1.120830244079322213e+01,0.000000000000000000e+00
4.711941770882273062e+00,-1.110063916855677491e+01,0.000000000000000000e+00
4.894605117992944621e+00,-1.099346308875195177e+01,0.000000000000000000e+00
5.076554380818480539e+00,-1.088670600200834215e+01,0.000000000000000000e+00
5.257903980797731691e+00,-1.078030073048466342e+01,0.000000000000000000e+00
5.438766875933917611e+00,-1.067418100770133904e+01,0.000000000000000000e+00
5.619254839531055978e+00,-1.056828129223152324e+01,0.000000000000000000e+00
5.799478714385609912e+00,-1.046253655643175584e+01,0.000000000000000000e+00
5.979548682864244569e+00,-1.035688212505242767e+01,0.000000000000000000e+00
6.159574544009056574e+00,-1.025125353360282254e+01,0.000000000000000000e+00
6.339666021271865404e+00,-1.014558643642966729e+01,0.000000000000000000e+00
6.519932999298939436e+00,-1.003981639203897736e+01,0.000000000000000000e+00
6.700485775674211553e+00,-9.933878681089392870e+00,0.000000000000000000e+00
6.881435329950968516e+00,-9.827708149994242248e+00,0.000000000000000000e+00
7.062893620968454300e+00,-9.721239086112166916e+00,0.000000000000000000e+00
7.244973892528784987e+00,-9.614405086855398963e+00,0.000000000000000000e+00
7.427790917733402054e+00,-9.507138830832611021e+00,0.000000000000000000e+00
7.611461286839182883e+00,-9.399371900194328333e+00,0.000000000000000000e+00
7.796103711546061632e+00,-9.291034606472075907e+00,0.000000000000000000e+00
7.981839366310228279e+00,-9.182055838516255619e+00,0.000000000000000000e+00
8.168792233956960303e+00,-9.072362886072131261e+00,0.000000000000000000e+00
8.357089412430854125e+00,-8.961881192769402205e+00,0.000000000000000000e+00
8.546861473372620921e+00,-8.850534143446081359e+00,0.000000000000000000e+00
8.738242844816243249e+00,-8.738242844816246802e+00,0.000000000000000000e+00
8.931372219257264433e+00,-8.624925895760494399e+00,0.000000000000000000e+00
9.126393007020348946e+00,-8.510499161067730967e+00,0.000000000000000000e+00
9.323453778228868671e+00,-8.394875488741249114e+00,0.000000000000000000e+00
9.522708733943783699e+00,-8.277964410504084825e+00,0.000000000000000000e+00
9.724318228698013655e+00,-8.159671839151009465e+00,0.000000000000000000e+00
9.928449331683509627e+00,-8.039899743182951752e+00,0.000000000000000000e+00
1.013527643052300498e+01,-7.918545795839929902e+00,0.000000000000000000e+00
1.034498188224259962e+01,-7.795502995603937890e+00,0.000000000000000000e+00
1.055775671664434689e+01,-7.670659254976366803e+00,0.000000000000000000e+00
1.077380139888243704e+01,-7.543896954671805766e+00,0.000000000000000000e+00
1.099332665512223350e+01,-7.415092457310808349e+00,0.000000000000000000e+00
1.121655436920992877e+01,-7.284115576877638887e+00,0.000000000000000000e+00
1.144371856484918837e+01,-7.150829003050053423e+00,0.000000000000000000e+00
1.167506647926346020e+01,-7.015087671918167622e+00,0.000000000000000000e+00
1.191085973873374115e+01,-6.876738076437809433e+00,0.000000000000000000e+00
1.215137564812777526e+01,-6.735617509359978605e+00,0.000000000000000000e+00
1.239690860795921878e+01,-6.591553230297289900e+00,0.000000000000000000e+00
1.264777167657207180e+01,-6.444361548608293688e+00,0.000000000000000000e+00
1.290429830353727603e+01,-6.293846815210296874e+00,0.000000000000000000e+00
1.316684424097807948e+01,-6.139800303302114237e+00,0.000000000000000000e+00
1.343578965813334314e+01,-5.981998965572734583e+00,0.000000000000000000e+00
1.371154148319291366e+01,-5.820204051028685655e+00,0.000000000000000000e+00
1.399453599580355245e+01,-5.654159560698762022e+00,0.000000000000000000e+00
1.428524173210972847e+01,-5.483590532743961354e+00,0.000000000000000000e+00
1.458416289011719513e+01,-5.308201183692407454e+00,0.000000000000000000e+00
1.489184288025613867e+01,-5.127672716443290923e+00,0.000000000000000000e+00
1.520886828322220374e+01,-4.941660862630845585e+00,0.000000000000000000e+00
1.553587379545265890e+01,-4.749793282539493511e+00,0.000000000000000000e+00
1.587354721492295617e+01,-4.551666419503730410e+00,0.000000000000000000e+00
1.622263535609245722e+01,-4.346842042769551107e+00,0.000000000000000000e+00
1.658395090767792368e+01,-4.134843359060691448e+00,0.000000000000000000e+00
1.695837989870128126e+01,-3.915150491633281771e+00,0.000000000000000000e+00
1.734689040922078007e+01,-3.687195381050661247e+00,0.000000000000000000e+00
1.775054271758281033e+01,-3.450355980806021350e+00,0.000000000000000000e+00
1.817050050852402521e+01,-3.203949492629669660e+00,0.000000000000000000e+00
1.860804414761411607e+01,-2.947224657854130125e+00,0.000000000000000000e+00
1.906458593793282930e+01,-2.679352820972563443e+00,0.000000000000000000e+00
1.954168777781844213e+01,-2.399417553101089506e+00,0.000000000000000000e+00
2.004108174787569041e+01,-2.106402571007380153e+00,0.000000000000000000e+00
2.056469421130437780e+01,-1.799177612366329004e+00,0.000000000000000000e+00
2.111467405600931713e+01,-1.476481841963088959e+00,0.000000000000000000e+00
2.169342597916296711e+01,-1.136904280608976636e+00,0.000000000000000000e+00
2.230365025758764119e+01,-7.788606294697745236e-01,0.000000000000000000e+00
2.294838938234696002e+01,-4.005656266668863319e-01,0.000000000000000000e+00
2.363093793411919208e+01,-5.787910500373767543e-15,0.000000000000000000e+00
