2.888075730196111124e+01,0.000000000000000000e+00,0.000000000000000000e+00
2.894223370186147903e+01,5.051885684336393512e-01,0.000000000000000000e+00
2.898905684533602312e+01,1.012320171879150799e+00,0.000000000000000000e+00
2.902103058981113648e+01,1.520927765717209335e+00,0.000000000000000000e+00
2.903797277287459977e+01,2.030532861309577886e+00,0.000000000000000000e+00
2.903971568821529914e+01,2.540645914734764865e+00,0.000000000000000000e+00
2.902610655137495854e+01,3.050766731822306621e+00,0.000000000000000000e+00
2.899703748412203552e+01,3.560388514972989249e+00,0.000000000000000000e+00
2.895253400406096844e+01,4.069013295680099951e+00,0.000000000000000000e+00
2.889266567781620410e+01,4.576148682864857875e+00,0.000000000000000000e+00
2.881751636627372903e+01,5.081305652381821858e+00,0.000000000000000000e+00
2.872718409821840879e+01,5.583998925667843949e+00,0.000000000000000000e+00
2.862178123960871901e+01,6.083747409162773678e+00,0.000000000000000000e+00
2.850146882733364251e+01,6.580082552588142342e+00,0.000000000000000000e+00
2.836648729463497531e+01,7.072559624847798432e+00,0.000000000000000000e+00
2.821709176287012255e+01,7.560746950615932604e+00,0.000000000000000000e+00
2.805334372849751645e+01,8.044166869252455498e+00,0.000000000000000000e+00
2.787503407426927637e+01,8.522253163209724036e+00,0.000000000000000000e+00
2.768203893427697082e+01,8.994439681632758976e+00,0.000000000000000000e+00
2.747449206393216414e+01,9.460226278719611415e+00,0.000000000000000000e+00
2.725309114959361168e+01,9.919313970195752006e+00,0.000000000000000000e+00
2.701944731506437947e+01,1.037179407078744298e+01,0.000000000000000000e+00
2.677254103011453168e+01,1.081680870841405628e+01,0.000000000000000000e+00
2.651022398247628331e+01,1.125292245263707613e+01,0.000000000000000000e+00
2.623543689893606157e+01,1.168076907900836048e+01,0.000000000000000000e+00
2.594953577593470584e+01,1.210046725788546595e+01,0.000000000000000000e+00
2.565113789925256071e+01,1.251089588726232549e+01,0.000000000000000000e+00
2.533898148659210392e+01,1.291085593168685186e+01,0.000000000000000000e+00
2.501524578134364063e+01,1.330084211727043098e+01,0.000000000000000000e+00
2.468046134189390628e+01,1.368060311584194544e+01,0.000000000000000000e+00
2.433457696394861358e+01,1.404957456075139355e+01,0.000000000000000000e+00
2.397791209829821213e+01,1.440738310637189201e+01,0.000000000000000000e+00
2.361072665796598713e+01,1.475361946487148757e+01,0.000000000000000000e+00
2.323335870356423172e+01,1.508791955757608072e+01,0.000000000000000000e+00
2.284617913545992707e+01,1.540994240417546912e+01,0.000000000000000000e+00
2.244959924295843834e+01,1.571937861970649308e+01,0.000000000000000000e+00
2.204405768676610933e+01,1.601594539923905458e+01,0.000000000000000000e+00
2.163003653658714143e+01,1.629940163601665404e+01,0.000000000000000000e+00
2.120798672977614885e+01,1.656949519911930935e+01,0.000000000000000000e+00
2.077851737514017927e+01,1.682611160385354765e+01,0.000000000000000000e+00
2.034071568958448495e+01,1.706788703301225141e+01,0.000000000000000000e+00
1.989543385746401682e+01,1.729483679539340102e+01,0.000000000000000000e+00
1.944415241238034042e+01,1.750759347005086042e+01,0.000000000000000000e+00
1.898731425875820022e+01,1.770595699152875824e+01,0.000000000000000000e+00
1.852568952987265050e+01,1.789005042455895733e+01,0.000000000000000000e+00
1.805739806224912058e+01,1.805739806224911703e+01,0.000000000000000000e+00
1.758434607008382144e+01,1.820912340375587135e+01,0.000000000000000000e+00
1.710793671164394070e+01,1.834601602264952191e+01,0.000000000000000000e+00
1.662893031428444246e+01,1.846829811526684750e+01,0.000000000000000000e+00
1.614438365570580913e+01,1.857198891157918652e+01,0.000000000000000000e+00
1.565793522653836511e+01,1.866040055883453164e+01,0.000000000000000000e+00
1.517043540868135132e+01,1.873392754957926343e+01,0.000000000000000000e+00
1.468038720270502395e+01,1.879003875745665653e+01,0.000000000000000000e+00
1.418843684329441324e+01,1.882869163978208960e+01,0.000000000000000000e+00
1.369708351170108429e+01,1.885241810868918577e+01,0.000000000000000000e+00
1.320578310276516021e+01,1.885981281568276202e+01,0.000000000000000000e+00
1.271316860378617264e+01,1.884804755809499355e+01,0.000000000000000000e+00
1.222264416791854025e+01,1.882122151935040577e+01,0.000000000000000000e+00
1.173468304184350330e+01,1.877941845921462516e+01,0.000000000000000000e+00
1.124627949307687302e+01,1.871695221310722346e+01,0.000000000000000000e+00
1.076140199880645909e+01,1.863929502260605631e+01,0.000000000000000000e+00
1.028047829612141584e+01,1.854647379323442991e+01,0.000000000000000000e+00
9.802440562324232332e+00,1.843570939054756153e+01,0.000000000000000000e+00
9.327755029089088268e+00,1.830675001286874348e+01,0.000000000000000000e+00
8.858513781795723574e+00,1.816264483749890957e+01,0.000000000000000000e+00
8.395083759599005546e+00,1.800331522071747159e+01,0.000000000000000000e+00
7.936844895139143929e+00,1.782644550325646904e+01,0.000000000000000000e+00
7.484062567915237274e+00,1.763134650659610614e+01,0.000000000000000000e+00
7.038580544787392590e+00,1.742109817311498787e+01,0.000000000000000000e+00
6.600712541016378943e+00,1.719544405978900059e+01,0.000000000000000000e+00
6.170914798756513164e+00,1.695444906696187815e+01,0.000000000000000000e+00
5.749597047966672925e+00,1.669804228895760545e+01,0.000000000000000000e+00
5.337118934993586805e+00,1.642596308217608225e+01,0.000000000000000000e+00
4.933436173705842975e+00,1.613654262689013308e+01,0.000000000000000000e+00
4.539866583191217941e+00,1.583239629533172632e+01,0.000000000000000000e+00
4.156858943013954644e+00,1.551360877522514059e+01,0.000000000000000000e+00
3.784912719802638659e+00,1.518045577168172322e+01,0.000000000000000000e+00
3.424551701107541035e+00,1.483336307358608330e+01,0.000000000000000000e+00
3.076248717410569267e+00,1.447261234017423170e+01,0.000000000000000000e+00
2.739988931118697124e+00,1.409602105930088278e+01,0.000000000000000000e+00
2.416565788120067726e+00,1.370502562007547631e+01,0.000000000000000000e+00
2.106659786548551683e+00,1.330092641822591837e+01,0.000000000000000000e+00
1.811081829724501491e+00,1.288651681598190990e+01,0.000000000000000000e+00
1.529844972562827143e+00,1.245958743764695065e+01,0.000000000000000000e+00
1.263718028916675395e+00,1.202347389448504522e+01,0.000000000000000000e+00
1.015386606658438273e+00,1.160592202162931130e+01,0.000000000000000000e+00
7.843353376114645670e-01,1.121651789652703890e+01,0.000000000000000000e+00
5.688111463771508003e-01,1.085356323352576524e+01,0.000000000000000000e+00
3.671598858057287251e-01,1.051408348525918335e+01,0.000000000000000000e+00
1.779625990682316972e-01,1.019547047232916626e+01,0.000000000000000000e+00
6.059405944570906729e-16,9.895760881896235261e+00,0.000000000000000000e+00
-1.677987869010321709e-01,9.613186063248129187e+00,0.000000000000000000e+00
-3.263754637618364041e-01,9.346170445612996147e+00,0.000000000000000000e+00
-4.765572150224743897e-01,9.093253359366915589e+00,0.000000000000000000e+00
-6.190802735662781497e-01,8.853260378385259699e+00,0.000000000000000000e+00
-7.545942852479621266e-01,8.625052147749013187e+00,0.000000000000000000e+00
-8.836806717419475321e-01,8.407659972105115287e+00,0.000000000000000000e+00
-1.006863473381443885e+00,8.200244932892262639e+00,0.000000000000000000e+00
-1.124603475347319526e+00,8.001969518174378848e+00,0.000000000000000000e+00
-1.237321038845024868e+00,7.812137583147076292e+00,0.000000000000000000e+00
-1.345401152231105790e+00,7.630149094740990456e+00,0.000000000000000000e+00
-1.449182431346003108e+00,7.455397297054698669e+00,0.000000000000000000e+00
-1.548969702824204431e+00,7.287329502576645801e+00,0.000000000000000000e+00
-1.645054532343042775e+00,7.125514018725692900e+00,0.000000000000000000e+00
-1.737698648178607863e+00,6.969528606345769539e+00,0.000000000000000000e+00
-1.827131188540612960e+00,6.818946427727273552e+00,0.000000000000000000e+00
-1.913562110327125421e+00,6.673384142741511482e+00,0.000000000000000000e+00
-1.997197464032417491e+00,6.532538554860320978e+00,0.000000000000000000e+00
-2.078222520400751616e+00,6.396111237624257484e+00,0.000000000000000000e+00
-2.156799597145292235e+00,6.263800850996189773e+00,0.000000000000000000e+00
-2.233070929064619126e+00,6.135311953645597782e+00,0.000000000000000000e+00
-2.307184750566192655e+00,6.010421763928284200e+00,0.000000000000000000e+00
-2.379288584970164155e+00,5.888945897143115005e+00,0.000000000000000000e+00
-2.449515900568416171e+00,5.770697829477002827e+00,0.000000000000000000e+00
-2.517985968338046554e+00,5.655489081062069268e+00,0.000000000000000000e+00
-2.584803973978896607e+00,5.543130010358354731e+00,0.000000000000000000e+00
-2.650063346154827304e+00,5.433435059049724458e+00,0.000000000000000000e+00
-2.713846492625044959e+00,5.326223636754221502e+00,0.000000000000000000e+00
-2.776222716965028425e+00,5.221315537491825864e+00,0.000000000000000000e+00
-2.837248192615289266e+00,5.118531233035517936e+00,0.000000000000000000e+00
-2.896966079776646552e+00,5.017692437976787545e+00,0.000000000000000000e+00
-2.955408500905625679e+00,4.918625730021534359e+00,0.000000000000000000e+00
-3.012654740922394936e+00,4.821255405977330710e+00,0.000000000000000000e+00
-3.068850645222208851e+00,4.725615587757455494e+00,0.000000000000000000e+00
-3.124148336946303672e+00,4.631740384200579541e+00,0.000000000000000000e+00
-3.178702175322269952e+00,4.539657175713322168e+00,0.000000000000000000e+00
-3.232668521301859776e+00,4.449386507596163831e+00,0.000000000000000000e+00
-3.286205499217658144e+00,4.360941990517305911e+00,0.000000000000000000e+00
-3.339457110529516548e+00,4.274310184689932512e+00,0.000000000000000000e+00
-3.392353747989750534e+00,4.189207997353570079e+00,0.000000000000000000e+00
-3.444651873471364478e+00,4.105176245445873562e+00,0.000000000000000000e+00
-3.496073590554539923e+00,4.021772607893662865e+00,0.000000000000000000e+00
-3.546310749340979562e+00,3.938577099691384031e+00,0.000000000000000000e+00
-3.595025974508125888e+00,3.855193366788507436e+00,0.000000000000000000e+00
-3.641853737860863305e+00,3.771249943946417105e+00,0.000000000000000000e+00
-3.686401576886901843e+00,3.686401576886902287e+00,0.000000000000000000e+00
-3.728378526828823869e+00,3.600453291590329119e+00,0.000000000000000000e+00
-3.767858724744694854e+00,3.513585103259840192e+00,0.000000000000000000e+00
-3.804996518344062384e+00,3.426034253656196071e+00,0.000000000000000000e+00
-3.839959627901602612e+00,3.338025978284596018e+00,0.000000000000000000e+00
-3.872928604128691443e+00,3.249772963300324058e+00,0.000000000000000000e+00
-3.904096267792909636e+00,3.161474821714916228e+00,0.000000000000000000e+00
-3.933667131683566964e+00,3.073317589446278753e+00,0.000000000000000000e+00
-3.961856805536216442e+00,2.985473241739132977e+00,0.000000000000000000e+00
-3.988891384543487018e+00,2.898099230465030374e+00,0.000000000000000000e+00
-4.015006822093651451e+00,2.811338042793385394e+00,0.000000000000000000e+00
-4.040448287391708249e+00,2.725316781707104230e+00,0.000000000000000000e+00
-4.065468423527285324e+00,2.640146064143333415e+00,0.000000000000000000e+00
-4.090245851000472221e+00,2.555869274064481278e+00,0.000000000000000000e+00
-4.114824277206439618e+00,2.472435862391896499e+00,0.000000000000000000e+00
-4.139231534322228789e+00,2.389786440579126037e+00,0.000000000000000000e+00
-4.163492374751228020e+00,2.307861508979190290e+00,0.000000000000000000e+00
-4.187628494144963298e+00,2.226601566631232210e+00,0.000000000000000000e+00
-4.211658557737297137e+00,2.145947219748154833e+00,0.000000000000000000e+00
-4.235598229942131532e+00,2.065839288814656172e+00,0.000000000000000000e+00
-4.259460207163441758e+00,1.986218914206789865e+00,0.000000000000000000e+00
-4.283254253764201991e+00,1.907027660245631751e+00,0.000000000000000000e+00
-4.306987241138494404e+00,1.828207617599374890e+00,0.000000000000000000e+00
-4.330663189828972470e+00,1.749701503949841808e+00,0.000000000000000000e+00
-4.354283314629705970e+00,1.671452762841143747e+00,0.000000000000000000e+00
-4.377846072612307182e+00,1.593405660630076159e+00,0.000000000000000000e+00
-4.401347214011297027e+00,1.515505381459627099e+00,0.000000000000000000e+00
-4.424779835902591607e+00,1.437698120178959593e+00,0.000000000000000000e+00
-4.448136105199189672e+00,1.359931682663419128e+00,0.000000000000000000e+00
-4.471429526173164248e+00,1.282161784375847713e+00,0.000000000000000000e+00
-4.494689450309866885e+00,1.204348408439217089e+00,0.000000000000000000e+00
-4.517943980587792119e+00,1.126449949637324366e+00,0.000000000000000000e+00
-4.541219485155456148e+00,1.048423128042001995e+00,0.000000000000000000e+00
-4.564540530502446458e+00,9.702230407670585643e-01,0.000000000000000000e+00
-4.587929815963836866e+00,8.918032159292073047e-01,0.000000000000000000e+00
-4.611408109622916029e+00,8.131156687843384967e-01,0.000000000000000000e+00
-4.634994185676469591e+00,7.341109600058479678e-01,0.000000000000000000e+00
-4.658704763326112719e+00,6.547382560698583598e-01,0.000000000000000000e+00
-4.682554447258347352e+00,5.749453917105595835e-01,0.000000000000000000e+00
-4.706555669775194239e+00,4.946789344070567362e-01,0.000000000000000000e+00
-4.730718634636345676e+00,4.138842508615179216e-01,0.000000000000000000e+00
-4.755051262672870038e+00,3.325055754266786345e-01,0.000000000000000000e+00
-4.779559139231530196e+00,2.504860804390883211e-01,0.000000000000000000e+00
-4.804245463507703207e+00,1.677679484129280529e-01,0.000000000000000000e+00
-4.829114513507089868e+00,8.429250737906378299e-02,0.000000000000000000e+00
-4.854196113691292780e+00,5.944675733065562557e-16,0.000000000000000000e+00
-4.879530947035075172e+00,-8.517252949974489507e-02,0.000000000000000000e+00
-4.905157065250254966e+00,-1.712918591964215920e-01,0.000000000000000000e+00
-4.931109627587973776e+00,-2.584285049831087089e-01,0.000000000000000000e+00
-4.957420725865942401e+00,-3.466566268224885450e-01,0.000000000000000000e+00
-4.984119212162021029e+00,-4.360539287259353469e-01,0.000000000000000000e+00
-5.011230529368261521e+00,-5.267015525292622069e-01,0.000000000000000000e+00
-5.038776544797780588e+00,-6.186839655408492566e-01,0.000000000000000000e+00
-5.066775387034895495e+00,-7.120888421434170557e-01,0.000000000000000000e+00
-5.095241286216940502e+00,-8.070069394359397075e-01,0.000000000000000000e+00
-5.124184417933963509e+00,-9.035319670076595866e-01,0.000000000000000000e+00
-5.153610750930185169e+00,-1.001760450941278524e+00,0.000000000000000000e+00
-5.183521898788625570e+00,-1.101791592147775667e+00,0.000000000000000000e+00
-5.213927316422643621e+00,-1.203729968202657208e+00,0.000000000000000000e+00
-5.244892953302138672e+00,-1.307698685173092956e+00,0.000000000000000000e+00
-5.276497649833288506e+00,-1.413833284137546720e+00,0.000000000000000000e+00
-5.308813408240759202e+00,-1.522277748667527186e+00,0.000000000000000000e+00
-5.341904981998371937e+00,-1.633184250433775464e+00,0.000000000000000000e+00
-5.375829479483529738e+00,-1.746712881473690304e+00,0.000000000000000000e+00
-5.410635976104683387e+00,-1.863031372031324295e+00,0.000000000000000000e+00
-5.446365135351945774e+00,-1.982314794213324127e+00,0.000000000000000000e+00
-5.483048839214404779e+00,-2.104745251717095478e+00,0.000000000000000000e+00
-5.520709828400813812e+00,-2.230511555899836740e+00,0.000000000000000000e+00
-5.559361352793152911e+00,-2.359808888469652199e+00,0.000000000000000000e+00
-5.599031532570291070e+00,-2.492849448247309141e+00,0.000000000000000000e+00
-5.639854796739945719e+00,-2.629907482602038549e+00,0.000000000000000000e+00
-5.681985092205225740e+00,-2.771289297213889835e+00,0.000000000000000000e+00
-5.725559216512362326e+00,-2.917318133400430558e+00,0.000000000000000000e+00
-5.770695994243942195e+00,-3.068333487390619396e+00,0.000000000000000000e+00
-5.817495482191405998e+00,-3.224690402564285741e+00,0.000000000000000000e+00
-5.866038197898840956e+00,-3.386758732633524449e+00,0.000000000000000000e+00
-5.916384372486382048e+00,-3.554922376457151145e+00,0.000000000000000000e+00
-5.968582871667330814e+00,-3.729584510835876721e+00,0.000000000000000000e+00
-6.022810005614887885e+00,-3.911258550032249648e+00,0.000000000000000000e+00
-6.079329787474382130e+00,-4.100559718345328619e+00,0.000000000000000000e+00
-6.138373005256880788e+00,-4.298135050623859144e+00,0.000000000000000000e+00
-6.200132434226637734e+00,-4.504659892731052828e+00,0.000000000000000000e+00
-6.264761443751877934e+00,-4.720836358867056326e+00,0.000000000000000000e+00
-6.332374618183085779e+00,-4.947393270842406210e+00,0.000000000000000000e+00
-6.403232635472356549e+00,-5.185235549038701208e+00,0.000000000000000000e+00
-6.477880308501901219e+00,-5.435586977674509157e+00,0.000000000000000000e+00
-6.556821962456062636e+00,-5.699758374185218024e+00,0.000000000000000000e+00
-6.640481158097135683e+00,-5.979116090834263986e+00,0.000000000000000000e+00
-6.729201193615044652e+00,-6.275081630701587088e+00,0.000000000000000000e+00
-6.823336716564962323e+00,-6.589219673915742703e+00,0.000000000000000000e+00
-6.923259360076088775e+00,-6.923259360076086111e+00,0.000000000000000000e+00
-7.029241155805209473e+00,-7.278992299780554731e+00,0.000000000000000000e+00
-7.141618522557351412e+00,-7.658448242523204108e+00,0.000000000000000000e+00
-7.262554746288261143e+00,-8.065884190859897274e+00,0.000000000000000000e+00
-7.395154428609739483e+00,-8.507152021193181923e+00,0.000000000000000000e+00
-7.541240479986148770e+00,-8.987300434640374647e+00,0.000000000000000000e+00
-7.692167684125617022e+00,-9.499036000717525852e+00,0.000000000000000000e+00
-7.833552120209408720e+00,-1.002648948661039086e+01,0.000000000000000000e+00
-7.954596282547118591e+00,-1.055610580483511995e+01,0.000000000000000000e+00
-8.052411432819191361e+00,-1.108319351232770877e+01,0.000000000000000000e+00
-8.125589997728500435e+00,-1.160454515885961158e+01,0.000000000000000000e+00
-8.172917436962542581e+00,-1.211684839091785904e+01,0.000000000000000000e+00
-8.193376902796195793e+00,-1.261669402794350781e+01,0.000000000000000000e+00
-8.186605094289454598e+00,-1.310130680801477610e+01,0.000000000000000000e+00
-8.154271646772924598e+00,-1.357098699523674057e+01,0.000000000000000000e+00
-8.098879199105027737e+00,-1.402767025721262861e+01,0.000000000000000000e+00
-8.021117945047267384e+00,-1.447047982352986750e+01,0.000000000000000000e+00
-7.920047579948407801e+00,-1.489544309041114190e+01,0.000000000000000000e+00
-7.800533284080533925e+00,-1.530940857187904136e+01,0.000000000000000000e+00
-7.658817689738205203e+00,-1.570290333122569670e+01,0.000000000000000000e+00
-7.497428279679311025e+00,-1.607828683179637252e+01,0.000000000000000000e+00
-7.316622342401486456e+00,-1.643340284180294830e+01,0.000000000000000000e+00
-7.119453231591005071e+00,-1.677238073901522597e+01,0.000000000000000000e+00
-6.904405873493705492e+00,-1.708900420813451504e+01,0.000000000000000000e+00
-6.673811969217626761e+00,-1.738587458083141968e+01,0.000000000000000000e+00
-6.428304101851836094e+00,-1.766162036522545620e+01,0.000000000000000000e+00
-6.168488672599528044e+00,-1.791459190178364835e+01,0.000000000000000000e+00
-5.896409453661457967e+00,-1.814728230397839326e+01,0.000000000000000000e+00
-5.611983728240739211e+00,-1.835597167240658578e+01,0.000000000000000000e+00
-5.316727197593355214e+00,-1.854163122284888487e+01,0.000000000000000000e+00
-5.011753579936063296e+00,-1.870411899533660716e+01,0.000000000000000000e+00
-4.698089668196893776e+00,-1.884300846524584117e+01,0.000000000000000000e+00
-4.376765245208921407e+00,-1.895785306702779849e+01,0.000000000000000000e+00
-4.048567281198671708e+00,-1.904701153137655467e+01,0.000000000000000000e+00
-3.715057799206861411e+00,-1.911231552047150117e+01,0.000000000000000000e+00
-3.377155865932974343e+00,-1.915280266448097990e+01,0.000000000000000000e+00
-3.035829159104532771e+00,-1.916747095159088587e+01,0.000000000000000000e+00
-2.692434988107695659e+00,-1.915767039386933135e+01,0.000000000000000000e+00
-2.347845033564564421e+00,-1.912166331254950080e+01,0.000000000000000000e+00
-2.003371149519288963e+00,-1.906080325360138517e+01,0.000000000000000000e+00
-1.660008164691086030e+00,-1.897398014542996236e+01,0.000000000000000000e+00
-1.318964538517323648e+00,-1.886207166977423455e+01,0.000000000000000000e+00
-9.812862680996300435e-01,-1.872405741139958479e+01,0.000000000000000000e+00
-6.482017840086350402e-01,-1.856207046530914084e+01,0.000000000000000000e+00
-3.207158359958741101e-01,-1.837379793858057653e+01,0.000000000000000000e+00
-3.338128204513094143e-15,-1.817192356651855079e+01,0.000000000000000000e+00
3.137471732374287336e-01,-1.797456351653191930e+01,0.000000000000000000e+00
6.209340814782182694e-01,-1.778122562920465555e+01,0.000000000000000000e+00
9.219478127629890940e-01,-1.759181223428261376e+01,0.000000000000000000e+00
1.217149171166390431e+00,-1.740604408148411153e+01,0.000000000000000000e+00
1.506880394923519884e+00,-1.722372172798155532e+01,0.000000000000000000e+00
1.791463640113555966e+00,-1.704463797852869789e+01,0.000000000000000000e+00
2.071203898141813493e+00,-1.686860206943830676e+01,0.000000000000000000e+00
2.346389948727012786e+00,-1.669543199807882061e+01,0.000000000000000000e+00
2.617295808145014835e+00,-1.652495537302825213e+01,0.000000000000000000e+00
2.884181890287549788e+00,-1.635700831885845474e+01,0.000000000000000000e+00
3.147296107919843156e+00,-1.619143483144672757e+01,0.000000000000000000e+00
3.406874881945433309e+00,-1.602808614882632909e+01,0.000000000000000000e+00
3.663144067557681627e+00,-1.586682015265323464e+01,0.000000000000000000e+00
3.916319811483703894e+00,-1.570750082952755378e+01,0.000000000000000000e+00
4.166609343028055967e+00,-1.554999776347191442e+01,0.000000000000000000e+00
4.414211707690609998e+00,-1.539418566757186291e+01,0.000000000000000000e+00
4.659318458116674222e+00,-1.523994397908241361e+01,0.000000000000000000e+00
4.902114307133550675e+00,-1.508715650041621181e+01,0.000000000000000000e+00
5.142777709407106101e+00,-1.493571096512888907e+01,0.000000000000000000e+00
5.381481414355357096e+00,-1.478549866915605548e+01,0.000000000000000000e+00
5.618392987433844965e+00,-1.463641413271624359e+01,0.000000000000000000e+00
5.853675309238879798e+00,-1.448835480206472504e+01,0.000000000000000000e+00
6.087487084157491957e+00,-1.434122084913397721e+01,0.000000000000000000e+00
6.319983262180858929e+00,-1.419491481731735760e+01,0.000000000000000000e+00
6.551315443527108151e+00,-1.404934130708502416e+01,0.000000000000000000e+00
6.781632280160620141e+00,-1.390440671619148461e+01,0.000000000000000000e+00
7.011079894256055489e+00,-1.376001905540288028e+01,0.000000000000000000e+00
7.239802293537615618e+00,-1.361608777733128051e+01,0.000000000000000000e+00
7.467941681512830776e+00,-1.347252342703111516e+01,0.000000000000000000e+00
7.695638801150773922e+00,-1.332923740029158033e+01,0.000000000000000000e+00
7.923033293648605202e+00,-1.318614174859941990e+01,0.000000000000000000e+00
8.150264114749589339e+00,-1.304314908363796910e+01,0.000000000000000000e+00
8.377469824267505416e+00,-1.290017226780345538e+01,0.000000000000000000e+00
8.604788889186906431e+00,-1.275712414940060135e+01,0.000000000000000000e+00
8.832360022040170122e+00,-1.261391736030541111e+01,0.000000000000000000e+00
9.060322593097769328e+00,-1.247046421077627798e+01,0.000000000000000000e+00
9.288816961016946649e+00,-1.232667644709738575e+01,0.000000000000000000e+00
9.517984758720295702e+00,-1.218246494726529505e+01,0.000000000000000000e+00
9.747969243873983558e+00,-1.203773950125111547e+01,0.000000000000000000e+00
9.978915704988533975e+00,-1.189240864161487288e+01,0.000000000000000000e+00
1.021097188693316937e+01,-1.174637946574982372e+01,0.000000000000000000e+00
1.044428829814401638e+01,-1.159955729240284938e+01,0.000000000000000000e+00
1.067901860070022835e+01,-1.145184540116248861e+01,0.000000000000000000e+00
1.091532003436873843e+01,-1.130314478031435144e+01,0.000000000000000000e+00
1.115335392008357651e+01,-1.115335392008358184e+01,0.000000000000000000e+00
1.139328611200468622e+01,-1.100236850652826526e+01,0.000000000000000000e+00
1.163528743097983842e+01,-1.085008106093661162e+01,0.000000000000000000e+00
1.187953418125011140e+01,-1.069638062117202537e+01,0.000000000000000000e+00
1.212620870230755088e+01,-1.054115240490767391e+01,0.000000000000000000e+00
1.237549997819840364e+01,-1.038427746734072343e+01,0.000000000000000000e+00
1.262760428694424242e+01,-1.022563232907227970e+01,0.000000000000000000e+00
1.288272582256001719e+01,-1.006508851539306448e+01,0.000000000000000000e+00
1.314107740843609662e+01,-9.902512103841351276e+00,0.000000000000000000e+00
1.340288127360386383e+01,-9.737763243079866626e+00,0.000000000000000000e+00
1.366836989019965465e+01,-9.570695632156430932e+00,0.000000000000000000e+00
1.393778687869878041e+01,-9.401155955616944837e+00,0.000000000000000000e+00
1.421138798834959616e+01,-9.228983269510120380e+00,0.000000000000000000e+00
1.448944216213805980e+01,-9.054008333382896012e+00,0.000000000000000000e+00
1.477223269468090194e+01,-8.876052881345140477e+00,0.000000000000000000e+00
1.506005848925124013e+01,-8.694928822780720878e+00,0.000000000000000000e+00
1.535323543917401601e+01,-8.510437373019582807e+00,0.000000000000000000e+00
1.565209794261139820e+01,-8.322368101375708704e+00,0.000000000000000000e+00
1.595700056496186114e+01,-8.130497885445050699e+00,0.000000000000000000e+00
1.626831986673201058e+01,-7.934589760218639931e+00,0.000000000000000000e+00
1.658645641685269467e+01,-7.734391648832524169e+00,0.000000000000000000e+00
1.691183701820005680e+01,-7.529634961765443890e+00,0.000000000000000000e+00
1.724491718380845029e+01,-7.320033052146949437e+00,0.000000000000000000e+00
1.758618387270012207e+01,-7.105279496930138272e+00,0.000000000000000000e+00
1.793615852369430996e+01,-6.885046183940175979e+00,0.000000000000000000e+00
1.829540042165580971e+01,-6.658981177464040613e+00,0.000000000000000000e+00
1.866451043029637447e+01,-6.426706329684013674e+00,0.000000000000000000e+00
1.904413522458466090e+01,-6.187814632190444364e+00,0.000000000000000000e+00
1.943497222961984150e+01,-5.941867303891823937e+00,0.000000000000000000e+00
1.983777470251382269e+01,-5.688390359668642482e+00,0.000000000000000000e+00
2.025335759983182626e+01,-5.426870812893677787e+00,0.000000000000000000e+00
2.068260487617697052e+01,-5.156752567371838403e+00,0.000000000000000000e+00
2.112647649945686013e+01,-4.877431414286331979e+00,0.000000000000000000e+00
2.158601769335149001e+01,-4.588249701047066864e+00,0.000000000000000000e+00
2.206236838724092308e+01,-4.288489987422114957e+00,0.000000000000000000e+00
2.255677501742976077e+01,-3.977368033343523290e+00,0.000000000000000000e+00
2.307060295755296764e+01,-3.654024537381624693e+00,0.000000000000000000e+00
2.360535179165714581e+01,-3.317515844243097423e+00,0.000000000000000000e+00
2.416267239611919138e+01,-2.966803120398222138e+00,0.000000000000000000e+00
2.474438670937153972e+01,-2.600739842206662988e+00,0.000000000000000000e+00
2.535251085427294271e+01,-2.218057291666824860e+00,0.000000000000000000e+00
2.598928203580653573e+01,-1.817347637464705956e+00,0.000000000000000000e+00
2.665718999102607611e+01,-1.397044129355804021e+00,0.000000000000000000e+00
2.735901396706380240e+01,-9.553978202653375940e-01,0.000000000000000000e+00
2.809786702711033612e+01,-4.904500933026362808e-01,0.000000000000000000e+00
2.887718860633266615e+01,-7.072871319023943042e-15,0.000000000000000000e+00
