2.290238860856295844e+01,0.000000000000000000e+00,0.000000000000000000e+00
2.289082939641096814e+01,3.995609133751051867e-01,0.000000000000000000e+00
2.287020192849066902e+01,7.986450497745470889e-01,0.000000000000000000e+00
2.284053222583466436e+01,1.197021571598733125e+00,0.000000000000000000e+00
2.280185211255544431e+01,1.594460824638400442e+00,0.000000000000000000e+00
2.275419927537306819e+01,1.990734484204937926e+00,0.000000000000000000e+00
2.269761721583931902e+01,2.385615699823844249e+00,0.000000000000000000e+00
2.263215519913251228e+01,2.778879238411875008e+00,0.000000000000000000e+00
2.255786819946703758e+01,3.170301625859629269e+00,0.000000000000000000e+00
2.247481178824438075e+01,3.559660486480376917e+00,0.000000000000000000e+00
2.238301535683236310e+01,3.946729517021454470e+00,0.000000000000000000e+00
2.228250195515779808e+01,4.331279618405389442e+00,0.000000000000000000e+00
2.217330137160995918e+01,4.713080700422597857e+00,0.000000000000000000e+00
2.205551640069986163e+01,5.091917175769768100e+00,0.000000000000000000e+00
2.192938525203699385e+01,5.467609828469083944e+00,0.000000000000000000e+00
2.179515649083044693e+01,5.839994580627959841e+00,0.000000000000000000e+00
2.165285857238155742e+01,6.208857284118459496e+00,0.000000000000000000e+00
2.150227234691958955e+01,6.573904377533436261e+00,0.000000000000000000e+00
2.134330404888787669e+01,6.934859868171208142e+00,0.000000000000000000e+00
2.117629579653224781e+01,7.291583389935919257e+00,0.000000000000000000e+00
2.100157981759109660e+01,7.643949926168978060e+00,0.000000000000000000e+00
2.081902077739455237e+01,7.991673321096830485e+00,0.000000000000000000e+00
2.062847068641458037e+01,8.334443156183249712e+00,0.000000000000000000e+00
2.043022885218500662e+01,8.672117637151396607e+00,0.000000000000000000e+00
2.022482477072757234e+01,9.004672143266553519e+00,0.000000000000000000e+00
2.001296067511666266e+01,9.332196825161730658e+00,0.000000000000000000e+00
1.979400051080665790e+01,9.654179107209714061e+00,0.000000000000000000e+00
1.956690579940374874e+01,9.969836472656337989e+00,0.000000000000000000e+00
1.933371631706346605e+01,1.027991931485007271e+01,0.000000000000000000e+00
1.909456599505653429e+01,1.058429076462208585e+01,0.000000000000000000e+00
1.884760139496058073e+01,1.088166773895925488e+01,0.000000000000000000e+00
1.859450784018950031e+01,1.117270749136908847e+01,0.000000000000000000e+00
1.833613551696921462e+01,1.145768911701015291e+01,0.000000000000000000e+00
1.807177574536412124e+01,1.173594839160206327e+01,0.000000000000000000e+00
1.780065218960980289e+01,1.200669150724160339e+01,0.000000000000000000e+00
1.752407065998640689e+01,1.227048637624208638e+01,0.000000000000000000e+00
1.724245735214404007e+01,1.252737855365135111e+01,0.000000000000000000e+00
1.695580023029268091e+01,1.277711193627093955e+01,0.000000000000000000e+00
1.666417298041445960e+01,1.301947882721942484e+01,0.000000000000000000e+00
1.636721376344409506e+01,1.325390837352659013e+01,0.000000000000000000e+00
1.606538529596046416e+01,1.348045887656131825e+01,0.000000000000000000e+00
1.575919465288417420e+01,1.369925891041660648e+01,0.000000000000000000e+00
1.544885730389506051e+01,1.391021359620733655e+01,0.000000000000000000e+00
1.513453229691633339e+01,1.411317968851215632e+01,0.000000000000000000e+00
1.481641482758855233e+01,1.430804548188735481e+01,0.000000000000000000e+00
1.449469814764235664e+01,1.449469814764235487e+01,0.000000000000000000e+00
1.416958521915089086e+01,1.467303502826953654e+01,0.000000000000000000e+00
1.384128434521101347e+01,1.484296023835876710e+01,0.000000000000000000e+00
1.351000949264543216e+01,1.500438561799321135e+01,0.000000000000000000e+00
1.317597937874244529e+01,1.515723041150081407e+01,0.000000000000000000e+00
1.283941692005634216e+01,1.530142124129203296e+01,0.000000000000000000e+00
1.250054864019783452e+01,1.543689197090841070e+01,0.000000000000000000e+00
1.215960413992136679e+01,1.556358356967267298e+01,0.000000000000000000e+00
1.181681560721808033e+01,1.568144395960199411e+01,0.000000000000000000e+00
1.147241737390879734e+01,1.579042785754744926e+01,0.000000000000000000e+00
1.112664551728601836e+01,1.589049661723811191e+01,0.000000000000000000e+00
1.077973750619090154e+01,1.598161807749149510e+01,0.000000000000000000e+00
1.043193188980836261e+01,1.606376642201594507e+01,0.000000000000000000e+00
1.008346802694007138e+01,1.613692205599363305e+01,0.000000000000000000e+00
9.734585852962897690e+00,1.620107150426576581e+01,0.000000000000000000e+00
9.385525681232479656e+00,1.625620733563714992e+01,0.000000000000000000e+00
9.036528035304415951e+00,1.630232811753821665e+01,0.000000000000000000e+00
8.687833507996250759e+00,1.633943840501120803e+01,0.000000000000000000e+00
8.339682643055681410e+00,1.636754876784003798e+01,0.000000000000000000e+00
7.992315834755138404e+00,1.638667585911349533e+01,0.000000000000000000e+00
7.645973241104609741e+00,1.639684252957973598e+01,0.000000000000000000e+00
7.300894703724305046e+00,1.639807798696731567e+01,0.000000000000000000e+00
6.957319675905639045e+00,1.639041801827444900e+01,0.000000000000000000e+00
6.615487128646775794e+00,1.637390522105836155e+01,0.000000000000000000e+00
6.275635514201573173e+00,1.634858945205057879e+01,0.000000000000000000e+00
5.938002493841902485e+00,1.631452776849585717e+01,0.000000000000000000e+00
5.602825343612395592e+00,1.627178630863689435e+01,0.000000000000000000e+00
5.270339271577809903e+00,1.622043641146323978e+01,0.000000000000000000e+00
4.940781065205257505e+00,1.616056668448347722e+01,0.000000000000000000e+00
4.614360182385953024e+00,1.609218634913714396e+01,0.000000000000000000e+00
4.291188774529071992e+00,1.601493453141172552e+01,0.000000000000000000e+00
3.971629643943980437e+00,1.592933645099627782e+01,0.000000000000000000e+00
3.655921626809212732e+00,1.583553632479779338e+01,0.000000000000000000e+00
3.344289676183684001e+00,1.573364590539170038e+01,0.000000000000000000e+00
3.036961471123043488e+00,1.562381233261314506e+01,0.000000000000000000e+00
2.734163043594547648e+00,1.550620916100837476e+01,0.000000000000000000e+00
2.436103256087728042e+00,1.538095062302869387e+01,0.000000000000000000e+00
2.143019556924318003e+00,1.524837646981651318e+01,0.000000000000000000e+00
1.855077170386326912e+00,1.510839112625309788e+01,0.000000000000000000e+00
1.572324138563405693e+00,1.495966489446381509e+01,0.000000000000000000e+00
1.295165876021486362e+00,1.480381370367730831e+01,0.000000000000000000e+00
1.023832047289775948e+00,1.464148041121720212e+01,0.000000000000000000e+00
7.584765464930505185e-01,1.447259465806989986e+01,0.000000000000000000e+00
4.992547721889303847e-01,1.429678610910649716e+01,0.000000000000000000e+00
2.463476436425290350e-01,1.411324705210841302e+01,0.000000000000000000e+00
8.526025615363547555e-16,1.392405650559769370e+01,0.000000000000000000e+00
-2.396429092574149378e-01,1.372913307644089365e+01,0.000000000000000000e+00
-4.723642922844555336e-01,1.352674351566285260e+01,0.000000000000000000e+00
-6.980230219082148579e-01,1.331907269221174772e+01,0.000000000000000000e+00
-9.165581209574451549e-01,1.310739179269141808e+01,0.000000000000000000e+00
-1.127913729089210948e+00,1.289211291649226077e+01,0.000000000000000000e+00
-1.332196758659784486e+00,1.267500548662318494e+01,0.000000000000000000e+00
-1.529534954406011282e+00,1.245706254237889254e+01,0.000000000000000000e+00
-1.719926669702762201e+00,1.223791415032414953e+01,0.000000000000000000e+00
-1.903387533274671251e+00,1.201751592122655410e+01,0.000000000000000000e+00
-2.079968824469117017e+00,1.179608937958332326e+01,0.000000000000000000e+00
-2.249714472476839866e+00,1.157377762416725631e+01,0.000000000000000000e+00
-2.412667082441763533e+00,1.135070620020305832e+01,0.000000000000000000e+00
-2.568908973926096628e+00,1.112716724379295385e+01,0.000000000000000000e+00
-2.718550658767337591e+00,1.090351114903534580e+01,0.000000000000000000e+00
-2.861651770102222603e+00,1.067982979959090351e+01,0.000000000000000000e+00
-2.998214188834524396e+00,1.045601546787027836e+01,0.000000000000000000e+00
-3.128265002916732040e+00,1.023209377610249504e+01,0.000000000000000000e+00
-3.251933388738417641e+00,1.000842185451076638e+01,0.000000000000000000e+00
-3.369380541819269492e+00,9.785391620580780270e+00,0.000000000000000000e+00
-3.480699081268516792e+00,9.563142129701699190e+00,0.000000000000000000e+00
-3.585870374896849455e+00,9.341511701053244465e+00,0.000000000000000000e+00
-3.684851026402879981e+00,9.120326332247312706e+00,0.000000000000000000e+00
-3.777691808160786646e+00,8.899684183608599142e+00,0.000000000000000000e+00
-3.864705557337885899e+00,8.680270802092879379e+00,0.000000000000000000e+00
-3.946282748206497271e+00,8.462830663816315990e+00,0.000000000000000000e+00
-4.022859357649177348e+00,8.248083995121325174e+00,0.000000000000000000e+00
-4.094918271012462085e+00,8.036729617874044607e+00,0.000000000000000000e+00
-4.162992251191294457e+00,7.829449701847169152e+00,0.000000000000000000e+00
-4.227658380345956424e+00,7.626897611117548159e+00,0.000000000000000000e+00
-4.289535981523366459e+00,7.429694260893307423e+00,0.000000000000000000e+00
-4.349285308236669145e+00,7.238426301386835959e+00,0.000000000000000000e+00
-4.407528578102108519e+00,7.053520171272012362e+00,0.000000000000000000e+00
-4.464484001297281068e+00,6.874702495108421019e+00,0.000000000000000000e+00
-4.520201183883838958e+00,6.701473845051260980e+00,0.000000000000000000e+00
-4.574696092455348584e+00,6.533343105891044722e+00,0.000000000000000000e+00
-4.627951716342400879e+00,6.369829071187219860e+00,0.000000000000000000e+00
-4.679918668737930609e+00,6.210461834953351357e+00,0.000000000000000000e+00
-4.730524393545606721e+00,6.054795113403938167e+00,0.000000000000000000e+00
-4.779795200383760267e+00,5.902555501773794511e+00,0.000000000000000000e+00
-4.827839520923190797e+00,5.753595093528520721e+00,0.000000000000000000e+00
-4.874758537386475687e+00,5.607768214240300253e+00,0.000000000000000000e+00
-4.920643869715659591e+00,5.464928662723759878e+00,0.000000000000000000e+00
-4.965577650408108390e+00,5.324930099495538194e+00,0.000000000000000000e+00
-5.009632612190528356e+00,5.187626430877127603e+00,0.000000000000000000e+00
-5.052872202950648983e+00,5.052872202950649871e+00,0.000000000000000000e+00
-5.095354664106133136e+00,4.920526802788159237e+00,0.000000000000000000e+00
-5.137138925238614817e+00,4.790459547370023330e+00,0.000000000000000000e+00
-5.178277236579159393e+00,4.662541766311320224e+00,0.000000000000000000e+00
-5.218813983042095650e+00,4.536645782588371922e+00,0.000000000000000000e+00
-5.258785797410911123e+00,4.412645223047815257e+00,0.000000000000000000e+00
-5.298221683612231558e+00,4.290415323716753271e+00,0.000000000000000000e+00
-5.337143149895607230e+00,4.169833229622224913e+00,0.000000000000000000e+00
-5.375564351729074097e+00,4.050778288833643437e+00,0.000000000000000000e+00
-5.413494215728934300e+00,3.933133772838099063e+00,0.000000000000000000e+00
-5.450962057496790081e+00,3.816804723154360701e+00,0.000000000000000000e+00
-5.488011785581205615e+00,3.701710689906136942e+00,0.000000000000000000e+00
-5.524683327694201118e+00,3.587771303016306756e+00,0.000000000000000000e+00
-5.561012231030885822e+00,3.474906108764113544e+00,0.000000000000000000e+00
-5.597029699913822931e+00,3.363034730205861855e+00,0.000000000000000000e+00
-5.632762638371395347e+00,3.252077025544990896e+00,0.000000000000000000e+00
-5.668233697573749730e+00,3.141953244314727112e+00,0.000000000000000000e+00
-5.703461328046484091e+00,3.032584181238818122e+00,0.000000000000000000e+00
-5.738459841854628429e+00,2.923891330326709337e+00,0.000000000000000000e+00
-5.773245743657411388e+00,2.815800090980870252e+00,0.000000000000000000e+00
-5.807850290226634904e+00,2.708245067750411739e+00,0.000000000000000000e+00
-5.842304988224825912e+00,2.601161769078844443e+00,0.000000000000000000e+00
-5.876638284279235513e+00,2.494484955649755253e+00,0.000000000000000000e+00
-5.910875555787132640e+00,2.388148742185961737e+00,0.000000000000000000e+00
-5.945039104621187676e+00,2.282086699143224262e+00,0.000000000000000000e+00
-5.979148153723658154e+00,2.176231954223132092e+00,0.000000000000000000e+00
-6.013218846576434906e+00,2.070517293630096844e+00,0.000000000000000000e+00
-6.047264249531981939e+00,1.964875262998046601e+00,0.000000000000000000e+00
-6.081294357488733482e+00,1.859238268065735555e+00,0.000000000000000000e+00
-6.115321733631060575e+00,1.753540289549260667e+00,0.000000000000000000e+00
-6.149375677975169374e+00,1.647720246869036176e+00,0.000000000000000000e+00
-6.183487193746552535e+00,1.541716512623211965e+00,0.000000000000000000e+00
-6.217684703703242555e+00,1.435465620533051823e+00,0.000000000000000000e+00
-6.251993977822086102e+00,1.328902343507547101e+00,0.000000000000000000e+00
-6.286438063029819112e+00,1.221959774066857518e+00,0.000000000000000000e+00
-6.321037215047770275e+00,1.114569407075217011e+00,0.000000000000000000e+00
-6.355808832417761955e+00,1.006661224732232407e+00,0.000000000000000000e+00
-6.390767392775667410e+00,8.981637837695174431e-01,0.000000000000000000e+00
-6.425924391755143184e+00,7.890043048369200784e-01,0.000000000000000000e+00
-6.461294836982582446e+00,6.791094526671197507e-01,0.000000000000000000e+00
-6.496914125512221361e+00,5.684063338837617163e-01,0.000000000000000000e+00
-6.532819893779777232e+00,4.568192681731636506e-01,0.000000000000000000e+00
-6.569046658450708343e+00,3.442691473760838838e-01,0.000000000000000000e+00
-6.605625659783073367e+00,2.306735310140598516e-01,0.000000000000000000e+00
-6.642584707553466750e+00,1.159467473615304750e-01,0.000000000000000000e+00
-6.679948029716274327e+00,8.180576973062704000e-16,0.000000000000000000e+00
-6.717736123965092787e+00,-1.172585202144442590e-01,0.000000000000000000e+00
-6.755965612363358019e+00,-2.359235178435146463e-01,0.000000000000000000e+00
-6.794651463342951558e+00,-3.560925941960684793e-01,0.000000000000000000e+00
-6.833833730943941198e+00,-4.778682061569349271e-01,0.000000000000000000e+00
-6.873567735529563905e+00,-6.013592548363918544e-01,0.000000000000000000e+00
-6.913904338386739568e+00,-7.266806281861812877e-01,0.000000000000000000e+00
-6.954889284671944338e+00,-8.539530269467596746e-01,0.000000000000000000e+00
-6.996562923552925639e+00,-9.833027933239328888e-01,0.000000000000000000e+00
-7.038959933371460309e+00,-1.114861729513872968e+00,0.000000000000000000e+00
-7.082109052143160000e+00,-1.248766906212493089e+00,0.000000000000000000e+00
-7.126033057416179872e+00,-1.385160508626157583e+00,0.000000000000000000e+00
-7.170773965017121832e+00,-1.524195058516952139e+00,0.000000000000000000e+00
-7.216414544417621535e+00,-1.666040572281900722e+00,0.000000000000000000e+00
-7.263034552645407871e+00,-1.810877899592092000e+00,0.000000000000000000e+00
-7.310704951687549524e+00,-1.958897487906889223e+00,0.000000000000000000e+00
-7.359487440366617506e+00,-2.110299065075026625e+00,0.000000000000000000e+00
-7.409433996096145059e+00,-2.265291304849439857e+00,0.000000000000000000e+00
-7.460586427393124609e+00,-2.424091475707916388e+00,0.000000000000000000e+00
-7.512997460485244083e+00,-2.586932484220200834e+00,0.000000000000000000e+00
-7.566787459076884659e+00,-2.754085404122775138e+00,0.000000000000000000e+00
-7.622080891677545544e+00,-2.925842726445683883e+00,0.000000000000000000e+00
-7.678986921544693089e+00,-3.102512104149231842e+00,0.000000000000000000e+00
-7.737598663779344577e+00,-3.284415770711418769e+00,0.000000000000000000e+00
-7.797992461183517854e+00,-3.471889931538613805e+00,0.000000000000000000e+00
-7.860248419609826342e+00,-3.665294033064785406e+00,0.000000000000000000e+00
-7.924541748017772669e+00,-3.865057259958945224e+00,0.000000000000000000e+00
-7.991062148964294565e+00,-4.071649533388947972e+00,0.000000000000000000e+00
-8.059973387328975392e+00,-4.285563868983333968e+00,0.000000000000000000e+00
-8.131412128249754900e+00,-4.507315343781662875e+00,0.000000000000000000e+00
-8.205504587792413318e+00,-4.737450282598659967e+00,0.000000000000000000e+00
-8.282495440590414759e+00,-4.976625337526102477e+00,0.000000000000000000e+00
-8.362665764898938647e+00,-5.225573536746717984e+00,0.000000000000000000e+00
-8.446255048610085581e+00,-5.485062162650198303e+00,0.000000000000000000e+00
-8.533464083023471147e+00,-5.755894202168277296e+00,0.000000000000000000e+00
-8.624598755138407569e+00,-6.039009062381992088e+00,0.000000000000000000e+00
-8.720080704627303447e+00,-6.335509479550688994e+00,0.000000000000000000e+00
-8.820275378623538387e+00,-6.646554234583724963e+00,0.000000000000000000e+00
-8.925517078406672411e+00,-6.973378202499361578e+00,0.000000000000000000e+00
-9.036321244905659356e+00,-7.317468662945435298e+00,0.000000000000000000e+00
-9.153219680195793018e+00,-7.680463257736910521e+00,0.000000000000000000e+00
-9.276696428379160864e+00,-8.064109175937156593e+00,0.000000000000000000e+00
-9.407567669405020538e+00,-8.470611976537886889e+00,0.000000000000000000e+00
-9.546736227134772435e+00,-8.902475555180116018e+00,0.000000000000000000e+00
-9.694948559467780669e+00,-9.362302996210051020e+00,0.000000000000000000e+00
-9.852782946773752215e+00,-9.852782946773748662e+00,0.000000000000000000e+00
-1.002111084881934921e+01,-1.037716406180798145e+01,0.000000000000000000e+00
-1.020324347095246686e+01,-1.094163903901305979e+01,0.000000000000000000e+00
-1.040037426489292649e+01,-1.155078581749755351e+01,0.000000000000000000e+00
-1.060020987510735502e+01,-1.219414655023566496e+01,0.000000000000000000e+00
-1.078742071768303923e+01,-1.285594739512396600e+01,0.000000000000000000e+00
-1.094848465828606265e+01,-1.352025257288507731e+01,0.000000000000000000e+00
-1.107521721889648170e+01,-1.417563160404725942e+01,0.000000000000000000e+00
-1.116762354028792181e+01,-1.481993698894527789e+01,0.000000000000000000e+00
-1.122658554997583558e+01,-1.545206937960966265e+01,0.000000000000000000e+00
-1.125301204065626770e+01,-1.607096671570825208e+01,0.000000000000000000e+00
-1.124792610695770811e+01,-1.667573622289096491e+01,0.000000000000000000e+00
-1.121251739521624913e+01,-1.726576269305505917e+01,0.000000000000000000e+00
-1.114730157981088610e+01,-1.783941162380521206e+01,0.000000000000000000e+00
-1.105268153039699897e+01,-1.839475109599423774e+01,0.000000000000000000e+00
-1.092958155194299330e+01,-1.893059055343274011e+01,0.000000000000000000e+00
-1.078095884752849543e+01,-1.944936460855739213e+01,0.000000000000000000e+00
-1.060778371885297844e+01,-1.995033957871673280e+01,0.000000000000000000e+00
-1.040895355350630247e+01,-2.042872159542663013e+01,0.000000000000000000e+00
-1.018575288375503085e+01,-2.088388826694031408e+01,0.000000000000000000e+00
-9.939903105860542709e+00,-2.131619099971240416e+01,0.000000000000000000e+00
-9.673633238002965484e+00,-2.172733598981678327e+01,0.000000000000000000e+00
-9.386640664662648348e+00,-2.211353961698293347e+01,0.000000000000000000e+00
-9.079563087026045309e+00,-2.247270723146202442e+01,0.000000000000000000e+00
-8.754938749923773855e+00,-2.280739519949041494e+01,0.000000000000000000e+00
-8.414296101487597213e+00,-2.311808853944225106e+01,0.000000000000000000e+00
-8.056189262584485533e+00,-2.339687248901303107e+01,0.000000000000000000e+00
-7.684182881799916487e+00,-2.364948315195948680e+01,0.000000000000000000e+00
-7.299220206271015421e+00,-2.387467352457386482e+01,0.000000000000000000e+00
-6.902324891545593921e+00,-2.407126752285876847e+01,0.000000000000000000e+00
-6.494709226643641031e+00,-2.423858481422045230e+01,0.000000000000000000e+00
-6.077687026655290481e+00,-2.437627124650719423e+01,0.000000000000000000e+00
-5.652614581761599588e+00,-2.448416368752715755e+01,0.000000000000000000e+00
-5.220852678051002727e+00,-2.456218070630991690e+01,0.000000000000000000e+00
-4.783727415734597699e+00,-2.461014408792472707e+01,0.000000000000000000e+00
-4.342438326459117093e+00,-2.462719153365874902e+01,0.000000000000000000e+00
-3.898026891074521494e+00,-2.461117318776578244e+01,0.000000000000000000e+00
-3.452313592209018456e+00,-2.456448760617944771e+01,0.000000000000000000e+00
-3.006693445016874744e+00,-2.448755301893787362e+01,0.000000000000000000e+00
-2.562470494307828695e+00,-2.438027818603661245e+01,0.000000000000000000e+00
-2.120913065184986568e+00,-2.424214726467425507e+01,0.000000000000000000e+00
-1.683404411526731037e+00,-2.407380466432022459e+01,0.000000000000000000e+00
-1.252342070926242057e+00,-2.389611023513602817e+01,0.000000000000000000e+00
-8.280834038170953315e-01,-2.371320609108536459e+01,0.000000000000000000e+00
-4.106366216348230069e-01,-2.352535629764370384e+01,0.000000000000000000e+00
-4.286147858654899102e-15,-2.333270219429298820e+01,0.000000000000000000e+00
4.038300200661675832e-01,-2.313540635494005571e+01,0.000000000000000000e+00
8.008608446089506838e-01,-2.293365399059142717e+01,0.000000000000000000e+00
1.191105759596924107e+00,-2.272765180840919541e+01,0.000000000000000000e+00
1.574585165275188325e+00,-2.251761694137008618e+01,0.000000000000000000e+00
1.951324033673516256e+00,-2.230373576452359785e+01,0.000000000000000000e+00
2.321283262712776185e+00,-2.208553496293637153e+01,0.000000000000000000e+00
2.684498661317654022e+00,-2.186348708320497636e+01,0.000000000000000000e+00
3.041063917039713349e+00,-2.163829411913949485e+01,0.000000000000000000e+00
3.391063026826957483e+00,-2.141032932198726968e+01,0.000000000000000000e+00
3.734369663376385873e+00,-2.117866277963845079e+01,0.000000000000000000e+00
4.071024159006114473e+00,-2.094360368632701963e+01,0.000000000000000000e+00
4.401344798626365851e+00,-2.070669926181397358e+01,0.000000000000000000e+00
4.724986619972034951e+00,-2.046616555072431964e+01,0.000000000000000000e+00
5.042269472869175040e+00,-2.022343826353354501e+01,0.000000000000000000e+00
5.353202434975852242e+00,-1.997842347053135015e+01,0.000000000000000000e+00
5.657695061760637856e+00,-1.973072747723141518e+01,0.000000000000000000e+00
5.956015925189757532e+00,-1.948125028464016140e+01,0.000000000000000000e+00
6.248070402044787031e+00,-1.922958341548521943e+01,0.000000000000000000e+00
6.533879623437335304e+00,-1.897576427581114089e+01,0.000000000000000000e+00
6.813911970606481461e+00,-1.872106927739283933e+01,0.000000000000000000e+00
7.087446796342948829e+00,-1.846343014575212393e+01,0.000000000000000000e+00
7.355266941946016601e+00,-1.820492451137807421e+01,0.000000000000000000e+00
7.617387629757441658e+00,-1.794544066896067136e+01,0.000000000000000000e+00
7.873304785701312092e+00,-1.768373208084122794e+01,0.000000000000000000e+00
8.123567299046616341e+00,-1.742104629203059929e+01,0.000000000000000000e+00
8.368256038195545088e+00,-1.715746750243146579e+01,0.000000000000000000e+00
8.607415875380510784e+00,-1.689300482227361044e+01,0.000000000000000000e+00
8.841106419446026266e+00,-1.662770282599550598e+01,0.000000000000000000e+00
9.069199565567620525e+00,-1.636126911837082787e+01,0.000000000000000000e+00
9.293207701422387501e+00,-1.609630790415394941e+01,0.000000000000000000e+00
9.514429666680578990e+00,-1.583467008052356562e+01,0.000000000000000000e+00
9.733036022763014827e+00,-1.557611361962803898e+01,0.000000000000000000e+00
9.949207347976800619e+00,-1.532043581287609335e+01,0.000000000000000000e+00
1.016311420941151766e+01,-1.506743644541072413e+01,0.000000000000000000e+00
1.037492031952306348e+01,-1.481692177443512648e+01,0.000000000000000000e+00
1.058478368712828477e+01,-1.456870489906158816e+01,0.000000000000000000e+00
1.079285708645843123e+01,-1.432260510707382295e+01,0.000000000000000000e+00
1.099928854631908592e+01,-1.407844733493828038e+01,0.000000000000000000e+00
1.120422176904233957e+01,-1.383606160377850536e+01,0.000000000000000000e+00
1.140779657385096613e+01,-1.359528255047081124e+01,0.000000000000000000e+00
1.161014928300598470e+01,-1.335594893828975138e+01,0.000000000000000000e+00
1.181141310225907226e+01,-1.311790320918644071e+01,0.000000000000000000e+00
1.201171849826062044e+01,-1.288099107115935027e+01,0.000000000000000000e+00
1.221119351531020492e+01,-1.264506105266654323e+01,0.000000000000000000e+00
1.240996415510476147e+01,-1.240996415510476858e+01,0.000000000000000000e+00
1.260815464866615798e+01,-1.217555341524854740e+01,0.000000000000000000e+00
1.280588781950387300e+01,-1.194168358307388011e+01,0.000000000000000000e+00
1.300328535663007123e+01,-1.170821072426859111e+01,0.000000000000000000e+00
1.320046812591248653e+01,-1.147499187482154781e+01,0.000000000000000000e+00
1.339755648394387144e+01,-1.124188470435408682e+01,0.000000000000000000e+00
1.359467053211172072e+01,-1.100874713345075406e+01,0.000000000000000000e+00
1.379193046198078498e+01,-1.077543703172573331e+01,0.000000000000000000e+00
1.398945679986920076e+01,-1.054181183027951008e+01,0.000000000000000000e+00
1.418737073167634932e+01,-1.030772819714140631e+01,0.000000000000000000e+00
1.438579439957040407e+01,-1.007304168171423342e+01,0.000000000000000000e+00
1.458485117820155708e+01,-9.837606336576245170e+00,0.000000000000000000e+00
1.478466603519590450e+01,-9.601274386145552953e+00,0.000000000000000000e+00
1.498536578784815987e+01,-9.363895807976890140e+00,0.000000000000000000e+00
1.518707949088622655e+01,-9.125317984114673209e+00,0.000000000000000000e+00
1.538993872995264489e+01,-8.885385268550018978e+00,0.000000000000000000e+00
1.559407800278665235e+01,-8.643938586005154079e+00,0.000000000000000000e+00
1.579963508286865270e+01,-8.400814990370850666e+00,0.000000000000000000e+00
1.600675139401182179e+01,-8.155847198979451207e+00,0.000000000000000000e+00
1.621557244766330186e+01,-7.908863124976091896e+00,0.000000000000000000e+00
1.642624823445257221e+01,-7.659685346480254786e+00,0.000000000000000000e+00
1.663893372718674613e+01,-7.408130588291214735e+00,0.000000000000000000e+00
1.685378932168508115e+01,-7.154009124757676474e+00,0.000000000000000000e+00
1.707098139442722129e+01,-6.897124184092619181e+00,0.000000000000000000e+00
1.729068283363643133e+01,-6.637271281037287807e+00,0.000000000000000000e+00
1.751307363464215783e+01,-6.374237513521955556e+00,0.000000000000000000e+00
1.773834157011683743e+01,-6.107800816555183587e+00,0.000000000000000000e+00
1.796668282201239464e+01,-5.837729124841247952e+00,0.000000000000000000e+00
1.819830279629356085e+01,-5.563779515301884082e+00,0.000000000000000000e+00
1.843341688340935036e+01,-5.285697235086132650e+00,0.000000000000000000e+00
1.867225133310513741e+01,-5.003214665576473763e+00,0.000000000000000000e+00
1.891504424743328272e+01,-4.716050205902936554e+00,0.000000000000000000e+00
1.916204658893317614e+01,-4.423907034250776249e+00,0.000000000000000000e+00
1.941352331332830872e+01,-4.126471765381891643e+00,0.000000000000000000e+00
1.966975462149810738e+01,-3.823412983989865843e+00,0.000000000000000000e+00
1.993103732909392889e+01,-3.514379634626841220e+00,0.000000000000000000e+00
2.019768635453977268e+01,-3.198999249114311105e+00,0.000000000000000000e+00
2.047003636581321473e+01,-2.876875997239705995e+00,0.000000000000000000e+00
2.074844360036865609e+01,-2.547588536889940691e+00,0.000000000000000000e+00
2.103328787550209356e+01,-2.210687637277470863e+00,0.000000000000000000e+00
2.132497481440445952e+01,-1.865693546236238509e+00,0.000000000000000000e+00
2.162393831613393047e+01,-1.512093068110373917e+00,0.000000000000000000e+00
2.193064329989147510e+01,-1.149336313595830550e+00,0.000000000000000000e+00
2.224558873248612301e+01,-7.768330763353652468e-01,0.000000000000000000e+00
2.256931038977745629e+01,-3.939487782386623116e-01,0.000000000000000000e+00
2.290232524639234413e+01,-5.609451861205200517e-15,0.000000000000000000e+00
