1.753390104238222946e+01,0.000000000000000000e+00,0.000000000000000000e+00
1.768061054772494956e+01,3.086162050810676294e-01,0.000000000000000000e+00
1.781789254904484210e+01,6.222145185339241769e-01,0.000000000000000000e+00
1.794576327977956254e+01,9.404976010323931046e-01,0.000000000000000000e+00
1.806442341489819725e+01,1.263187539001532578e+00,0.000000000000000000e+00
1.817409341224541919e+01,1.590027143432651613e+00,0.000000000000000000e+00
1.827442405435925110e+01,1.920719365154111902e+00,0.000000000000000000e+00
1.836447213669354994e+01,2.254873647517543045e+00,0.000000000000000000e+00
1.844452318762595411e+01,2.592208684476565050e+00,0.000000000000000000e+00
1.851502872862094407e+01,2.932492462775338371e+00,0.000000000000000000e+00
1.857577063139177653e+01,3.275409549766287842e+00,0.000000000000000000e+00
1.862647480553895107e+01,3.620619930846586065e+00,0.000000000000000000e+00
1.866705883415782807e+01,3.967805842280598849e+00,0.000000000000000000e+00
1.869750619424015170e+01,4.316659433623234676e+00,0.000000000000000000e+00
1.871780898292665540e+01,4.666873931313250345e+00,0.000000000000000000e+00
1.872796782880757505e+01,5.018143855605035952e+00,0.000000000000000000e+00
1.872799181891796749e+01,5.370165238603431312e+00,0.000000000000000000e+00
1.871788409536087627e+01,5.722631459938901877e+00,0.000000000000000000e+00
1.869761259159761480e+01,6.075222603542460575e+00,0.000000000000000000e+00
1.866719302259813418e+01,6.427630020288708224e+00,0.000000000000000000e+00
1.862666284013884166e+01,6.779550837522899442e+00,0.000000000000000000e+00
1.857606784508186237e+01,7.130684358104765863e+00,0.000000000000000000e+00
1.851546210198291220e+01,7.480732272658034532e+00,0.000000000000000000e+00
1.844490784864441579e+01,7.829398869056434229e+00,0.000000000000000000e+00
1.836446356191460794e+01,8.176385968067759080e+00,0.000000000000000000e+00
1.827413735682011620e+01,8.521370195661564395e+00,0.000000000000000000e+00
1.817392942051450078e+01,8.864017640680803112e+00,0.000000000000000000e+00
1.806388013793171510e+01,9.204006646893141408e+00,0.000000000000000000e+00
1.794420925870552708e+01,9.541105306560961452e+00,0.000000000000000000e+00
1.781519273732132902e+01,9.875122587672846564e+00,0.000000000000000000e+00
1.767692810030715123e+01,1.020577919715799275e+01,0.000000000000000000e+00
1.752935887534281534e+01,1.053270142499474105e+01,0.000000000000000000e+00
1.737270598588436954e+01,1.085567153031085930e+01,0.000000000000000000e+00
1.720737647186142993e+01,1.117460093983500080e+01,0.000000000000000000e+00
1.703290227731686102e+01,1.148883765259498801e+01,0.000000000000000000e+00
1.684892167199589252e+01,1.179774196543646880e+01,0.000000000000000000e+00
1.665683073902944145e+01,1.210189591369185536e+01,0.000000000000000000e+00
1.645676545977959293e+01,1.240106226380868470e+01,0.000000000000000000e+00
1.624799166872913503e+01,1.269432235037896639e+01,0.000000000000000000e+00
1.603082604186598559e+01,1.298150696762978740e+01,0.000000000000000000e+00
1.580596250883209741e+01,1.326277731156292816e+01,0.000000000000000000e+00
1.557367370377372318e+01,1.353798800976781003e+01,0.000000000000000000e+00
1.533398699443781688e+01,1.380678390500229114e+01,0.000000000000000000e+00
1.508698561826641260e+01,1.406884169337536861e+01,0.000000000000000000e+00
1.483247280564054371e+01,1.432355249103825834e+01,0.000000000000000000e+00
1.457094627734008085e+01,1.457094627734007908e+01,0.000000000000000000e+00
1.430281684143244547e+01,1.481100041189758088e+01,0.000000000000000000e+00
1.402829709382016965e+01,1.504350685834293877e+01,0.000000000000000000e+00
1.374760246222489180e+01,1.526825934344358870e+01,0.000000000000000000e+00
1.346097412765411150e+01,1.548507936687267872e+01,0.000000000000000000e+00
1.316865097117915084e+01,1.569378710452198611e+01,0.000000000000000000e+00
1.287091404570212916e+01,1.589425515704461667e+01,0.000000000000000000e+00
1.256754627201909713e+01,1.608572568807016978e+01,0.000000000000000000e+00
1.225914017605983375e+01,1.626842848815892495e+01,0.000000000000000000e+00
1.194607009921131890e+01,1.644235490523573873e+01,0.000000000000000000e+00
1.162863691868632898e+01,1.660741463654964889e+01,0.000000000000000000e+00
1.130714966090617324e+01,1.676353875239156110e+01,0.000000000000000000e+00
1.098188597263797739e+01,1.691062144587205651e+01,0.000000000000000000e+00
1.065320956304096356e+01,1.704869910884477235e+01,0.000000000000000000e+00
1.032061050097182964e+01,1.717638030209871758e+01,0.000000000000000000e+00
9.984878532411821439e+00,1.729431692554103961e+01,0.000000000000000000e+00
9.646619629691711495e+00,1.740296248890258113e+01,0.000000000000000000e+00
9.306095998973638928e+00,1.750222103432332688e+01,0.000000000000000000e+00
8.963613617633335195e+00,1.759208225325620845e+01,0.000000000000000000e+00
8.618423474743122981e+00,1.767038675862300678e+01,0.000000000000000000e+00
8.271976525715306394e+00,1.773931090568909141e+01,0.000000000000000000e+00
7.924463735578769708e+00,1.779863696358029301e+01,0.000000000000000000e+00
7.576275754721730316e+00,1.784858716089432917e+01,0.000000000000000000e+00
7.226637301881916109e+00,1.788655498029574531e+01,0.000000000000000000e+00
6.876919235931438834e+00,1.791498710030743879e+01,0.000000000000000000e+00
6.527356385867045141e+00,1.793376427890263614e+01,0.000000000000000000e+00
6.178269870375520334e+00,1.794299856276137461e+01,0.000000000000000000e+00
5.829091871444829209e+00,1.794010008942783685e+01,0.000000000000000000e+00
5.481063982758694664e+00,1.792775248008538114e+01,0.000000000000000000e+00
5.134381633217356189e+00,1.790571666787368699e+01,0.000000000000000000e+00
4.789387285845714715e+00,1.787423668790061626e+01,0.000000000000000000e+00
4.445683241301732203e+00,1.783066158075282459e+01,0.000000000000000000e+00
4.104281145793219565e+00,1.777759476428266794e+01,0.000000000000000000e+00
3.765425363857666241e+00,1.771493354179863289e+01,0.000000000000000000e+00
3.429415800354837174e+00,1.764281482814750035e+01,0.000000000000000000e+00
3.096366649898687040e+00,1.756036788844100727e+01,0.000000000000000000e+00
2.766511330906812116e+00,1.746706510587855021e+01,0.000000000000000000e+00
2.440414282289149472e+00,1.736444989427420182e+01,0.000000000000000000e+00
2.118332972099840728e+00,1.725243757458214233e+01,0.000000000000000000e+00
1.800551989422137344e+00,1.713110784613774484e+01,0.000000000000000000e+00
1.487348767890378953e+00,1.700047420943467813e+01,0.000000000000000000e+00
1.179009151132883959e+00,1.686061638396062179e+01,0.000000000000000000e+00
8.757881282880566332e-01,1.671103298535401649e+01,0.000000000000000000e+00
5.780077282737268174e-01,1.655197570632904558e+01,0.000000000000000000e+00
2.859860535848995355e-01,1.638413003681112556e+01,0.000000000000000000e+00
9.924289878702643111e-16,1.620759534195870799e+01,0.000000000000000000e+00
-2.796743114565233279e-01,1.602253057245331291e+01,0.000000000000000000e+00
-5.527644135326640340e-01,1.582910175170367673e+01,0.000000000000000000e+00
-8.190039676319192941e-01,1.562752665417637843e+01,0.000000000000000000e+00
-1.078132404284329882e+00,1.541801169421661122e+01,0.000000000000000000e+00
-1.329855428443458942e+00,1.520031710221982024e+01,0.000000000000000000e+00
-1.573851671254254070e+00,1.497419839720027035e+01,0.000000000000000000e+00
-1.809926903588012781e+00,1.474067171213216376e+01,0.000000000000000000e+00
-2.037857001830086112e+00,1.450010600937046590e+01,0.000000000000000000e+00
-2.257517057015670403e+00,1.425340173813744116e+01,0.000000000000000000e+00
-2.468601006973127454e+00,1.400013201073667268e+01,0.000000000000000000e+00
-2.670495788064370046e+00,1.373850983111835156e+01,0.000000000000000000e+00
-2.863424463386699426e+00,1.347135294666625072e+01,0.000000000000000000e+00
-3.047139979993435333e+00,1.319861330890826601e+01,0.000000000000000000e+00
-3.221102757192940036e+00,1.291913752350918010e+01,0.000000000000000000e+00
-3.385450734649803728e+00,1.263467414823444379e+01,0.000000000000000000e+00
-3.539982491413283139e+00,1.234538607149861456e+01,0.000000000000000000e+00
-3.684137554074497167e+00,1.205027096560033151e+01,0.000000000000000000e+00
-3.818291152340831829e+00,1.175149181970130918e+01,0.000000000000000000e+00
-3.943383487468063997e+00,1.145241721915197353e+01,0.000000000000000000e+00
-4.060035345477850832e+00,1.115485543388804501e+01,0.000000000000000000e+00
-4.168695433403557971e+00,1.085982288759859493e+01,0.000000000000000000e+00
-4.269633875300295145e+00,1.056771467365663320e+01,0.000000000000000000e+00
-4.362809950735633713e+00,1.027813614407995324e+01,0.000000000000000000e+00
-4.448140581958138995e+00,9.990687322573679197e+00,0.000000000000000000e+00
-4.525896438554128487e+00,9.705816233988896258e+00,0.000000000000000000e+00
-4.596765944319719743e+00,9.424766874479599821e+00,0.000000000000000000e+00
-4.661532964659672373e+00,9.148773568199642270e+00,0.000000000000000000e+00
-4.721046389918446273e+00,8.878996889647376989e+00,0.000000000000000000e+00
-4.776037453752571160e+00,8.616199647534573458e+00,0.000000000000000000e+00
-4.827143778799177554e+00,8.360858280320201175e+00,0.000000000000000000e+00
-4.875029926997938468e+00,8.113412283347411602e+00,0.000000000000000000e+00
-4.920389026030680846e+00,7.874268454671565998e+00,0.000000000000000000e+00
-4.963941531304032928e+00,7.643799646479188858e+00,0.000000000000000000e+00
-5.006317131160786360e+00,7.422170374655662428e+00,0.000000000000000000e+00
-5.047712802252082298e+00,7.208880977142963609e+00,0.000000000000000000e+00
-5.088187050664913613e+00,7.003288664510731287e+00,0.000000000000000000e+00
-5.127756199238453938e+00,6.804762310731343078e+00,0.000000000000000000e+00
-5.166395132842337645e+00,6.612684218884599119e+00,0.000000000000000000e+00
-5.204038103512259816e+00,6.426451856527354067e+00,0.000000000000000000e+00
-5.240579594432260180e+00,6.245479558940552955e+00,0.000000000000000000e+00
-5.275921706215792817e+00,6.069253649802214490e+00,0.000000000000000000e+00
-5.310136914270838560e+00,5.897504512445665981e+00,0.000000000000000000e+00
-5.343336383886532204e+00,5.730026745216354911e+00,0.000000000000000000e+00
-5.375618217730032455e+00,5.566615619824281325e+00,0.000000000000000000e+00
-5.407067608034465955e+00,5.407067608034466843e+00,0.000000000000000000e+00
-5.437757006996474907e+00,5.251180901785006405e+00,0.000000000000000000e+00
-5.467746314312321942e+00,5.098755925269838229e+00,0.000000000000000000e+00
-5.497083081568033158e+00,4.949595838485093324e+00,0.000000000000000000e+00
-5.525802795812714940e+00,4.803507086187819297e+00,0.000000000000000000e+00
-5.553942418450164453e+00,4.660311034901384986e+00,0.000000000000000000e+00
-5.581558235765863074e+00,4.519856739671288537e+00,0.000000000000000000e+00
-5.608701722490080144e+00,4.381998039144969326e+00,0.000000000000000000e+00
-5.635415780577721634e+00,4.246590385467539974e+00,0.000000000000000000e+00
-5.661734885748359147e+00,4.113491176787756665e+00,0.000000000000000000e+00
-5.687685244710315224e+00,3.982560083310298538e+00,0.000000000000000000e+00
-5.713284962846807424e+00,3.853659366587939061e+00,0.000000000000000000e+00
-5.738544222133980632e+00,3.726654191753510315e+00,0.000000000000000000e+00
-5.763465469052704293e+00,3.601412932398751821e+00,0.000000000000000000e+00
-5.788043612248220171e+00,3.477807467813984310e+00,0.000000000000000000e+00
-5.812268130235267449e+00,3.355714569593613916e+00,0.000000000000000000e+00
-5.836154919637355221e+00,3.235033497635594113e+00,0.000000000000000000e+00
-5.859743018171871931e+00,3.115680629874483465e+00,0.000000000000000000e+00
-5.883068010609323828e+00,2.997572872512011433e+00,0.000000000000000000e+00
-5.906161184757786842e+00,2.880627283129129523e+00,0.000000000000000000e+00
-5.929049576799101828e+00,2.764761223242075072e+00,0.000000000000000000e+00
-5.951756021209627434e+00,2.649892508600328433e+00,0.000000000000000000e+00
-5.974299205184167683e+00,2.535939557101737130e+00,0.000000000000000000e+00
-5.996693727478533908e+00,2.422821534202511895e+00,0.000000000000000000e+00
-6.018950161583147107e+00,2.310458495702373938e+00,0.000000000000000000e+00
-6.041075123136955938e+00,2.198771527787886093e+00,0.000000000000000000e+00
-6.063071341488087462e+00,2.087682884219561608e+00,0.000000000000000000e+00
-6.084938001525838303e+00,1.977116207051844210e+00,0.000000000000000000e+00
-6.106684776828894101e+00,1.867000898273124099e+00,0.000000000000000000e+00
-6.128339132305888448e+00,1.757272968553850401e+00,0.000000000000000000e+00
-6.149927351966417710e+00,1.647868067469476117e+00,0.000000000000000000e+00
-6.171472837296642311e+00,1.538720997124109813e+00,0.000000000000000000e+00
-6.192996085885544844e+00,1.429765803996089435e+00,0.000000000000000000e+00
-6.214514672571359810e+00,1.320935871249671267e+00,0.000000000000000000e+00
-6.236043233117182005e+00,1.212164011449496481e+00,0.000000000000000000e+00
-6.257593450423385661e+00,1.103382559614220826e+00,0.000000000000000000e+00
-6.279174043282810480e+00,9.945234665457043377e-01,0.000000000000000000e+00
-6.300790757683318866e+00,8.855183923699263548e-01,0.000000000000000000e+00
-6.322446360660730846e+00,7.762988002258954801e-01,0.000000000000000000e+00
-6.344140636703657243e+00,6.667960500386413969e-01,0.000000000000000000e+00
-6.365871045168303155e+00,5.569415499201519903e-01,0.000000000000000000e+00
-6.387650550460063137e+00,4.466680388028830273e-01,0.000000000000000000e+00
-6.409509781123055028e+00,3.359081739215906692e-01,0.000000000000000000e+00
-6.431477553162436855e+00,2.245921451253362622e-01,0.000000000000000000e+00
-6.453579686010177063e+00,1.126476524387332173e-01,0.000000000000000000e+00
-6.475838889688821709e+00,7.930615368051365377e-16,0.000000000000000000e+00
-6.498274654540753481e+00,-1.134278060164003593e-01,0.000000000000000000e+00
-6.520903143645131905e+00,-2.277149555572443029e-01,0.000000000000000000e+00
-6.543737088043227068e+00,-3.429427289964184777e-01,0.000000000000000000e+00
-6.566785684891137898e+00,-4.591943876607186836e-01,0.000000000000000000e+00
-6.590054498657171855e+00,-5.765550606505175368e-01,0.000000000000000000e+00
-6.613545365479374105e+00,-6.951116280335686293e-01,0.000000000000000000e+00
-6.637256316402763368e+00,-8.149526024095420373e-01,0.000000000000000000e+00
-6.661195038921793987e+00,-9.361699108854982798e-01,0.000000000000000000e+00
-6.685403372803413014e+00,-1.058863871545234758e+00,0.000000000000000000e+00
-6.709925157002511575e+00,-1.183140843714026724e+00,0.000000000000000000e+00
-6.734799201794889001e+00,-1.309112350825349491e+00,0.000000000000000000e+00
-6.760059037767978118e+00,-1.436894905754320995e+00,0.000000000000000000e+00
-6.785732670069062777e+00,-1.566609827000482014e+00,0.000000000000000000e+00
-6.811842338196732349e+00,-1.698383045865212049e+00,0.000000000000000000e+00
-6.838404281617536107e+00,-1.832344904776950667e+00,0.000000000000000000e+00
-6.865428511485776042e+00,-1.968629946925505747e+00,0.000000000000000000e+00
-6.892918588740262642e+00,-2.107376697374628183e+00,0.000000000000000000e+00
-6.920871772066992555e+00,-2.248727553846902261e+00,0.000000000000000000e+00
-6.949312286457005605e+00,-2.392840113600288365e+00,0.000000000000000000e+00
-6.978317076942842867e+00,-2.539899701278726329e+00,0.000000000000000000e+00
-7.007959607027568261e+00,-2.690103652118810640e+00,0.000000000000000000e+00
-7.038302901617877083e+00,-2.843658957625303962e+00,0.000000000000000000e+00
-7.069399068026346100e+00,-3.000781870112832372e+00,0.000000000000000000e+00
-7.101288829682126824e+00,-3.161697489635566516e+00,0.000000000000000000e+00
-7.134001073102390400e+00,-3.326639333673620857e+00,0.000000000000000000e+00
-7.167552408666955088e+00,-3.495848889960609718e+00,0.000000000000000000e+00
-7.201947420482185613e+00,-3.669575496656427127e+00,0.000000000000000000e+00
-7.237230920023962177e+00,-3.848103939288822772e+00,0.000000000000000000e+00
-7.273522699084644216e+00,-4.031779468049792037e+00,0.000000000000000000e+00
-7.310931702809523536e+00,-4.220968386644048387e+00,0.000000000000000000e+00
-7.349546075659497468e+00,-4.416052804592342618e+00,0.000000000000000000e+00
-7.389432365370693923e+00,-4.617429813126992855e+00,0.000000000000000000e+00
-7.430634754185314605e+00,-4.825510631645260062e+00,0.000000000000000000e+00
-7.473174333666615432e+00,-5.040719735906355581e+00,0.000000000000000000e+00
-7.517108941966764490e+00,-5.263536346708745484e+00,0.000000000000000000e+00
-7.562664616136800078e+00,-5.494597468664721873e+00,0.000000000000000000e+00
-7.610068463313773179e+00,-5.734597912089641980e+00,0.000000000000000000e+00
-7.659505731626967240e+00,-5.984261734265966304e+00,0.000000000000000000e+00
-7.711118359641419673e+00,-6.244340525714498824e+00,0.000000000000000000e+00
-7.765004258648375846e+00,-6.515612209521860265e+00,0.000000000000000000e+00
-7.821268853772963325e+00,-6.798925287479954171e+00,0.000000000000000000e+00
-7.880057594109566743e+00,-7.095235727036159901e+00,0.000000000000000000e+00
-7.941466962983216860e+00,-7.405537749045685736e+00,0.000000000000000000e+00
-8.005533531843937567e+00,-7.730853868043321420e+00,0.000000000000000000e+00
-8.072310334113854680e+00,-8.072310334113851127e+00,0.000000000000000000e+00
-8.142670988219718353e+00,-8.431982643524532861e+00,0.000000000000000000e+00
-8.217917126494020508e+00,-8.812637188028134005e+00,0.000000000000000000e+00
-8.299178203330082937e+00,-9.217171175416048357e+00,0.000000000000000000e+00
-8.386847558326730123e+00,-9.647964467277734713e+00,0.000000000000000000e+00
-8.478426139420177421e+00,-1.010419481119865104e+01,0.000000000000000000e+00
-8.570637429522891537e+00,-1.058385579141068966e+01,0.000000000000000000e+00
-8.659923808949006485e+00,-1.108419701469390262e+01,0.000000000000000000e+00
-8.740201334633260544e+00,-1.159863892104486460e+01,0.000000000000000000e+00
-8.804804619298630897e+00,-1.211877389128370552e+01,0.000000000000000000e+00
-8.847649844415998999e+00,-1.263575348965488132e+01,0.000000000000000000e+00
-8.863255993098226426e+00,-1.314031738930406412e+01,0.000000000000000000e+00
-8.848937019182841368e+00,-1.362616808284151659e+01,0.000000000000000000e+00
-8.809740693759742669e+00,-1.409853222412177232e+01,0.000000000000000000e+00
-8.747961039665394622e+00,-1.455905207071681318e+01,0.000000000000000000e+00
-8.664629271384717057e+00,-1.500757812678681447e+01,0.000000000000000000e+00
-8.560215730899482622e+00,-1.544303797396835165e+01,0.000000000000000000e+00
-8.434717527826867567e+00,-1.586339648230457655e+01,0.000000000000000000e+00
-8.288602498899130921e+00,-1.626729834029567101e+01,0.000000000000000000e+00
-8.123610390091277722e+00,-1.665586959029761616e+01,0.000000000000000000e+00
-7.941131489776938501e+00,-1.702981143650303864e+01,0.000000000000000000e+00
-7.738955902166804179e+00,-1.738197954788972766e+01,0.000000000000000000e+00
-7.520840961756149134e+00,-1.771799097273740742e+01,0.000000000000000000e+00
-7.287223944088367489e+00,-1.803651218191355099e+01,0.000000000000000000e+00
-7.038151135010746628e+00,-1.833501055747873565e+01,0.000000000000000000e+00
-6.774547815785794569e+00,-1.861291715088711030e+01,0.000000000000000000e+00
-6.497520327114240324e+00,-1.887016921192494934e+01,0.000000000000000000e+00
-6.208312967484343581e+00,-1.910722261365819818e+01,0.000000000000000000e+00
-5.908065247150088517e+00,-1.932441068381599081e+01,0.000000000000000000e+00
-5.596536607712708111e+00,-1.951744260122172392e+01,0.000000000000000000e+00
-5.276033838313301416e+00,-1.969042634703788863e+01,0.000000000000000000e+00
-4.946512045574171346e+00,-1.983937619989427148e+01,0.000000000000000000e+00
-4.609883142158463620e+00,-1.996759761352859641e+01,0.000000000000000000e+00
-4.266231884584490430e+00,-2.007104297823315875e+01,0.000000000000000000e+00
-3.917071303922838421e+00,-2.015158490743831976e+01,0.000000000000000000e+00
-3.563492455688067828e+00,-2.020956997828860580e+01,0.000000000000000000e+00
-3.206385153514421216e+00,-2.024431911963322506e+01,0.000000000000000000e+00
-2.846489304079907967e+00,-2.025382380934061999e+01,0.000000000000000000e+00
-2.485107474089704116e+00,-2.023957617973550072e+01,0.000000000000000000e+00
-2.123292097279279478e+00,-2.020177485628572001e+01,0.000000000000000000e+00
-1.762059410457677000e+00,-2.014043122210405201e+01,0.000000000000000000e+00
-1.402417596040612668e+00,-2.005550599351696661e+01,0.000000000000000000e+00
-1.045310550527013049e+00,-1.994571349573018182e+01,0.000000000000000000e+00
-6.918420681353349977e-01,-1.981176469489972547e+01,0.000000000000000000e+00
-3.432084982653344496e-01,-1.966240169697159246e+01,0.000000000000000000e+00
-3.582772089513145870e-15,-1.950370284726236392e+01,0.000000000000000000e+00
3.374838014755152105e-01,-1.933443403753551948e+01,0.000000000000000000e+00
6.689639724640226159e-01,-1.915662175262496092e+01,0.000000000000000000e+00
9.941576859531426891e-01,-1.896965869482744793e+01,0.000000000000000000e+00
1.312779140722737381e+00,-1.877361636024895120e+01,0.000000000000000000e+00
1.624567175524139984e+00,-1.856888778559025255e+01,0.000000000000000000e+00
1.929309255388496958e+00,-1.835615140067104534e+01,0.000000000000000000e+00
2.226562708697332305e+00,-1.813389804324052434e+01,0.000000000000000000e+00
2.516269199302900716e+00,-1.790418567408781669e+01,0.000000000000000000e+00
2.798168989829531661e+00,-1.766694369785296459e+01,0.000000000000000000e+00
3.071957941120945890e+00,-1.742193922210950774e+01,0.000000000000000000e+00
3.337282054128873909e+00,-1.716882779399431058e+01,0.000000000000000000e+00
3.594034595197180160e+00,-1.690860337107185174e+01,0.000000000000000000e+00
3.842008612410584778e+00,-1.664156761344839808e+01,0.000000000000000000e+00
4.080879188954639858e+00,-1.636751244312251430e+01,0.000000000000000000e+00
4.310710361877895025e+00,-1.608779008724195947e+01,0.000000000000000000e+00
4.534914428744501791e+00,-1.581512608038610601e+01,0.000000000000000000e+00
4.753767592236533446e+00,-1.554887317673191482e+01,0.000000000000000000e+00
4.967604631641806989e+00,-1.528871499399953926e+01,0.000000000000000000e+00
5.176724105226293560e+00,-1.503429845712486213e+01,0.000000000000000000e+00
5.381403323565919550e+00,-1.478528411647540786e+01,0.000000000000000000e+00
5.581903026414192226e+00,-1.454135453429284297e+01,0.000000000000000000e+00
5.778468480970527565e+00,-1.430221137013058907e+01,0.000000000000000000e+00
5.971330719802140585e+00,-1.406757360336193940e+01,0.000000000000000000e+00
6.160707694620291441e+00,-1.383717603539185959e+01,0.000000000000000000e+00
6.346805376061624315e+00,-1.361076805209141760e+01,0.000000000000000000e+00
6.529818752089984635e+00,-1.338811247222662359e+01,0.000000000000000000e+00
6.709932691012719275e+00,-1.316898439061401405e+01,0.000000000000000000e+00
6.887322760662690335e+00,-1.295317019136049552e+01,0.000000000000000000e+00
7.062155984699887590e+00,-1.274046665157447400e+01,0.000000000000000000e+00
7.234591543151034365e+00,-1.253068012474571447e+01,0.000000000000000000e+00
7.404781395852210402e+00,-1.232362574840766456e+01,0.000000000000000000e+00
7.572870863310677159e+00,-1.211912672652499445e+01,0.000000000000000000e+00
7.738999169170384995e+00,-1.191701367559565483e+01,0.000000000000000000e+00
7.903299942468500205e+00,-1.171712401715277885e+01,0.000000000000000000e+00
8.065901683866776750e+00,-1.151930141239220262e+01,0.000000000000000000e+00
8.226928199630510363e+00,-1.132339523498590061e+01,0.000000000000000000e+00
8.386499007368172443e+00,-1.112926007925265282e+01,0.000000000000000000e+00
8.544729715239968826e+00,-1.093675529837294036e+01,0.000000000000000000e+00
8.701732376693289694e+00,-1.074574456890753638e+01,0.000000000000000000e+00
8.857615826182996699e+00,-1.055609548267292119e+01,0.000000000000000000e+00
9.012485996607598082e+00,-1.036767916101914189e+01,0.000000000000000000e+00
9.166446220361635255e+00,-1.018036988884239591e+01,0.000000000000000000e+00
9.319597515911395291e+00,-9.994044766087135656e+00,0.000000000000000000e+00
9.472038861654194619e+00,-9.808583374645237996e+00,0.000000000000000000e+00
9.623867458695443133e+00,-9.623867458695448462e+00,0.000000000000000000e+00
9.775178984069480492e+00,-9.439780616645924383e+00,0.000000000000000000e+00
9.926067835839029740e+00,-9.256208002945701452e+00,0.000000000000000000e+00
1.007662737143153109e+01,-9.073036038119258961e+00,0.000000000000000000e+00
1.022695014050801454e+01,-8.890152125451416865e+00,0.000000000000000000e+00
1.037712811360971443e+01,-8.707444372809300503e+00,0.000000000000000000e+00
1.052725290778958289e+01,-8.524801318133722106e+00,0.000000000000000000e+00
1.067741601040841815e+01,-8.342111657164792859e+00,0.000000000000000000e+00
1.082770900225881583e+01,-8.159263971986616681e+00,0.000000000000000000e+00
1.097822378117423803e+01,-7.976146458982906751e+00,0.000000000000000000e+00
1.112905278728430147e+01,-7.792646654790257088e+00,0.000000000000000000e+00
1.128028923109217985e+01,-7.608651158817577809e+00,0.000000000000000000e+00
1.143202732557462298e+01,-7.424045350869588056e+00,0.000000000000000000e+00
1.158436252354055362e+01,-7.238713102367489327e+00,0.000000000000000000e+00
1.173739176153034869e+01,-7.052536479602117936e+00,0.000000000000000000e+00
1.189121371159553675e+01,-6.865395437381060617e+00,0.000000000000000000e+00
1.204592904236748829e+01,-6.677167501342081479e+00,0.000000000000000000e+00
1.220164069090461645e+01,-6.487727437098466332e+00,0.000000000000000000e+00
1.235845414690106381e+01,-6.296946904256055078e+00,0.000000000000000000e+00
1.251647775094920334e+01,-6.104694093197473137e+00,0.000000000000000000e+00
1.267582300944050466e+01,-5.910833342719445938e+00,0.000000000000000000e+00
1.283660492837832123e+01,-5.715224736086955915e+00,0.000000000000000000e+00
1.299894236559985572e+01,-5.517723671557246412e+00,0.000000000000000000e+00
1.316295840602854916e+01,-5.318180405612871198e+00,0.000000000000000000e+00
1.332878076208437612e+01,-5.116439565436142090e+00,0.000000000000000000e+00
1.349654220181431263e+01,-4.912339626978039497e+00,0.000000000000000000e+00
1.366638100763462305e+01,-4.705712354666040653e+00,0.000000000000000000e+00
1.383844146877655135e+01,-4.496382198371733807e+00,0.000000000000000000e+00
1.401287441325048633e+01,-4.284165643557702907e+00,0.000000000000000000e+00
1.418983780504348680e+01,-4.068870515262108079e+00,0.000000000000000000e+00
1.436949736634928421e+01,-3.850295214954434275e+00,0.000000000000000000e+00
1.455202723950099042e+01,-3.628227888944347779e+00,0.000000000000000000e+00
1.473761071285709434e+01,-3.402445526790043306e+00,0.000000000000000000e+00
1.492644103903720776e+01,-3.172712985228069993e+00,0.000000000000000000e+00
1.511872237654741902e+01,-2.938781929320626762e+00,0.000000000000000000e+00
1.531467067870914001e+01,-2.700389641321241374e+00,0.000000000000000000e+00
1.551451471748097610e+01,-2.457257730435009613e+00,0.000000000000000000e+00
1.571849738423391685e+01,-2.209090742647598304e+00,0.000000000000000000e+00
1.592687686126244628e+01,-1.955574581964736325e+00,0.000000000000000000e+00
1.613992800586467879e+01,-1.696374790299480795e+00,0.000000000000000000e+00
1.635794408492005303e+01,-1.431134666021451674e+00,0.000000000000000000e+00
1.658123824191167017e+01,-1.159473128332706215e+00,0.000000000000000000e+00
1.681014574556164476e+01,-8.809824079491579418e-01,0.000000000000000000e+00
1.704502629333231667e+01,-5.952254341702346574e-01,0.000000000000000000e+00
1.728626759007126523e+01,-3.017329231512380638e-01,0.000000000000000000e+00
1.753415907123745754e+01,-4.294630356466296063e-15,0.000000000000000000e+00
