3.124805966002779201e+01,0.000000000000000000e+00,0.000000000000000000e+00
3.115707674207986955e+01,5.438487975064620894e-01,0.000000000000000000e+00
3.104618492275032793e+01,1.084156667285537834e+00,0.000000000000000000e+00
3.091577501325006239e+01,1.620227113258569718e+00,0.000000000000000000e+00
3.076634603182496264e+01,2.151392493156392138e+00,0.000000000000000000e+00
3.059838071802914428e+01,2.677011435077772727e+00,0.000000000000000000e+00
3.041197735059532903e+01,3.196427622351395659e+00,0.000000000000000000e+00
3.020700114420845495e+01,3.708953371685171252e+00,0.000000000000000000e+00
2.998342355341618060e+01,4.213895373432452907e+00,0.000000000000000000e+00
2.974139620239554205e+01,4.710574391986706466e+00,0.000000000000000000e+00
2.948159199883249215e+01,5.198400103632971891e+00,0.000000000000000000e+00
2.920525016162059018e+01,5.676925554860212664e+00,0.000000000000000000e+00
2.891134930055332575e+01,6.145297000566613654e+00,0.000000000000000000e+00
2.859857340376575863e+01,6.602500910499038866e+00,0.000000000000000000e+00
2.826935614135541996e+01,7.048342108386751903e+00,0.000000000000000000e+00
2.792505333608247398e+01,7.482495489999326566e+00,0.000000000000000000e+00
2.756534512180457241e+01,7.904235520526525782e+00,0.000000000000000000e+00
2.718924902141440825e+01,8.312587631666243482e+00,0.000000000000000000e+00
2.679665070930653670e+01,8.706759608527173455e+00,0.000000000000000000e+00
2.638953593222805694e+01,9.086645923365948008e+00,0.000000000000000000e+00
2.596843126096715437e+01,9.451736009579986941e+00,0.000000000000000000e+00
2.553356521552959890e+01,9.801417372473126832e+00,0.000000000000000000e+00
2.508541625303477929e+01,1.013516605221754219e+01,0.000000000000000000e+00
2.462447689765437175e+01,1.045247030538949673e+01,0.000000000000000000e+00
2.415136797732753138e+01,1.075288181294821754e+01,0.000000000000000000e+00
2.366665785344926931e+01,1.103594379999753450e+01,0.000000000000000000e+00
2.317108596242026408e+01,1.130129373633332790e+01,0.000000000000000000e+00
2.266202197900088677e+01,1.154687693530305381e+01,0.000000000000000000e+00
2.214321356576824940e+01,1.177375550021338313e+01,0.000000000000000000e+00
2.161542116232507382e+01,1.198162360124052128e+01,0.000000000000000000e+00
2.107949771524213034e+01,1.217025368027714372e+01,0.000000000000000000e+00
2.053676754426319917e+01,1.233973485947109516e+01,0.000000000000000000e+00
1.998281541502760206e+01,1.248664891771201724e+01,0.000000000000000000e+00
1.942188818348742885e+01,1.261272166058974342e+01,0.000000000000000000e+00
1.885624337497364067e+01,1.271869675207330630e+01,0.000000000000000000e+00
1.828686374764533795e+01,1.280459984631512782e+01,0.000000000000000000e+00
1.770688088957060202e+01,1.286480200459843992e+01,0.000000000000000000e+00
1.712511617692051757e+01,1.290470065359933471e+01,0.000000000000000000e+00
1.654273076968931022e+01,1.292459777352866546e+01,0.000000000000000000e+00
1.595215608368080673e+01,1.291780129159931434e+01,0.000000000000000000e+00
1.536090159432977131e+01,1.288932686235260228e+01,0.000000000000000000e+00
1.477185140484716541e+01,1.284097451922563593e+01,0.000000000000000000e+00
1.417656055109538649e+01,1.276463245443950001e+01,0.000000000000000000e+00
1.358285388830315910e+01,1.266621616364629332e+01,0.000000000000000000e+00
1.299391163532756543e+01,1.254807460707085909e+01,0.000000000000000000e+00
1.240036207033762139e+01,1.240036207033761961e+01,0.000000000000000000e+00
1.181129927589052642e+01,1.223095844543724375e+01,0.000000000000000000e+00
1.123017645418302024e+01,1.204288983752181075e+01,0.000000000000000000e+00
1.066042905990877898e+01,1.183960592738349682e+01,0.000000000000000000e+00
1.010967389209358736e+01,1.162984945277152704e+01,0.000000000000000000e+00
9.578377436469189377e+00,1.141506572113547513e+01,0.000000000000000000e+00
9.066055356577306767e+00,1.119564598082668994e+01,0.000000000000000000e+00
8.572493057228324886e+00,1.097229075563265788e+01,0.000000000000000000e+00
8.107306589241543904e+00,1.075875922654202022e+01,0.000000000000000000e+00
7.671291604549804077e+00,1.055862707116465060e+01,0.000000000000000000e+00
7.261533571456292080e+00,1.037054469596625239e+01,0.000000000000000000e+00
6.875505167260983264e+00,1.019335559978879502e+01,0.000000000000000000e+00
6.510985152224173511e+00,1.002603791582696502e+01,0.000000000000000000e+00
6.166022055069463548e+00,9.867698001556320264e+00,0.000000000000000000e+00
5.838888555928821944e+00,9.717542423363584092e+00,0.000000000000000000e+00
5.528051337276800759e+00,9.574865783012493026e+00,0.000000000000000000e+00
5.232147105444166613e+00,9.439043240826425318e+00,0.000000000000000000e+00
4.949958603825613146e+00,9.309518148583606489e+00,0.000000000000000000e+00
4.680390644517548715e+00,9.185783848798163120e+00,0.000000000000000000e+00
4.422463442823559632e+00,9.067393786065142791e+00,0.000000000000000000e+00
4.175291093479104099e+00,8.953940645107861585e+00,0.000000000000000000e+00
3.938072051491666059e+00,8.845054645934698812e+00,0.000000000000000000e+00
3.710082837011868140e+00,8.740407428976510573e+00,0.000000000000000000e+00
3.490661442967309291e+00,8.639690247215547458e+00,0.000000000000000000e+00
3.279209934779177438e+00,8.542633941928507113e+00,0.000000000000000000e+00
3.075177499912000734e+00,8.448980741823136853e+00,0.000000000000000000e+00
2.878064002254333342e+00,8.358504781994247068e+00,0.000000000000000000e+00
2.687408608150529954e+00,8.270993230967947696e+00,0.000000000000000000e+00
2.502787673718604555e+00,8.186249616092327486e+00,0.000000000000000000e+00
2.323813822738089563e+00,8.104101890213970094e+00,0.000000000000000000e+00
2.150124829941052251e+00,8.024375107955400210e+00,0.000000000000000000e+00
1.981391310682632634e+00,7.946926490759502748e+00,0.000000000000000000e+00
1.817304433576947709e+00,7.871610310268184030e+00,0.000000000000000000e+00
1.657578297626379982e+00,7.798292767831100925e+00,0.000000000000000000e+00
1.501949518488811863e+00,7.726860427126286623e+00,0.000000000000000000e+00
1.350169552540124052e+00,7.657192036722180184e+00,0.000000000000000000e+00
1.202008551129370106e+00,7.589183310345411826e+00,0.000000000000000000e+00
1.057252400975152495e+00,7.522741722816608245e+00,0.000000000000000000e+00
9.156986983449800777e-01,7.457767422966923299e+00,0.000000000000000000e+00
7.771590733447677479e-01,7.394174662708022261e+00,0.000000000000000000e+00
6.414571254002271461e-01,7.331888493303541310e+00,0.000000000000000000e+00
5.084257789095935065e-01,7.270827380494909953e+00,0.000000000000000000e+00
3.779081102430197903e-01,7.210916306948102594e+00,0.000000000000000000e+00
2.497566396751403905e-01,7.152094392827185843e+00,0.000000000000000000e+00
1.238314065592640983e-01,7.094296530463175543e+00,0.000000000000000000e+00
4.309198642709809823e-16,7.037455445455851333e+00,0.000000000000000000e+00
-1.218628499129126991e-01,6.981517995725777581e+00,0.000000000000000000e+00
-2.418763669777392045e-01,6.926432907925987870e+00,0.000000000000000000e+00
-3.601538230380902927e-01,6.872144325997677328e+00,0.000000000000000000e+00
-4.768029103093240906e-01,6.818599290562591619e+00,0.000000000000000000e+00
-5.919269395491212338e-01,6.765755878459902561e+00,0.000000000000000000e+00
-7.056246544763274953e-01,6.713570130572658279e+00,0.000000000000000000e+00
-8.179900725541497941e-01,6.661994525525075872e+00,0.000000000000000000e+00
-9.291134733478039198e-01,6.610985876918196169e+00,0.000000000000000000e+00
-1.039082524045598310e+00,6.560508860065266568e+00,0.000000000000000000e+00
-1.147981345170165923e+00,6.510525732123846332e+00,0.000000000000000000e+00
-1.255890346169194816e+00,6.460995724003073981e+00,0.000000000000000000e+00
-1.362887430864979876e+00,6.411881243077120374e+00,0.000000000000000000e+00
-1.469049279448335188e+00,6.363151512064986193e+00,0.000000000000000000e+00
-1.574449922782531930e+00,6.314773731103160870e+00,0.000000000000000000e+00
-1.679160510910516324e+00,6.266712340781358748e+00,0.000000000000000000e+00
-1.783250248328368537e+00,6.218932673003243039e+00,0.000000000000000000e+00
-1.886788394743423858e+00,6.171406761472018943e+00,0.000000000000000000e+00
-1.989842493366850373e+00,6.124105483406916406e+00,0.000000000000000000e+00
-2.092477910989587908e+00,6.076997110392343693e+00,0.000000000000000000e+00
-2.194758237161159364e+00,6.030048697762318888e+00,0.000000000000000000e+00
-2.296747975275632125e+00,5.983233034748178802e+00,0.000000000000000000e+00
-2.398511185870205509e+00,5.936523503919274525e+00,0.000000000000000000e+00
-2.500110349891682127e+00,5.889890882612769829e+00,0.000000000000000000e+00
-2.601606394063370686e+00,5.843303632290671956e+00,0.000000000000000000e+00
-2.703061132622125218e+00,5.796733305468555031e+00,0.000000000000000000e+00
-2.804537729214355402e+00,5.750154480062267481e+00,0.000000000000000000e+00
-2.906098383447354827e+00,5.703539217385315219e+00,0.000000000000000000e+00
-3.007804134628143888e+00,5.656856838573269819e+00,0.000000000000000000e+00
-3.109716283815171955e+00,5.610076681347756278e+00,0.000000000000000000e+00
-3.211899295686587053e+00,5.563172768923863032e+00,0.000000000000000000e+00
-3.314417678365067399e+00,5.516117338042819895e+00,0.000000000000000000e+00
-3.417335207512551154e+00,5.468879529890001479e+00,0.000000000000000000e+00
-3.520715456401075194e+00,5.421426378872483021e+00,0.000000000000000000e+00
-3.624626047079394731e+00,5.373729102854534645e+00,0.000000000000000000e+00
-3.729136431864387369e+00,5.325758762036524985e+00,0.000000000000000000e+00
-3.834315705654120610e+00,5.277482814641002662e+00,0.000000000000000000e+00
-3.940232734627469036e+00,5.228865446466608446e+00,0.000000000000000000e+00
-4.046960920386874605e+00,5.179873765861580104e+00,0.000000000000000000e+00
-4.154578029165902464e+00,5.130476594819972647e+00,0.000000000000000000e+00
-4.263161957035772609e+00,5.080638578108344738e+00,0.000000000000000000e+00
-4.372790556149174002e+00,5.030320107188400058e+00,0.000000000000000000e+00
-4.483546120869680074e+00,4.979482432651748169e+00,0.000000000000000000e+00
-4.595516685381644706e+00,4.928088299799620486e+00,0.000000000000000000e+00
-4.708790748687889938e+00,4.876095561562900471e+00,0.000000000000000000e+00
-4.823457110258095426e+00,4.823457110258096314e+00,0.000000000000000000e+00
-4.939614363718090928e+00,4.770130142918345584e+00,0.000000000000000000e+00
-5.057372323502645095e+00,4.716075987881295895e+00,0.000000000000000000e+00
-5.176842025848881867e+00,4.661249496765360156e+00,0.000000000000000000e+00
-5.298134646342800735e+00,4.605598183230460663e+00,0.000000000000000000e+00
-5.421358575067376506e+00,4.549059980818822346e+00,0.000000000000000000e+00
-5.546620130564347662e+00,4.491564419929014562e+00,0.000000000000000000e+00
-5.674024939050855920e+00,4.433034129321088201e+00,0.000000000000000000e+00
-5.803710306088878390e+00,4.373409406776600505e+00,0.000000000000000000e+00
-5.935902086864108362e+00,4.312685308182548027e+00,0.000000000000000000e+00
-6.070845259670369920e+00,4.250851614125874534e+00,0.000000000000000000e+00
-6.208705782729510680e+00,4.187824929019880571e+00,0.000000000000000000e+00
-6.349000065245350655e+00,4.123088851581822922e+00,0.000000000000000000e+00
-6.490910302010858501e+00,4.055970913719103343e+00,0.000000000000000000e+00
-6.633612770126855906e+00,3.985876675447554085e+00,0.000000000000000000e+00
-6.776740808822371065e+00,3.912553130201917195e+00,0.000000000000000000e+00
-6.920265935057919648e+00,3.835966046262865081e+00,0.000000000000000000e+00
-7.064165142102211803e+00,3.756083232869995125e+00,0.000000000000000000e+00
-7.208388839589145114e+00,3.672857563622283994e+00,0.000000000000000000e+00
-7.352861988544192151e+00,3.586230411040185029e+00,0.000000000000000000e+00
-7.497506486747979260e+00,3.496144691837361762e+00,0.000000000000000000e+00
-7.642248708997554374e+00,3.402548345507840910e+00,0.000000000000000000e+00
-7.787020518385307177e+00,3.305394103362024438e+00,0.000000000000000000e+00
-7.931752236785444055e+00,3.204635920487988177e+00,0.000000000000000000e+00
-8.076370492735915008e+00,3.100228165782577427e+00,0.000000000000000000e+00
-8.220797619015726809e+00,2.992125635248193749e+00,0.000000000000000000e+00
-8.364953877910865643e+00,2.880284604059176967e+00,0.000000000000000000e+00
-8.508759693489276188e+00,2.764663614927333590e+00,0.000000000000000000e+00
-8.652136925383899779e+00,2.645223718271256796e+00,0.000000000000000000e+00
-8.795005947576530758e+00,2.521927373188842747e+00,0.000000000000000000e+00
-8.937281751258117524e+00,2.394737427779025651e+00,0.000000000000000000e+00
-9.078870175030719025e+00,2.263616568812927277e+00,0.000000000000000000e+00
-9.219674302510789232e+00,2.128529528987505692e+00,0.000000000000000000e+00
-9.359592614660385834e+00,1.989442824804343424e+00,0.000000000000000000e+00
-9.498513679027810852e+00,1.846324025278275549e+00,0.000000000000000000e+00
-9.636322750896837874e+00,1.699143695797928233e+00,0.000000000000000000e+00
-9.772911180480249982e+00,1.547877067661768802e+00,0.000000000000000000e+00
-9.908209595864047259e+00,1.392508047008976346e+00,0.000000000000000000e+00
-1.004216073571422640e+01,1.233022296451061317e+00,0.000000000000000000e+00
-1.017470427843148251e+01,1.069404512238950167e+00,0.000000000000000000e+00
-1.030575175182534053e+01,9.016364473971492099e-01,0.000000000000000000e+00
-1.043519395895012281e+01,7.296998455615635315e-01,0.000000000000000000e+00
-1.056291959956103632e+01,5.535791589583045624e-01,0.000000000000000000e+00
-1.068877755631707949e+01,3.732603371927171731e-01,0.000000000000000000e+00
-1.081253378063223280e+01,1.887334791794808009e-01,0.000000000000000000e+00
-1.093394256622693561e+01,1.339021776579081303e-15,0.000000000000000000e+00
-1.105275843460835894e+01,-1.929266161119948531e-01,0.000000000000000000e+00
-1.116874954974370127e+01,-3.900213285376601946e-01,0.000000000000000000e+00
-1.128169421907797698e+01,-5.912485405721974452e-01,0.000000000000000000e+00
-1.139137144960209014e+01,-7.965622891349987134e-01,0.000000000000000000e+00
-1.149756879645010876e+01,-1.005906927798783990e+00,0.000000000000000000e+00
-1.160015079402655225e+01,-1.219224978172690932e+00,0.000000000000000000e+00
-1.169902610552737876e+01,-1.436459783358794873e+00,0.000000000000000000e+00
-1.179410462947413052e+01,-1.657553309193634528e+00,0.000000000000000000e+00
-1.188529698366972731e+01,-1.882446110849427479e+00,0.000000000000000000e+00
-1.197251154153087249e+01,-2.111076811615389737e+00,0.000000000000000000e+00
-1.205565113346990991e+01,-2.343381194180365945e+00,0.000000000000000000e+00
-1.213461867960206320e+01,-2.579292823713041027e+00,0.000000000000000000e+00
-1.220931804608120430e+01,-2.818743172175462330e+00,0.000000000000000000e+00
-1.227965408384715573e+01,-3.061661628330716312e+00,0.000000000000000000e+00
-1.234553240057981682e+01,-3.307975436867622410e+00,0.000000000000000000e+00
-1.240685494656417553e+01,-3.557608407706116527e+00,0.000000000000000000e+00
-1.246352083260021892e+01,-3.810480717525075001e+00,0.000000000000000000e+00
-1.251543038530768648e+01,-4.066509839018257466e+00,0.000000000000000000e+00
-1.256248534720876364e+01,-4.325610596590785839e+00,0.000000000000000000e+00
-1.260458894262504792e+01,-4.587695190276420476e+00,0.000000000000000000e+00
-1.264164594316895496e+01,-4.852673221233931855e+00,0.000000000000000000e+00
-1.267356273279283485e+01,-5.120451718815385078e+00,0.000000000000000000e+00
-1.270024737235892154e+01,-5.390935169198566079e+00,0.000000000000000000e+00
-1.272160966369362356e+01,-5.664025545574680187e+00,0.000000000000000000e+00
-1.273756121308970357e+01,-5.939622339881799995e+00,0.000000000000000000e+00
-1.274801549422014268e+01,-6.217622596073700159e+00,0.000000000000000000e+00
-1.275288791042760828e+01,-6.497920944912692676e+00,0.000000000000000000e+00
-1.275208627255586613e+01,-6.780404544478826345e+00,0.000000000000000000e+00
-1.274549704343279188e+01,-7.064944376439299845e+00,0.000000000000000000e+00
-1.273305701123966571e+01,-7.351433893046074530e+00,0.000000000000000000e+00
-1.271471857032889297e+01,-7.639773670929034921e+00,0.000000000000000000e+00
-1.269043521552350740e+01,-7.929864028571478762e+00,0.000000000000000000e+00
-1.266016151536786793e+01,-8.221605019186796426e+00,0.000000000000000000e+00
-1.262385308631994896e+01,-8.514896422090355799e+00,0.000000000000000000e+00
-1.258146449877099293e+01,-8.809636283757299680e+00,0.000000000000000000e+00
-1.253291480729614982e+01,-9.105695607368764044e+00,0.000000000000000000e+00
-1.247809480058728226e+01,-9.402918874549165196e+00,0.000000000000000000e+00
-1.241690269633442156e+01,-9.701147602378584978e+00,0.000000000000000000e+00
-1.234928147463589809e+01,-1.000025095959104782e+01,0.000000000000000000e+00
-1.227520512334927538e+01,-1.030012009162783393e+01,0.000000000000000000e+00
-1.219474139101806287e+01,-1.060072696231060085e+01,0.000000000000000000e+00
-1.210799693634630536e+01,-1.090208940983206887e+01,0.000000000000000000e+00
-1.201454567383510863e+01,-1.120374509394121532e+01,0.000000000000000000e+00
-1.191397193311036773e+01,-1.150518895917121931e+01,0.000000000000000000e+00
-1.180687253652229707e+01,-1.180687253652229174e+01,0.000000000000000000e+00
-1.169344779646256960e+01,-1.210891966596453173e+01,0.000000000000000000e+00
-1.157334102499580908e+01,-1.241088878565048681e+01,0.000000000000000000e+00
-1.144615590570905361e+01,-1.271224399556655449e+01,0.000000000000000000e+00
-1.131205347451288468e+01,-1.301302893787427450e+01,0.000000000000000000e+00
-1.117119263466488732e+01,-1.331330895592385133e+01,0.000000000000000000e+00
-1.102357152316915467e+01,-1.361297712882234201e+01,0.000000000000000000e+00
-1.086903032650677936e+01,-1.391172441646516766e+01,0.000000000000000000e+00
-1.070729394163812920e+01,-1.420905897881846869e+01,0.000000000000000000e+00
-1.053371526659477375e+01,-1.449841524833222905e+01,0.000000000000000000e+00
-1.034871956431759799e+01,-1.477950321811329104e+01,0.000000000000000000e+00
-1.015340497797479102e+01,-1.505304191784839318e+01,0.000000000000000000e+00
-9.947167747068068167e+00,-1.531729510289656382e+01,0.000000000000000000e+00
-9.729996871382832424e+00,-1.557124996073533474e+01,0.000000000000000000e+00
-9.503486113882944508e+00,-1.581645695013843245e+01,0.000000000000000000e+00
-9.267170551883598506e+00,-1.605121023826848514e+01,0.000000000000000000e+00
-9.021137567337941476e+00,-1.627456297835073684e+01,0.000000000000000000e+00
-8.767049706784701968e+00,-1.648842240655678992e+01,0.000000000000000000e+00
-8.504745615763852129e+00,-1.669150309214700201e+01,0.000000000000000000e+00
-8.233936449611601205e+00,-1.688207153395843818e+01,0.000000000000000000e+00
-7.955661382364368706e+00,-1.706097089171104031e+01,0.000000000000000000e+00
-7.670476974515108459e+00,-1.722817335814649198e+01,0.000000000000000000e+00
-7.378799229341876043e+00,-1.738336162138353913e+01,0.000000000000000000e+00
-7.081076473735192778e+00,-1.752627928817738834e+01,0.000000000000000000e+00
-6.777780086322871433e+00,-1.765672078577909687e+01,0.000000000000000000e+00
-6.469382480334907370e+00,-1.777448228253550511e+01,0.000000000000000000e+00
-6.156177892052586920e+00,-1.787883879900654094e+01,0.000000000000000000e+00
-5.838697376960180208e+00,-1.796966279561867097e+01,0.000000000000000000e+00
-5.517636227791151704e+00,-1.804737490351362084e+01,0.000000000000000000e+00
-5.193558394458414718e+00,-1.811209055976549820e+01,0.000000000000000000e+00
-4.866946179863933963e+00,-1.816369042095546860e+01,0.000000000000000000e+00
-4.538000231212046209e+00,-1.820092480372652588e+01,0.000000000000000000e+00
-4.207339007363716021e+00,-1.822398740533056483e+01,0.000000000000000000e+00
-3.875731633816813737e+00,-1.823388374071266327e+01,0.000000000000000000e+00
-3.543649731502511724e+00,-1.823049745739337979e+01,0.000000000000000000e+00
-3.211271384438349585e+00,-1.821202502042380544e+01,0.000000000000000000e+00
-2.879371887636757776e+00,-1.817963861687929850e+01,0.000000000000000000e+00
-2.548573771310767455e+00,-1.813404464764711932e+01,0.000000000000000000e+00
-2.219325465966587974e+00,-1.807495543125807913e+01,0.000000000000000000e+00
-1.891925669788608211e+00,-1.800047034266801305e+01,0.000000000000000000e+00
-1.567131862186450508e+00,-1.791239915011489359e+01,0.000000000000000000e+00
-1.245468782337546765e+00,-1.781103338936257430e+01,0.000000000000000000e+00
-9.274366279759707066e-01,-1.769654506761507307e+01,0.000000000000000000e+00
-6.136948474738848081e-01,-1.757392109068252850e+01,0.000000000000000000e+00
-3.045454463243194021e-01,-1.744739693474277686e+01,0.000000000000000000e+00
-3.181170944427151109e-15,-1.731748803895679245e+01,0.000000000000000000e+00
2.999548593590000145e-01,-1.718440238363733030e+01,0.000000000000000000e+00
5.953382212116532513e-01,-1.704825609161719058e+01,0.000000000000000000e+00
8.861716757222931617e-01,-1.690916287325019596e+01,0.000000000000000000e+00
1.172479712107011629e+00,-1.676724105560807487e+01,0.000000000000000000e+00
1.454290203881955623e+00,-1.662261309376426510e+01,0.000000000000000000e+00
1.731631397443385456e+00,-1.647537221565120547e+01,0.000000000000000000e+00
2.004513887944400885e+00,-1.632545552310541837e+01,0.000000000000000000e+00
2.273305723351869201e+00,-1.617541071366061800e+01,0.000000000000000000e+00
2.538483750700122776e+00,-1.602735562596090446e+01,0.000000000000000000e+00
2.800286152274876983e+00,-1.588121194512377343e+01,0.000000000000000000e+00
3.058927728028429716e+00,-1.573681892779156932e+01,0.000000000000000000e+00
3.314623232854392754e+00,-1.559407626286357917e+01,0.000000000000000000e+00
3.567574657235689006e+00,-1.545286355752396013e+01,0.000000000000000000e+00
3.817978122284320541e+00,-1.531307385751495609e+01,0.000000000000000000e+00
4.066022135875770438e+00,-1.517460119578813149e+01,0.000000000000000000e+00
4.311888986425456594e+00,-1.503734393149866122e+01,0.000000000000000000e+00
4.555755126075928807e+00,-1.490120358329800077e+01,0.000000000000000000e+00
4.797791724884742592e+00,-1.476608460647344678e+01,0.000000000000000000e+00
5.038165181559232764e+00,-1.463189412381192867e+01,0.000000000000000000e+00
5.277037590636679987e+00,-1.449854162188749207e+01,0.000000000000000000e+00
5.514567201242973837e+00,-1.436593871247716692e+01,0.000000000000000000e+00
5.750908874936041748e+00,-1.423399895154930128e+01,0.000000000000000000e+00
5.986214500250169657e+00,-1.410263759274282869e+01,0.000000000000000000e+00
6.220633370335891144e+00,-1.397177130675015455e+01,0.000000000000000000e+00
6.454312564608807534e+00,-1.384131796193537944e+01,0.000000000000000000e+00
6.687397323626935730e+00,-1.371119642279941075e+01,0.000000000000000000e+00
6.920031453531116483e+00,-1.358132642912625165e+01,0.000000000000000000e+00
7.152357669240459792e+00,-1.345162835816335090e+01,0.000000000000000000e+00
7.384517917957700739e+00,-1.332202297365318877e+01,0.000000000000000000e+00
7.616653722976264085e+00,-1.319243123185353106e+01,0.000000000000000000e+00
7.848906541703743578e+00,-1.306277411624430407e+01,0.000000000000000000e+00
8.081418157950782444e+00,-1.293297252178797052e+01,0.000000000000000000e+00
8.314330985124772866e+00,-1.280294698155163680e+01,0.000000000000000000e+00
8.547788399346167409e+00,-1.267261744797661471e+01,0.000000000000000000e+00
8.781935092963955469e+00,-1.254190309835509964e+01,0.000000000000000000e+00
9.016917466921947621e+00,-1.241072217985210635e+01,0.000000000000000000e+00
9.252884030196669940e+00,-1.227899183732669108e+01,0.000000000000000000e+00
9.489985731569849037e+00,-1.214662782675453556e+01,0.000000000000000000e+00
9.728376348341074120e+00,-1.201354429026923754e+01,0.000000000000000000e+00
9.968212897389058469e+00,-1.187965353220735132e+01,0.000000000000000000e+00
1.020965608843247985e+01,-1.174486581272436148e+01,0.000000000000000000e+00
1.045287080031322269e+01,-1.160908912672051940e+01,0.000000000000000000e+00
1.069802650816235001e+01,-1.147222888636791183e+01,0.000000000000000000e+00
1.094529777577901619e+01,-1.133418764028366787e+01,0.000000000000000000e+00
1.119486478463688250e+01,-1.119486478463688783e+01,0.000000000000000000e+00
1.144691389644007273e+01,-1.105415625597529150e+01,0.000000000000000000e+00
1.170163826551891262e+01,-1.091195421512212249e+01,0.000000000000000000e+00
1.195923848694623537e+01,-1.076814670036876720e+01,0.000000000000000000e+00
1.221992325282767311e+01,-1.062261722081522208e+01,0.000000000000000000e+00
1.248391008400583324e+01,-1.047524434713962727e+01,0.000000000000000000e+00
1.275142612167855560e+01,-1.032590127380103873e+01,0.000000000000000000e+00
1.302270898158383794e+01,-1.017445534549138131e+01,0.000000000000000000e+00
1.329800767767457614e+01,-1.002076754380972901e+01,0.000000000000000000e+00
1.357758362310427280e+01,-9.864691929734371811e+00,0.000000000000000000e+00
1.386171171740012298e+01,-9.706075037013437878e+00,0.000000000000000000e+00
1.415068152992505013e+01,-9.544755211059261057e+00,0.000000000000000000e+00
1.444479859112655618e+01,-9.380561887286287259e+00,0.000000000000000000e+00
1.474438580463745119e+01,-9.213314802044894947e+00,0.000000000000000000e+00
1.504978499502056621e+01,-9.042823128339753325e+00,0.000000000000000000e+00
1.536135860782232143e+01,-8.868884527344604862e+00,0.000000000000000000e+00
1.567949158059340320e+01,-8.691284105300402629e+00,0.000000000000000000e+00
1.600459340562170851e+01,-8.509793263676169062e+00,0.000000000000000000e+00
1.633710040726566959e+01,-8.324168428447661583e+00,0.000000000000000000e+00
1.667747825893554747e+01,-8.134149641981521128e+00,0.000000000000000000e+00
1.702622476690165954e+01,-7.939458998274546708e+00,0.000000000000000000e+00
1.738387295106924313e+01,-7.739798899575180080e+00,0.000000000000000000e+00
1.775099454398297638e+01,-7.534850146594872733e+00,0.000000000000000000e+00
1.812820393845867528e+01,-7.324269818425490186e+00,0.000000000000000000e+00
1.851616236895407752e+01,-7.107688800317648159e+00,0.000000000000000000e+00
1.891558264839031267e+01,-6.884709047816332195e+00,0.000000000000000000e+00
1.932723494252124041e+01,-6.654900679246958717e+00,0.000000000000000000e+00
1.975195267663855248e+01,-6.417798463700145284e+00,0.000000000000000000e+00
2.019063931880088703e+01,-6.172897918023028119e+00,0.000000000000000000e+00
2.064427667736177696e+01,-5.919651079561659479e+00,0.000000000000000000e+00
2.111393320195899292e+01,-5.657461350509578324e+00,0.000000000000000000e+00
2.160077466238787736e+01,-5.385678006438753940e+00,0.000000000000000000e+00
2.210607540597107956e+01,-5.103589641861848492e+00,0.000000000000000000e+00
2.263123159086871183e+01,-4.810416773313050953e+00,0.000000000000000000e+00
2.317777663885691197e+01,-4.505303388185992297e+00,0.000000000000000000e+00
2.374739865048190879e+01,-4.187307103719751566e+00,0.000000000000000000e+00
2.434196072302967551e+01,-3.855387825518906464e+00,0.000000000000000000e+00
2.496352457701662786e+01,-3.508394581167591397e+00,0.000000000000000000e+00
2.561437805754276553e+01,-3.145050162596375820e+00,0.000000000000000000e+00
2.629706728478199196e+01,-2.763933146697048926e+00,0.000000000000000000e+00
2.701443463549114199e+01,-2.363456782167555836e+00,0.000000000000000000e+00
2.776966331275338362e+01,-1.941844024205515495e+00,0.000000000000000000e+00
2.856633037935424113e+01,-1.497097937447646965e+00,0.000000000000000000e+00
2.940846998662919631e+01,-1.026966401508055293e+00,0.000000000000000000e+00
3.030064984988806032e+01,-5.288998104969839797e-01,0.000000000000000000e+00
3.124788443374717772e+01,-7.653524330382976762e-15,0.000000000000000000e+00
