1.793349161745389253e+01,0.000000000000000000e+00,0.000000000000000000e+00
1.809842017903926958e+01,3.159090993232938072e-01,0.000000000000000000e+00
1.825366365447787587e+01,6.374319808579151925e-01,0.000000000000000000e+00
1.839903653332132905e+01,9.642526456589159967e-01,0.000000000000000000e+00
1.853436083533254575e+01,1.296048764625463479e+00,0.000000000000000000e+00
1.865943396412902899e+01,1.632488939671882688e+00,0.000000000000000000e+00
1.877403410989354171e+01,1.973230497972085828e+00,0.000000000000000000e+00
1.887800182938890359e+01,2.317927165345746054e+00,0.000000000000000000e+00
1.897129942422475679e+01,2.666242256469545158e+00,0.000000000000000000e+00
1.905391275702646325e+01,3.017843308014178216e+00,0.000000000000000000e+00
1.912581300619333291e+01,3.372396860976760280e+00,0.000000000000000000e+00
1.918692573665662948e+01,3.729560556093761914e+00,0.000000000000000000e+00
1.923717886389547971e+01,4.088988595540845594e+00,0.000000000000000000e+00
1.927651051126333925e+01,4.450333112948271719e+00,0.000000000000000000e+00
1.930486907144029018e+01,4.813244450731295920e+00,0.000000000000000000e+00
1.932221326082490975e+01,5.177371439219963456e+00,0.000000000000000000e+00
1.932851216681503459e+01,5.542361677417188659e+00,0.000000000000000000e+00
1.932374098706031162e+01,5.907860500304596307e+00,0.000000000000000000e+00
1.930788105287121326e+01,6.273510846600002466e+00,0.000000000000000000e+00
1.928097064414261297e+01,6.638970603805725901e+00,0.000000000000000000e+00
1.924307017726565050e+01,7.003904760420351039e+00,0.000000000000000000e+00
1.919424922299138814e+01,7.367981956212868333e+00,0.000000000000000000e+00
1.913458635950129860e+01,7.730874709746182738e+00,0.000000000000000000e+00
1.906416886909081043e+01,8.092259576896189799e+00,0.000000000000000000e+00
1.898308037583770513e+01,8.451811918840494542e+00,0.000000000000000000e+00
1.889139221405452673e+01,8.809200862623340456e+00,0.000000000000000000e+00
1.878918052707093977e+01,9.164095655499584936e+00,0.000000000000000000e+00
1.867648607956012086e+01,9.516144964664315253e+00,0.000000000000000000e+00
1.855333204448621842e+01,9.864981636800470355e+00,0.000000000000000000e+00
1.842001727808612799e+01,1.021038230515953771e+01,0.000000000000000000e+00
1.827705174113227216e+01,1.055226074273543269e+01,0.000000000000000000e+00
1.812389658102442525e+01,1.088993571886581968e+01,0.000000000000000000e+00
1.795995374423131352e+01,1.122262465647932039e+01,0.000000000000000000e+00
1.778651966178233579e+01,1.155070092491826550e+01,0.000000000000000000e+00
1.760430202486476503e+01,1.187425164883766371e+01,0.000000000000000000e+00
1.741280374278878540e+01,1.219257644206695446e+01,0.000000000000000000e+00
1.721122748675283276e+01,1.250468872830075462e+01,0.000000000000000000e+00
1.700058547582579394e+01,1.281086003942726492e+01,0.000000000000000000e+00
1.678127910411537727e+01,1.311097215844286801e+01,0.000000000000000000e+00
1.655341638787434633e+01,1.340469228572920990e+01,0.000000000000000000e+00
1.631716820931975320e+01,1.369172982629784308e+01,0.000000000000000000e+00
1.607273660637511270e+01,1.397181677233527353e+01,0.000000000000000000e+00
1.582037121359766019e+01,1.424472622301645863e+01,0.000000000000000000e+00
1.556032063937102983e+01,1.451023374135270849e+01,0.000000000000000000e+00
1.529293733174154291e+01,1.476821791509085280e+01,0.000000000000000000e+00
1.501771247941964305e+01,1.501771247941964127e+01,0.000000000000000000e+00
1.473515700098048953e+01,1.525870175297863263e+01,0.000000000000000000e+00
1.444612483450332796e+01,1.549157225363186541e+01,0.000000000000000000e+00
1.415090539779029832e+01,1.571617263094988282e+01,0.000000000000000000e+00
1.384993257824013568e+01,1.593252488014847579e+01,0.000000000000000000e+00
1.354155898462404117e+01,1.613820156925210014e+01,0.000000000000000000e+00
1.322816604225259240e+01,1.633542463175124837e+01,0.000000000000000000e+00
1.291017923115461130e+01,1.652427587702922196e+01,0.000000000000000000e+00
1.258569680230200127e+01,1.670178376797942477e+01,0.000000000000000000e+00
1.225713107129581125e+01,1.687049360337702097e+01,0.000000000000000000e+00
1.192439197655500571e+01,1.702979663292869361e+01,0.000000000000000000e+00
1.158644182464935213e+01,1.717760641316866810e+01,0.000000000000000000e+00
1.124593764878949642e+01,1.731722537061429534e+01,0.000000000000000000e+00
1.090044856402692552e+01,1.744436421904822865e+01,0.000000000000000000e+00
1.055287086067248836e+01,1.756292645331187785e+01,0.000000000000000000e+00
1.020148997013864012e+01,1.766949894118443254e+01,0.000000000000000000e+00
9.848206507386539243e+00,1.776663484310011043e+01,0.000000000000000000e+00
9.492072483543882555e+00,1.785199193078666013e+01,0.000000000000000000e+00
9.134539803451007245e+00,1.792754378120790193e+01,0.000000000000000000e+00
8.774865832985698333e+00,1.799114112671348309e+01,0.000000000000000000e+00
8.414519583466061547e+00,1.804499547950617711e+01,0.000000000000000000e+00
8.052596765646434562e+00,1.808642846106403823e+01,0.000000000000000000e+00
7.690840629368300263e+00,1.811848509187075251e+01,0.000000000000000000e+00
7.328025678895911277e+00,1.813750001933230038e+01,0.000000000000000000e+00
6.966232336974094608e+00,1.814765568316755306e+01,0.000000000000000000e+00
6.603930688075023703e+00,1.814415044512955077e+01,0.000000000000000000e+00
6.243452453612154507e+00,1.813230253003222003e+01,0.000000000000000000e+00
5.883099764664619258e+00,1.810631929326790512e+01,0.000000000000000000e+00
5.525267573996975656e+00,1.807233591223351965e+01,0.000000000000000000e+00
5.168319981587108813e+00,1.802407375417846325e+01,0.000000000000000000e+00
4.814512069389456528e+00,1.796800365661503207e+01,0.000000000000000000e+00
4.462390136252034623e+00,1.789766927647808359e+01,0.000000000000000000e+00
4.113937885973938613e+00,1.781942270139968798e+01,0.000000000000000000e+00
3.768119034222756625e+00,1.772760626450324040e+01,0.000000000000000000e+00
3.426349459157546296e+00,1.762703987022664620e+01,0.000000000000000000e+00
3.088304364766485843e+00,1.751464439734618139e+01,0.000000000000000000e+00
2.754549834879614689e+00,1.739154319221905354e+01,0.000000000000000000e+00
2.425694955234052319e+00,1.725971644021249318e+01,0.000000000000000000e+00
2.101408303072481498e+00,1.711459720684451469e+01,0.000000000000000000e+00
1.782680717937144665e+00,1.696107405596917062e+01,0.000000000000000000e+00
1.469642020043976816e+00,1.679808515543849623e+01,0.000000000000000000e+00
1.162372638360456678e+00,1.662270316712661256e+01,0.000000000000000000e+00
8.615205406717827419e-01,1.643879119584375559e+01,0.000000000000000000e+00
5.673235058620066384e-01,1.624601960721602723e+01,0.000000000000000000e+00
2.800416078654171526e-01,1.604357296962584911e+01,0.000000000000000000e+00
9.693196226591069437e-16,1.583019076739489250e+01,0.000000000000000000e+00
-2.724437998061015054e-01,1.560829483742988799e+01,0.000000000000000000e+00
-5.370020841386027310e-01,1.537772769484659285e+01,0.000000000000000000e+00
-7.933813538200381599e-01,1.513861805773500357e+01,0.000000000000000000e+00
-1.041283098482219449e+00,1.489104207014910841e+01,0.000000000000000000e+00
-1.280410828890458763e+00,1.463516274323993827e+01,0.000000000000000000e+00
-1.510473427582046835e+00,1.437119468843436465e+01,0.000000000000000000e+00
-1.731198727135269122e+00,1.409948216945830701e+01,0.000000000000000000e+00
-1.942326158473740794e+00,1.382036873899889606e+01,0.000000000000000000e+00
-2.143981684741378846e+00,1.353656760947143667e+01,0.000000000000000000e+00
-2.336586833138268648e+00,1.325144242673518669e+01,0.000000000000000000e+00
-2.520176826447748653e+00,1.296518581345707588e+01,0.000000000000000000e+00
-2.695011999129355740e+00,1.267903459650968934e+01,0.000000000000000000e+00
-2.861339942345817899e+00,1.239382492839652450e+01,0.000000000000000000e+00
-3.019223786159098921e+00,1.210944519560481325e+01,0.000000000000000000e+00
-3.168547757926410302e+00,1.182518121878981177e+01,0.000000000000000000e+00
-3.309487933634273737e+00,1.154155602147337412e+01,0.000000000000000000e+00
-3.442291956372865780e+00,1.125922965908908857e+01,0.000000000000000000e+00
-3.567054799471042426e+00,1.097826583253400656e+01,0.000000000000000000e+00
-3.683902823972234231e+00,1.069883065368084729e+01,0.000000000000000000e+00
-3.793035468435174806e+00,1.042127930071612951e+01,0.000000000000000000e+00
-3.894601707259213175e+00,1.014578431891878729e+01,0.000000000000000000e+00
-3.988657170005216912e+00,9.872272924264558824e+00,0.000000000000000000e+00
-4.075251846027601488e+00,9.600691702791738891e+00,0.000000000000000000e+00
-4.154484091469503149e+00,9.331124046040548237e+00,0.000000000000000000e+00
-4.226465540320700320e+00,9.063684600512916134e+00,0.000000000000000000e+00
-4.291626281936827603e+00,8.799137852477747046e+00,0.000000000000000000e+00
-4.352002945870193429e+00,8.541286701554206218e+00,0.000000000000000000e+00
-4.409979086524323577e+00,8.293964379650132557e+00,0.000000000000000000e+00
-4.465652844082295125e+00,8.056250989188116662e+00,0.000000000000000000e+00
-4.519234077567842789e+00,7.827543033644174919e+00,0.000000000000000000e+00
-4.570855351797992405e+00,7.607180778789456532e+00,0.000000000000000000e+00
-4.620656138512896582e+00,7.394595565287676919e+00,0.000000000000000000e+00
-4.668758703120968079e+00,7.189257951440386485e+00,0.000000000000000000e+00
-4.715276665041113091e+00,6.990685139328880027e+00,0.000000000000000000e+00
-4.760313951900572604e+00,6.798432881873479161e+00,0.000000000000000000e+00
-4.803966351092989306e+00,6.612092432196265968e+00,0.000000000000000000e+00
-4.846322135443594803e+00,6.431286693744787897e+00,0.000000000000000000e+00
-4.887462904812394981e+00,6.255667247668702302e+00,0.000000000000000000e+00
-4.927464285765726260e+00,6.084911635420115594e+00,0.000000000000000000e+00
-4.966396415532527975e+00,5.918720770457897018e+00,0.000000000000000000e+00
-5.004324367201623325e+00,5.756816651515019423e+00,0.000000000000000000e+00
-5.041308584494681888e+00,5.598940405055636838e+00,0.000000000000000000e+00
-5.077405703362025235e+00,5.444851004386302762e+00,0.000000000000000000e+00
-5.112668609944727827e+00,5.294323329963257052e+00,0.000000000000000000e+00
-5.147146451411003909e+00,5.147146451411004797e+00,0.000000000000000000e+00
-5.180885478461608962e+00,5.003122950111350775e+00,0.000000000000000000e+00
-5.213929353675148093e+00,4.862067780358064084e+00,0.000000000000000000e+00
-5.246318594832539262e+00,4.723806480462181767e+00,0.000000000000000000e+00
-5.278091698392894493e+00,4.588175114390865339e+00,0.000000000000000000e+00
-5.309285119437563871e+00,4.455019185535082471e+00,0.000000000000000000e+00
-5.339932679631410828e+00,4.324192222301745048e+00,0.000000000000000000e+00
-5.370067160536867057e+00,4.195556285903196958e+00,0.000000000000000000e+00
-5.399719058844784314e+00,4.068980166209733795e+00,0.000000000000000000e+00
-5.428917481058180172e+00,3.944339431020507103e+00,0.000000000000000000e+00
-5.457690397987409625e+00,3.821515957885533776e+00,0.000000000000000000e+00
-5.486063790855050470e+00,3.700396750872581020e+00,0.000000000000000000e+00
-5.514063349452754004e+00,3.580874608506718459e+00,0.000000000000000000e+00
-5.541712656335091580e+00,3.462846396031826757e+00,0.000000000000000000e+00
-5.569035228888362887e+00,3.346213955016154706e+00,0.000000000000000000e+00
-5.596052816835968002e+00,3.230882600199608934e+00,0.000000000000000000e+00
-5.622786980460018569e+00,3.116761717659772835e+00,0.000000000000000000e+00
-5.649257990532134066e+00,3.003763755454907702e+00,0.000000000000000000e+00
-5.675485749023991389e+00,2.891804427370674890e+00,0.000000000000000000e+00
-5.701489282844340423e+00,2.780802126602186064e+00,0.000000000000000000e+00
-5.727287137745737056e+00,2.670677852783459816e+00,0.000000000000000000e+00
-5.752897281317913780e+00,2.561354893276228673e+00,0.000000000000000000e+00
-5.778337178956274300e+00,2.452758612034590335e+00,0.000000000000000000e+00
-5.803623901177395794e+00,2.344816260959413867e+00,0.000000000000000000e+00
-5.828774077751083027e+00,2.237456736795364609e+00,0.000000000000000000e+00
-5.853804032475611763e+00,2.130610425048589551e+00,0.000000000000000000e+00
-5.878729776784462402e+00,2.024208993215080188e+00,0.000000000000000000e+00
-5.903567030783551495e+00,1.918185206332792658e+00,0.000000000000000000e+00
-5.928331382322290288e+00,1.812472793430154994e+00,0.000000000000000000e+00
-5.953038087186168781e+00,1.707006202747074264e+00,0.000000000000000000e+00
-5.977702485698298318e+00,1.601720553636375444e+00,0.000000000000000000e+00
-6.002339508980409910e+00,1.496551322160803554e+00,0.000000000000000000e+00
-6.026964410151248508e+00,1.391434371349766552e+00,0.000000000000000000e+00
-6.051591939360966066e+00,1.286305575260587641e+00,0.000000000000000000e+00
-6.076237410165008512e+00,1.181100906182045440e+00,0.000000000000000000e+00
-6.100915542258122493e+00,1.075756017123721708e+00,0.000000000000000000e+00
-6.125641848636976583e+00,9.702063558249262032e-01,0.000000000000000000e+00
-6.150431177255815562e+00,8.643867314311436401e-01,0.000000000000000000e+00
-6.175299376327206602e+00,7.582314223663171315e-01,0.000000000000000000e+00
-6.200261589141301322e+00,6.516737527738459823e-01,0.000000000000000000e+00
-6.225334138047904808e+00,5.446461637401214251e-01,0.000000000000000000e+00
-6.250532637136011260e+00,4.370798202637854457e-01,0.000000000000000000e+00
-6.275874030989410990e+00,3.289046210242630441e-01,0.000000000000000000e+00
-6.301374590275161225e+00,2.200488495481562612e-01,0.000000000000000000e+00
-6.327052042585104452e+00,1.104391042075342222e-01,0.000000000000000000e+00
-6.352923517818561905e+00,7.780087451324445433e-16,0.000000000000000000e+00
-6.379007698600716481e+00,-1.113459935566761261e-01,0.000000000000000000e+00
-6.405322807072039382e+00,-2.236788012659967073e-01,0.000000000000000000e+00
-6.431888656890427214e+00,-3.370810011034081621e-01,0.000000000000000000e+00
-6.458724845610482213e+00,-4.516380376738824420e-01,0.000000000000000000e+00
-6.485852488551147488e+00,-5.674385660496267247e-01,0.000000000000000000e+00
-6.513292910485709797e+00,-6.845746704179529463e-01,0.000000000000000000e+00
-6.541068695773230246e+00,-8.031422476462497517e-01,0.000000000000000000e+00
-6.569203313120372201e+00,-9.232413169556530352e-01,0.000000000000000000e+00
-6.597721023772932902e+00,-1.044976351767701761e+00,0.000000000000000000e+00
-6.626647854288116868e+00,-1.168456808364852550e+00,0.000000000000000000e+00
-6.656010131365820648e+00,-1.293797306958673676e+00,0.000000000000000000e+00
-6.685836668054579768e+00,-1.421118454049039803e+00,0.000000000000000000e+00
-6.716156688773757821e+00,-1.550546946053048991e+00,0.000000000000000000e+00
-6.747001735386513488e+00,-1.682216467863392406e+00,0.000000000000000000e+00
-6.778404969091793575e+00,-1.816268137439255526e+00,0.000000000000000000e+00
-6.810400918013145066e+00,-1.952851038407817486e+00,0.000000000000000000e+00
-6.843027096445250201e+00,-2.092123337436284647e+00,0.000000000000000000e+00
-6.876322533458933961e+00,-2.234252628770964311e+00,0.000000000000000000e+00
-6.910328816870496382e+00,-2.379417028559815073e+00,0.000000000000000000e+00
-6.945090749892359305e+00,-2.527806307238356531e+00,0.000000000000000000e+00
-6.980655490902216265e+00,-2.679622583929857083e+00,0.000000000000000000e+00
-7.017073438349338055e+00,-2.835081697704409542e+00,0.000000000000000000e+00
-7.054398989500375805e+00,-2.994414714537391387e+00,0.000000000000000000e+00
-7.092690114504875964e+00,-3.157869094981856861e+00,0.000000000000000000e+00
-7.132008836773686689e+00,-3.325710338616691963e+00,0.000000000000000000e+00
-7.172422029068305172e+00,-3.498223962524293462e+00,0.000000000000000000e+00
-7.214001870253579973e+00,-3.675717545594603841e+00,0.000000000000000000e+00
-7.256826103213724899e+00,-3.858522883005953918e+00,0.000000000000000000e+00
-7.300978705136120794e+00,-4.046998580720867267e+00,0.000000000000000000e+00
-7.346550619216380085e+00,-4.241532977619789868e+00,0.000000000000000000e+00
-7.393640542497354140e+00,-4.442547433232227228e+00,0.000000000000000000e+00
-7.442355793244566975e+00,-4.650500041203359025e+00,0.000000000000000000e+00
-7.492813286069113232e+00,-4.865889842384472530e+00,0.000000000000000000e+00
-7.545140646126871076e+00,-5.089261626586541354e+00,0.000000000000000000e+00
-7.599477494777262088e+00,-5.321211428298079582e+00,0.000000000000000000e+00
-7.655976937790009984e+00,-5.562392838732693967e+00,0.000000000000000000e+00
-7.714807283339997213e+00,-5.813524274123390789e+00,0.000000000000000000e+00
-7.776154010495710089e+00,-6.075397357902861728e+00,0.000000000000000000e+00
-7.840221999617799753e+00,-6.348886591994728157e+00,0.000000000000000000e+00
-7.907238046709489154e+00,-6.634960528624887388e+00,0.000000000000000000e+00
-7.977454233391504168e+00,-6.934695166623144225e+00,0.000000000000000000e+00
-8.051151541371167397e+00,-7.249289409105387882e+00,0.000000000000000000e+00
-8.128643570548945263e+00,-7.580082759372795742e+00,0.000000000000000000e+00
-8.210282462072063581e+00,-7.928577611618381482e+00,0.000000000000000000e+00
-8.296463997815974878e+00,-8.296463997815971325e+00,0.000000000000000000e+00
-8.387635349840376620e+00,-8.685650665781079027e+00,0.000000000000000000e+00
-8.484303492750685294e+00,-9.098301591978959380e+00,0.000000000000000000e+00
-8.587045575362278527e+00,-9.536880281405997195e+00,0.000000000000000000e+00
-8.696522435280982677e+00,-1.000420466223596172e+01,0.000000000000000000e+00
-8.813488184701455452e+00,-1.050350620740457686e+01,0.000000000000000000e+00
-8.937839279010500348e+00,-1.103731231121734702e+01,0.000000000000000000e+00
-9.057836617458212558e+00,-1.159350218428770773e+01,0.000000000000000000e+00
-9.165062776573702052e+00,-1.216244909747810965e+01,0.000000000000000000e+00
-9.241568094377502263e+00,-1.271992724190442559e+01,0.000000000000000000e+00
-9.295469660895713915e+00,-1.327530646794000191e+01,0.000000000000000000e+00
-9.321251166849933156e+00,-1.381932315767555686e+01,0.000000000000000000e+00
-9.317247347591525397e+00,-1.434730274975054698e+01,0.000000000000000000e+00
-9.286113186993690150e+00,-1.486088757372943192e+01,0.000000000000000000e+00
-9.229245868217130777e+00,-1.536004453604205544e+01,0.000000000000000000e+00
-9.147486820274409069e+00,-1.584391193428193212e+01,0.000000000000000000e+00
-9.041700633668734000e+00,-1.631165973200630148e+01,0.000000000000000000e+00
-8.912714777380593034e+00,-1.676237855990302350e+01,0.000000000000000000e+00
-8.761059820689748534e+00,-1.719454804344476173e+01,0.000000000000000000e+00
-8.587446061160679989e+00,-1.760687364855272108e+01,0.000000000000000000e+00
-8.393897780177917767e+00,-1.800077187964138048e+01,0.000000000000000000e+00
-8.181344616388123825e+00,-1.837560086839101459e+01,0.000000000000000000e+00
-7.948932845091868593e+00,-1.872651224888381094e+01,0.000000000000000000e+00
-7.699109028280386013e+00,-1.905596353891548134e+01,0.000000000000000000e+00
-7.433141041894422152e+00,-1.936399444456582231e+01,0.000000000000000000e+00
-7.151630968324196758e+00,-1.964894459774313873e+01,0.000000000000000000e+00
-6.855677031666986387e+00,-1.991033180919955825e+01,0.000000000000000000e+00
-6.546367365635844315e+00,-2.014764706951876505e+01,0.000000000000000000e+00
-6.224884825866190852e+00,-2.036068083244659377e+01,0.000000000000000000e+00
-5.892387151932496181e+00,-2.054919606235200291e+01,0.000000000000000000e+00
-5.549996927094372978e+00,-2.071287051376735633e+01,0.000000000000000000e+00
-5.197685190296955859e+00,-2.084677665976465377e+01,0.000000000000000000e+00
-4.838060802049553466e+00,-2.095594364239746454e+01,0.000000000000000000e+00
-4.472203582558213597e+00,-2.104006363022073600e+01,0.000000000000000000e+00
-4.101249276921665299e+00,-2.109909843808270935e+01,0.000000000000000000e+00
-3.725086178251042490e+00,-2.112601351922435455e+01,0.000000000000000000e+00
-3.346400379480101162e+00,-2.112834046465160398e+01,0.000000000000000000e+00
-2.966294714667288890e+00,-2.110628360041187435e+01,0.000000000000000000e+00
-2.584843524004086568e+00,-2.105186112159599787e+01,0.000000000000000000e+00
-2.204180596167817363e+00,-2.097137751486625135e+01,0.000000000000000000e+00
-1.825579396955691713e+00,-2.086646799004705244e+01,0.000000000000000000e+00
-1.449636362955358360e+00,-2.073076582021821324e+01,0.000000000000000000e+00
-1.077934488761891796e+00,-2.056821532048189738e+01,0.000000000000000000e+00
-7.120256927759048837e-01,-2.038974808227438729e+01,0.000000000000000000e+00
-3.526387261417933128e-01,-2.020265909018323569e+01,0.000000000000000000e+00
-3.675051865627601259e-15,-2.000605055099051910e+01,0.000000000000000000e+00
3.456512393396006799e-01,-1.980234623939059802e+01,0.000000000000000000e+00
6.841554414898178837e-01,-1.959164850738719821e+01,0.000000000000000000e+00
1.015352165524117334e+00,-1.937407345654648338e+01,0.000000000000000000e+00
1.339075476930779995e+00,-1.914967148813445874e+01,0.000000000000000000e+00
1.655156657968016809e+00,-1.891852716983816052e+01,0.000000000000000000e+00
1.963427504844877047e+00,-1.868076486053912433e+01,0.000000000000000000e+00
2.263684104792774932e+00,-1.843622755293187154e+01,0.000000000000000000e+00
2.555810772468209979e+00,-1.818553858656369471e+01,0.000000000000000000e+00
2.839684218325162934e+00,-1.792906053464933436e+01,0.000000000000000000e+00
3.115105968060762454e+00,-1.766664384284566580e+01,0.000000000000000000e+00
3.381912922464143545e+00,-1.739843370692477009e+01,0.000000000000000000e+00
3.640019703581729882e+00,-1.712494629656543310e+01,0.000000000000000000e+00
3.889264150647105289e+00,-1.684625383724620207e+01,0.000000000000000000e+00
4.129973443372820796e+00,-1.656441874268911008e+01,0.000000000000000000e+00
4.363484967381393353e+00,-1.628474759633041913e+01,0.000000000000000000e+00
4.591214895615697067e+00,-1.601146914174769620e+01,0.000000000000000000e+00
4.813609123354892105e+00,-1.574460600548449918e+01,0.000000000000000000e+00
5.030981890111289268e+00,-1.548377013902236676e+01,0.000000000000000000e+00
5.243628433392299115e+00,-1.522860273474816672e+01,0.000000000000000000e+00
5.451827689899439555e+00,-1.497877347275615634e+01,0.000000000000000000e+00
5.655840183897391071e+00,-1.473396741472686955e+01,0.000000000000000000e+00
5.855911771769993557e+00,-1.449389024107364321e+01,0.000000000000000000e+00
6.052274175622160968e+00,-1.425826443525348175e+01,0.000000000000000000e+00
6.245145759189198564e+00,-1.402682703353092109e+01,0.000000000000000000e+00
6.434733351874323048e+00,-1.379933020472814675e+01,0.000000000000000000e+00
6.621232943859227227e+00,-1.357553934078596569e+01,0.000000000000000000e+00
6.804830004278892730e+00,-1.335523085457441717e+01,0.000000000000000000e+00
6.985701304571978909e+00,-1.313819332251293126e+01,0.000000000000000000e+00
7.164014983317985141e+00,-1.292422514938564859e+01,0.000000000000000000e+00
7.339931009856737631e+00,-1.271313343312220390e+01,0.000000000000000000e+00
7.513602905877871052e+00,-1.250473515478177156e+01,0.000000000000000000e+00
7.685176892795571035e+00,-1.229885394332917237e+01,0.000000000000000000e+00
7.854793568177505847e+00,-1.209532141363268565e+01,0.000000000000000000e+00
8.022588004198555112e+00,-1.189397584148329479e+01,0.000000000000000000e+00
8.188689710553594736e+00,-1.169466088795678083e+01,0.000000000000000000e+00
8.353224359325317039e+00,-1.149722698581477509e+01,0.000000000000000000e+00
8.516312426991170526e+00,-1.130152830554018983e+01,0.000000000000000000e+00
8.678071425180805321e+00,-1.110742490423403162e+01,0.000000000000000000e+00
8.838614663455533815e+00,-1.091478011561024530e+01,0.000000000000000000e+00
8.998052668636290718e+00,-1.072346159419922174e+01,0.000000000000000000e+00
9.156493060066511092e+00,-1.053334033723894514e+01,0.000000000000000000e+00
9.314040627942297590e+00,-1.034429008502028147e+01,0.000000000000000000e+00
9.470798475716440734e+00,-1.015618794430776362e+01,0.000000000000000000e+00
9.626866898951851326e+00,-9.968912500691658352e+00,0.000000000000000000e+00
9.782345476523921945e+00,-9.782345476523927275e+00,0.000000000000000000e+00
9.937331207104580955e+00,-9.596369198240932263e+00,0.000000000000000000e+00
1.009192103008412822e+01,-9.410868608663376378e+00,0.000000000000000000e+00
1.024620978281268080e+01,-9.225728727168625909e+00,0.000000000000000000e+00
1.040029260728582017e+01,-9.040836432921713239e+00,0.000000000000000000e+00
1.055426323328022420e+01,-8.856078386393368973e+00,0.000000000000000000e+00
1.070821585415978028e+01,-8.671342222704232938e+00,0.000000000000000000e+00
1.086224408407309561e+01,-8.486515174493929337e+00,0.000000000000000000e+00
1.101644202968842023e+01,-8.301484509194354544e+00,0.000000000000000000e+00
1.117090415098733480e+01,-8.116136941963921103e+00,0.000000000000000000e+00
1.132572535417678949e+01,-7.930358268687430545e+00,0.000000000000000000e+00
1.148100189604322630e+01,-7.744033560765199553e+00,0.000000000000000000e+00
1.163683041886791791e+01,-7.557046034764591802e+00,0.000000000000000000e+00
1.179330992017172264e+01,-7.369277926683547975e+00,0.000000000000000000e+00
1.195053981219569650e+01,-7.180608749269417501e+00,0.000000000000000000e+00
1.210862275036061320e+01,-6.990916604436335113e+00,0.000000000000000000e+00
1.226766212509996201e+01,-6.800076156107216718e+00,0.000000000000000000e+00
1.242776512041397297e+01,-6.607959928997662047e+00,0.000000000000000000e+00
1.258904051010348368e+01,-6.414436524614053781e+00,0.000000000000000000e+00
1.275160090612723884e+01,-6.219371318304228957e+00,0.000000000000000000e+00
1.291556198631512942e+01,-6.022625463594326156e+00,0.000000000000000000e+00
1.308104289477080862e+01,-5.824055530503374989e+00,0.000000000000000000e+00
1.324816770499114682e+01,-5.623513551690140666e+00,0.000000000000000000e+00
1.341706366906783998e+01,-5.420845596003485589e+00,0.000000000000000000e+00
1.358786447648806472e+01,-5.215892485459105110e+00,0.000000000000000000e+00
1.376070785938845020e+01,-5.008488063250383426e+00,0.000000000000000000e+00
1.393573811725272016e+01,-4.798459445343442376e+00,0.000000000000000000e+00
1.411310606628059539e+01,-4.585626135958682070e+00,0.000000000000000000e+00
1.429296844490116847e+01,-4.369798982726769587e+00,0.000000000000000000e+00
1.447549097515106453e+01,-4.150780243717830942e+00,0.000000000000000000e+00
1.466084651580598219e+01,-3.928361984266851348e+00,0.000000000000000000e+00
1.484921693713053337e+01,-3.702325602719890529e+00,0.000000000000000000e+00
1.504079470163068066e+01,-3.472441065856433973e+00,0.000000000000000000e+00
1.523578173506661493e+01,-3.238465379960691948e+00,0.000000000000000000e+00
1.543439184268847519e+01,-3.000141857734463624e+00,0.000000000000000000e+00
1.563685196776916442e+01,-2.757198895261956828e+00,0.000000000000000000e+00
1.584340193113892603e+01,-2.509348347700120829e+00,0.000000000000000000e+00
1.605429638203654719e+01,-2.256284214091006657e+00,0.000000000000000000e+00
1.626980683898871405e+01,-1.997681088700299146e+00,0.000000000000000000e+00
1.649022276973764178e+01,-1.733192253573919261e+00,0.000000000000000000e+00
1.671585179790535491e+01,-1.462447533496155749e+00,0.000000000000000000e+00
1.694702277564746140e+01,-1.185051274635093632e+00,0.000000000000000000e+00
1.718409567247840997e+01,-9.005802931819213430e-01,0.000000000000000000e+00
1.742742300484279028e+01,-6.085790215872940445e-01,0.000000000000000000e+00
1.767748881722122434e+01,-3.085617150724375701e-01,0.000000000000000000e+00
1.793453411444794909e+01,-4.392693959491538194e-15,0.000000000000000000e+00
