9.985355624792354945e+00,0.000000000000000000e+00,0.000000000000000000e+00
9.963163950972278471e+00,1.739076736546979474e-01,0.000000000000000000e+00
9.941883580188646263e+00,3.471782248175593333e-01,0.000000000000000000e+00
9.921543231918702688e+00,5.199660478455466750e-01,0.000000000000000000e+00
9.902165274215223079e+00,6.924268489636071777e-01,0.000000000000000000e+00
9.883765673135810559e+00,8.647174493460565436e-01,0.000000000000000000e+00
9.866353947513044176e+00,1.036995586513846712e+00,0.000000000000000000e+00
9.849933129115871822e+00,1.209419714181465544e+00,0.000000000000000000e+00
9.834499728249481265e+00,1.382148800688623780e+00,0.000000000000000000e+00
9.820043704837573273e+00,1.555342126153184790e+00,0.000000000000000000e+00
9.806548445027836181e+00,1.729159078483050171e+00,0.000000000000000000e+00
9.793990743358035544e+00,1.903758948385888328e+00,0.000000000000000000e+00
9.782340790516887097e+00,2.079300723516675387e+00,0.000000000000000000e+00
9.771562166730520360e+00,2.255942881904063668e+00,0.000000000000000000e+00
9.761611840801968754e+00,2.433843184797499948e+00,0.000000000000000000e+00
9.752440174827754049e+00,2.613158469077933699e+00,0.000000000000000000e+00
9.743990934612121180e+00,2.794044439375679811e+00,0.000000000000000000e+00
9.736201305796209127e+00,2.976655460039774326e+00,0.000000000000000000e+00
9.729001915715821625e+00,3.161144347103748586e+00,0.000000000000000000e+00
9.722316860997988641e+00,3.347662160393307662e+00,0.000000000000000000e+00
9.716063740903180701e+00,3.536357995921884712e+00,0.000000000000000000e+00
9.710153696416290003e+00,3.727378778720415564e+00,0.000000000000000000e+00
9.704491455086127871e+00,3.920869056247977102e+00,0.000000000000000000e+00
9.698975381609555413e+00,4.116970792530197265e+00,0.000000000000000000e+00
9.693497534152912820e+00,4.315823163172439081e+00,0.000000000000000000e+00
9.687943726399682376e+00,4.517562351394846409e+00,0.000000000000000000e+00
9.682193595310012668e+00,4.722321345236357715e+00,0.000000000000000000e+00
9.676120674573823521e+00,4.930229736074563718e+00,0.000000000000000000e+00
9.669592473736004834e+00,5.141413518608283439e+00,0.000000000000000000e+00
9.662470562968319854e+00,5.355994892449272626e+00,0.000000000000000000e+00
9.654610663459331832e+00,5.574092065469274715e+00,0.000000000000000000e+00
9.645862743389791660e+00,5.795819059048071153e+00,0.000000000000000000e+00
9.636071119457733758e+00,6.021285515367742036e+00,0.000000000000000000e+00
9.625074563913642578e+00,6.250596506897736937e+00,0.000000000000000000e+00
9.612706417062609532e+00,6.483852348214576899e+00,0.000000000000000000e+00
9.598878947799148520e+00,6.721207397611450141e+00,0.000000000000000000e+00
9.583950315960368727e+00,6.963147490835623010e+00,0.000000000000000000e+00
9.568398761473654091e+00,7.210305639707031311e+00,0.000000000000000000e+00
9.552660177629160643e+00,7.463356091684770099e+00,0.000000000000000000e+00
9.537126085001714770e+00,7.723012426201995240e+00,0.000000000000000000e+00
9.522141800516758181e+00,7.990025672831372106e+00,0.000000000000000000e+00
9.508004671312168199e+00,8.265182363866397708e+00,0.000000000000000000e+00
9.494962375422241863e+00,8.549302523286010924e+00,0.000000000000000000e+00
9.483211291255280173e+00,8.843237594126565071e+00,0.000000000000000000e+00
9.472894937779992475e+00,9.147868306340892985e+00,0.000000000000000000e+00
9.464102487277919806e+00,9.464102487277918030e+00,0.000000000000000000e+00
9.456867352460108123e+00,9.792872816968809957e+00,0.000000000000000000e+00
9.451165849685480680e+00,1.013513453045655233e+01,0.000000000000000000e+00
9.446915939956465280e+00,1.049186306945503766e+01,0.000000000000000000e+00
9.443976049304284359e+00,1.086405168567153368e+01,0.000000000000000000e+00
9.441920230432067740e+00,1.125244235560536588e+01,0.000000000000000000e+00
9.439278605973209224e+00,1.165653831025846188e+01,0.000000000000000000e+00
9.434345458586941291e+00,1.207541152493713099e+01,0.000000000000000000e+00
9.425486717557740590e+00,1.250804333978695482e+01,0.000000000000000000e+00
9.411143510877534979e+00,1.295332777933144364e+01,0.000000000000000000e+00
9.389835575744543306e+00,1.341007496113576636e+01,0.000000000000000000e+00
9.360164546924423234e+00,1.387701461612688902e+01,0.000000000000000000e+00
9.320817119710808285e+00,1.435279971676582633e+01,0.000000000000000000e+00
9.270566992341349177e+00,1.483600846163209930e+01,0.000000000000000000e+00
9.207056630442549405e+00,1.532311544288483063e+01,0.000000000000000000e+00
9.124693630393192478e+00,1.580443297134111624e+01,0.000000000000000000e+00
9.018927092304947379e+00,1.627057517582937152e+01,0.000000000000000000e+00
8.892101341822376881e+00,1.672361032610697151e+01,0.000000000000000000e+00
8.746100315832057603e+00,1.716518836205391096e+01,0.000000000000000000e+00
8.579871201606215081e+00,1.759134288490879428e+01,0.000000000000000000e+00
8.394404270774252552e+00,1.800185805223037860e+01,0.000000000000000000e+00
8.190867365089234298e+00,1.839698931216235067e+01,0.000000000000000000e+00
7.970879343221036528e+00,1.877821495842296429e+01,0.000000000000000000e+00
7.733580358426970669e+00,1.914128307498108228e+01,0.000000000000000000e+00
7.480342848748804840e+00,1.948695935543598523e+01,0.000000000000000000e+00
7.211981024362421167e+00,1.981475501397096295e+01,0.000000000000000000e+00
6.930363844160895681e+00,2.012723806246329872e+01,0.000000000000000000e+00
6.633866988179719648e+00,2.041694321733110584e+01,0.000000000000000000e+00
6.325053964897207059e+00,2.068831932313752375e+01,0.000000000000000000e+00
6.004652808973230727e+00,2.094071293626312880e+01,0.000000000000000000e+00
5.673355523210484641e+00,2.117325106202304497e+01,0.000000000000000000e+00
5.331989507596653688e+00,2.138544185488183658e+01,0.000000000000000000e+00
4.981457170959253666e+00,2.157706155478981458e+01,0.000000000000000000e+00
4.622677867160895460e+00,2.174798948026477419e+01,0.000000000000000000e+00
4.256528646260249182e+00,2.189794154121081959e+01,0.000000000000000000e+00
3.883517368115566359e+00,2.202452144596341554e+01,0.000000000000000000e+00
3.504970146171331180e+00,2.212951056928004334e+01,0.000000000000000000e+00
3.121935923800971846e+00,2.221372834743700864e+01,0.000000000000000000e+00
2.735164312290673472e+00,2.227612569672812626e+01,0.000000000000000000e+00
2.345318466668119495e+00,2.231421465309897201e+01,0.000000000000000000e+00
1.953747730641166580e+00,2.233143874762982506e+01,0.000000000000000000e+00
1.561240773492123646e+00,2.232678324808166437e+01,0.000000000000000000e+00
1.168566595406603570e+00,2.229757893566653593e+01,0.000000000000000000e+00
7.769006775297314649e-01,2.224752457741006140e+01,0.000000000000000000e+00
3.870712798296641610e-01,2.217529876981029346e+01,0.000000000000000000e+00
1.351932712680850272e-15,2.207873672020567213e+01,0.000000000000000000e+00
-3.833339234681549801e-01,2.196118576725911353e+01,0.000000000000000000e+00
-7.620562372902294213e-01,2.182243542686865467e+01,0.000000000000000000e+00
-1.135142219558949339e+00,2.165980385141549647e+01,0.000000000000000000e+00
-1.501680855207972565e+00,2.147503673442295380e+01,0.000000000000000000e+00
-1.860805730285425730e+00,2.126910682244041695e+01,0.000000000000000000e+00
-2.211605070146562824e+00,2.104201666618088495e+01,0.000000000000000000e+00
-2.553146555683794894e+00,2.079371003087897662e+01,0.000000000000000000e+00
-2.884500562437460225e+00,2.052428796616774065e+01,0.000000000000000000e+00
-3.204772621673971145e+00,2.023413799428315585e+01,0.000000000000000000e+00
-3.513170917913439606e+00,1.992418235597215670e+01,0.000000000000000000e+00
-3.809065217930451830e+00,1.959594176399693310e+01,0.000000000000000000e+00
-4.090870749664424544e+00,1.924603370285595005e+01,0.000000000000000000e+00
-4.357829963862117850e+00,1.887583535270135116e+01,0.000000000000000000e+00
-4.610552855886903778e+00,1.849191748745042219e+01,0.000000000000000000e+00
-4.845681625234666612e+00,1.808433002267870293e+01,0.000000000000000000e+00
-5.064413958487646639e+00,1.766171038841934049e+01,0.000000000000000000e+00
-5.265874309475170989e+00,1.722389877375523426e+01,0.000000000000000000e+00
-5.448728960295462720e+00,1.676946341963138565e+01,0.000000000000000000e+00
-5.611837790335458820e+00,1.629796035444449487e+01,0.000000000000000000e+00
-5.757496033126799695e+00,1.581859034361544580e+01,0.000000000000000000e+00
-5.889696141054215239e+00,1.534318301142961616e+01,0.000000000000000000e+00
-6.009805637729406236e+00,1.487479092553119031e+01,0.000000000000000000e+00
-6.117733293432578989e+00,1.441247645281187850e+01,0.000000000000000000e+00
-6.213748119982676954e+00,1.395630678125927737e+01,0.000000000000000000e+00
-6.297765573196910438e+00,1.350560185546762604e+01,0.000000000000000000e+00
-6.370398808048556738e+00,1.306125314853412256e+01,0.000000000000000000e+00
-6.436237661349317740e+00,1.263182765009207387e+01,0.000000000000000000e+00
-6.498996534623683097e+00,1.222283478086085573e+01,0.000000000000000000e+00
-6.558865610727997897e+00,1.183250678216078278e+01,0.000000000000000000e+00
-6.616091283191408934e+00,1.145940625000109492e+01,0.000000000000000000e+00
-6.670878996272202599e+00,1.110220704273884529e+01,0.000000000000000000e+00
-6.723411770760816530e+00,1.075970800970957164e+01,0.000000000000000000e+00
-6.773856248236512556e+00,1.043082390657590253e+01,0.000000000000000000e+00
-6.822363539163161406e+00,1.011456989616774571e+01,0.000000000000000000e+00
-6.869071039372839138e+00,9.810050113050301945e+00,0.000000000000000000e+00
-6.914104019142723878e+00,9.516447768205123836e+00,0.000000000000000000e+00
-6.957576953004982023e+00,9.233016466510768794e+00,0.000000000000000000e+00
-6.999594685346007594e+00,8.959072646251769356e+00,0.000000000000000000e+00
-7.040253444391307625e+00,8.693988959764931579e+00,0.000000000000000000e+00
-7.079641732560237877e+00,8.437188469058559903e+00,0.000000000000000000e+00
-7.117841105579538308e+00,8.188139535477764852e+00,0.000000000000000000e+00
-7.154926849361414654e+00,7.946351301588192584e+00,0.000000000000000000e+00
-7.190968560155605260e+00,7.711369678682117090e+00,0.000000000000000000e+00
-7.226030717114023005e+00,7.482773855953377407e+00,0.000000000000000000e+00
-7.260173308346129062e+00,7.260173308346130838e+00,0.000000000000000000e+00
-7.293452140388464677e+00,7.043204861565764752e+00,0.000000000000000000e+00
-7.325919105789605368e+00,6.831530085972936206e+00,0.000000000000000000e+00
-7.357622441093036869e+00,6.624833002376719904e+00,0.000000000000000000e+00
-7.388607496455029455e+00,6.422818507597908955e+00,0.000000000000000000e+00
-7.418916873433616388e+00,6.225210412233049162e+00,0.000000000000000000e+00
-7.448590162064461673e+00,6.031749383053210067e+00,0.000000000000000000e+00
-7.477664524357752640e+00,5.842191812719903510e+00,0.000000000000000000e+00
-7.506175464925319396e+00,5.656308922376696025e+00,0.000000000000000000e+00
-7.534155922505711089e+00,5.473884690323862934e+00,0.000000000000000000e+00
-7.561636948967504601e+00,5.294715192872113896e+00,0.000000000000000000e+00
-7.588648534115652211e+00,5.118608067584804466e+00,0.000000000000000000e+00
-7.615218277985319695e+00,4.945380573580139938e+00,0.000000000000000000e+00
-7.641372852653147696e+00,4.774859702134901518e+00,0.000000000000000000e+00
-7.667137703293425588e+00,4.606881106570437368e+00,0.000000000000000000e+00
-7.692536361481927543e+00,4.441287939052573464e+00,0.000000000000000000e+00
-7.717592280124836002e+00,4.277931256295212314e+00,0.000000000000000000e+00
-7.742326865542823455e+00,4.116668217415170972e+00,0.000000000000000000e+00
-7.766761316861916953e+00,3.957362551090010339e+00,0.000000000000000000e+00
-7.790915649834013301e+00,3.799883457191822522e+00,0.000000000000000000e+00
-7.814808947982744058e+00,3.644105259462561808e+00,0.000000000000000000e+00
-7.838460105103861153e+00,3.489907287438804406e+00,0.000000000000000000e+00
-7.861886495618357173e+00,3.337172825288375666e+00,0.000000000000000000e+00
-7.885105950226088289e+00,3.185789597380185967e+00,0.000000000000000000e+00
-7.908134569268974623e+00,3.035648445362647774e+00,0.000000000000000000e+00
-7.930989152967464761e+00,2.886643979968279705e+00,0.000000000000000000e+00
-7.953684880512677857e+00,2.738673331765025587e+00,0.000000000000000000e+00
-7.976237608683470981e+00,2.591636700894917045e+00,0.000000000000000000e+00
-7.998661837956054121e+00,2.445436334475683982e+00,0.000000000000000000e+00
-8.020972628362375900e+00,2.299976890480609271e+00,0.000000000000000000e+00
-8.043183971890217165e+00,2.155164649842935987e+00,0.000000000000000000e+00
-8.065310298260273569e+00,2.010907708975772312e+00,0.000000000000000000e+00
-8.087365227540979973e+00,1.867115381054166079e+00,0.000000000000000000e+00
-8.109362723803668516e+00,1.723698257906752573e+00,0.000000000000000000e+00
-8.131316158859998922e+00,1.580567748655733906e+00,0.000000000000000000e+00
-8.153239186075467160e+00,1.437636048674629130e+00,0.000000000000000000e+00
-8.175145050272398350e+00,1.294815773359298205e+00,0.000000000000000000e+00
-8.197047237685492149e+00,1.152019860879250013e+00,0.000000000000000000e+00
-8.218958990881416682e+00,1.009161270774355135e+00,0.000000000000000000e+00
-8.240893762093076447e+00,8.661528367704784959e-01,0.000000000000000000e+00
-8.262864923858787236e+00,7.229070090836414719e-01,0.000000000000000000e+00
-8.284886018890510684e+00,5.793356666163772539e-01,0.000000000000000000e+00
-8.306970692863265171e+00,4.353498865822696962e-01,0.000000000000000000e+00
-8.329132696966823346e+00,2.908597229769590009e-01,0.000000000000000000e+00
-8.351386107201104636e+00,1.457739867418089696e-01,0.000000000000000000e+00
-8.373744997757484043e+00,1.025488000837986222e-15,0.000000000000000000e+00
-8.396224048006242668e+00,-1.465566359098118832e-01,0.000000000000000000e+00
-8.418837771914425616e+00,-2.939922932214420470e-01,0.000000000000000000e+00
-8.441601638918394102e+00,-4.424055954877918473e-01,0.000000000000000000e+00
-8.464530734675220103e+00,-5.918976488736978903e-01,0.000000000000000000e+00
-8.487641506473403652e+00,-7.425724118885164149e-01,0.000000000000000000e+00
-8.510949787875517814e+00,-8.945368688392280054e-01,0.000000000000000000e+00
-8.534473157618371886e+00,-1.047901539195795984e+00,0.000000000000000000e+00
-8.558228479669976352e+00,-1.202780574106597777e+00,0.000000000000000000e+00
-8.582234525438508399e+00,-1.359292412045489007e+00,0.000000000000000000e+00
-8.606509636043007561e+00,-1.517559858561774444e+00,0.000000000000000000e+00
-8.631073744072287113e+00,-1.677710782563215819e+00,0.000000000000000000e+00
-8.655947200106059114e+00,-1.839878374851800391e+00,0.000000000000000000e+00
-8.681151136271187951e+00,-2.004201659718555906e+00,0.000000000000000000e+00
-8.706708314435218199e+00,-2.170826195376247103e+00,0.000000000000000000e+00
-8.732641495172805080e+00,-2.339904236422064798e+00,0.000000000000000000e+00
-8.758975785642260092e+00,-2.511595890506046036e+00,0.000000000000000000e+00
-8.785736690994367493e+00,-2.686069265654064342e+00,0.000000000000000000e+00
-8.812951275972812581e+00,-2.863501451504488315e+00,0.000000000000000000e+00
-8.840648629313776041e+00,-3.044079442464163954e+00,0.000000000000000000e+00
-8.868858536285085137e+00,-3.228000519125489465e+00,0.000000000000000000e+00
-8.897613272270751494e+00,-3.415473732878522295e+00,0.000000000000000000e+00
-8.926947037964174214e+00,-3.606720719978997902e+00,0.000000000000000000e+00
-8.956895499851212250e+00,-3.801976571107977154e+00,0.000000000000000000e+00
-8.987497192035057481e+00,-4.001491559023929057e+00,0.000000000000000000e+00
-9.018793229648641940e+00,-4.205532350301613320e+00,0.000000000000000000e+00
-9.050827041024261277e+00,-4.414383301380659042e+00,0.000000000000000000e+00
-9.083645090993652360e+00,-4.628348348036401383e+00,0.000000000000000000e+00
-9.117297530024481844e+00,-4.847753087977922704e+00,0.000000000000000000e+00
-9.151837955070035946e+00,-5.072946615924318614e+00,0.000000000000000000e+00
-9.187323807753370986e+00,-5.304303873538666281e+00,0.000000000000000000e+00
-9.223816886413338523e+00,-5.542228324167182585e+00,0.000000000000000000e+00
-9.261383906808518418e+00,-5.787154959630912643e+00,0.000000000000000000e+00
-9.300096990643014649e+00,-6.039553603196891274e+00,0.000000000000000000e+00
-9.340034119895136655e+00,-6.299932561468124526e+00,0.000000000000000000e+00
-9.381279804663105182e+00,-6.568842837279619928e+00,0.000000000000000000e+00
-9.423925831991963875e+00,-6.846882897710464100e+00,0.000000000000000000e+00
-9.468072101772383675e+00,-7.134704078955855344e+00,0.000000000000000000e+00
-9.513827571240369707e+00,-7.433016734473412157e+00,0.000000000000000000e+00
-9.561311328329633596e+00,-7.742597250087884575e+00,0.000000000000000000e+00
-9.610653810381139195e+00,-8.064296067663333289e+00,0.000000000000000000e+00
-9.661998182361166698e+00,-8.399046880731045661e+00,0.000000000000000000e+00
-9.715502046411813808e+00,-8.747877334973138019e+00,0.000000000000000000e+00
-9.771339440804810650e+00,-9.111921440322426236e+00,0.000000000000000000e+00
-9.829702798677244502e+00,-9.492433652372296748e+00,0.000000000000000000e+00
-9.890805336457942687e+00,-9.890805336457939134e+00,0.000000000000000000e+00
-9.954884779266391703e+00,-1.030858495922269213e+01,0.000000000000000000e+00
-1.002220591493417601e+01,-1.074750002859970266e+01,0.000000000000000000e+00
-1.009306561766108423e+01,-1.120948498796663984e+01,0.000000000000000000e+00
-1.016779694342204721e+01,-1.169671237475107084e+01,0.000000000000000000e+00
-1.024677550708329399e+01,-1.221163152307286737e+01,0.000000000000000000e+00
-1.033042446748679488e+01,-1.275701180069955143e+01,0.000000000000000000e+00
-1.041920063400236884e+01,-1.333596866563216032e+01,0.000000000000000000e+00
-1.051211973814165290e+01,-1.395005406275458171e+01,0.000000000000000000e+00
-1.058586325070279699e+01,-1.457019079084752988e+01,0.000000000000000000e+00
-1.063359617613234143e+01,-1.518634918344396390e+01,0.000000000000000000e+00
-1.065326376287451815e+01,-1.579411304210893618e+01,0.000000000000000000e+00
-1.064164147885023226e+01,-1.638669087075748365e+01,0.000000000000000000e+00
-1.060185055920374886e+01,-1.696650752162692299e+01,0.000000000000000000e+00
-1.053498545637283712e+01,-1.753316014190241390e+01,0.000000000000000000e+00
-1.044128330476881317e+01,-1.808483318008023844e+01,0.000000000000000000e+00
-1.032142654249736324e+01,-1.862034638519127583e+01,0.000000000000000000e+00
-1.017799556750718537e+01,-1.914202562798842422e+01,0.000000000000000000e+00
-1.001161690764828371e+01,-1.964890452004350152e+01,0.000000000000000000e+00
-9.820173912989385911e+00,-2.013434029877890552e+01,0.000000000000000000e+00
-9.606983840432111066e+00,-2.060224333103017003e+01,0.000000000000000000e+00
-9.373168157178769277e+00,-2.105248036901153696e+01,0.000000000000000000e+00
-9.117042211446015898e+00,-2.147840546315011068e+01,0.000000000000000000e+00
-8.842082511650650289e+00,-2.188492218140864765e+01,0.000000000000000000e+00
-8.550205183097380868e+00,-2.227404602337521666e+01,0.000000000000000000e+00
-8.238794936539958869e+00,-2.263590305166063033e+01,0.000000000000000000e+00
-7.912694955814526310e+00,-2.298013476240716102e+01,0.000000000000000000e+00
-7.569257442048841433e+00,-2.329577901803497397e+01,0.000000000000000000e+00
-7.212713822691070753e+00,-2.359172389332580977e+01,0.000000000000000000e+00
-6.842816376381881227e+00,-2.386373666754531087e+01,0.000000000000000000e+00
-6.459621792677254781e+00,-2.410763672795068047e+01,0.000000000000000000e+00
-6.065448474229644837e+00,-2.432718509378433325e+01,0.000000000000000000e+00
-5.661283175669881373e+00,-2.452171149290484919e+01,0.000000000000000000e+00
-5.248128630351229340e+00,-2.469050397276625830e+01,0.000000000000000000e+00
-4.827059702846578482e+00,-2.483306937960784566e+01,0.000000000000000000e+00
-4.399198462419922073e+00,-2.494909426081228432e+01,0.000000000000000000e+00
-3.965690060980253673e+00,-2.503838162924581567e+01,0.000000000000000000e+00
-3.527687430929999035e+00,-2.510080033607457750e+01,0.000000000000000000e+00
-3.086342256546708462e+00,-2.513624053261329649e+01,0.000000000000000000e+00
-2.642801113628599374e+00,-2.514457297508783284e+01,0.000000000000000000e+00
-2.198207145024123843e+00,-2.512562263992940359e+01,0.000000000000000000e+00
-1.753671868136486456e+00,-2.507867611000432007e+01,0.000000000000000000e+00
-1.310377551072062330e+00,-2.500349316453634785e+01,0.000000000000000000e+00
-8.695769787413741847e-01,-2.490142661223065801e+01,0.000000000000000000e+00
-4.325484200263066681e-01,-2.478068238675274415e+01,0.000000000000000000e+00
-4.527779477339439274e-15,-2.464808346097207448e+01,0.000000000000000000e+00
4.277206053565792421e-01,-2.450409706956415690e+01,0.000000000000000000e+00
8.502803506119266386e-01,-2.434884348160919743e+01,0.000000000000000000e+00
1.267349588902247692e+00,-2.418247073697989080e+01,0.000000000000000000e+00
1.678604365628308503e+00,-2.400516080991011236e+01,0.000000000000000000e+00
2.083728654495014432e+00,-2.381712750564061665e+01,0.000000000000000000e+00
2.482413812239746331e+00,-2.361858973584513421e+01,0.000000000000000000e+00
2.874280371951448032e+00,-2.340913508030022072e+01,0.000000000000000000e+00
3.258940180271812981e+00,-2.318856428576739148e+01,0.000000000000000000e+00
3.636207687097384067e+00,-2.295811179208417130e+01,0.000000000000000000e+00
4.005894425346063770e+00,-2.271855622577311351e+01,0.000000000000000000e+00
4.367754579158892092e+00,-2.247014936098455351e+01,0.000000000000000000e+00
4.720798734373537364e+00,-2.220961186652151298e+01,0.000000000000000000e+00
5.065570776528592667e+00,-2.194139760801246197e+01,0.000000000000000000e+00
5.401637352340932452e+00,-2.166478410264408083e+01,0.000000000000000000e+00
5.728053044159982399e+00,-2.137738498925467212e+01,0.000000000000000000e+00
6.045774638545941215e+00,-2.108412179867214675e+01,0.000000000000000000e+00
6.353015578165381427e+00,-2.077977763911277620e+01,0.000000000000000000e+00
6.650931227684320213e+00,-2.046946154632884429e+01,0.000000000000000000e+00
6.938542123378931947e+00,-2.015098950992901905e+01,0.000000000000000000e+00
7.215318530992355761e+00,-1.982392473807398048e+01,0.000000000000000000e+00
7.481897694123747833e+00,-1.949100986611953701e+01,0.000000000000000000e+00
7.737877592391353865e+00,-1.915191910227238381e+01,0.000000000000000000e+00
7.982270275050785457e+00,-1.880505031212302924e+01,0.000000000000000000e+00
8.215196460184959193e+00,-1.845163335442318342e+01,0.000000000000000000e+00
8.436741575292888484e+00,-1.809265069476630572e+01,0.000000000000000000e+00
8.646652661360635150e+00,-1.772826516838955513e+01,0.000000000000000000e+00
8.844818979891241995e+00,-1.735893464922590823e+01,0.000000000000000000e+00
9.031049289130455904e+00,-1.698493340791484485e+01,0.000000000000000000e+00
9.204519798896610538e+00,-1.660539328155079630e+01,0.000000000000000000e+00
9.365264778859868855e+00,-1.622111442332059639e+01,0.000000000000000000e+00
9.514175040769078606e+00,-1.583424631184338338e+01,0.000000000000000000e+00
9.650911676800902228e+00,-1.544468719310995652e+01,0.000000000000000000e+00
9.773913007413108645e+00,-1.505050619948708501e+01,0.000000000000000000e+00
9.883620845340294281e+00,-1.465307049288040808e+01,0.000000000000000000e+00
9.980697568818213128e+00,-1.425391333880359923e+01,0.000000000000000000e+00
1.006476925014830393e+01,-1.385296642961834479e+01,0.000000000000000000e+00
1.013534480809846272e+01,-1.345005684292438630e+01,0.000000000000000000e+00
1.019235649079068473e+01,-1.304562140271634085e+01,0.000000000000000000e+00
1.023592996402362765e+01,-1.264032080706470573e+01,0.000000000000000000e+00
1.026622015069657223e+01,-1.223480474695571374e+01,0.000000000000000000e+00
1.028341029560354158e+01,-1.182971032255358423e+01,0.000000000000000000e+00
1.028771137997864926e+01,-1.142566100755500713e+01,0.000000000000000000e+00
1.028119426198322728e+01,-1.102523102823611545e+01,0.000000000000000000e+00
1.027159110002970799e+01,-1.063654395494218541e+01,0.000000000000000000e+00
1.026107002502371479e+01,-1.026107002502372012e+01,0.000000000000000000e+00
1.024986442326009239e+01,-9.898179016836664346e+00,0.000000000000000000e+00
1.023816955576061538e+01,-9.547247565182091833e+00,0.000000000000000000e+00
1.022614318728013849e+01,-9.207660683395838319e+00,0.000000000000000000e+00
1.021390626530496171e+01,-8.878813257727671271e+00,0.000000000000000000e+00
1.020154364809005365e+01,-8.560111512551292989e+00,0.000000000000000000e+00
1.018910488074219778e+01,-8.250974444974357169e+00,0.000000000000000000e+00
1.017660501831784892e+01,-7.950835227447862863e+00,0.000000000000000000e+00
1.016402549486665130e+01,-7.659142577004821817e+00,0.000000000000000000e+00
1.015131503731472584e+01,-7.375362089789478937e+00,0.000000000000000000e+00
1.013839062304591287e+01,-7.098977539571391659e+00,0.000000000000000000e+00
1.012513848000392969e+01,-6.829492138971628101e+00,0.000000000000000000e+00
1.011141543414523269e+01,-6.566429960908414465e+00,0.000000000000000000e+00
1.009715603447256882e+01,-6.309403347388230721e+00,0.000000000000000000e+00
1.008253602539455862e+01,-6.058198837586258101e+00,0.000000000000000000e+00
1.006776022680988092e+01,-5.812624077085298602e+00,0.000000000000000000e+00
1.005302392947224277e+01,-5.572482158577744649e+00,0.000000000000000000e+00
1.003851282929472077e+01,-5.337571951190759556e+00,0.000000000000000000e+00
1.002440297134326741e+01,-5.107688429886969139e+00,0.000000000000000000e+00
1.001086070348238444e+01,-4.882623004681729384e+00,0.000000000000000000e+00
9.998042639629376893e+00,-4.662163849419393102e+00,0.000000000000000000e+00
9.986095632567256075e+00,-4.446096229853234050e+00,0.000000000000000000e+00
9.975156756259764279e+00,-4.234202830775362081e+00,0.000000000000000000e+00
9.965353297606036165e+00,-4.026264081945705620e+00,0.000000000000000000e+00
9.956802757565771600e+00,-3.822058482570957594e+00,0.000000000000000000e+00
9.949612861579966605e+00,-3.621362924087278667e+00,0.000000000000000000e+00
9.943881579205925192e+00,-3.423953011003042946e+00,0.000000000000000000e+00
9.939697152879382713e+00,-3.229603379560655796e+00,0.000000000000000000e+00
9.937138135710613440e+00,-3.038088013979652224e+00,0.000000000000000000e+00
9.936273438215513565e+00,-2.849180560046101540e+00,0.000000000000000000e+00
9.937162383876973593e+00,-2.662654635816764426e+00,0.000000000000000000e+00
9.939854773426109347e+00,-2.478284139209589565e+00,0.000000000000000000e+00
9.944390957727462066e+00,-2.295843552255949493e+00,0.000000000000000000e+00
9.950801919146680774e+00,-2.115108241793281607e+00,0.000000000000000000e+00
9.959109361273899452e+00,-1.935854756380765096e+00,0.000000000000000000e+00
9.969325806870857676e+00,-1.757861119224520152e+00,0.000000000000000000e+00
9.981454703904505621e+00,-1.580907116902627640e+00,0.000000000000000000e+00
9.995490539524817919e+00,-1.404774583684679445e+00,0.000000000000000000e+00
1.001141896183974822e+01,-1.229247681244503898e+00,0.000000000000000000e+00
1.002921690933527543e+01,-1.054113173569275030e+00,0.000000000000000000e+00
1.004885274778390425e+01,-8.791606968724243742e-01,0.000000000000000000e+00
1.007028641448033035e+01,-7.041830243226572250e-01,0.000000000000000000e+00
1.009346956963862674e+01,-5.289763254057194830e-01,0.000000000000000000e+00
1.011834575478087750e+01,-3.533404197405056735e-01,0.000000000000000000e+00
1.014485055794300727e+01,-1.770790251759600531e-01,0.000000000000000000e+00
1.017291178551961472e+01,-2.491644771228996306e-15,0.000000000000000000e+00
