1.511776655317209972e+01,0.000000000000000000e+00,0.000000000000000000e+00
1.508309206193958119e+01,2.632763512594386568e-01,0.000000000000000000e+00
1.504855511282066161e+01,5.255071242786720775e-01,0.000000000000000000e+00
1.501413412548044413e+01,7.868574273741560932e-01,0.000000000000000000e+00
1.497980764112790020e+01,1.047490191871111032e+00,0.000000000000000000e+00
1.494555443360212976e+01,1.307566583049798448e+00,0.000000000000000000e+00
1.491135345641024479e+01,1.567246401812200540e+00,0.000000000000000000e+00
1.487718379079916708e+01,1.826688479225085482e+00,0.000000000000000000e+00
1.484302459446158906e+01,2.086051066013756561e+00,0.000000000000000000e+00
1.480885505059439922e+01,2.345492219035576476e+00,0.000000000000000000e+00
1.477465431719574163e+01,2.605170186762411966e+00,0.000000000000000000e+00
1.474040147609419549e+01,2.865243795737271171e+00,0.000000000000000000e+00
1.470607548288141864e+01,3.125872840301084477e+00,0.000000000000000000e+00
1.467158546900595617e+01,3.387202398173501550e+00,0.000000000000000000e+00
1.463370117220746280e+01,3.648591487470399297e+00,0.000000000000000000e+00
1.459103160439943281e+01,3.909655135135816195e+00,0.000000000000000000e+00
1.454401763838443351e+01,4.170429948201450188e+00,0.000000000000000000e+00
1.449304282429953616e+01,4.430967859082645788e+00,0.000000000000000000e+00
1.443812837131105020e+01,4.691232284578092937e+00,0.000000000000000000e+00
1.437914202074123082e+01,4.951135653154961958e+00,0.000000000000000000e+00
1.431598398235420788e+01,5.210592043808661700e+00,0.000000000000000000e+00
1.424860675617163963e+01,5.469527683056932155e+00,0.000000000000000000e+00
1.417697615754854290e+01,5.727870170689340235e+00,0.000000000000000000e+00
1.410107765979003069e+01,5.985552347996736522e+00,0.000000000000000000e+00
1.402103381043448316e+01,6.242566450086280305e+00,0.000000000000000000e+00
1.393714933058397065e+01,6.498999465701118083e+00,0.000000000000000000e+00
1.384904922984963704e+01,6.754632630050613429e+00,0.000000000000000000e+00
1.375617962640239256e+01,7.009123607468782602e+00,0.000000000000000000e+00
1.365932599417059023e+01,7.262792461239306441e+00,0.000000000000000000e+00
1.355860985844709887e+01,7.515660169653973988e+00,0.000000000000000000e+00
1.345350088482490669e+01,7.767382357396527048e+00,0.000000000000000000e+00
1.334399649134534549e+01,8.017881992091357546e+00,0.000000000000000000e+00
1.323037639371245788e+01,8.267256722655567103e+00,0.000000000000000000e+00
1.311269236400194593e+01,8.515481988445877448e+00,0.000000000000000000e+00
1.299085110310687341e+01,8.762439710077419619e+00,0.000000000000000000e+00
1.286483356093506991e+01,9.008053437179999179e+00,0.000000000000000000e+00
1.273461390169615370e+01,9.252238577310535561e+00,0.000000000000000000e+00
1.260018259648781935e+01,9.494918627618137208e+00,0.000000000000000000e+00
1.246154060054736412e+01,9.736022555337543238e+00,0.000000000000000000e+00
1.231870022635301432e+01,9.975486753016390651e+00,0.000000000000000000e+00
1.217168394667219111e+01,1.021325551045905478e+01,0.000000000000000000e+00
1.202052531015362824e+01,1.044928323370083234e+01,0.000000000000000000e+00
1.186526010543696863e+01,1.068352818558126138e+01,0.000000000000000000e+00
1.170596003295148080e+01,1.091598432845177591e+01,0.000000000000000000e+00
1.154260017119237602e+01,1.114655941740668688e+01,0.000000000000000000e+00
1.137502927340717918e+01,1.137502927340717740e+01,0.000000000000000000e+00
1.119935624879706992e+01,1.159727289056920618e+01,0.000000000000000000e+00
1.101596567720667430e+01,1.181317690294229905e+01,0.000000000000000000e+00
1.082484901725845283e+01,1.202221278970372609e+01,0.000000000000000000e+00
1.062440846884629053e+01,1.222198384797211368e+01,0.000000000000000000e+00
1.041788554114072696e+01,1.241555252088973660e+01,0.000000000000000000e+00
1.020246664439974360e+01,1.259899704881295257e+01,0.000000000000000000e+00
9.980927593291763600e+00,1.277500475455879680e+01,0.000000000000000000e+00
9.752759648980243057e+00,1.294234918868771800e+01,0.000000000000000000e+00
9.517312716832122987e+00,1.309945715491812024e+01,0.000000000000000000e+00
9.276319222821658883e+00,1.324795680797631192e+01,0.000000000000000000e+00
9.029887544437617208e+00,1.338735882344256645e+01,0.000000000000000000e+00
8.778082304255461210e+00,1.351706138980376615e+01,0.000000000000000000e+00
8.520801998420461487e+00,1.363613365319424986e+01,0.000000000000000000e+00
8.258853684548217444e+00,1.374504073492857614e+01,0.000000000000000000e+00
7.992685727674984086e+00,1.384373776926369182e+01,0.000000000000000000e+00
7.722649027736489202e+00,1.393202764323705267e+01,0.000000000000000000e+00
7.449106773846762231e+00,1.400973225276423761e+01,0.000000000000000000e+00
7.172436339262353577e+00,1.407669890950319669e+01,0.000000000000000000e+00
6.893025621358889410e+00,1.413279691157664431e+01,0.000000000000000000e+00
6.611268018108174438e+00,1.417791001817649565e+01,0.000000000000000000e+00
6.327557419165914965e+00,1.421192665243709641e+01,0.000000000000000000e+00
6.042285119157638995e+00,1.423473169294918250e+01,0.000000000000000000e+00
5.755664876782902617e+00,1.424577046919528911e+01,0.000000000000000000e+00
5.468278957276266894e+00,1.424535371429562147e+01,0.000000000000000000e+00
5.180571873141126105e+00,1.423350424131697523e+01,0.000000000000000000e+00
4.892971230580023700e+00,1.421022027200535476e+01,0.000000000000000000e+00
4.605897046706681763e+00,1.417549351457327056e+01,0.000000000000000000e+00
4.319761969270805579e+00,1.412930474841762063e+01,0.000000000000000000e+00
4.034973887504730961e+00,1.407162621580490303e+01,0.000000000000000000e+00
3.751939625718291538e+00,1.400242931011162462e+01,0.000000000000000000e+00
3.471068157925918385e+00,1.392169398681266124e+01,0.000000000000000000e+00
3.192772247656792572e+00,1.382941596280939933e+01,0.000000000000000000e+00
2.917468366927067347e+00,1.372560952249600597e+01,0.000000000000000000e+00
2.645575819820686014e+00,1.361030770841244930e+01,0.000000000000000000e+00
2.377516660753159261e+00,1.348356701396759227e+01,0.000000000000000000e+00
2.113717601799633083e+00,1.334548770995772848e+01,0.000000000000000000e+00
1.854613078252127290e+00,1.319625774373296068e+01,0.000000000000000000e+00
1.600645148266315987e+00,1.303620859573763369e+01,0.000000000000000000e+00
1.352252506553262235e+00,1.286582318148375137e+01,0.000000000000000000e+00
1.109813107315043679e+00,1.268522186290104159e+01,0.000000000000000000e+00
8.735872089811562713e-01,1.249287912177198301e+01,0.000000000000000000e+00
6.441242684072505664e-01,1.229062320936164987e+01,0.000000000000000000e+00
4.223829121267668740e-01,1.209546405403754399e+01,0.000000000000000000e+00
2.078282399794449398e-01,1.190647189421060581e+01,0.000000000000000000e+00
7.178518545753755813e-16,1.172341045720565411e+01,0.000000000000000000e+00
-2.015343839863666942e-01,1.154589712585770656e+01,0.000000000000000000e+00
-3.971739890524783601e-01,1.137357494789272572e+01,0.000000000000000000e+00
-5.872878620328462196e-01,1.120611997049240394e+01,0.000000000000000000e+00
-7.722179352509880301e-01,1.104323096947155669e+01,0.000000000000000000e+00
-9.522815903152130890e-01,1.088462838425962786e+01,0.000000000000000000e+00
-1.127773939512125567e+00,1.073005228249272847e+01,0.000000000000000000e+00
-1.298969859872247667e+00,1.057926053829720914e+01,0.000000000000000000e+00
-1.466125817195863990e+00,1.043202724888126198e+01,0.000000000000000000e+00
-1.629481500321857457e+00,1.028814129079209216e+01,0.000000000000000000e+00
-1.789261290222014633e+00,1.014740502578183978e+01,0.000000000000000000e+00
-1.945675582961301497e+00,1.000963313409893907e+01,0.000000000000000000e+00
-2.098921983792568113e+00,9.874651562396762117e+00,0.000000000000000000e+00
-2.249186387177760427e+00,9.742296572828811563e+00,0.000000000000000000e+00
-2.396643955608917853e+00,9.612413881630171630e+00,0.000000000000000000e+00
-2.541460008386016156e+00,9.484857876701031643e+00,0.000000000000000000e+00
-2.683790830064094912e+00,9.359490905013311490e+00,0.000000000000000000e+00
-2.823784407058787860e+00,9.236182621862926823e+00,0.000000000000000000e+00
-2.961581099876746226e+00,9.114809395100044398e+00,0.000000000000000000e+00
-3.097314257582642671e+00,8.995253758451926984e+00,0.000000000000000000e+00
-3.231110781237546803e+00,8.877403911206542375e+00,0.000000000000000000e+00
-3.363091654062221991e+00,8.761153291560482614e+00,0.000000000000000000e+00
-3.493372421702013231e+00,8.646400155041702007e+00,0.000000000000000000e+00
-3.622063623617320705e+00,8.533047156863020177e+00,0.000000000000000000e+00
-3.749271196896450498e+00,8.421000983569300047e+00,0.000000000000000000e+00
-3.875096849737847737e+00,8.310172011907607015e+00,0.000000000000000000e+00
-3.999638424713946261e+00,8.200474027119167175e+00,0.000000000000000000e+00
-4.122990256225967265e+00,8.091823990964456925e+00,0.000000000000000000e+00
-4.245243443182370235e+00,7.984141695431068442e+00,0.000000000000000000e+00
-4.366486122811646275e+00,7.877349488282173517e+00,0.000000000000000000e+00
-4.486803739564995119e+00,7.771372040516611790e+00,0.000000000000000000e+00
-4.606279354926661185e+00,7.666136220379221378e+00,0.000000000000000000e+00
-4.724993866005747556e+00,7.561570833276162418e+00,0.000000000000000000e+00
-4.843026192190416523e+00,7.457606352190373045e+00,0.000000000000000000e+00
-4.960453492888625249e+00,7.354174734679367553e+00,0.000000000000000000e+00
-5.077351449984638165e+00,7.251209352824744769e+00,0.000000000000000000e+00
-5.193794437230129013e+00,7.148644762047303480e+00,0.000000000000000000e+00
-5.309855658447497184e+00,7.046416455094581366e+00,0.000000000000000000e+00
-5.425607348618569858e+00,6.944460725429615344e+00,0.000000000000000000e+00
-5.541121048037822128e+00,6.842714626238434406e+00,0.000000000000000000e+00
-5.656467706075536839e+00,6.741115710108649850e+00,0.000000000000000000e+00
-5.771717813983728185e+00,6.639601828601590761e+00,0.000000000000000000e+00
-5.886941629856300651e+00,6.538111048187373875e+00,0.000000000000000000e+00
-6.002209416215068316e+00,6.436581568964557576e+00,0.000000000000000000e+00
-6.117591506508007093e+00,6.334951452376758496e+00,0.000000000000000000e+00
-6.233158462936256861e+00,6.233158462936257749e+00,0.000000000000000000e+00
-6.348981346230682554e+00,6.131140017514472795e+00,0.000000000000000000e+00
-6.465131883352514208e+00,6.028833015095813153e+00,0.000000000000000000e+00
-6.581682557625712526e+00,5.926173593170745768e+00,0.000000000000000000e+00
-6.698706804051004937e+00,5.823096985280860061e+00,0.000000000000000000e+00
-6.816279309412728082e+00,5.719537454529547205e+00,0.000000000000000000e+00
-6.934476139620807444e+00,5.615428056436680748e+00,0.000000000000000000e+00
-7.053374886087561357e+00,5.510700416863667961e+00,0.000000000000000000e+00
-7.173054898507498223e+00,5.405284570380010756e+00,0.000000000000000000e+00
-7.293597607100924307e+00,5.299108843716958006e+00,0.000000000000000000e+00
-7.415086678491076277e+00,5.192099588757848494e+00,0.000000000000000000e+00
-7.537608220653920554e+00,5.084180941452559388e+00,0.000000000000000000e+00
-7.661251051709498050e+00,4.975274606372564357e+00,0.000000000000000000e+00
-7.786107052062030576e+00,4.865299667518645954e+00,0.000000000000000000e+00
-7.912271433974573220e+00,4.754172311732046907e+00,0.000000000000000000e+00
-8.039842999887188313e+00,4.641805520227196169e+00,0.000000000000000000e+00
-8.168924481539715288e+00,4.528108780751583851e+00,0.000000000000000000e+00
-8.299622909244881441e+00,4.412987780079183686e+00,0.000000000000000000e+00
-8.432050042751164654e+00,4.296344088192306288e+00,0.000000000000000000e+00
-8.566322770248154583e+00,4.178074779223811319e+00,0.000000000000000000e+00
-8.702563528586084729e+00,4.058072018960078964e+00,0.000000000000000000e+00
-8.840900796282902263e+00,3.936222638472230528e+00,0.000000000000000000e+00
-8.981469628966710417e+00,3.812407670047791353e+00,0.000000000000000000e+00
-9.124412240867092905e+00,3.686501840641640104e+00,0.000000000000000000e+00
-9.269878637476555383e+00,3.558373018070352334e+00,0.000000000000000000e+00
-9.418027305677250993e+00,3.427881604772841317e+00,0.000000000000000000e+00
-9.569025968595001430e+00,3.294879873273142579e+00,0.000000000000000000e+00
-9.723052408110653744e+00,3.159211234899943044e+00,0.000000000000000000e+00
-9.880295374122944452e+00,3.020709437743456238e+00,0.000000000000000000e+00
-1.004095558847122405e+01,2.879197683603239799e+00,0.000000000000000000e+00
-1.020524685243876917e+01,2.734487652671227842e+00,0.000000000000000000e+00
-1.037339727097645259e+01,2.586378424271460030e+00,0.000000000000000000e+00
-1.054565060876735494e+01,2.434655280288315016e+00,0.000000000000000000e+00
-1.072226780353102882e+01,2.279088377623735617e+00,0.000000000000000000e+00
-1.090352866715744362e+01,2.119431273014041217e+00,0.000000000000000000e+00
-1.108973366614262090e+01,1.955419254211943958e+00,0.000000000000000000e+00
-1.128120645015036771e+01,1.786767569792616417e+00,0.000000000000000000e+00
-1.147829480693802928e+01,1.613169133127194232e+00,0.000000000000000000e+00
-1.168137241352742706e+01,1.434292182538268845e+00,0.000000000000000000e+00
-1.189088222039658405e+01,1.249782082409015116e+00,0.000000000000000000e+00
-1.210714047329748944e+01,1.059237539129420647e+00,0.000000000000000000e+00
-1.232978483312589368e+01,8.621825453299439834e-01,0.000000000000000000e+00
-1.254940915302831783e+01,6.576866650244849177e-01,0.000000000000000000e+00
-1.276179929650555245e+01,4.456518515332208441e-01,0.000000000000000000e+00
-1.296191305672098792e+01,2.262510339989751429e-01,0.000000000000000000e+00
-1.315367530609406899e+01,1.610860636063168346e-15,0.000000000000000000e+00
-1.333594904541609516e+01,-2.327798564671409443e-01,0.000000000000000000e+00
-1.350827473704724291e+01,-4.717193483236249985e-01,0.000000000000000000e+00
-1.367022159159467343e+01,-7.164259559225543139e-01,0.000000000000000000e+00
-1.382161147408429969e+01,-9.665012263045581475e-01,0.000000000000000000e+00
-1.396242335000789048e+01,-1.221553758475341755e+00,0.000000000000000000e+00
-1.409294548864077079e+01,-1.481228258224453809e+00,0.000000000000000000e+00
-1.421319739314006725e+01,-1.745161200943008861e+00,0.000000000000000000e+00
-1.432274699216558744e+01,-2.012930817510119486e+00,0.000000000000000000e+00
-1.442111315083452361e+01,-2.284079935251734028e+00,0.000000000000000000e+00
-1.450847592454689128e+01,-2.558235754456810174e+00,0.000000000000000000e+00
-1.458510317569152370e+01,-2.835056864096436424e+00,0.000000000000000000e+00
-1.465082737819171399e+01,-3.114129493129457860e+00,0.000000000000000000e+00
-1.470545495014426329e+01,-3.395021784018263933e+00,0.000000000000000000e+00
-1.474895108363282681e+01,-3.677326517713935150e+00,0.000000000000000000e+00
-1.478133666956466641e+01,-3.960647223662393746e+00,0.000000000000000000e+00
-1.480264453841929750e+01,-4.244590018419549970e+00,0.000000000000000000e+00
-1.481291933479026213e+01,-4.528763922617593529e+00,0.000000000000000000e+00
-1.481220100920323723e+01,-4.812775852451061986e+00,0.000000000000000000e+00
-1.480049175579960163e+01,-5.096218001787846674e+00,0.000000000000000000e+00
-1.477785209869826843e+01,-5.378698290314497754e+00,0.000000000000000000e+00
-1.474436976939247224e+01,-5.659833273733200443e+00,0.000000000000000000e+00
-1.470014393170894174e+01,-5.939243671961946802e+00,0.000000000000000000e+00
-1.464528503216187083e+01,-6.216554672364181577e+00,0.000000000000000000e+00
-1.457991464289606576e+01,-6.491396228367291243e+00,0.000000000000000000e+00
-1.450416528895397761e+01,-6.763403349385144203e+00,0.000000000000000000e+00
-1.441815167963083155e+01,-7.032202441041569330e+00,0.000000000000000000e+00
-1.432190834264234880e+01,-7.297376785902851104e+00,0.000000000000000000e+00
-1.421546626220133902e+01,-7.558497487078001065e+00,0.000000000000000000e+00
-1.409892323614834098e+01,-7.815160765534788112e+00,0.000000000000000000e+00
-1.397264144891664017e+01,-8.067108301822146998e+00,0.000000000000000000e+00
-1.383705365985983349e+01,-8.314140627580949072e+00,0.000000000000000000e+00
-1.369236714181066183e+01,-8.555940582007796280e+00,0.000000000000000000e+00
-1.353857504018841418e+01,-8.792053432172647121e+00,0.000000000000000000e+00
-1.337579102946458320e+01,-9.022084968878386846e+00,0.000000000000000000e+00
-1.320435311727673877e+01,-9.245787589900054115e+00,0.000000000000000000e+00
-1.302586880978697259e+01,-9.463847654528807496e+00,0.000000000000000000e+00
-1.284274061577888659e+01,-9.677699205439832753e+00,0.000000000000000000e+00
-1.265593291488150918e+01,-9.887898476430184047e+00,0.000000000000000000e+00
-1.246583055909426463e+01,-1.009463054726892750e+01,0.000000000000000000e+00
-1.227273938656597352e+01,-1.029805109280238540e+01,0.000000000000000000e+00
-1.207639201321961586e+01,-1.049784741776160857e+01,0.000000000000000000e+00
-1.187649154120822281e+01,-1.069364101577297177e+01,0.000000000000000000e+00
-1.167378910276885406e+01,-1.088598445072139143e+01,0.000000000000000000e+00
-1.146823252325739340e+01,-1.107474341458707379e+01,0.000000000000000000e+00
-1.125933499484180089e+01,-1.125933499484179734e+01,0.000000000000000000e+00
-1.104767066360669148e+01,-1.144019786893950830e+01,0.000000000000000000e+00
-1.083338888334536776e+01,-1.161738726202880656e+01,0.000000000000000000e+00
-1.061627660463924627e+01,-1.179056965800072021e+01,0.000000000000000000e+00
-1.039629746343428707e+01,-1.195957215400672169e+01,0.000000000000000000e+00
-1.017388686050349733e+01,-1.212476621665206444e+01,0.000000000000000000e+00
-9.949091672069174663e+00,-1.228610501594477178e+01,0.000000000000000000e+00
-9.721586210033137831e+00,-1.244306292117554769e+01,0.000000000000000000e+00
-9.491638091553479484e+00,-1.259582917809107627e+01,0.000000000000000000e+00
-9.259516225930477518e+00,-1.274463072568017985e+01,0.000000000000000000e+00
-9.025272823550199774e+00,-1.288942539325698178e+01,0.000000000000000000e+00
-8.788785891829114405e+00,-1.302991092384128891e+01,0.000000000000000000e+00
-8.550003866469591429e+00,-1.316585139445574448e+01,0.000000000000000000e+00
-8.309255695031348310e+00,-1.329758879938965777e+01,0.000000000000000000e+00
-8.066710191593401191e+00,-1.342526026193670496e+01,0.000000000000000000e+00
-7.822345599975572661e+00,-1.354870001352052711e+01,0.000000000000000000e+00
-7.576118123378911662e+00,-1.366767889415288728e+01,0.000000000000000000e+00
-7.328006203381403516e+00,-1.378197520492150119e+01,0.000000000000000000e+00
-7.078293770641283622e+00,-1.389193371531223953e+01,0.000000000000000000e+00
-6.827099946246120155e+00,-1.399762924663421160e+01,0.000000000000000000e+00
-6.574471683778615017e+00,-1.409900002455738033e+01,0.000000000000000000e+00
-6.320460845708327113e+00,-1.419598748748264860e+01,0.000000000000000000e+00
-6.065034884174743013e+00,-1.428832678068665629e+01,0.000000000000000000e+00
-5.808250733513126818e+00,-1.437592503186388626e+01,0.000000000000000000e+00
-5.550314932458834782e+00,-1.445906473615520582e+01,0.000000000000000000e+00
-5.291326132733083831e+00,-1.453779906865430860e+01,0.000000000000000000e+00
-5.031338508087429773e+00,-1.461206802445676267e+01,0.000000000000000000e+00
-4.770433531513149639e+00,-1.468188474512681907e+01,0.000000000000000000e+00
-4.508671550395406236e+00,-1.474720014649574296e+01,0.000000000000000000e+00
-4.246070840544311942e+00,-1.480780877888596159e+01,0.000000000000000000e+00
-3.982684841873673331e+00,-1.486358218040697743e+01,0.000000000000000000e+00
-3.718680852449832930e+00,-1.491481426091060669e+01,0.000000000000000000e+00
-3.454146707798404936e+00,-1.496155313106681461e+01,0.000000000000000000e+00
-3.189148420815656859e+00,-1.500376368416496931e+01,0.000000000000000000e+00
-2.923761893885806984e+00,-1.504145099293120147e+01,0.000000000000000000e+00
-2.658061626962783475e+00,-1.507461658041750496e+01,0.000000000000000000e+00
-2.392119013487761681e+00,-1.510324504469130602e+01,0.000000000000000000e+00
-2.125986494165716945e+00,-1.512717993078445033e+01,0.000000000000000000e+00
-1.859724393115903984e+00,-1.514623971809077396e+01,0.000000000000000000e+00
-1.593458976547129202e+00,-1.516074944572192251e+01,0.000000000000000000e+00
-1.327270056711750801e+00,-1.517076616810431133e+01,0.000000000000000000e+00
-1.061228069763316961e+00,-1.517626844793973362e+01,0.000000000000000000e+00
-7.954073352950794540e-01,-1.517727608718693766e+01,0.000000000000000000e+00
-5.298818978605230878e-01,-1.517383223716604768e+01,0.000000000000000000e+00
-2.647251524824523750e-01,-1.516609382841664910e+01,0.000000000000000000e+00
-2.783754875550050062e-15,-1.515405572441081894e+01,0.000000000000000000e+00
2.642223032039272557e-01,-1.513728561254420768e+01,0.000000000000000000e+00
5.278713822853862148e-01,-1.511625860392695664e+01,0.000000000000000000e+00
7.908885694576468506e-01,-1.509105289858315224e+01,0.000000000000000000e+00
1.053213025702641303e+00,-1.506164797779525344e+01,0.000000000000000000e+00
1.314785828157309933e+00,-1.502807078276748776e+01,0.000000000000000000e+00
1.575550838911121021e+00,-1.499036489755661528e+01,0.000000000000000000e+00
1.835444720126684137e+00,-1.494849765010856224e+01,0.000000000000000000e+00
2.094370260636646108e+00,-1.490221873999591473e+01,0.000000000000000000e+00
2.352260635156682600e+00,-1.485158914813100317e+01,0.000000000000000000e+00
2.609086489097603767e+00,-1.479686477142947254e+01,0.000000000000000000e+00
2.864801550782576811e+00,-1.473812632303645387e+01,0.000000000000000000e+00
3.119344048064977226e+00,-1.467535993034888975e+01,0.000000000000000000e+00
3.372671012460117801e+00,-1.460864312236852314e+01,0.000000000000000000e+00
3.624699489241867578e+00,-1.453787560124841427e+01,0.000000000000000000e+00
3.875241181242174537e+00,-1.446259697997905569e+01,0.000000000000000000e+00
4.124362710710935076e+00,-1.438336208897214519e+01,0.000000000000000000e+00
4.372040507701199452e+00,-1.430030014273320305e+01,0.000000000000000000e+00
4.618223594618203087e+00,-1.421343072815077413e+01,0.000000000000000000e+00
4.862835870865757748e+00,-1.412270083252053432e+01,0.000000000000000000e+00
5.105699265492577688e+00,-1.402779344246689419e+01,0.000000000000000000e+00
5.346792680953196708e+00,-1.392887114433602491e+01,0.000000000000000000e+00
5.586139976123750017e+00,-1.382618161624711561e+01,0.000000000000000000e+00
5.823771871634106034e+00,-1.371994674180704621e+01,0.000000000000000000e+00
6.059555661500422907e+00,-1.360998484924945551e+01,0.000000000000000000e+00
6.293202520004792078e+00,-1.349581635631846410e+01,0.000000000000000000e+00
6.524845996646543966e+00,-1.337791681263770194e+01,0.000000000000000000e+00
6.754583453670242044e+00,-1.325661644648448423e+01,0.000000000000000000e+00
6.982271382567765805e+00,-1.313174257742553230e+01,0.000000000000000000e+00
7.207656257041203496e+00,-1.300295609128320606e+01,0.000000000000000000e+00
7.430771546382383796e+00,-1.287047385777144015e+01,0.000000000000000000e+00
7.651808661219697605e+00,-1.273474815773992930e+01,0.000000000000000000e+00
7.870613854253026176e+00,-1.259561511570999137e+01,0.000000000000000000e+00
8.086738104193333498e+00,-1.245248467819169136e+01,0.000000000000000000e+00
8.300547393421020104e+00,-1.230606758277616208e+01,0.000000000000000000e+00
8.512036464022493476e+00,-1.215644790940992159e+01,0.000000000000000000e+00
8.720912995826768821e+00,-1.200330697745806852e+01,0.000000000000000000e+00
8.927196122694036617e+00,-1.184678938621093636e+01,0.000000000000000000e+00
9.130907771812642792e+00,-1.168702899685833430e+01,0.000000000000000000e+00
9.332000573475841776e+00,-1.152406097296878329e+01,0.000000000000000000e+00
9.530347462226089306e+00,-1.135782582677905594e+01,0.000000000000000000e+00
9.725884606641260532e+00,-1.118835038375724977e+01,0.000000000000000000e+00
9.918633823141583150e+00,-1.101575885398917798e+01,0.000000000000000000e+00
1.010868910509639917e+01,-1.084024189567278285e+01,0.000000000000000000e+00
1.029583212305587381e+01,-1.066164626912307689e+01,0.000000000000000000e+00
1.047978791190806014e+01,-1.047978791190806547e+01,0.000000000000000000e+00
1.066077831299615042e+01,-1.029499394756708597e+01,0.000000000000000000e+00
1.083894177338206077e+01,-1.010747672144646714e+01,0.000000000000000000e+00
1.101416738030827958e+01,-9.917200853802917493e+00,0.000000000000000000e+00
1.118622432625606855e+01,-9.724036453051658313e+00,0.000000000000000000e+00
1.135489831690095563e+01,-9.527890989767115570e+00,0.000000000000000000e+00
1.152030625185017598e+01,-9.328960060264900989e+00,0.000000000000000000e+00
1.168257145330485791e+01,-9.127425157104775977e+00,0.000000000000000000e+00
1.184160924471957088e+01,-8.923292606093120582e+00,0.000000000000000000e+00
1.199733431756995294e+01,-8.716573604412749532e+00,0.000000000000000000e+00
1.214971380174829996e+01,-8.507321191074717959e+00,0.000000000000000000e+00
1.229871638392480548e+01,-8.295588947186766760e+00,0.000000000000000000e+00
1.244430536415834077e+01,-8.081426395552936626e+00,0.000000000000000000e+00
1.258645067888496882e+01,-7.864887278553566397e+00,0.000000000000000000e+00
1.272513333802441160e+01,-7.646031494693599662e+00,0.000000000000000000e+00
1.286030081007712234e+01,-7.424898134557597729e+00,0.000000000000000000e+00
1.299181735941220062e+01,-7.201481957143391455e+00,0.000000000000000000e+00
1.311957014899079965e+01,-6.975799187562800263e+00,0.000000000000000000e+00
1.324363595125291049e+01,-6.747969561002719274e+00,0.000000000000000000e+00
1.336415074236192169e+01,-6.518131835556564724e+00,0.000000000000000000e+00
1.348111681476323476e+01,-6.286348011206214004e+00,0.000000000000000000e+00
1.359439816971900683e+01,-6.052616024664762229e+00,0.000000000000000000e+00
1.370386396312657595e+01,-5.816945137109581054e+00,0.000000000000000000e+00
1.380945897619088214e+01,-5.579383590975835361e+00,0.000000000000000000e+00
1.391115498253912364e+01,-5.339992083600505701e+00,0.000000000000000000e+00
1.400893214301234657e+01,-5.098834313911534188e+00,0.000000000000000000e+00
1.410279938662588961e+01,-4.855983253499847940e+00,0.000000000000000000e+00
1.419277378051413940e+01,-4.611511745467015366e+00,0.000000000000000000e+00
1.427886955384226120e+01,-4.365488519155519498e+00,0.000000000000000000e+00
1.436106775085021603e+01,-4.117969912125917453e+00,0.000000000000000000e+00
1.443933426468384695e+01,-3.869007955465074478e+00,0.000000000000000000e+00
1.451363533758692981e+01,-3.618655712714763606e+00,0.000000000000000000e+00
1.458392478519945357e+01,-3.366964334670270009e+00,0.000000000000000000e+00
1.465010605474654248e+01,-3.113976171098106427e+00,0.000000000000000000e+00
1.471206980354791760e+01,-2.859736676469335048e+00,0.000000000000000000e+00
1.476970641219241465e+01,-2.604297737612343955e+00,0.000000000000000000e+00
1.482290625496382575e+01,-2.347717711175517863e+00,0.000000000000000000e+00
1.487155997177466915e+01,-2.090061451759891664e+00,0.000000000000000000e+00
1.491555874132425608e+01,-1.831400330674975097e+00,0.000000000000000000e+00
1.495479455519582856e+01,-1.571812245279158970e+00,0.000000000000000000e+00
1.498916049260682293e+01,-1.311381618873753707e+00,0.000000000000000000e+00
1.501855099552514439e+01,-1.050199391128113113e+00,0.000000000000000000e+00
1.504286214386394249e+01,-7.883629990208456118e-01,0.000000000000000000e+00
1.506199193046684570e+01,-5.259763482903949683e-01,0.000000000000000000e+00
1.507584053559535597e+01,-2.631497753962722119e-01,0.000000000000000000e+00
1.508431060063015750e+01,-3.694590538881242049e-15,0.000000000000000000e+00
