2.236547919948330687e+01,0.000000000000000000e+00,0.000000000000000000e+00
2.251501685169164446e+01,3.930010810061906890e-01,0.000000000000000000e+00
2.265223729356527116e+01,7.910335570009642270e-01,0.000000000000000000e+00
2.277672261822799626e+01,1.193677451767145348e+00,0.000000000000000000e+00
2.288826020607340084e+01,1.600503067144227964e+00,0.000000000000000000e+00
2.298698561548309272e+01,2.011100649988255107e+00,0.000000000000000000e+00
2.307290962029572867e+01,2.425060520995252489e+00,0.000000000000000000e+00
2.314590739354644811e+01,2.841960076015893399e+00,0.000000000000000000e+00
2.320586336455635390e+01,3.261371407244395559e+00,0.000000000000000000e+00
2.325267692237353501e+01,3.682862220397393305e+00,0.000000000000000000e+00
2.328626073068374325e+01,4.105996046631556595e+00,0.000000000000000000e+00
2.330654070577749337e+01,4.530332587319848336e+00,0.000000000000000000e+00
2.331345616284608369e+01,4.955428082619350860e+00,0.000000000000000000e+00
2.330697519749697122e+01,5.380839204454489710e+00,0.000000000000000000e+00
2.328714126845796883e+01,5.806136424391638684e+00,0.000000000000000000e+00
2.325403021248934365e+01,6.230898616205448270e+00,0.000000000000000000e+00
2.320773093538297260e+01,6.654709759653010259e+00,0.000000000000000000e+00
2.314834397187095405e+01,7.077158977159579756e+00,0.000000000000000000e+00
2.307598127971941793e+01,7.497840827682664688e+00,0.000000000000000000e+00
2.299076602695495808e+01,7.916355593762522069e+00,0.000000000000000000e+00
2.289281147012004780e+01,8.332301953791597882e+00,0.000000000000000000e+00
2.278210251926048358e+01,8.745229799633840173e+00,0.000000000000000000e+00
2.265858187900992604e+01,9.154661319353255777e+00,0.000000000000000000e+00
2.252225420477127571e+01,9.560129714196284212e+00,0.000000000000000000e+00
2.237339785880133292e+01,9.961278514558935981e+00,0.000000000000000000e+00
2.221239417209769940e+01,1.035780950840661774e+01,0.000000000000000000e+00
2.203968619671133666e+01,1.074947319990130623e+01,0.000000000000000000e+00
2.185566983104845562e+01,1.113601999466679260e+01,0.000000000000000000e+00
2.165967189595501807e+01,1.151665183377234669e+01,0.000000000000000000e+00
2.145094903275826681e+01,1.189045521110992532e+01,0.000000000000000000e+00
2.123151204443093576e+01,1.225801919415498098e+01,0.000000000000000000e+00
2.100180936925549702e+01,1.261916017830967540e+01,0.000000000000000000e+00
2.075987832658370280e+01,1.297221171564885189e+01,0.000000000000000000e+00
2.050745864812510533e+01,1.331769936327639847e+01,0.000000000000000000e+00
2.024566317740300647e+01,1.365587224228143448e+01,0.000000000000000000e+00
1.997376779280845582e+01,1.398578277497479405e+01,0.000000000000000000e+00
1.969108058787384152e+01,1.430640746947115005e+01,0.000000000000000000e+00
1.939867935275218258e+01,1.461795339291185947e+01,0.000000000000000000e+00
1.909716570351767473e+01,1.492034107117540387e+01,0.000000000000000000e+00
1.878676791697760606e+01,1.521322469450868375e+01,0.000000000000000000e+00
1.846772809747299249e+01,1.549626383527187912e+01,0.000000000000000000e+00
1.814033041289215831e+01,1.576914864753150347e+01,0.000000000000000000e+00
1.780488610274046479e+01,1.603159145516992012e+01,0.000000000000000000e+00
1.746173429967881319e+01,1.628333066457794942e+01,0.000000000000000000e+00
1.711123382150226391e+01,1.652412642452388880e+01,0.000000000000000000e+00
1.675377237996538682e+01,1.675377237996538327e+01,0.000000000000000000e+00
1.638972260968219175e+01,1.697205459694459151e+01,0.000000000000000000e+00
1.601954553754240251e+01,1.717885938327600570e+01,0.000000000000000000e+00
1.564282022101766501e+01,1.737311190468538058e+01,0.000000000000000000e+00
1.526018229007947546e+01,1.755483159494098544e+01,0.000000000000000000e+00
1.487258013071305918e+01,1.772445080192255062e+01,0.000000000000000000e+00
1.448045022273200644e+01,1.788186680539911322e+01,0.000000000000000000e+00
1.408418943996612960e+01,1.802694041990677576e+01,0.000000000000000000e+00
1.368436556640492974e+01,1.815976646205831102e+01,0.000000000000000000e+00
1.327957743327269746e+01,1.827777029065353176e+01,0.000000000000000000e+00
1.287194210838792863e+01,1.838303846499411165e+01,0.000000000000000000e+00
1.246193119663433357e+01,1.847557278442132755e+01,0.000000000000000000e+00
1.205012421453412941e+01,1.855556408757482600e+01,0.000000000000000000e+00
1.163558852438717572e+01,1.862083408129060658e+01,0.000000000000000000e+00
1.121930766200159013e+01,1.867206354804721258e+01,0.000000000000000000e+00
1.080248344335883104e+01,1.871045017181908321e+01,0.000000000000000000e+00
1.038560053797696980e+01,1.873611933768304283e+01,0.000000000000000000e+00
9.967628057990747692e+00,1.874638188539185890e+01,0.000000000000000000e+00
9.549840486871516987e+00,1.874261726543246098e+01,0.000000000000000000e+00
9.133221446821659484e+00,1.872587901841286140e+01,0.000000000000000000e+00
8.718249083317925141e+00,1.869634549390140421e+01,0.000000000000000000e+00
8.303918117984292024e+00,1.865090546048220688e+01,0.000000000000000000e+00
7.891691075998621407e+00,1.859165909174155118e+01,0.000000000000000000e+00
7.482320525123144606e+00,1.851939316477921338e+01,0.000000000000000000e+00
7.076234840718589325e+00,1.843422200276127754e+01,0.000000000000000000e+00
6.673150278790492607e+00,1.833432970760419067e+01,0.000000000000000000e+00
6.273505302262280203e+00,1.821958233998705623e+01,0.000000000000000000e+00
5.878432625943660561e+00,1.809195531726069817e+01,0.000000000000000000e+00
5.488270698206872744e+00,1.795132458417972998e+01,0.000000000000000000e+00
5.103403931095869872e+00,1.779768458205821702e+01,0.000000000000000000e+00
4.724251885312265031e+00,1.763114806373842924e+01,0.000000000000000000e+00
4.350711013899489998e+00,1.744974878187247924e+01,0.000000000000000000e+00
3.983667396033142793e+00,1.725515921708995037e+01,0.000000000000000000e+00
3.623646697586600851e+00,1.704791735957807930e+01,0.000000000000000000e+00
3.271053861625119019e+00,1.682811328027868925e+01,0.000000000000000000e+00
2.926297332510338745e+00,1.659585686066167654e+01,0.000000000000000000e+00
2.589791013202277892e+00,1.635129693229769288e+01,0.000000000000000000e+00
2.261951099288439959e+00,1.609461836539064095e+01,0.000000000000000000e+00
1.943199847831205584e+00,1.582609273952485474e+01,0.000000000000000000e+00
1.633945962496654580e+00,1.554595738569867969e+01,0.000000000000000000e+00
1.334626082648715295e+00,1.525484592930430594e+01,0.000000000000000000e+00
1.045600750963114223e+00,1.495278737729087482e+01,0.000000000000000000e+00
7.671662531482723590e-01,1.463840413853444922e+01,0.000000000000000000e+00
4.999463909151658503e-01,1.431659147812617938e+01,0.000000000000000000e+00
2.442546296159253671e-01,1.399333835883165378e+01,0.000000000000000000e+00
8.370703107711994488e-16,1.367039560065809134e+01,0.000000000000000000e+00
-2.329673651893628683e-01,1.334669141291774608e+01,0.000000000000000000e+00
-4.547346908086845607e-01,1.302189778252581043e+01,0.000000000000000000e+00
-6.654210956427911716e-01,1.269699088085796035e+01,0.000000000000000000e+00
-8.651979561879674652e-01,1.237290721743338651e+01,0.000000000000000000e+00
-1.054218564380872580e+00,1.204977332941534129e+01,0.000000000000000000e+00
-1.232604185066159319e+00,1.172744544451945181e+01,0.000000000000000000e+00
-1.400452468005626061e+00,1.140577005534983712e+01,0.000000000000000000e+00
-1.557947190003326821e+00,1.108537026482323640e+01,0.000000000000000000e+00
-1.705329914468532104e+00,1.076702933049636179e+01,0.000000000000000000e+00
-1.842677375673642315e+00,1.045034270007880117e+01,0.000000000000000000e+00
-1.969925334476458234e+00,1.013438729064252009e+01,0.000000000000000000e+00
-2.087454591507903245e+00,9.820701723377130321e+00,0.000000000000000000e+00
-2.196545919795071633e+00,9.514285658349651342e+00,0.000000000000000000e+00
-2.298864699495927422e+00,9.220242705516872306e+00,0.000000000000000000e+00
-2.395725686523549669e+00,8.940969983103713048e+00,0.000000000000000000e+00
-2.487688067563093242e+00,8.675599298590213948e+00,0.000000000000000000e+00
-2.575186571544967773e+00,8.423055740623057730e+00,0.000000000000000000e+00
-2.658586741549558763e+00,8.182288646619481298e+00,0.000000000000000000e+00
-2.738238815789193925e+00,7.952422954489141382e+00,0.000000000000000000e+00
-2.814455121229944012e+00,7.732651893647693342e+00,0.000000000000000000e+00
-2.887489939828603802e+00,7.522168466660859032e+00,0.000000000000000000e+00
-2.957542946018012042e+00,7.320175664103281576e+00,0.000000000000000000e+00
-3.024823004009227212e+00,7.126036430193249060e+00,0.000000000000000000e+00
-3.089556687021196790e+00,6.939257934111284776e+00,0.000000000000000000e+00
-3.151937698794198717e+00,6.759352208079134172e+00,0.000000000000000000e+00
-3.212125008350430910e+00,6.585832244253815304e+00,0.000000000000000000e+00
-3.270243544648963940e+00,6.418214336288460053e+00,0.000000000000000000e+00
-3.326416909931396937e+00,6.256080317283542414e+00,0.000000000000000000e+00
-3.380795617770991690e+00,6.099116745271224715e+00,0.000000000000000000e+00
-3.433513608460294186e+00,5.947020018332384694e+00,0.000000000000000000e+00
-3.484683585671611183e+00,5.799487394116895622e+00,0.000000000000000000e+00
-3.534397208879298979e+00,5.656217892715858397e+00,0.000000000000000000e+00
-3.582725316592327403e+00,5.516913189992033395e+00,0.000000000000000000e+00
-3.629729026465617459e+00,5.381294580915673365e+00,0.000000000000000000e+00
-3.675500489606735588e+00,5.249158698011524571e+00,0.000000000000000000e+00
-3.720132447140671594e+00,5.120323042002604907e+00,0.000000000000000000e+00
-3.763705262726858791e+00,4.994605579007161289e+00,0.000000000000000000e+00
-3.806287046745744806e+00,4.871825255207121508e+00,0.000000000000000000e+00
-3.847933798622425350e+00,4.751802506453954855e+00,0.000000000000000000e+00
-3.888689566288258348e+00,4.634359761107652353e+00,0.000000000000000000e+00
-3.928586862952828440e+00,4.519322212164428976e+00,0.000000000000000000e+00
-3.967665326366728529e+00,4.406538766116742778e+00,0.000000000000000000e+00
-4.005986800731048625e+00,4.295894897875861318e+00,0.000000000000000000e+00
-4.043608913996373566e+00,4.187279607557007566e+00,0.000000000000000000e+00
-4.080582235477904440e+00,4.080582235477905328e+00,0.000000000000000000e+00
-4.116950356509176068e+00,3.975692745718890642e+00,0.000000000000000000e+00
-4.152749980408897201e+00,3.872502005689176574e+00,0.000000000000000000e+00
-4.188011021616762086e+00,3.770902061427664265e+00,0.000000000000000000e+00
-4.222756713846674614e+00,3.670786408371345289e+00,0.000000000000000000e+00
-4.257003819917553500e+00,3.572050335213092787e+00,0.000000000000000000e+00
-4.290774538189803700e+00,3.474600711065782832e+00,0.000000000000000000e+00
-4.324109067272464912e+00,3.378364261707346383e+00,0.000000000000000000e+00
-4.357046140841183579e+00,3.283269765915621363e+00,0.000000000000000000e+00
-4.389620422743114148e+00,3.189245918923744316e+00,0.000000000000000000e+00
-4.421862543304780679e+00,3.096221485749165669e+00,0.000000000000000000e+00
-4.453799140453940986e+00,3.004125452541662522e+00,0.000000000000000000e+00
-4.485452905581687411e+00,2.912887175814586449e+00,0.000000000000000000e+00
-4.516842634067378626e+00,2.822436529426103125e+00,0.000000000000000000e+00
-4.547983280385468063e+00,2.732704049179408123e+00,0.000000000000000000e+00
-4.578886017710006584e+00,2.643621074913485636e+00,0.000000000000000000e+00
-4.609562225893137466e+00,2.555122065047339852e+00,0.000000000000000000e+00
-4.640038558182680184e+00,2.467152264658659888e+00,0.000000000000000000e+00
-4.670344520408088229e+00,2.379659391054774087e+00,0.000000000000000000e+00
-4.700507068324493609e+00,2.292590480006032383e+00,0.000000000000000000e+00
-4.730550599058203964e+00,2.205891971630557613e+00,0.000000000000000000e+00
-4.760496945877556563e+00,2.119509796628367138e+00,0.000000000000000000e+00
-4.790365375447492191e+00,2.033389462319928676e+00,0.000000000000000000e+00
-4.820172587554853116e+00,1.947476138423870573e+00,0.000000000000000000e+00
-4.849932717289688888e+00,1.861714742509098297e+00,0.000000000000000000e+00
-4.879657339666314542e+00,1.776050025057143156e+00,0.000000000000000000e+00
-4.909355476666278584e+00,1.690426654071045975e+00,0.000000000000000000e+00
-4.939036619892630320e+00,1.604790278218714450e+00,0.000000000000000000e+00
-4.968724686175483463e+00,1.519091584284898211e+00,0.000000000000000000e+00
-4.998447363502032559e+00,1.433281717442487002e+00,0.000000000000000000e+00
-5.028230305152483481e+00,1.347310249623307365e+00,0.000000000000000000e+00
-5.058097063246481895e+00,1.261125238966202877e+00,0.000000000000000000e+00
-5.088069029522765518e+00,1.174673293167921573e+00,0.000000000000000000e+00
-5.118165377772928792e+00,1.087899634757963252e+00,0.000000000000000000e+00
-5.148403007985203672e+00,1.000748168257724391e+00,0.000000000000000000e+00
-5.178796492253279204e+00,9.131615491826097220e-01,0.000000000000000000e+00
-5.209358022504178010e+00,8.250812548444580452e-01,0.000000000000000000e+00
-5.240097360098289414e+00,7.364476569100109060e-01,0.000000000000000000e+00
-5.271025131853053658e+00,6.472005063227522781e-01,0.000000000000000000e+00
-5.302170375159024118e+00,5.572805625294154908e-01,0.000000000000000000e+00
-5.333567777838099211e+00,4.666267167079878320e-01,0.000000000000000000e+00
-5.365249559642934152e+00,3.751747969871547239e-01,0.000000000000000000e+00
-5.397245316258444170e+00,2.828576412709003507e-01,0.000000000000000000e+00
-5.429581882129676629e+00,1.896051773424211884e-01,0.000000000000000000e+00
-5.462283195435849947e+00,9.534450783264418472e-02,0.000000000000000000e+00
-5.495370165360029979e+00,6.729887483138020688e-16,0.000000000000000000e+00
-5.528860541802717243e+00,-9.650661973622737255e-02,0.000000000000000000e+00
-5.562768787686184879e+00,-1.942561665706778462e-01,0.000000000000000000e+00
-5.597107703226473774e+00,-2.933319851341012474e-01,0.000000000000000000e+00
-5.631913170610566510e+00,-3.938217331634643603e-01,0.000000000000000000e+00
-5.667237973389778638e+00,-4.958190761752364617e-01,0.000000000000000000e+00
-5.703131288103825192e+00,-5.994232526559050145e-01,0.000000000000000000e+00
-5.739637872001025265e+00,-7.047389158553265531e-01,0.000000000000000000e+00
-5.776797803862574021e+00,-8.118759852617883910e-01,0.000000000000000000e+00
-5.814646229198458194e+00,-9.209494886967724003e-01,0.000000000000000000e+00
-5.853213110106739059e+00,-1.032079395148326029e+00,0.000000000000000000e+00
-5.892522980084829776e+00,-1.145390438469998884e+00,0.000000000000000000e+00
-5.932597539089059957e+00,-1.261012534680806541e+00,0.000000000000000000e+00
-5.973495404089395500e+00,-1.379090078638983030e+00,0.000000000000000000e+00
-6.015301461910966374e+00,-1.499783099997925362e+00,0.000000000000000000e+00
-6.058093607315152340e+00,-1.623261289752242265e+00,0.000000000000000000e+00
-6.101941404564961147e+00,-1.749703541929620743e+00,0.000000000000000000e+00
-6.146905639666329080e+00,-1.879297650077269566e+00,0.000000000000000000e+00
-6.193037882128752614e+00,-2.012239987420154641e+00,0.000000000000000000e+00
-6.240380056755158833e+00,-2.148735170962930763e+00,0.000000000000000000e+00
-6.288984462683824717e+00,-2.289003148179537650e+00,0.000000000000000000e+00
-6.338974730061465834e+00,-2.433304417868931147e+00,0.000000000000000000e+00
-6.390481497810715616e+00,-2.581922120829863054e+00,0.000000000000000000e+00
-6.443620400347183086e+00,-2.735154585161828411e+00,0.000000000000000000e+00
-6.498491328653535071e+00,-2.893314750745335839e+00,0.000000000000000000e+00
-6.555177710055416718e+00,-3.056729566765786554e+00,0.000000000000000000e+00
-6.613756610736063912e+00,-3.225744631898879611e+00,0.000000000000000000e+00
-6.674397742899103925e+00,-3.400775510055266349e+00,0.000000000000000000e+00
-6.737312846875627592e+00,-3.582292784737820313e+00,0.000000000000000000e+00
-6.802688123762550276e+00,-3.770791601211834099e+00,0.000000000000000000e+00
-6.870682195575706253e+00,-3.966790215132003805e+00,0.000000000000000000e+00
-6.941430792214996259e+00,-4.170832402747270962e+00,0.000000000000000000e+00
-7.015162809797229393e+00,-4.383560238496410300e+00,0.000000000000000000e+00
-7.092187507013962389e+00,-4.605720419435391122e+00,0.000000000000000000e+00
-7.172775417880776772e+00,-4.838098108758577709e+00,0.000000000000000000e+00
-7.257152738210272958e+00,-5.081513053234069766e+00,0.000000000000000000e+00
-7.345630085373547224e+00,-5.336912652019530690e+00,0.000000000000000000e+00
-7.438722078026354545e+00,-5.605479149485833368e+00,0.000000000000000000e+00
-7.536902618452252511e+00,-5.888473684177585099e+00,0.000000000000000000e+00
-7.640581188254071954e+00,-6.187220650578284520e+00,0.000000000000000000e+00
-7.750205788002532792e+00,-6.503194818260945809e+00,0.000000000000000000e+00
-7.866206429809740719e+00,-6.837988926358331554e+00,0.000000000000000000e+00
-7.989038225392654624e+00,-7.193362328193583899e+00,0.000000000000000000e+00
-8.120206069007199545e+00,-7.572214661895809940e+00,0.000000000000000000e+00
-8.261668074628234493e+00,-7.978200120850459598e+00,0.000000000000000000e+00
-8.413677932236087287e+00,-8.413677932236085510e+00,0.000000000000000000e+00
-8.573106528431869933e+00,-8.877711693547034599e+00,0.000000000000000000e+00
-8.735564068193269804e+00,-9.367745571146382844e+00,0.000000000000000000e+00
-8.893771383171864997e+00,-9.877533802180415989e+00,0.000000000000000000e+00
-9.041170391039599963e+00,-1.040067678215397784e+01,0.000000000000000000e+00
-9.175435576813660177e+00,-1.093485831228440119e+01,0.000000000000000000e+00
-9.295264047420564779e+00,-1.147869514140213631e+01,0.000000000000000000e+00
-9.397674376590703815e+00,-1.202847468039258594e+01,0.000000000000000000e+00
-9.478504123219829935e+00,-1.257839981342658042e+01,0.000000000000000000e+00
-9.533934911146014102e+00,-1.312233564265031305e+01,0.000000000000000000e+00
-9.560550444348846710e+00,-1.365388106045423200e+01,0.000000000000000000e+00
-9.556608501132854983e+00,-1.416825475513662091e+01,0.000000000000000000e+00
-9.525168734192039466e+00,-1.466747360820442658e+01,0.000000000000000000e+00
-9.468733021780996850e+00,-1.515314040102733095e+01,0.000000000000000000e+00
-9.389241530847304062e+00,-1.562632203462252889e+01,0.000000000000000000e+00
-9.286712950126171151e+00,-1.608505866492636827e+01,0.000000000000000000e+00
-9.159633370677907394e+00,-1.652441602148071453e+01,0.000000000000000000e+00
-9.011345431316376775e+00,-1.694787584105446854e+01,0.000000000000000000e+00
-8.841221972561951858e+00,-1.735187512485304850e+01,0.000000000000000000e+00
-8.649924060304963191e+00,-1.773497253021243480e+01,0.000000000000000000e+00
-8.442305263817210914e+00,-1.810458206331029629e+01,0.000000000000000000e+00
-8.213108087941645152e+00,-1.844694279356708577e+01,0.000000000000000000e+00
-7.967934943893367539e+00,-1.877127838830093864e+01,0.000000000000000000e+00
-7.706638001431672436e+00,-1.907459840138195517e+01,0.000000000000000000e+00
-7.429694636337266012e+00,-1.935501625113637303e+01,0.000000000000000000e+00
-7.138199406461025909e+00,-1.961204168481607013e+01,0.000000000000000000e+00
-6.833458695392480742e+00,-1.984580507530728255e+01,0.000000000000000000e+00
-6.516810831222715983e+00,-2.005668141013952166e+01,0.000000000000000000e+00
-6.188753141775305444e+00,-2.024249941892768589e+01,0.000000000000000000e+00
-5.850313155337833138e+00,-2.040246659891766257e+01,0.000000000000000000e+00
-5.503509036814287825e+00,-2.053937534530539111e+01,0.000000000000000000e+00
-5.148205600938047688e+00,-2.064832486616476359e+01,0.000000000000000000e+00
-4.786618772785825371e+00,-2.073312373371740946e+01,0.000000000000000000e+00
-4.419383911302643853e+00,-2.079156661445902898e+01,0.000000000000000000e+00
-4.047500065170633654e+00,-2.082258271491369683e+01,0.000000000000000000e+00
-3.672638283584918284e+00,-2.082856672772713935e+01,0.000000000000000000e+00
-3.295618079962621572e+00,-2.080771364415443614e+01,0.000000000000000000e+00
-2.917419422928638095e+00,-2.075851782940198120e+01,0.000000000000000000e+00
-2.539626236162950690e+00,-2.068359586488434232e+01,0.000000000000000000e+00
-2.163370998510600440e+00,-2.058310012952529888e+01,0.000000000000000000e+00
-1.790479049213130391e+00,-2.046526917950446389e+01,0.000000000000000000e+00
-1.422350341644340155e+00,-2.034055753597581528e+01,0.000000000000000000e+00
-1.059122136307336648e+00,-2.020925425187881785e+01,0.000000000000000000e+00
-7.008661347784606033e-01,-2.007018015293418500e+01,0.000000000000000000e+00
-3.477969311886187631e-01,-1.992527284309186086e+01,0.000000000000000000e+00
-3.632198671004696776e-15,-1.977276862484527697e+01,0.000000000000000000e+00
3.423780627065096671e-01,-1.961482607567010916e+01,0.000000000000000000e+00
6.791871530469619778e-01,-1.944937534115499389e+01,0.000000000000000000e+00
1.010343569272275532e+00,-1.927850374685144530e+01,0.000000000000000000e+00
1.335708172051015108e+00,-1.910151678486434434e+01,0.000000000000000000e+00
1.655117073674799544e+00,-1.891807471929632101e+01,0.000000000000000000e+00
1.968531265246052930e+00,-1.872932389708294565e+01,0.000000000000000000e+00
2.275842732588479134e+00,-1.853525162978889185e+01,0.000000000000000000e+00
2.576905822644715016e+00,-1.833563766788177674e+01,0.000000000000000000e+00
2.871554203263170013e+00,-1.813027970032435121e+01,0.000000000000000000e+00
3.159760291488439066e+00,-1.791989109546837966e+01,0.000000000000000000e+00
3.441434031831535734e+00,-1.770464326915579534e+01,0.000000000000000000e+00
3.716488998987910630e+00,-1.748470604618395186e+01,0.000000000000000000e+00
3.984849870783151893e+00,-1.726028107794156341e+01,0.000000000000000000e+00
4.246436034157215822e+00,-1.703152468127735020e+01,0.000000000000000000e+00
4.501062868147626794e+00,-1.679819531198867111e+01,0.000000000000000000e+00
4.749746209593677548e+00,-1.656433353591558699e+01,0.000000000000000000e+00
4.994018591227980863e+00,-1.633469878587652246e+01,0.000000000000000000e+00
5.234112056133287894e+00,-1.610894050689194756e+01,0.000000000000000000e+00
5.470289392299264364e+00,-1.588687395715020934e+01,0.000000000000000000e+00
5.702783820106208879e+00,-1.566826977377296437e+01,0.000000000000000000e+00
5.931819321004375922e+00,-1.545291764688790437e+01,0.000000000000000000e+00
6.157609129497101819e+00,-1.524061740489444183e+01,0.000000000000000000e+00
6.380356458643609230e+00,-1.503117785789441996e+01,0.000000000000000000e+00
6.600255454269491118e+00,-1.482441646745117403e+01,0.000000000000000000e+00
6.817491894753826998e+00,-1.462015854881739685e+01,0.000000000000000000e+00
7.032243883889766067e+00,-1.441823665006169897e+01,0.000000000000000000e+00
7.244682477729680770e+00,-1.421848993984136200e+01,0.000000000000000000e+00
7.454972274243153230e+00,-1.402076365459224583e+01,0.000000000000000000e+00
7.663271963509567186e+00,-1.382490858380386278e+01,0.000000000000000000e+00
7.869734841741564679e+00,-1.363078058799140457e+01,0.000000000000000000e+00
8.074509293034077828e+00,-1.343824014644520304e+01,0.000000000000000000e+00
8.277739242216973992e+00,-1.324715193171792826e+01,0.000000000000000000e+00
8.479564581932917733e+00,-1.305738440812156398e+01,0.000000000000000000e+00
8.680121576776397063e+00,-1.286880945167394330e+01,0.000000000000000000e+00
8.879543247142402507e+00,-1.268130198918682439e+01,0.000000000000000000e+00
9.077959735266901475e+00,-1.249473965438665068e+01,0.000000000000000000e+00
9.275498655070213871e+00,-1.230900245815801597e+01,0.000000000000000000e+00
9.472285428566737053e+00,-1.212397247203841744e+01,0.000000000000000000e+00
9.668443610671092259e+00,-1.193953352293721437e+01,0.000000000000000000e+00
9.864095204074347478e+00,-1.175557089714692260e+01,0.000000000000000000e+00
1.005936096592452600e+01,-1.157197105203180065e+01,0.000000000000000000e+00
1.025436070797036159e+01,-1.138862133384463959e+01,0.000000000000000000e+00
1.044921359176702502e+01,-1.120540970017557925e+01,0.000000000000000000e+00
1.064403842049753557e+01,-1.102222444557669334e+01,0.000000000000000000e+00
1.083895392893315091e+01,-1.083895392893315623e+01,0.000000000000000000e+00
1.103407907303852475e+01,-1.065548630116695783e+01,0.000000000000000000e+00
1.122953332072470189e+01,-1.047170923186133251e+01,0.000000000000000000e+00
1.142543694526230524e+01,-1.028750963338413271e+01,0.000000000000000000e+00
1.162191132289132511e+01,-1.010277338106567058e+01,0.000000000000000000e+00
1.181907923620021172e+01,-9.917385027950652798e+00,0.000000000000000000e+00
1.201706518489842956e+01,-9.731227512594365692e+00,0.000000000000000000e+00
1.221599570567135906e+01,-9.544181858308814270e+00,0.000000000000000000e+00
1.241599970288664423e+01,-9.356126862185318416e+00,0.000000000000000000e+00
1.261720879201613599e+01,-9.166938772122874113e+00,0.000000000000000000e+00
1.281975765774827103e+01,-8.976490949977002032e+00,0.000000000000000000e+00
1.302378442889320986e+01,-8.784653518808243078e+00,0.000000000000000000e+00
1.322943107232610416e+01,-8.591292992051654309e+00,0.000000000000000000e+00
1.343684380838929648e+01,-8.396271882255081920e+00,0.000000000000000000e+00
1.364617355230378593e+01,-8.199448287994780316e+00,0.000000000000000000e+00
1.385757638448591145e+01,-8.000675455898750954e+00,0.000000000000000000e+00
1.407121404681273447e+01,-7.799801311077641408e+00,0.000000000000000000e+00
1.428725447398607784e+01,-7.596667956366056629e+00,0.000000000000000000e+00
1.450587236245262446e+01,-7.391111135787488351e+00,0.000000000000000000e+00
1.472724978044180766e+01,-7.182959657870904735e+00,0.000000000000000000e+00
1.495157682325630333e+01,-6.972034774177195970e+00,0.000000000000000000e+00
1.517905232668234561e+01,-6.758149511638257501e+00,0.000000000000000000e+00
1.540988466465319817e+01,-6.541107960839875446e+00,0.000000000000000000e+00
1.564429256561914627e+01,-6.320704481148111675e+00,0.000000000000000000e+00
1.588250600075288865e+01,-6.096722839923218729e+00,0.000000000000000000e+00
1.612476715809835781e+01,-5.868935280021023715e+00,0.000000000000000000e+00
1.637133158585181292e+01,-5.637101531330065640e+00,0.000000000000000000e+00
1.662246936094147287e+01,-5.400967695397900670e+00,0.000000000000000000e+00
1.687846629019216138e+01,-5.160265000877484631e+00,0.000000000000000000e+00
1.713962541040660881e+01,-4.914708500068505792e+00,0.000000000000000000e+00
1.740626859623957046e+01,-4.663995613601603196e+00,0.000000000000000000e+00
1.767873809393825013e+01,-4.407804461749284641e+00,0.000000000000000000e+00
1.795739866182828948e+01,-4.145792146376910736e+00,0.000000000000000000e+00
1.824263945071833248e+01,-3.877592717430599745e+00,0.000000000000000000e+00
1.853487650685032762e+01,-3.602815025230999613e+00,0.000000000000000000e+00
1.883455520812385586e+01,-3.321040252835373963e+00,0.000000000000000000e+00
1.914215332113807833e+01,-3.031819240374923563e+00,0.000000000000000000e+00
1.945818400088582578e+01,-2.734669421277221790e+00,0.000000000000000000e+00
1.978319960725447402e+01,-2.429071477031249593e+00,0.000000000000000000e+00
2.011779561033974417e+01,-2.114465522855940804e+00,0.000000000000000000e+00
2.046261511903983177e+01,-1.790246849010164176e+00,0.000000000000000000e+00
2.081835403167720244e+01,-1.455761127346520745e+00,0.000000000000000000e+00
2.118576680254239974e+01,-1.110298990529635210e+00,0.000000000000000000e+00
2.156567296339654760e+01,-7.530898944891838420e-01,0.000000000000000000e+00
2.195896470176175086e+01,-3.832951546256905262e-01,0.000000000000000000e+00
2.236661342274994269e+01,-5.478240307187388618e-15,0.000000000000000000e+00
