2.152941179753935685e+01,0.000000000000000000e+00,0.000000000000000000e+00
2.173976834711206152e+01,3.794690680232505331e-01,0.000000000000000000e+00
2.193673133365576788e+01,7.660475383049927256e-01,0.000000000000000000e+00
2.211998016470437278e+01,1.159259038217076432e+00,0.000000000000000000e+00
2.228996515009498935e+01,1.558666201278093411e+00,0.000000000000000000e+00
2.244623846816444157e+01,1.963791404763890247e+00,0.000000000000000000e+00
2.258766717143046421e+01,2.374059484488824534e+00,0.000000000000000000e+00
2.271539737630629574e+01,2.789100092584759327e+00,0.000000000000000000e+00
2.282920596961397663e+01,3.208435662562366009e+00,0.000000000000000000e+00
2.292830756608059062e+01,3.631487161442505496e+00,0.000000000000000000e+00
2.301278377561854072e+01,4.057774680851565563e+00,0.000000000000000000e+00
2.308283912478956879e+01,4.486849404852819134e+00,0.000000000000000000e+00
2.313845201007338659e+01,4.918229801628011266e+00,0.000000000000000000e+00
2.317954178115968489e+01,5.351418882135749122e+00,0.000000000000000000e+00
2.320604308378629099e+01,5.785916375973242154e+00,0.000000000000000000e+00
2.321790600563761586e+01,6.221219164152312686e+00,0.000000000000000000e+00
2.321513469225327952e+01,6.656832752772851691e+00,0.000000000000000000e+00
2.319786247267319723e+01,7.092298302154661727e+00,0.000000000000000000e+00
2.316611836073850128e+01,7.527128140666706990e+00,0.000000000000000000e+00
2.311990757032970123e+01,7.960822593169290862e+00,0.000000000000000000e+00
2.305925088532748646e+01,8.392880946735775893e+00,0.000000000000000000e+00
2.298418472948226565e+01,8.822801892258448575e+00,0.000000000000000000e+00
2.289476124452236050e+01,9.250083977021386517e+00,0.000000000000000000e+00
2.279111813704218292e+01,9.674255682432368886e+00,0.000000000000000000e+00
2.267363152303707707e+01,1.009495115417198186e+01,0.000000000000000000e+00
2.254272333958733299e+01,1.051184452891899923e+01,0.000000000000000000e+00
2.239848408225792298e+01,1.092447062139089908e+01,0.000000000000000000e+00
2.224050634916730473e+01,1.133210399454316963e+01,0.000000000000000000e+00
2.206883536919648847e+01,1.173420791158620347e+01,0.000000000000000000e+00
2.188451203527696620e+01,1.213078310778108104e+01,0.000000000000000000e+00
2.168761745011213549e+01,1.252135177290386459e+01,0.000000000000000000e+00
2.147725823818179691e+01,1.290483868000868561e+01,0.000000000000000000e+00
2.125515117682438060e+01,1.328169254059702986e+01,0.000000000000000000e+00
2.102155173070206118e+01,1.365155531471218886e+01,0.000000000000000000e+00
2.077417456262332607e+01,1.401235767286072686e+01,0.000000000000000000e+00
2.051539495852385997e+01,1.436503419930788183e+01,0.000000000000000000e+00
2.024583671283118846e+01,1.470946138692411687e+01,0.000000000000000000e+00
1.996525937758437053e+01,1.504490206533149177e+01,0.000000000000000000e+00
1.967396387399625723e+01,1.537098519116569051e+01,0.000000000000000000e+00
1.937215115089265183e+01,1.568725869063315059e+01,0.000000000000000000e+00
1.906011993881225663e+01,1.599333961085208600e+01,0.000000000000000000e+00
1.873820685542090203e+01,1.628887470987448793e+01,0.000000000000000000e+00
1.840679324029072816e+01,1.657355107611191869e+01,0.000000000000000000e+00
1.806629669223081436e+01,1.684709421614417124e+01,0.000000000000000000e+00
1.771716054205965918e+01,1.710926305692182936e+01,0.000000000000000000e+00
1.735986773232318470e+01,1.735986773232318114e+01,0.000000000000000000e+00
1.699486586349867423e+01,1.759869878045742198e+01,0.000000000000000000e+00
1.662253323189694854e+01,1.782548451923174682e+01,0.000000000000000000e+00
1.624156871398424684e+01,1.803808947420918685e+01,0.000000000000000000e+00
1.585442023621762608e+01,1.823842415455021637e+01,0.000000000000000000e+00
1.546141903074356883e+01,1.842620167649313601e+01,0.000000000000000000e+00
1.506334027728592417e+01,1.860167607634030418e+01,0.000000000000000000e+00
1.465785636966086791e+01,1.876120060623544816e+01,0.000000000000000000e+00
1.424816417645615729e+01,1.890795248796357697e+01,0.000000000000000000e+00
1.383490537509841722e+01,1.904211362971492250e+01,0.000000000000000000e+00
1.341623433228393658e+01,1.916036831963642939e+01,0.000000000000000000e+00
1.299409678533184653e+01,1.926454071500986842e+01,0.000000000000000000e+00
1.257003445842465439e+01,1.935615565647014336e+01,0.000000000000000000e+00
1.214162125146885529e+01,1.943065572726422019e+01,0.000000000000000000e+00
1.171169983522567826e+01,1.949154173921403910e+01,0.000000000000000000e+00
1.128083982797451057e+01,1.953898773409840217e+01,0.000000000000000000e+00
1.084706901820552893e+01,1.956863051356788574e+01,0.000000000000000000e+00
1.041394858598434325e+01,1.958578871441676128e+01,0.000000000000000000e+00
9.980027869354792358e+00,1.958690754162989833e+01,0.000000000000000000e+00
9.545955599844754502e+00,1.957210943790709123e+01,0.000000000000000000e+00
9.113911552861917897e+00,1.954484639802440427e+01,0.000000000000000000e+00
8.681505629851029582e+00,1.949898089750189456e+01,0.000000000000000000e+00
8.251677626122871700e+00,1.943973425751649842e+01,0.000000000000000000e+00
7.824534242322839894e+00,1.936640183727890019e+01,0.000000000000000000e+00
7.398943723617796842e+00,1.927490738468155484e+01,0.000000000000000000e+00
6.977580438529142448e+00,1.917074469728709118e+01,0.000000000000000000e+00
6.559989523931906596e+00,1.905159293284247823e+01,0.000000000000000000e+00
6.145874342631338472e+00,1.891505628586425303e+01,0.000000000000000000e+00
5.737203516889382904e+00,1.876554714599405571e+01,0.000000000000000000e+00
5.334239675499127920e+00,1.860270449124490355e+01,0.000000000000000000e+00
4.935961831420459411e+00,1.842126033908188276e+01,0.000000000000000000e+00
4.544457342601549321e+00,1.822682286297326826e+01,0.000000000000000000e+00
4.159982990816502912e+00,1.801886596215413761e+01,0.000000000000000000e+00
3.783022289815854755e+00,1.779772056949578740e+01,0.000000000000000000e+00
3.413293891972195571e+00,1.755987479963247822e+01,0.000000000000000000e+00
3.051864685326163951e+00,1.730798470582358917e+01,0.000000000000000000e+00
2.699326128643334766e+00,1.704287443332377094e+01,0.000000000000000000e+00
2.356105377850225224e+00,1.676456086830209458e+01,0.000000000000000000e+00
2.022641588728436357e+00,1.647309379823329678e+01,0.000000000000000000e+00
1.699385639492506428e+00,1.616857432240382053e+01,0.000000000000000000e+00
1.386798800609463367e+00,1.585118282437287007e+01,0.000000000000000000e+00
1.085346031252792276e+00,1.552117136599303038e+01,0.000000000000000000e+00
7.954986849266532101e-01,1.517901914199346791e+01,0.000000000000000000e+00
5.177006586062906646e-01,1.482500718458191358e+01,0.000000000000000000e+00
2.524120885549414606e-01,1.446067886845237638e+01,0.000000000000000000e+00
8.624952825695680402e-16,1.408561690064548877e+01,0.000000000000000000e+00
-2.390532566321081631e-01,1.369535190016159198e+01,0.000000000000000000e+00
-4.643097646331643680e-01,1.329609202176623128e+01,0.000000000000000000e+00
-6.754024837898134903e-01,1.288744711242456553e+01,0.000000000000000000e+00
-8.718668536978357864e-01,1.246827689502222825e+01,0.000000000000000000e+00
-1.053899904032897128e+00,1.204613102497116728e+01,0.000000000000000000e+00
-1.222259403641289044e+00,1.162902142384396420e+01,0.000000000000000000e+00
-1.378177264506696087e+00,1.122435308130091869e+01,0.000000000000000000e+00
-1.523153203635903230e+00,1.083779818770342196e+01,0.000000000000000000e+00
-1.658889339237227256e+00,1.047381507828732872e+01,0.000000000000000000e+00
-1.786594352514918382e+00,1.013228007044953216e+01,0.000000000000000000e+00
-1.906981274371437829e+00,9.810568173447759222e+00,0.000000000000000000e+00
-2.020659181712742392e+00,9.506454027279861663e+00,0.000000000000000000e+00
-2.128256525156453804e+00,9.218491793003007473e+00,0.000000000000000000e+00
-2.230317114923429767e+00,8.945313360273562608e+00,0.000000000000000000e+00
-2.327321675366836651e+00,8.685682738025350957e+00,0.000000000000000000e+00
-2.419709762822162435e+00,8.438530776768875086e+00,0.000000000000000000e+00
-2.507846125303717866e+00,8.202795065704975741e+00,0.000000000000000000e+00
-2.592042360605609108e+00,7.977486100896769017e+00,0.000000000000000000e+00
-2.672621151147887009e+00,7.761855419070173845e+00,0.000000000000000000e+00
-2.749868451663956659e+00,7.555201477417366362e+00,0.000000000000000000e+00
-2.824019366499614936e+00,7.356821970151663947e+00,0.000000000000000000e+00
-2.895280417692339903e+00,7.166070498783951415e+00,0.000000000000000000e+00
-2.963877216942143900e+00,6.982457153544268103e+00,0.000000000000000000e+00
-3.030012077020378225e+00,6.805518550361662200e+00,0.000000000000000000e+00
-3.093854006869656725e+00,6.634791328778208985e+00,0.000000000000000000e+00
-3.155539822229926905e+00,6.469815419774467280e+00,0.000000000000000000e+00
-3.215204186840910694e+00,6.310193514438116935e+00,0.000000000000000000e+00
-3.272991604291122236e+00,6.155601931046660980e+00,0.000000000000000000e+00
-3.329025942629778356e+00,6.005721779041588881e+00,0.000000000000000000e+00
-3.383408576293452263e+00,5.860235556904541454e+00,0.000000000000000000e+00
-3.436218599963998699e+00,5.718828112791304541e+00,0.000000000000000000e+00
-3.487523966636933537e+00,5.581205024667294623e+00,0.000000000000000000e+00
-3.537438500724733537e+00,5.447177608914802072e+00,0.000000000000000000e+00
-3.586087911582166665e+00,5.316593967367087892e+00,0.000000000000000000e+00
-3.633587457644894769e+00,5.189300684958702448e+00,0.000000000000000000e+00
-3.680041950763813130e+00,5.065143207606781495e+00,0.000000000000000000e+00
-3.725545810675065628e+00,4.943966275765956375e+00,0.000000000000000000e+00
-3.770182483751695290e+00,4.825613521918901583e+00,0.000000000000000000e+00
-3.813976165453412559e+00,4.709868321810880332e+00,0.000000000000000000e+00
-3.856853303778736475e+00,4.596418780887156608e+00,0.000000000000000000e+00
-3.898711275280035693e+00,4.484954279958486723e+00,0.000000000000000000e+00
-3.939426352849271673e+00,4.375176208722324489e+00,0.000000000000000000e+00
-3.978854306472777935e+00,4.266798860008367278e+00,0.000000000000000000e+00
-4.016831034489305452e+00,4.159550301588407883e+00,0.000000000000000000e+00
-4.053173224636276828e+00,4.053173224636277716e+00,0.000000000000000000e+00
-4.087687077644281075e+00,3.947433525805012611e+00,0.000000000000000000e+00
-4.120338608059875618e+00,3.842277912011288876e+00,0.000000000000000000e+00
-4.151262758474898007e+00,3.737813776673807098e+00,0.000000000000000000e+00
-4.180607613401393863e+00,3.634146754343378749e+00,0.000000000000000000e+00
-4.208527268680880340e+00,3.531373678949654149e+00,0.000000000000000000e+00
-4.235181469081692462e+00,3.429582331345727209e+00,0.000000000000000000e+00
-4.260735237192305291e+00,3.328851199169038377e+00,0.000000000000000000e+00
-4.285358493981865635e+00,3.229249249282444278e+00,0.000000000000000000e+00
-4.309225671406325731e+00,3.130835713049151092e+00,0.000000000000000000e+00
-4.332515317445769121e+00,3.033659884684559938e+00,0.000000000000000000e+00
-4.355409693965196283e+00,2.937760932917592438e+00,0.000000000000000000e+00
-4.378094367797631392e+00,2.843167726183037924e+00,0.000000000000000000e+00
-4.400745693873444608e+00,2.749891109648463949e+00,0.000000000000000000e+00
-4.423433942691878507e+00,2.657867257033365682e+00,0.000000000000000000e+00
-4.446169597388696104e+00,2.566997213915093390e+00,0.000000000000000000e+00
-4.468957418856277286e+00,2.477183547829038712e+00,0.000000000000000000e+00
-4.491797038698287281e+00,2.388330850584978737e+00,0.000000000000000000e+00
-4.514683082953081517e+00,2.300345927166562721e+00,0.000000000000000000e+00
-4.537605301685932346e+00,2.213137979681455647e+00,0.000000000000000000e+00
-4.560548704287040067e+00,2.126618786197902899e+00,0.000000000000000000e+00
-4.583493700308101104e+00,2.040702874308134795e+00,0.000000000000000000e+00
-4.606416245666003384e+00,1.955307689264014215e+00,0.000000000000000000e+00
-4.629287994038210563e+00,1.870353756535263257e+00,0.000000000000000000e+00
-4.652076453270520773e+00,1.785764838645667707e+00,0.000000000000000000e+00
-4.674745146614114333e+00,1.701468086147932546e+00,0.000000000000000000e+00
-4.697253778605221086e+00,1.617394182602996944e+00,0.000000000000000000e+00
-4.719571738830188323e+00,1.533481815730114883e+00,0.000000000000000000e+00
-4.741720506179256667e+00,1.449689441640687360e+00,0.000000000000000000e+00
-4.763733977469416736e+00,1.365978737021808609e+00,0.000000000000000000e+00
-4.785644403626929666e+00,1.282309553214359132e+00,0.000000000000000000e+00
-4.807482319526274139e+00,1.198639965431387955e+00,0.000000000000000000e+00
-4.829276475104845368e+00,1.114926324252692336e+00,0.000000000000000000e+00
-4.851053767805651340e+00,1.031123309361175133e+00,0.000000000000000000e+00
-4.872839176413353179e+00,9.471839854896139110e-01,0.000000000000000000e+00
-4.894655696348388041e+00,8.630598605446001548e-01,0.000000000000000000e+00
-4.916524276483093203e+00,7.787009458727710554e-01,0.000000000000000000e+00
-4.938463757542963961e+00,6.940558186325960222e-01,0.000000000000000000e+00
-4.960490812155404328e+00,6.090716862333942494e-01,0.000000000000000000e+00
-4.982619886607365878e+00,5.236944528014200184e-01,0.000000000000000000e+00
-5.004863144372400541e+00,4.378687876312950533e-01,0.000000000000000000e+00
-5.027231918441303904e+00,3.515383009572592976e-01,0.000000000000000000e+00
-5.049749669266303087e+00,2.646461661015185873e-01,0.000000000000000000e+00
-5.072445569047764558e+00,1.771337024761549805e-01,0.000000000000000000e+00
-5.095346400510868179e+00,8.893960225267658060e-02,0.000000000000000000e+00
-5.118476348336735704e+00,6.268325676502015841e-16,0.000000000000000000e+00
-5.141856880666142438e+00,-8.975144570363048635e-02,0.000000000000000000e+00
-5.165506632847208124e+00,-1.803834664337509719e-01,0.000000000000000000e+00
-5.189441293557384149e+00,-2.719670939150538591e-01,0.000000000000000000e+00
-5.213673493428560235e+00,-3.645755659098438017e-01,0.000000000000000000e+00
-5.238212696302770865e+00,-4.582842280640550547e-01,0.000000000000000000e+00
-5.263065093244272852e+00,-5.531704317789156722e-01,0.000000000000000000e+00
-5.288233499432173801e+00,-6.493134281798089713e-01,0.000000000000000000e+00
-5.313717254055998040e+00,-7.467942582575298749e-01,0.000000000000000000e+00
-5.339514277162494160e+00,-8.456959803932518893e-01,0.000000000000000000e+00
-5.365654835355754493e+00,-9.461097166420566751e-01,0.000000000000000000e+00
-5.392194730196066210e+00,-1.048136478586287446e+00,0.000000000000000000e+00
-5.419185781099305821e+00,-1.151883496681542773e+00,0.000000000000000000e+00
-5.446674625253406177e+00,-1.257463918381757972e+00,0.000000000000000000e+00
-5.474702431398918989e+00,-1.364996623381396601e+00,0.000000000000000000e+00
-5.503304619299768774e+00,-1.474606028443840477e+00,0.000000000000000000e+00
-5.532510585228970434e+00,-1.586421881976168180e+00,0.000000000000000000e+00
-5.562343433789970426e+00,-1.700579048519712533e+00,0.000000000000000000e+00
-5.592819716389628937e+00,-1.817217283334726430e+00,0.000000000000000000e+00
-5.623949176674317485e+00,-1.936480997266646131e+00,0.000000000000000000e+00
-5.655737670637252634e+00,-2.058520164930026208e+00,0.000000000000000000e+00
-5.688242968324183302e+00,-2.183511898082753255e+00,0.000000000000000000e+00
-5.721566055557716801e+00,-2.311662739293529167e+00,0.000000000000000000e+00
-5.755798571979598321e+00,-2.443191540980544030e+00,0.000000000000000000e+00
-5.791020374444967977e+00,-2.578328387909079922e+00,0.000000000000000000e+00
-5.827298985557135325e+00,-2.717314143324145892e+00,0.000000000000000000e+00
-5.864689056970548542e+00,-2.860399974890126984e+00,0.000000000000000000e+00
-5.903231848093780876e+00,-3.007846860869810346e+00,0.000000000000000000e+00
-5.942954720812648972e+00,-3.159925076993196580e+00,0.000000000000000000e+00
-5.983885424101841544e+00,-3.316921853435940815e+00,0.000000000000000000e+00
-6.026152763443860749e+00,-3.479200920152121235e+00,0.000000000000000000e+00
-6.069919956567304986e+00,-3.647175862550772862e+00,0.000000000000000000e+00
-6.115326682030205241e+00,-3.821280220514030823e+00,0.000000000000000000e+00
-6.162487756303118402e+00,-4.001966341929934501e+00,0.000000000000000000e+00
-6.211492195877929667e+00,-4.189704388419928094e+00,0.000000000000000000e+00
-6.262402312498856816e+00,-4.384981306513618726e+00,0.000000000000000000e+00
-6.315302633810755850e+00,-4.588335940687779058e+00,0.000000000000000000e+00
-6.370483356175673073e+00,-4.800503534158620411e+00,0.000000000000000000e+00
-6.428260344587616082e+00,-5.022307410669421657e+00,0.000000000000000000e+00
-6.488899481177448081e+00,-5.254607192864864551e+00,0.000000000000000000e+00
-6.552614883412865687e+00,-5.498296731918490998e+00,0.000000000000000000e+00
-6.619574748944986986e+00,-5.754308539241052678e+00,0.000000000000000000e+00
-6.690004373267724347e+00,-6.023706994060495923e+00,0.000000000000000000e+00
-6.764150890052670562e+00,-6.307672749885605334e+00,0.000000000000000000e+00
-6.842191887815099349e+00,-6.607427901139065085e+00,0.000000000000000000e+00
-6.924247923534808002e+00,-6.924247923534806226e+00,0.000000000000000000e+00
-7.011106124484623336e+00,-7.260212925106547033e+00,0.000000000000000000e+00
-7.104428938679881789e+00,-7.618567296434166636e+00,0.000000000000000000e+00
-7.205738045107069389e+00,-8.002782851476757386e+00,0.000000000000000000e+00
-7.314910833854947114e+00,-8.414842324905421833e+00,0.000000000000000000e+00
-7.426029408655619335e+00,-8.849997226475586842e+00,0.000000000000000000e+00
-7.532113634902561472e+00,-9.301385710440053245e+00,0.000000000000000000e+00
-7.627310441825320808e+00,-9.762512176153219201e+00,0.000000000000000000e+00
-7.707968160199627938e+00,-1.022881923220791656e+01,0.000000000000000000e+00
-7.771042827311212875e+00,-1.069592285071834326e+01,0.000000000000000000e+00
-7.813780835930669078e+00,-1.115923552595410939e+01,0.000000000000000000e+00
-7.833727634199287415e+00,-1.161397882842352125e+01,0.000000000000000000e+00
-7.829582396641190378e+00,-1.205649961388718694e+01,0.000000000000000000e+00
-7.803396070220911085e+00,-1.248804417495776420e+01,0.000000000000000000e+00
-7.757251790281014969e+00,-1.291023499399150865e+01,0.000000000000000000e+00
-7.692889314328880346e+00,-1.332447514942130695e+01,0.000000000000000000e+00
-7.609949967833061102e+00,-1.372871315719708640e+01,0.000000000000000000e+00
-7.506855043395556315e+00,-1.411834095163261082e+01,0.000000000000000000e+00
-7.386681955739188510e+00,-1.449717960715905463e+01,0.000000000000000000e+00
-7.247781910364717639e+00,-1.486015509374969668e+01,0.000000000000000000e+00
-7.092844062386744142e+00,-1.521065317788351656e+01,0.000000000000000000e+00
-6.923035297349323436e+00,-1.554939186488349634e+01,0.000000000000000000e+00
-6.737013303553890609e+00,-1.587140872976352313e+01,0.000000000000000000e+00
-6.536127609511009240e+00,-1.617748351855196987e+01,0.000000000000000000e+00
-6.321754082506116035e+00,-1.646873243002005793e+01,0.000000000000000000e+00
-6.094267982600522160e+00,-1.674386367030021816e+01,0.000000000000000000e+00
-5.854456324238753950e+00,-1.700257573973220460e+01,0.000000000000000000e+00
-5.603149980463980384e+00,-1.724472245119782698e+01,0.000000000000000000e+00
-5.340201989510061864e+00,-1.746701366062317717e+01,0.000000000000000000e+00
-5.067625294012882087e+00,-1.767290964631407846e+01,0.000000000000000000e+00
-4.785551685415555312e+00,-1.785992203221773522e+01,0.000000000000000000e+00
-4.495217665618385539e+00,-1.802933330535572409e+01,0.000000000000000000e+00
-4.196776017519417756e+00,-1.817823406965967337e+01,0.000000000000000000e+00
-3.891684910411808751e+00,-1.830893800612631495e+01,0.000000000000000000e+00
-3.580622000764432489e+00,-1.842070329370432802e+01,0.000000000000000000e+00
-3.264270849280701992e+00,-1.851259992183370429e+01,0.000000000000000000e+00
-2.943409958696387996e+00,-1.858395908502890492e+01,0.000000000000000000e+00
-2.619049504002668893e+00,-1.863550554220591593e+01,0.000000000000000000e+00
-2.292027816515103122e+00,-1.866706856025323802e+01,0.000000000000000000e+00
-1.963189471564675159e+00,-1.867850012515898328e+01,0.000000000000000000e+00
-1.633386702633417231e+00,-1.866969544173483442e+01,0.000000000000000000e+00
-1.303477210924973262e+00,-1.864059256666766373e+01,0.000000000000000000e+00
-9.743220213310594957e-01,-1.859117166688141864e+01,0.000000000000000000e+00
-6.467835064342989382e-01,-1.852145630946496979e+01,0.000000000000000000e+00
-3.217264703609110654e-01,-1.843169714257627234e+01,0.000000000000000000e+00
-3.366256726362204808e-15,-1.832504810750835134e+01,0.000000000000000000e+00
3.178127118165615106e-01,-1.820747806573881178e+01,0.000000000000000000e+00
6.313420223406934761e-01,-1.807927005989609626e+01,0.000000000000000000e+00
9.402092351000896908e-01,-1.794026093000916333e+01,0.000000000000000000e+00
1.244093595244628814e+00,-1.779136729770631220e+01,0.000000000000000000e+00
1.542690527552962321e+00,-1.763303341690490456e+01,0.000000000000000000e+00
1.835536985707851620e+00,-1.746396785122973583e+01,0.000000000000000000e+00
2.122387100486485156e+00,-1.728545580062642983e+01,0.000000000000000000e+00
2.402919365738507729e+00,-1.709765970030644056e+01,0.000000000000000000e+00
2.676706348740087726e+00,-1.690005876369805549e+01,0.000000000000000000e+00
2.943489661846929728e+00,-1.669335940546521257e+01,0.000000000000000000e+00
3.203114652999512479e+00,-1.647859635170195958e+01,0.000000000000000000e+00
3.454949978280904332e+00,-1.625426169456226333e+01,0.000000000000000000e+00
3.701436439197890227e+00,-1.603268263658191728e+01,0.000000000000000000e+00
3.943180234061800515e+00,-1.581523210027049942e+01,0.000000000000000000e+00
4.180504430415999728e+00,-1.560185493557933079e+01,0.000000000000000000e+00
4.413645879385732052e+00,-1.539221238976869621e+01,0.000000000000000000e+00
4.642858897801230178e+00,-1.518610718312554475e+01,0.000000000000000000e+00
4.868377008746316292e+00,-1.498332377258105197e+01,0.000000000000000000e+00
5.090423157584211822e+00,-1.478366230622899558e+01,0.000000000000000000e+00
5.309209179905709952e+00,-1.458693233695211688e+01,0.000000000000000000e+00
5.524936800030737949e+00,-1.439295244088443582e+01,0.000000000000000000e+00
5.737798476399274428e+00,-1.420154957648789917e+01,0.000000000000000000e+00
5.947978132813220853e+00,-1.401255835605598676e+01,0.000000000000000000e+00
6.155651858759591200e+00,-1.382582044212590056e+01,0.000000000000000000e+00
6.360988549212808429e+00,-1.364118396506891884e+01,0.000000000000000000e+00
6.564150501014393235e+00,-1.345850298893447317e+01,0.000000000000000000e+00
6.765293967050677537e+00,-1.327763701256428064e+01,0.000000000000000000e+00
6.964569673453440579e+00,-1.309845050461236049e+01,0.000000000000000000e+00
7.162123303382644579e+00,-1.292081246844460551e+01,0.000000000000000000e+00
7.358095950926305306e+00,-1.274459603397118990e+01,0.000000000000000000e+00
7.552624548242391711e+00,-1.256967807353666444e+01,0.000000000000000000e+00
7.745842268815803067e+00,-1.239593883929160967e+01,0.000000000000000000e+00
7.937878909455527321e+00,-1.222326161967329128e+01,0.000000000000000000e+00
8.128861253449340296e+00,-1.205153241281953846e+01,0.000000000000000000e+00
8.318913417110422870e+00,-1.188063961490648346e+01,0.000000000000000000e+00
8.508157181792753931e+00,-1.171047372154652422e+01,0.000000000000000000e+00
8.696712313315583032e+00,-1.154092704050791163e+01,0.000000000000000000e+00
8.884696870620713227e+00,-1.137189341412300791e+01,0.000000000000000000e+00
9.072227505387356672e+00,-1.120326794984192809e+01,0.000000000000000000e+00
9.259419754246819068e+00,-1.103494675746144438e+01,0.000000000000000000e+00
9.446388325171835021e+00,-1.086682669161907100e+01,0.000000000000000000e+00
9.633247379688652856e+00,-1.069880509832776028e+01,0.000000000000000000e+00
9.820110813001940997e+00,-1.053077956483832445e+01,0.000000000000000000e+00
1.000709253140606769e+01,-1.036264766917819102e+01,0.000000000000000000e+00
1.019430672972926644e+01,-1.019430672972926999e+01,0.000000000000000000e+00
1.038186817069734680e+01,-1.002565355396929014e+01,0.000000000000000000e+00
1.056989246726721809e+01,-9.856584184579507024e+00,0.000000000000000000e+00
1.075849636940991516e+01,-9.686993641580313508e+00,0.000000000000000000e+00
1.094779805686393814e+01,-9.516775659122080455e+00,0.000000000000000000e+00
1.113791743943199997e+01,-9.345822415510392389e+00,0.000000000000000000e+00
1.132897646646180334e+01,-9.174024254982770188e+00,0.000000000000000000e+00
1.152109944723459911e+01,-9.001269399678875516e+00,0.000000000000000000e+00
1.171441338408562771e+01,-8.827443650156103772e+00,0.000000000000000000e+00
1.190904832020054549e+01,-8.652430072696505547e+00,0.000000000000000000e+00
1.210513770417181689e+01,-8.476108671527693872e+00,0.000000000000000000e+00
1.230281877356334519e+01,-8.298356043937369364e+00,0.000000000000000000e+00
1.250223295992039674e+01,-8.119045016096492873e+00,0.000000000000000000e+00
1.270352631787897835e+01,-7.938044257216125388e+00,0.000000000000000000e+00
1.290684998127529148e+01,-7.755217869444933854e+00,0.000000000000000000e+00
1.311236064943402191e+01,-7.570424950662198782e+00,0.000000000000000000e+00
1.332022110712512486e+01,-7.383519127031676454e+00,0.000000000000000000e+00
1.353060078202241989e+01,-7.194348051847501146e+00,0.000000000000000000e+00
1.374367634387411563e+01,-7.002752866818410915e+00,0.000000000000000000e+00
1.395963235000269975e+01,-6.808567621494563404e+00,0.000000000000000000e+00
1.417866194218798093e+01,-6.611618646033077695e+00,0.000000000000000000e+00
1.440096760044697355e+01,-6.411723871917829776e+00,0.000000000000000000e+00
1.462676195970364290e+01,-6.208692094586844235e+00,0.000000000000000000e+00
1.485626869824783647e+01,-6.002322172146056900e+00,0.000000000000000000e+00
1.508972352575248266e+01,-5.792402160164198399e+00,0.000000000000000000e+00
1.532737524253690786e+01,-5.578708357712145904e+00,0.000000000000000000e+00
1.556948688498838429e+01,-5.361004259252795556e+00,0.000000000000000000e+00
1.581633698209468442e+01,-5.139039407739491416e+00,0.000000000000000000e+00
1.606822093612228741e+01,-4.912548136628988260e+00,0.000000000000000000e+00
1.632545264229088389e+01,-4.681248215600845697e+00,0.000000000000000000e+00
1.658836615506531587e+01,-4.444839315001518187e+00,0.000000000000000000e+00
1.685731745244148527e+01,-4.203001293710732611e+00,0.000000000000000000e+00
1.713268661643447643e+01,-3.955392368257378166e+00,0.000000000000000000e+00
1.741488019498966722e+01,-3.701647056142378212e+00,0.000000000000000000e+00
1.770433350682592888e+01,-3.441373820134088657e+00,0.000000000000000000e+00
1.800151383300138264e+01,-3.174152582354801133e+00,0.000000000000000000e+00
1.830692325441230750e+01,-2.899531793714336558e+00,0.000000000000000000e+00
1.862110253105841196e+01,-2.617025292793771829e+00,0.000000000000000000e+00
1.894463477165873755e+01,-2.326108661904011665e+00,0.000000000000000000e+00
1.927815025699017326e+01,-2.026215240097755554e+00,0.000000000000000000e+00
1.962233123156410386e+01,-1.716731534712544915e+00,0.000000000000000000e+00
1.997791771498937052e+01,-1.396992095078993579e+00,0.000000000000000000e+00
2.034571404318949561e+01,-1.066273690931357709e+00,0.000000000000000000e+00
2.072659603777592707e+01,-7.237886825837418492e-01,0.000000000000000000e+00
2.112151803837995701e+01,-3.686774687424420605e-01,0.000000000000000000e+00
2.153147617888308929e+01,-5.273690676677331856e-15,0.000000000000000000e+00
