1.724849687234789641e+01,0.000000000000000000e+00,0.000000000000000000e+00
1.696716886288376003e+01,2.961630341496677143e-01,0.000000000000000000e+00
1.669472700647021313e+01,5.829927135206017796e-01,0.000000000000000000e+00
1.643056567254588529e+01,8.610894592622981847e-01,0.000000000000000000e+00
1.617416584476158192e+01,1.131007853369792482e+00,0.000000000000000000e+00
1.592506526154350510e+01,1.393262676295560443e+00,0.000000000000000000e+00
1.568278789559662556e+01,1.648327428600490530e+00,0.000000000000000000e+00
1.544690597210367322e+01,1.896641567093204195e+00,0.000000000000000000e+00
1.521705961661354500e+01,2.138618260234919966e+00,0.000000000000000000e+00
1.499288144898622832e+01,2.374639137149806345e+00,0.000000000000000000e+00
1.477400530114981869e+01,2.605055747722602622e+00,0.000000000000000000e+00
1.456013234680945345e+01,2.830203026658915988e+00,0.000000000000000000e+00
1.435098314592314850e+01,3.050395634081861207e+00,0.000000000000000000e+00
1.414626922171345669e+01,3.265923586392212918e+00,0.000000000000000000e+00
1.394570916873728272e+01,3.477055815273100592e+00,0.000000000000000000e+00
1.374907615512322145e+01,3.684053852439272525e+00,0.000000000000000000e+00
1.355615191554966792e+01,3.887164010429292826e+00,0.000000000000000000e+00
1.336671150618853510e+01,4.086613817648338198e+00,0.000000000000000000e+00
1.318052994602358829e+01,4.282613786250708543e+00,0.000000000000000000e+00
1.299742160760869325e+01,4.475371161067424275e+00,0.000000000000000000e+00
1.281721603062617021e+01,4.665085121307532390e+00,0.000000000000000000e+00
1.263973762358106789e+01,4.851940685976786405e+00,0.000000000000000000e+00
1.246480632602512806e+01,5.036108655670118672e+00,0.000000000000000000e+00
1.229225539700522774e+01,5.217752850445315005e+00,0.000000000000000000e+00
1.212194713085833442e+01,5.397038584451637533e+00,0.000000000000000000e+00
1.195374314915448899e+01,5.574121974068587448e+00,0.000000000000000000e+00
1.178750105858238229e+01,5.749148404025216763e+00,0.000000000000000000e+00
1.162307542392416337e+01,5.922252729882607980e+00,0.000000000000000000e+00
1.146033545018750033e+01,6.093568448869092435e+00,0.000000000000000000e+00
1.129916880196297235e+01,6.263231540820815013e+00,0.000000000000000000e+00
1.113946071124057369e+01,6.431370640262003668e+00,0.000000000000000000e+00
1.098109292041570662e+01,6.598106289760141685e+00,0.000000000000000000e+00
1.082394419589789969e+01,6.763550994793445348e+00,0.000000000000000000e+00
1.066790222564924662e+01,6.927816708825243808e+00,0.000000000000000000e+00
1.051287033819960826e+01,7.091020579575758376e+00,0.000000000000000000e+00
1.035874990309406662e+01,7.253274768575566078e+00,0.000000000000000000e+00
1.020543882300898808e+01,7.414685321873005108e+00,0.000000000000000000e+00
1.005283177202418265e+01,7.575352096810871849e+00,0.000000000000000000e+00
9.900825186457700156e+00,7.735372408735090133e+00,0.000000000000000000e+00
9.749329932441657576e+00,7.894851713641410917e+00,0.000000000000000000e+00
9.598257093524102501e+00,8.053893987120783748e+00,0.000000000000000000e+00
9.447513910033881857e+00,8.212598547326775744e+00,0.000000000000000000e+00
9.297003944152965715e+00,8.371059951168300373e+00,0.000000000000000000e+00
9.146628139150784875e+00,8.529368727049353893e+00,0.000000000000000000e+00
8.996296466654225554e+00,8.687622512684527010e+00,0.000000000000000000e+00
8.845923888500600185e+00,8.845923888500598409e+00,0.000000000000000000e+00
8.695420996980100625e+00,9.004372033543907250e+00,0.000000000000000000e+00
8.544693898887626204e+00,9.163062373905898284e+00,0.000000000000000000e+00
8.393644351479004229e+00,9.322086461777946198e+00,0.000000000000000000e+00
8.242175651509075607e+00,9.481538476262281634e+00,0.000000000000000000e+00
8.090199766899388578e+00,9.641524637007185206e+00,0.000000000000000000e+00
7.937624912445215841e+00,9.802150434020381553e+00,0.000000000000000000e+00
7.784353607971491229e+00,9.963518262555114191e+00,0.000000000000000000e+00
7.630282752389478951e+00,1.012572721405798681e+01,0.000000000000000000e+00
7.475305726805337336e+00,1.028887565236949087e+01,0.000000000000000000e+00
7.319323573168278863e+00,1.045307737172085005e+01,0.000000000000000000e+00
7.162235798957955701e+00,1.061845124281972730e+01,0.000000000000000000e+00
7.003934527930693044e+00,1.078511338841170364e+01,0.000000000000000000e+00
6.844304529234247703e+00,1.095317686540561830e+01,0.000000000000000000e+00
6.683224240168841312e+00,1.112275297886063008e+01,0.000000000000000000e+00
6.520576844864955035e+00,1.129397038996326330e+01,0.000000000000000000e+00
6.356244938315855464e+00,1.146696941292406713e+01,0.000000000000000000e+00
6.190101551341929742e+00,1.164188781079015023e+01,0.000000000000000000e+00
6.022010005373536146e+00,1.181886010080322968e+01,0.000000000000000000e+00
5.851825221937742683e+00,1.199801973278957057e+01,0.000000000000000000e+00
5.679405554773977016e+00,1.217952451659322222e+01,0.000000000000000000e+00
5.504605466816601123e+00,1.236354630430426838e+01,0.000000000000000000e+00
5.327266656367334541e+00,1.255025375577696956e+01,0.000000000000000000e+00
5.147217972608369330e+00,1.273981153567105729e+01,0.000000000000000000e+00
4.964279800483033078e+00,1.293239102231867221e+01,0.000000000000000000e+00
4.778274498359766476e+00,1.312820128819931575e+01,0.000000000000000000e+00
4.589011487344500040e+00,1.332745707932519785e+01,0.000000000000000000e+00
4.396283161455150967e+00,1.353036831077129420e+01,0.000000000000000000e+00
4.199866281823951830e+00,1.373714362518712484e+01,0.000000000000000000e+00
3.999534284768763825e+00,1.394803363333950763e+01,0.000000000000000000e+00
3.795048319204607612e+00,1.416331314445046985e+01,0.000000000000000000e+00
3.586147247717240916e+00,1.438325100599634609e+01,0.000000000000000000e+00
3.372548861761872629e+00,1.460811402956604610e+01,0.000000000000000000e+00
3.153961642789188780e+00,1.483822290880613792e+01,0.000000000000000000e+00
2.930075151290626678e+00,1.507392988666700084e+01,0.000000000000000000e+00
2.700549754233478872e+00,1.531557872415739752e+01,0.000000000000000000e+00
2.465020172120279796e+00,1.556352484542894743e+01,0.000000000000000000e+00
2.223103486264268458e+00,1.581820323589152721e+01,0.000000000000000000e+00
1.974383137703890956e+00,1.608006025501195424e+01,0.000000000000000000e+00
1.718405509286112354e+00,1.634953629549204379e+01,0.000000000000000000e+00
1.454687744555478446e+00,1.662715700445505718e+01,0.000000000000000000e+00
1.182707338220500004e+00,1.691350292325545013e+01,0.000000000000000000e+00
9.018930153470116062e-01,1.720914390354364087e+01,0.000000000000000000e+00
6.116278074279559718e-01,1.751472880838122492e+01,0.000000000000000000e+00
3.112406811277166341e-01,1.783096667973845229e+01,0.000000000000000000e+00
1.111892069104349644e-15,1.815857551546277904e+01,0.000000000000000000e+00
-3.228922930082454013e-01,1.849848707731034736e+01,0.000000000000000000e+00
-6.583163577260195964e-01,1.885171396012890099e+01,0.000000000000000000e+00
-1.007234413374613613e+00,1.921917751818482145e+01,0.000000000000000000e+00
-1.370680983331033609e+00,1.960165128703882687e+01,0.000000000000000000e+00
-1.749792598148836698e+00,2.000022091582584949e+01,0.000000000000000000e+00
-2.145978777516831748e+00,2.041762420032221215e+01,0.000000000000000000e+00
-2.560801625741956578e+00,2.085605557336306148e+01,0.000000000000000000e+00
-2.995140313519050412e+00,2.131153070110580927e+01,0.000000000000000000e+00
-3.449192532092518082e+00,2.177734457390495848e+01,0.000000000000000000e+00
-3.922425876291318225e+00,2.224518256100902391e+01,0.000000000000000000e+00
-4.414352790990546005e+00,2.270987637880016052e+01,0.000000000000000000e+00
-4.925943107628435236e+00,2.317474026172662604e+01,0.000000000000000000e+00
-5.457303219062290545e+00,2.363817723202159371e+01,0.000000000000000000e+00
-6.007563755663475114e+00,2.409502216821605103e+01,0.000000000000000000e+00
-6.578119926891717206e+00,2.454987778544115073e+01,0.000000000000000000e+00
-7.169384573421713647e+00,2.500261531480109056e+01,0.000000000000000000e+00
-7.780238384320057321e+00,2.544801309178409099e+01,0.000000000000000000e+00
-8.411472077107706724e+00,2.588784913512373365e+01,0.000000000000000000e+00
-9.063642417962912035e+00,2.632272890161191015e+01,0.000000000000000000e+00
-9.736943217967438002e+00,2.675203162587736472e+01,0.000000000000000000e+00
-1.043125657153013108e+01,2.717435242550849495e+01,0.000000000000000000e+00
-1.114601508605379188e+01,2.758735540747143844e+01,0.000000000000000000e+00
-1.188140559920366535e+01,2.799083749019555256e+01,0.000000000000000000e+00
-1.263797350490828819e+01,2.838535323965118451e+01,0.000000000000000000e+00
-1.341578432005248800e+01,2.877024231841619439e+01,0.000000000000000000e+00
-1.421479582376365869e+01,2.914465048472795772e+01,0.000000000000000000e+00
-1.503500904822705841e+01,2.950786670841542403e+01,0.000000000000000000e+00
-1.587641450007260602e+01,2.985919292509482759e+01,0.000000000000000000e+00
-1.673902419493856897e+01,3.019799902431298122e+01,0.000000000000000000e+00
-1.762284841147013026e+01,3.052366882275075710e+01,0.000000000000000000e+00
-1.852796583026885457e+01,3.083571338100793469e+01,0.000000000000000000e+00
-1.945264038163815101e+01,3.113073208375382350e+01,0.000000000000000000e+00
-2.039078301379536029e+01,3.139905234768900044e+01,0.000000000000000000e+00
-2.133788749873634671e+01,3.163471915614245944e+01,0.000000000000000000e+00
-2.229266622511479312e+01,3.183722683436497647e+01,0.000000000000000000e+00
-2.325403874593218134e+01,3.200643850783722399e+01,0.000000000000000000e+00
-2.422126191442828613e+01,3.214270019665370626e+01,0.000000000000000000e+00
-2.518973030614716890e+01,3.224138452255346721e+01,0.000000000000000000e+00
-2.615959860167249218e+01,3.230441392930367783e+01,0.000000000000000000e+00
-2.713206397893157273e+01,3.233473472138765459e+01,0.000000000000000000e+00
-2.810592156933563146e+01,3.233216422919523581e+01,0.000000000000000000e+00
-2.908024220418455741e+01,3.229688092623144513e+01,0.000000000000000000e+00
-3.005212150435902174e+01,3.222695477113451545e+01,0.000000000000000000e+00
-3.101840553366211495e+01,3.212049921555629339e+01,0.000000000000000000e+00
-3.198208657601803750e+01,3.198208657601804461e+01,0.000000000000000000e+00
-3.294178351103057167e+01,3.181151055872697597e+01,0.000000000000000000e+00
-3.389645710843014115e+01,3.160895762022928324e+01,0.000000000000000000e+00
-3.484511204693669129e+01,3.137467981107320369e+01,0.000000000000000000e+00
-3.578435818815933089e+01,3.110686799423240601e+01,0.000000000000000000e+00
-3.671320078503085682e+01,3.080603323805682692e+01,0.000000000000000000e+00
-3.763299304080249641e+01,3.047459688578070214e+01,0.000000000000000000e+00
-3.854250388986046261e+01,3.011270429872723042e+01,0.000000000000000000e+00
-3.944073626754416750e+01,2.972072655344405590e+01,0.000000000000000000e+00
-4.032662926960504279e+01,2.929901117547384004e+01,0.000000000000000000e+00
-4.119916979620181507e+01,2.884796925928232270e+01,0.000000000000000000e+00
-4.205736899555676445e+01,2.836805358348765793e+01,0.000000000000000000e+00
-4.290027642951304188e+01,2.785976526359795002e+01,0.000000000000000000e+00
-4.372698514878308629e+01,2.732365287086887662e+01,0.000000000000000000e+00
-4.453663954159303984e+01,2.676031280436892601e+01,0.000000000000000000e+00
-4.532844133311037638e+01,2.617038780561743039e+01,0.000000000000000000e+00
-4.610166128920322137e+01,2.555456813961508189e+01,0.000000000000000000e+00
-4.685562720923797997e+01,2.491357891356607013e+01,0.000000000000000000e+00
-4.758980451515351007e+01,2.424821653693559753e+01,0.000000000000000000e+00
-4.830353199451941748e+01,2.355920669656085309e+01,0.000000000000000000e+00
-4.899687111020204355e+01,2.284761622432062467e+01,0.000000000000000000e+00
-4.966860253655417523e+01,2.211388660846225562e+01,0.000000000000000000e+00
-5.031487927667932070e+01,2.135739913357692998e+01,0.000000000000000000e+00
-5.093711585320015445e+01,2.057993067309660518e+01,0.000000000000000000e+00
-5.153814430023401627e+01,1.978364002932534405e+01,0.000000000000000000e+00
-5.211541675023418208e+01,1.896846044346351334e+01,0.000000000000000000e+00
-5.266364701240655677e+01,1.813354788291138320e+01,0.000000000000000000e+00
-5.318824479901975621e+01,1.728190834325896574e+01,0.000000000000000000e+00
-5.368910717880405770e+01,1.641440732468283414e+01,0.000000000000000000e+00
-5.416075129835961377e+01,1.553034552403501500e+01,0.000000000000000000e+00
-5.460421244266432694e+01,1.463115462734938532e+01,0.000000000000000000e+00
-5.502132887901339586e+01,1.371835804318223317e+01,0.000000000000000000e+00
-5.541098458009643934e+01,1.279263377849332173e+01,0.000000000000000000e+00
-5.577199329476886902e+01,1.185470313221959771e+01,0.000000000000000000e+00
-5.610408910557402606e+01,1.090553018423159237e+01,0.000000000000000000e+00
-5.640716263223271909e+01,9.946104677272941785e+00,0.000000000000000000e+00
-5.668106411204482242e+01,8.977398616385386276e+00,0.000000000000000000e+00
-5.692564184463374488e+01,8.000377220814225865e+00,0.000000000000000000e+00
-5.714077318372461178e+01,7.016004745016095612e+00,0.000000000000000000e+00
-5.732636450370208792e+01,6.025243701723043799e+00,0.000000000000000000e+00
-5.748235100516026819e+01,5.029054065769552828e+00,0.000000000000000000e+00
-5.760869650014623744e+01,4.028392486476506384e+00,0.000000000000000000e+00
-5.770539317738791851e+01,3.024211509081656146e+00,0.000000000000000000e+00
-5.777246134780732234e+01,2.017458805697669000e+00,0.000000000000000000e+00
-5.780994917063286920e+01,1.009076416270350718e+00,0.000000000000000000e+00
-5.781793236043372275e+01,7.080654579852331899e-15,0.000000000000000000e+00
-5.779205089101452586e+01,-1.008764000637494940e+00,0.000000000000000000e+00
-5.752225217373538158e+01,-2.008721308805193839e+00,0.000000000000000000e+00
-5.725463362628553199e+01,-3.000588202017746120e+00,0.000000000000000000e+00
-5.698901042138086126e+01,-3.985059814582627702e+00,0.000000000000000000e+00
-5.672520021711344640e+01,-4.962811955235696182e+00,0.000000000000000000e+00
-5.646302534810294560e+01,-5.934503099998841513e+00,0.000000000000000000e+00
-5.620231232680106359e+01,-6.900776240774185943e+00,0.000000000000000000e+00
-5.594289136777383931e+01,-7.862260648492149784e+00,0.000000000000000000e+00
-5.568459593216059034e+01,-8.819573561413198703e+00,0.000000000000000000e+00
-5.542726228964232860e+01,-9.773321808468798721e+00,0.000000000000000000e+00
-5.517072909543011150e+01,-1.072410337692301852e+01,0.000000000000000000e+00
-5.491483698007765213e+01,-1.167250893315507021e+01,0.000000000000000000e+00
-5.465942814958390983e+01,-1.261912330485212230e+01,0.000000000000000000e+00
-5.440434599356080980e+01,-1.356452693256390418e+01,0.000000000000000000e+00
-5.414943469973677281e+01,-1.450929729839625537e+01,0.000000000000000000e+00
-5.389453887291943346e+01,-1.545401033940834168e+01,0.000000000000000000e+00
-5.363950322333370480e+01,-1.639924187357380347e+01,0.000000000000000000e+00
-5.338377549967719204e+01,-1.734544011912079498e+01,0.000000000000000000e+00
-5.311601257127102826e+01,-1.828930983612961469e+01,0.000000000000000000e+00
-5.283113753933312751e+01,-1.922896150674102955e+01,0.000000000000000000e+00
-5.252903860171815609e+01,-2.016400871418665730e+01,0.000000000000000000e+00
-5.220959511294777400e+01,-2.109404566586593432e+01,0.000000000000000000e+00
-5.187249946862185368e+01,-2.201856967827606582e+01,0.000000000000000000e+00
-5.151734781814500508e+01,-2.293700103965526083e+01,0.000000000000000000e+00
-5.114393757772933213e+01,-2.384880976069638692e+01,0.000000000000000000e+00
-5.075291374647056131e+01,-2.475384999882595238e+01,0.000000000000000000e+00
-5.034511955632995495e+01,-2.565211967178974461e+01,0.000000000000000000e+00
-4.992076825871183132e+01,-2.654334331894406418e+01,0.000000000000000000e+00
-4.947953372529052274e+01,-2.742695340559107109e+01,0.000000000000000000e+00
-4.902132351004042476e+01,-2.830247432455357881e+01,0.000000000000000000e+00
-4.854638955194438665e+01,-2.916961367773438951e+01,0.000000000000000000e+00
-4.805496751268990607e+01,-3.002807640567831982e+01,0.000000000000000000e+00
-4.754724315783556676e+01,-3.087754074230679535e+01,0.000000000000000000e+00
-4.702369957005216605e+01,-3.171788585343972855e+01,0.000000000000000000e+00
-4.648494062471443300e+01,-3.254910583865579810e+01,0.000000000000000000e+00
-4.592988070567280090e+01,-3.337001163888415789e+01,0.000000000000000000e+00
-4.535770096125045825e+01,-3.417947926270165482e+01,0.000000000000000000e+00
-4.477135185326785916e+01,-3.497921368223302352e+01,0.000000000000000000e+00
-4.417085085340200834e+01,-3.576884975372301056e+01,0.000000000000000000e+00
-4.355348411265502762e+01,-3.654571245541436042e+01,0.000000000000000000e+00
-4.292238858468157048e+01,-3.731186315205829374e+01,0.000000000000000000e+00
-4.227793694637753674e+01,-3.806722541108740643e+01,0.000000000000000000e+00
-4.161720874956068172e+01,-3.880867500190560548e+01,0.000000000000000000e+00
-4.094267801465669265e+01,-3.953788456929435569e+01,0.000000000000000000e+00
-4.025586722930555794e+01,-4.025586722930554373e+01,0.000000000000000000e+00
-3.955573858537962906e+01,-4.096116638953587596e+01,0.000000000000000000e+00
-3.884063101216064240e+01,-4.165147737505534309e+01,0.000000000000000000e+00
-3.811276020899104111e+01,-4.232850846278950740e+01,0.000000000000000000e+00
-3.737285932261701049e+01,-4.299255665225374656e+01,0.000000000000000000e+00
-3.662079808983129681e+01,-4.364296768722361719e+01,0.000000000000000000e+00
-3.585704621772852363e+01,-4.427976441601892077e+01,0.000000000000000000e+00
-3.508238857658475496e+01,-4.490340969594574005e+01,0.000000000000000000e+00
-3.429738277420707249e+01,-4.551416420564454768e+01,0.000000000000000000e+00
-3.350291855149168896e+01,-4.611281137729142898e+01,0.000000000000000000e+00
-3.269922790071679231e+01,-4.669933714841478434e+01,0.000000000000000000e+00
-3.188637274145152745e+01,-4.727349165392456598e+01,0.000000000000000000e+00
-3.106450520865385201e+01,-4.783514318904169471e+01,0.000000000000000000e+00
-3.023375544049472907e+01,-4.838412277400642125e+01,0.000000000000000000e+00
-2.939426912351452614e+01,-4.892027900095453674e+01,0.000000000000000000e+00
-2.854619577965750921e+01,-4.944346145317500429e+01,0.000000000000000000e+00
-2.768969134908515528e+01,-4.995352552247567246e+01,0.000000000000000000e+00
-2.682491698460603757e+01,-5.045033130366690699e+01,0.000000000000000000e+00
-2.595203878072175030e+01,-5.093374395032156343e+01,0.000000000000000000e+00
-2.507122729647271342e+01,-5.140363363906566718e+01,0.000000000000000000e+00
-2.418265713378000470e+01,-5.185987557970099004e+01,0.000000000000000000e+00
-2.328650651932455773e+01,-5.230234997816324238e+01,0.000000000000000000e+00
-2.238295690293899298e+01,-5.273094197391991145e+01,0.000000000000000000e+00
-2.147219257267705217e+01,-5.314554155065596319e+01,0.000000000000000000e+00
-2.055440028863701585e+01,-5.354604342326733502e+01,0.000000000000000000e+00
-1.962976893700364300e+01,-5.393234690352915806e+01,0.000000000000000000e+00
-1.869848920555206462e+01,-5.430435574686826072e+01,0.000000000000000000e+00
-1.776075328161813971e+01,-5.466197798266747299e+01,0.000000000000000000e+00
-1.681675457320176292e+01,-5.500512573016206375e+01,0.000000000000000000e+00
-1.586668745414586823e+01,-5.533371500349770145e+01,0.000000000000000000e+00
-1.491074703177462268e+01,-5.564766550138975276e+01,0.000000000000000000e+00
-1.394912894581004537e+01,-5.594690041528786395e+01,0.000000000000000000e+00
-1.298202916154171227e+01,-5.623134611247121484e+01,0.000000000000000000e+00
-1.200964390723097530e+01,-5.650093233007319071e+01,0.000000000000000000e+00
-1.103216917849662515e+01,-5.675559025209849295e+01,0.000000000000000000e+00
-1.004980188516816497e+01,-5.699525872211400213e+01,0.000000000000000000e+00
-9.062735804762890979e+00,-5.721986191442137937e+01,0.000000000000000000e+00
-8.071171879982141917e+00,-5.742937201898397603e+01,0.000000000000000000e+00
-7.075217676512702170e+00,-5.762302381084907665e+01,0.000000000000000000e+00
-6.075049404789258034e+00,-5.780023411457305826e+01,0.000000000000000000e+00
-5.071028231916415052e+00,-5.796211791958396020e+01,0.000000000000000000e+00
-4.063345955850920177e+00,-5.810855440018389828e+01,0.000000000000000000e+00
-3.052204058555717303e+00,-5.823952284013991942e+01,0.000000000000000000e+00
-2.037800708247713199e+00,-5.835497722148517852e+01,0.000000000000000000e+00
-1.020332859739382148e+00,-5.845483038507229168e+01,0.000000000000000000e+00
-1.075346479392760842e-14,-5.853913580859716603e+01,0.000000000000000000e+00
1.022977037180419657e+00,-5.860631520921548798e+01,0.000000000000000000e+00
2.048340178570470016e+00,-5.865678816311604038e+01,0.000000000000000000e+00
3.075890862750318533e+00,-5.869149398867295275e+01,0.000000000000000000e+00
4.105426130849667565e+00,-5.871032893886532378e+01,0.000000000000000000e+00
5.136747766803726023e+00,-5.871329564065931095e+01,0.000000000000000000e+00
6.169646783732480877e+00,-5.870026805425328575e+01,0.000000000000000000e+00
7.203928306271643933e+00,-5.867128776856842620e+01,0.000000000000000000e+00
8.239018324770048807e+00,-5.862366153023745596e+01,0.000000000000000000e+00
9.274998517928551678e+00,-5.856003594118025291e+01,0.000000000000000000e+00
1.031164016025006269e+01,-5.848021737126614994e+01,0.000000000000000000e+00
1.134875263594798689e+01,-5.838427094952003671e+01,0.000000000000000000e+00
1.238610814817380046e+01,-5.827205733315511083e+01,0.000000000000000000e+00
1.342352964760708645e+01,-5.814369481634820858e+01,0.000000000000000000e+00
1.446020265207468114e+01,-5.799670509200565505e+01,0.000000000000000000e+00
1.549632963775366612e+01,-5.783308953893200766e+01,0.000000000000000000e+00
1.652990444490797017e+01,-5.764662751648204875e+01,0.000000000000000000e+00
1.755539677057651105e+01,-5.742111549556821615e+01,0.000000000000000000e+00
1.856922578780673305e+01,-5.715020050522300465e+01,0.000000000000000000e+00
1.956932802204871891e+01,-5.683345531044025023e+01,0.000000000000000000e+00
2.055391576112530316e+01,-5.647141943506434814e+01,0.000000000000000000e+00
2.151968810074761151e+01,-5.606070414687906123e+01,0.000000000000000000e+00
2.246620045707481594e+01,-5.560579739752107287e+01,0.000000000000000000e+00
2.339184670135760769e+01,-5.510773739237991009e+01,0.000000000000000000e+00
2.429491085806611039e+01,-5.456726320594125923e+01,0.000000000000000000e+00
2.517371108458007001e+01,-5.398519763579012221e+01,0.000000000000000000e+00
2.602659660449791801e+01,-5.336243100143675377e+01,0.000000000000000000e+00
2.685215339603620777e+01,-5.270031835049648805e+01,0.000000000000000000e+00
2.764876162269087345e+01,-5.199975771784676937e+01,0.000000000000000000e+00
2.841258075764844548e+01,-5.125765253730379811e+01,0.000000000000000000e+00
2.914372116669305157e+01,-5.047840578233287090e+01,0.000000000000000000e+00
2.984130738990762666e+01,-4.966427561553815906e+01,0.000000000000000000e+00
3.050574179157061749e+01,-4.881939192306109021e+01,0.000000000000000000e+00
3.113436936301208391e+01,-4.794272455256451337e+01,0.000000000000000000e+00
3.172024003297799055e+01,-4.702718978474852207e+01,0.000000000000000000e+00
3.226713598427743790e+01,-4.608224593922258805e+01,0.000000000000000000e+00
3.277628192844956345e+01,-4.511268186658405455e+01,0.000000000000000000e+00
3.324291649663317116e+01,-4.411484019241679988e+01,0.000000000000000000e+00
3.366508563199111848e+01,-4.308934465173044970e+01,0.000000000000000000e+00
3.404233155862061722e+01,-4.203877844356403415e+01,0.000000000000000000e+00
3.437397686680532161e+01,-4.096531042276551915e+01,0.000000000000000000e+00
3.465928691930665195e+01,-3.987094868877878895e+01,0.000000000000000000e+00
3.489742535829103076e+01,-3.875751733823568657e+01,0.000000000000000000e+00
3.508731728372972469e+01,-3.762654117378004770e+01,0.000000000000000000e+00
3.522789918321369385e+01,-3.647955749537588588e+01,0.000000000000000000e+00
3.531814724528816640e+01,-3.531814724528818061e+01,0.000000000000000000e+00
3.535707881514980500e+01,-3.414393412175919451e+01,0.000000000000000000e+00
3.534375383278283778e+01,-3.295858364980578870e+01,0.000000000000000000e+00
3.527681333763717930e+01,-3.176338539914848269e+01,0.000000000000000000e+00
3.515438471222735473e+01,-3.055924040642875994e+01,0.000000000000000000e+00
3.497540240257264799e+01,-2.934784725627568491e+01,0.000000000000000000e+00
3.475038780680872463e+01,-2.814030919328819635e+01,0.000000000000000000e+00
3.446820755329529362e+01,-2.692951513283992426e+01,0.000000000000000000e+00
3.416025160146845963e+01,-2.574159594681701790e+01,0.000000000000000000e+00
3.382904501127692498e+01,-2.457823988250029146e+01,0.000000000000000000e+00
3.347852382337515564e+01,-2.344191474926066121e+01,0.000000000000000000e+00
3.311028089038190814e+01,-2.233316645560767100e+01,0.000000000000000000e+00
3.272262570533104764e+01,-2.125032160240202472e+01,0.000000000000000000e+00
3.231924977538481158e+01,-2.019530866134043379e+01,0.000000000000000000e+00
3.190015896146899266e+01,-1.916754926066584730e+01,0.000000000000000000e+00
3.146748598289399723e+01,-1.816776150294464998e+01,0.000000000000000000e+00
3.101939209977271261e+01,-1.719432981146652040e+01,0.000000000000000000e+00
3.055861347467133271e+01,-1.624830300298030039e+01,0.000000000000000000e+00
3.008625519338854915e+01,-1.532971270101540107e+01,0.000000000000000000e+00
2.960175732477233979e+01,-1.443774172610964612e+01,0.000000000000000000e+00
2.910699022840385197e+01,-1.357281244934744890e+01,0.000000000000000000e+00
2.860429113082910035e+01,-1.273545093436166198e+01,0.000000000000000000e+00
2.809180908632610141e+01,-1.192426549891361098e+01,0.000000000000000000e+00
2.757278392397298106e+01,-1.114012782457109907e+01,0.000000000000000000e+00
2.704576935582377573e+01,-1.038189815556372864e+01,0.000000000000000000e+00
2.651433921973878327e+01,-9.650430257221877639e+00,0.000000000000000000e+00
2.597677473917219260e+01,-8.944520846902452860e+00,0.000000000000000000e+00
2.543462455560415592e+01,-8.264210484404930668e+00,0.000000000000000000e+00
2.488960149737089367e+01,-7.609514827025683381e+00,0.000000000000000000e+00
2.434224846316786284e+01,-6.980027425807834973e+00,0.000000000000000000e+00
2.379305409992359444e+01,-6.375329631544538245e+00,0.000000000000000000e+00
2.324210256760555637e+01,-5.794907015057458644e+00,0.000000000000000000e+00
2.269761588414949571e+01,-5.240157522036450466e+00,0.000000000000000000e+00
2.217858811695157684e+01,-4.714204432834850245e+00,0.000000000000000000e+00
2.168874300568166902e+01,-4.215864570252930044e+00,0.000000000000000000e+00
2.122314402488096619e+01,-3.742212907048179993e+00,0.000000000000000000e+00
2.077927554254851117e+01,-3.291113927155875807e+00,0.000000000000000000e+00
2.035597041335842050e+01,-2.860845073070585887e+00,0.000000000000000000e+00
1.995166135053290546e+01,-2.449755978208647988e+00,0.000000000000000000e+00
1.956468502031410850e+01,-2.056331257273949387e+00,0.000000000000000000e+00
1.919375161910029348e+01,-1.679235677203627652e+00,0.000000000000000000e+00
1.883768055074744296e+01,-1.317258945324029984e+00,0.000000000000000000e+00
1.849541737611237480e+01,-9.693037515950324590e-01,0.000000000000000000e+00
1.816597306567762971e+01,-6.343697580198235375e-01,0.000000000000000000e+00
1.784841838812097237e+01,-3.115453018306609256e-01,0.000000000000000000e+00
1.754197666130381705e+01,-4.296545113796659016e-15,0.000000000000000000e+00
