1.696800637347617879e+01,0.000000000000000000e+00,0.000000000000000000e+00
1.670005274320768507e+01,2.915005049373483592e-01,0.000000000000000000e+00
1.644027460871475554e+01,5.741070399919609990e-01,0.000000000000000000e+00
1.618815213763978988e+01,8.483851042297176903e-01,0.000000000000000000e+00
1.594320480315526645e+01,1.114857484047110381e+00,0.000000000000000000e+00
1.570498759272616773e+01,1.374008375178830565e+00,0.000000000000000000e+00
1.547308760279365814e+01,1.626287039690446301e+00,0.000000000000000000e+00
1.524712095600918715e+01,1.872111051617062927e+00,0.000000000000000000e+00
1.502673002345384745e+01,2.111869180343689756e+00,0.000000000000000000e+00
1.481158148385940798e+01,2.345924043642337420e+00,0.000000000000000000e+00
1.460136424180639558e+01,2.574614470982266035e+00,0.000000000000000000e+00
1.439578689516119958e+01,2.798257506962150476e+00,0.000000000000000000e+00
1.419457583180323645e+01,3.017150233172490204e+00,0.000000000000000000e+00
1.399747476902093801e+01,3.231571680249573308e+00,0.000000000000000000e+00
1.380424291907920065e+01,3.441784317776135804e+00,0.000000000000000000e+00
1.361465263826234917e+01,3.648035179652650228e+00,0.000000000000000000e+00
1.342848954782316717e+01,3.850557415548673923e+00,0.000000000000000000e+00
1.324555165631566389e+01,4.049571534181276355e+00,0.000000000000000000e+00
1.306564662873500815e+01,4.245285933695075897e+00,0.000000000000000000e+00
1.288859287946068299e+01,4.437898424846870249e+00,0.000000000000000000e+00
1.271421813484610119e+01,4.627596953051533291e+00,0.000000000000000000e+00
1.254235740868333870e+01,4.814559923753527926e+00,0.000000000000000000e+00
1.237285491764635736e+01,4.998957875182617805e+00,0.000000000000000000e+00
1.220556085767815624e+01,5.180953201798080165e+00,0.000000000000000000e+00
1.204033230155205203e+01,5.360701321297920430e+00,0.000000000000000000e+00
1.187703278988887590e+01,5.538351346083212334e+00,0.000000000000000000e+00
1.171553023082754486e+01,5.714045885903122901e+00,0.000000000000000000e+00
1.155569907336961499e+01,5.887922764581007939e+00,0.000000000000000000e+00
1.139741686987567881e+01,6.060114046290546952e+00,0.000000000000000000e+00
1.124056667242400209e+01,6.230747849982956055e+00,0.000000000000000000e+00
1.108503448473259034e+01,6.399947643736643599e+00,0.000000000000000000e+00
1.093071025475725300e+01,6.567833330084345000e+00,0.000000000000000000e+00
1.077748708301424152e+01,6.734521368774257333e+00,0.000000000000000000e+00
1.062526055040359019e+01,6.900124881134052757e+00,0.000000000000000000e+00
1.047392949201507228e+01,7.064754647171238133e+00,0.000000000000000000e+00
1.032339407357589423e+01,7.228518350227283840e+00,0.000000000000000000e+00
1.017355759558461870e+01,7.391522254304189410e+00,0.000000000000000000e+00
1.002432386258155184e+01,7.553869846190413462e+00,0.000000000000000000e+00
9.875599486904739877e+00,7.715663932255784729e+00,0.000000000000000000e+00
9.727291017087585701e+00,7.877004951878747718e+00,0.000000000000000000e+00
9.579307326855426297e+00,8.037993244898204992e+00,0.000000000000000000e+00
9.431556838074980575e+00,8.198727276298523492e+00,0.000000000000000000e+00
9.283949716746553449e+00,8.359305872016383532e+00,0.000000000000000000e+00
9.136395395838405875e+00,8.519826539537985965e+00,0.000000000000000000e+00
8.988804417005573200e+00,8.680387524438526015e+00,0.000000000000000000e+00
8.841086365897997013e+00,8.841086365897995236e+00,0.000000000000000000e+00
8.693151261940004204e+00,9.002021654105616832e+00,0.000000000000000000e+00
8.544907981850441203e+00,9.163291949776571244e+00,0.000000000000000000e+00
8.396265117386176868e+00,9.324997117192888041e+00,0.000000000000000000e+00
8.247129958133367467e+00,9.487237754082553209e+00,0.000000000000000000e+00
8.097408734502243632e+00,9.650115950046783908e+00,0.000000000000000000e+00
7.947006234417662185e+00,9.813735401848695972e+00,0.000000000000000000e+00
7.795825349433827434e+00,9.978201422046513613e+00,0.000000000000000000e+00
7.643767386678581133e+00,1.014362192816278530e+01,0.000000000000000000e+00
7.490730869120575619e+00,1.031010653937288168e+01,0.000000000000000000e+00
7.336612537458774952e+00,1.047776857161095698e+01,0.000000000000000000e+00
7.181305467880422455e+00,1.064672318964663766e+01,0.000000000000000000e+00
7.024700579833714542e+00,1.081709030417392192e+01,0.000000000000000000e+00
6.866684396529332268e+00,1.098899213979330014e+01,0.000000000000000000e+00
6.707140531681466733e+00,1.116255637211900620e+01,0.000000000000000000e+00
6.545947774154529775e+00,1.133791412852804292e+01,0.000000000000000000e+00
6.382980749115457542e+00,1.151520209238245052e+01,0.000000000000000000e+00
6.218109090279837048e+00,1.169456233049989002e+01,0.000000000000000000e+00
6.051196672570974933e+00,1.187614216046560323e+01,0.000000000000000000e+00
5.882102092720088216e+00,1.206009651726561138e+01,0.000000000000000000e+00
5.710676784560128283e+00,1.224658588528246739e+01,0.000000000000000000e+00
5.536765801891164074e+00,1.243577959954281731e+01,0.000000000000000000e+00
5.360206322066974671e+00,1.262785474514491391e+01,0.000000000000000000e+00
5.180827062721946596e+00,1.282299695276645579e+01,0.000000000000000000e+00
4.998448231636213102e+00,1.302140282867356547e+01,0.000000000000000000e+00
4.812879763727095472e+00,1.322327847339028928e+01,0.000000000000000000e+00
4.623921098823284836e+00,1.342884195271732217e+01,0.000000000000000000e+00
4.431360280421420050e+00,1.363832458234531586e+01,0.000000000000000000e+00
4.234972371711091199e+00,1.385197047121921266e+01,0.000000000000000000e+00
4.034518767346109591e+00,1.407003902319004141e+01,0.000000000000000000e+00
3.829745991388636916e+00,1.429280661994563495e+01,0.000000000000000000e+00
3.620383950536232742e+00,1.452056692088989109e+01,0.000000000000000000e+00
3.406144532173680073e+00,1.475363286543519337e+01,0.000000000000000000e+00
3.186720115455260682e+00,1.499233940565146561e+01,0.000000000000000000e+00
2.961781500381345467e+00,1.523704491221341151e+01,0.000000000000000000e+00
2.730975770228323274e+00,1.548813323551235577e+01,0.000000000000000000e+00
2.493923998283005705e+00,1.574601642164376258e+01,0.000000000000000000e+00
2.250218659125169385e+00,1.601113771588319423e+01,0.000000000000000000e+00
1.999420703995048010e+00,1.628397486860051302e+01,0.000000000000000000e+00
1.741056228655784910e+00,1.656504349472542970e+01,0.000000000000000000e+00
1.474612770483639146e+00,1.685490109294780936e+01,0.000000000000000000e+00
1.199535135215265447e+00,1.715415163191328674e+01,0.000000000000000000e+00
9.152206704621630440e-01,1.746345071252274295e+01,0.000000000000000000e+00
6.210139026689875941e-01,1.778351140904097250e+01,0.000000000000000000e+00
3.162004370195207192e-01,1.811511090447784511e+01,0.000000000000000000e+00
1.130293767211261510e-15,1.845909805175199736e+01,0.000000000000000000e+00
-3.284415184631420681e-01,1.881640199070181296e+01,0.000000000000000000e+00
-6.700611922987453895e-01,1.918804201771942530e+01,0.000000000000000000e+00
-1.025889584413982591e+00,1.957513938671996812e+01,0.000000000000000000e+00
-1.397062871164997500e+00,1.997892986017435035e+01,0.000000000000000000e+00
-1.784836992652373056e+00,2.040078017791987008e+01,0.000000000000000000e+00
-2.190605352386165716e+00,2.084221769797270341e+01,0.000000000000000000e+00
-2.615789516976143592e+00,2.130389600891806268e+01,0.000000000000000000e+00
-3.060596684559907299e+00,2.177727698174707172e+01,0.000000000000000000e+00
-3.524007119660560683e+00,2.224970528948247406e+01,0.000000000000000000e+00
-4.006068772177155068e+00,2.271954499578654563e+01,0.000000000000000000e+00
-4.507117921427616025e+00,2.318711160313220532e+01,0.000000000000000000e+00
-5.027228798933025544e+00,2.365125197469754426e+01,0.000000000000000000e+00
-5.566561214963005710e+00,2.411142560533817658e+01,0.000000000000000000e+00
-6.125247122800729471e+00,2.456702437332445044e+01,0.000000000000000000e+00
-6.703434357683245359e+00,2.501755760807670725e+01,0.000000000000000000e+00
-7.301304687400908655e+00,2.546267542572527276e+01,0.000000000000000000e+00
-7.919016361941266346e+00,2.590193540327435073e+01,0.000000000000000000e+00
-8.556916480578962592e+00,2.633548098126149384e+01,0.000000000000000000e+00
-9.213687167705312930e+00,2.675849049595193208e+01,0.000000000000000000e+00
-9.890285632993322196e+00,2.717333644860562458e+01,0.000000000000000000e+00
-1.058741408605244594e+01,2.758115665896034585e+01,0.000000000000000000e+00
-1.130550965102859173e+01,2.798211830843191805e+01,0.000000000000000000e+00
-1.204122519553173554e+01,2.836734886431003488e+01,0.000000000000000000e+00
-1.279868396420437193e+01,2.874631484118122771e+01,0.000000000000000000e+00
-1.357565073144667345e+01,2.911307694400805346e+01,0.000000000000000000e+00
-1.437200876731295551e+01,2.946698478683306988e+01,0.000000000000000000e+00
-1.518919225362919612e+01,2.981046828711011543e+01,0.000000000000000000e+00
-1.602515584510950930e+01,3.013893470919693840e+01,0.000000000000000000e+00
-1.688103531846471483e+01,3.045419387293389946e+01,0.000000000000000000e+00
-1.775767308176789072e+01,3.075719200182020074e+01,0.000000000000000000e+00
-1.865115980605155599e+01,3.104074258725227153e+01,0.000000000000000000e+00
-1.956594235378092606e+01,3.131205314198235712e+01,0.000000000000000000e+00
-2.050046256064939598e+01,3.156794403913659153e+01,0.000000000000000000e+00
-2.145131975297949722e+01,3.180288938885377092e+01,0.000000000000000000e+00
-2.242165430269638193e+01,3.202144090025661427e+01,0.000000000000000000e+00
-2.341121663832034727e+01,3.222277531721805843e+01,0.000000000000000000e+00
-2.441920332368800217e+01,3.240537731879604877e+01,0.000000000000000000e+00
-2.544217224117234366e+01,3.256449546490357250e+01,0.000000000000000000e+00
-2.646783900844927118e+01,3.268505913116153749e+01,0.000000000000000000e+00
-2.749220465310721195e+01,3.276393366367577897e+01,0.000000000000000000e+00
-2.851574226027048553e+01,3.280360900467216823e+01,0.000000000000000000e+00
-2.953733651561443807e+01,3.280453558896270039e+01,0.000000000000000000e+00
-3.055586544811990635e+01,3.276715401428812413e+01,0.000000000000000000e+00
-3.157020707855740582e+01,3.269190644249183464e+01,0.000000000000000000e+00
-3.257920071620252855e+01,3.257920071620253566e+01,0.000000000000000000e+00
-3.358154597860412593e+01,3.242932199220562950e+01,0.000000000000000000e+00
-3.457386090712650883e+01,3.224064688192061823e+01,0.000000000000000000e+00
-3.555454920994456103e+01,3.201345990182067425e+01,0.000000000000000000e+00
-3.652530427524380485e+01,3.175096260117175717e+01,0.000000000000000000e+00
-3.748588791754056615e+01,3.145439472596115493e+01,0.000000000000000000e+00
-3.843505777261206902e+01,3.112409609918892883e+01,0.000000000000000000e+00
-3.936487466817165171e+01,3.075521076748090366e+01,0.000000000000000000e+00
-4.028044782118681155e+01,3.035349459560957897e+01,0.000000000000000000e+00
-4.118372819679147057e+01,2.992172999678254541e+01,0.000000000000000000e+00
-4.206456438374861762e+01,2.945392507300847384e+01,0.000000000000000000e+00
-4.292840681901703448e+01,2.895557601390350300e+01,0.000000000000000000e+00
-4.377510602017939334e+01,2.842788624253054763e+01,0.000000000000000000e+00
-4.459651906134909183e+01,2.786699796327718559e+01,0.000000000000000000e+00
-4.540174746390903948e+01,2.728012208609736433e+01,0.000000000000000000e+00
-4.617983993393336561e+01,2.666194301699025360e+01,0.000000000000000000e+00
-4.693673352426981893e+01,2.601745623812938746e+01,0.000000000000000000e+00
-4.767203490753311712e+01,2.534767058683063468e+01,0.000000000000000000e+00
-4.837637402132236275e+01,2.464899371812489193e+01,0.000000000000000000e+00
-4.905822599637181014e+01,2.392729555565945176e+01,0.000000000000000000e+00
-4.971478406719125331e+01,2.318238453405339072e+01,0.000000000000000000e+00
-5.034475754799626657e+01,2.241493021527139362e+01,0.000000000000000000e+00
-5.094308562806209295e+01,2.162405690912184397e+01,0.000000000000000000e+00
-5.151330068061610490e+01,2.081272445430095175e+01,0.000000000000000000e+00
-5.205468791103608339e+01,1.998192254403958756e+01,0.000000000000000000e+00
-5.256677747194069639e+01,1.913274231108159640e+01,0.000000000000000000e+00
-5.304829464583728793e+01,1.826599268448810420e+01,0.000000000000000000e+00
-5.349570431633060963e+01,1.738180799622752204e+01,0.000000000000000000e+00
-5.391189038081326146e+01,1.648251898485065325e+01,0.000000000000000000e+00
-5.429816038534787737e+01,1.556974694569023221e+01,0.000000000000000000e+00
-5.465287771418091012e+01,1.464419444755169231e+01,0.000000000000000000e+00
-5.497346529010359717e+01,1.370642431015044593e+01,0.000000000000000000e+00
-5.525956832586687284e+01,1.275767658177233344e+01,0.000000000000000000e+00
-5.551158443261491726e+01,1.179935151985175068e+01,0.000000000000000000e+00
-5.572968018275243907e+01,1.083275246206961206e+01,0.000000000000000000e+00
-5.591396609790518824e+01,9.859140821479089212e+00,0.000000000000000000e+00
-5.606420710173885169e+01,8.879698064047806483e+00,0.000000000000000000e+00
-5.618001536896774439e+01,7.895586253547923761e+00,0.000000000000000000e+00
-5.626103636266319796e+01,6.907986645731952535e+00,0.000000000000000000e+00
-5.630695084227075142e+01,5.918099008418920448e+00,0.000000000000000000e+00
-5.631747559356019650e+01,4.927140672834450896e+00,0.000000000000000000e+00
-5.629245005242218980e+01,3.936351568655192423e+00,0.000000000000000000e+00
-5.623209547345863513e+01,2.946999248195919741e+00,0.000000000000000000e+00
-5.613675841152909385e+01,1.960338800502922529e+00,0.000000000000000000e+00
-5.600682412409008748e+01,9.776027515092514664e-01,0.000000000000000000e+00
-5.584271560113411681e+01,6.838760291662486360e-15,0.000000000000000000e+00
-5.583076079094445987e+01,-9.745295545977022966e-01,0.000000000000000000e+00
-5.530956347751530444e+01,-1.931452516887496751e+00,0.000000000000000000e+00
-5.479544825387290530e+01,-2.871707757804261796e+00,0.000000000000000000e+00
-5.428924540182217839e+01,-3.796273853768281192e+00,0.000000000000000000e+00
-5.379138979599934345e+01,-4.706136802453996459e+00,0.000000000000000000e+00
-5.330125699982242793e+01,-5.602187855665597738e+00,0.000000000000000000e+00
-5.281813855305241390e+01,-6.485251949945332939e+00,0.000000000000000000e+00
-5.234164310482079685e+01,-7.356138211646191749e+00,0.000000000000000000e+00
-5.187140386640043488e+01,-8.215623270227814245e+00,0.000000000000000000e+00
-5.140701701993868511e+01,-9.064444098354464074e+00,0.000000000000000000e+00
-5.094807087166286408e+01,-9.903301766004213746e+00,0.000000000000000000e+00
-5.049420469118400945e+01,-1.073287453342035924e+01,0.000000000000000000e+00
-5.004505966891085933e+01,-1.155381240053232084e+01,0.000000000000000000e+00
-4.960030008110018684e+01,-1.236674375964315331e+01,0.000000000000000000e+00
-4.915958848443136020e+01,-1.317227203464967999e+01,0.000000000000000000e+00
-4.872260743783055403e+01,-1.397098286493567620e+01,0.000000000000000000e+00
-4.828904513795609432e+01,-1.476344267701530732e+01,0.000000000000000000e+00
-4.785860038837707009e+01,-1.555020190032354499e+01,0.000000000000000000e+00
-4.743098682152582057e+01,-1.633179848822955549e+01,0.000000000000000000e+00
-4.700591215223923314e+01,-1.710875285794703871e+01,0.000000000000000000e+00
-4.658309277736936593e+01,-1.788157395795014892e+01,0.000000000000000000e+00
-4.616224280001754465e+01,-1.865075673457722516e+01,0.000000000000000000e+00
-4.574313008820571014e+01,-1.941680673704314941e+01,0.000000000000000000e+00
-4.532552489330990397e+01,-2.018022385916767547e+01,0.000000000000000000e+00
-4.490910065018357500e+01,-2.094145755403421560e+01,0.000000000000000000e+00
-4.449344693318292343e+01,-2.170090404693907260e+01,0.000000000000000000e+00
-4.407835969073992288e+01,-2.245904603440133940e+01,0.000000000000000000e+00
-4.366410962650417815e+01,-2.321661891351304874e+01,0.000000000000000000e+00
-4.325060802611130129e+01,-2.397420350970926251e+01,0.000000000000000000e+00
-4.283524803354755761e+01,-2.473094198297308210e+01,0.000000000000000000e+00
-4.241456490985493133e+01,-2.548524172752007289e+01,0.000000000000000000e+00
-4.198643456936191143e+01,-2.623603615834055347e+01,0.000000000000000000e+00
-4.155005219218162438e+01,-2.698291939135561535e+01,0.000000000000000000e+00
-4.110491483841153126e+01,-2.772561514259120941e+01,0.000000000000000000e+00
-4.065099455794906191e+01,-2.846413282519780452e+01,0.000000000000000000e+00
-4.018830911741298451e+01,-2.919851570242612127e+01,0.000000000000000000e+00
-3.971684373854077421e+01,-2.992878845647717512e+01,0.000000000000000000e+00
-3.923657375254632740e+01,-3.065497110623514843e+01,0.000000000000000000e+00
-3.874747517181724987e+01,-3.137708672075758543e+01,0.000000000000000000e+00
-3.824949138187527353e+01,-3.209513411125008275e+01,0.000000000000000000e+00
-3.774243580342029247e+01,-3.280899889679358949e+01,0.000000000000000000e+00
-3.722614594003324839e+01,-3.351857235802755497e+01,0.000000000000000000e+00
-3.670065956525007067e+01,-3.422391871579815614e+01,0.000000000000000000e+00
-3.616599904041502356e+01,-3.492509930301220322e+01,0.000000000000000000e+00
-3.562206049269671126e+01,-3.562206049269669705e+01,0.000000000000000000e+00
-3.506884799191399793e+01,-3.631485516534045388e+01,0.000000000000000000e+00
-3.450649352515407031e+01,-3.700368394904449332e+01,0.000000000000000000e+00
-3.393457377162304311e+01,-3.768816231615901557e+01,0.000000000000000000e+00
-3.335247099675360261e+01,-3.836762893742032077e+01,0.000000000000000000e+00
-3.276048503333034034e+01,-3.904242573360025403e+01,0.000000000000000000e+00
-3.215887235909332986e+01,-3.971290003361804821e+01,0.000000000000000000e+00
-3.154721578434804741e+01,-4.037859486216572691e+01,0.000000000000000000e+00
-3.092360411496233752e+01,-4.103700870660037481e+01,0.000000000000000000e+00
-3.028645185142412899e+01,-4.168572476352085943e+01,0.000000000000000000e+00
-2.963716267300535989e+01,-4.232625479694436876e+01,0.000000000000000000e+00
-2.897565689268192912e+01,-4.295817794610734097e+01,0.000000000000000000e+00
-2.830106259650619194e+01,-4.357981473108327464e+01,0.000000000000000000e+00
-2.761404699232776849e+01,-4.419171288838428779e+01,0.000000000000000000e+00
-2.691545777694878794e+01,-4.479484413624752648e+01,0.000000000000000000e+00
-2.620498035639208467e+01,-4.538835738861542524e+01,0.000000000000000000e+00
-2.548137010346315279e+01,-4.596960853639310329e+01,0.000000000000000000e+00
-2.474606782422305784e+01,-4.654058467027163459e+01,0.000000000000000000e+00
-2.399972360365467239e+01,-4.710210967375257241e+01,0.000000000000000000e+00
-2.324184681624047499e+01,-4.765284781273533810e+01,0.000000000000000000e+00
-2.247200953752516739e+01,-4.819137997097945458e+01,0.000000000000000000e+00
-2.169066899211562927e+01,-4.871804020687562087e+01,0.000000000000000000e+00
-2.089833552746803846e+01,-4.923339319416415094e+01,0.000000000000000000e+00
-2.009518814221403460e+01,-4.973733598772096087e+01,0.000000000000000000e+00
-1.928131293127817969e+01,-5.022953747021189486e+01,0.000000000000000000e+00
-1.845679581091998500e+01,-5.070962972598722018e+01,0.000000000000000000e+00
-1.762154482769117081e+01,-5.117668217003284070e+01,0.000000000000000000e+00
-1.677564967289146480e+01,-5.163014082367746482e+01,0.000000000000000000e+00
-1.591963060901072069e+01,-5.207076546278291573e+01,0.000000000000000000e+00
-1.505368887914132969e+01,-5.249845203020479545e+01,0.000000000000000000e+00
-1.417795959646965187e+01,-5.291286556168351041e+01,0.000000000000000000e+00
-1.329262089864410612e+01,-5.331379045700187191e+01,0.000000000000000000e+00
-1.239784727730466329e+01,-5.370097637470458807e+01,0.000000000000000000e+00
-1.149382459637408260e+01,-5.407419326916542701e+01,0.000000000000000000e+00
-1.058074499747982777e+01,-5.443321416874241692e+01,0.000000000000000000e+00
-9.658807667181088519e+00,-5.477782032206824425e+01,0.000000000000000000e+00
-8.728218029324604998e+00,-5.510779980306218562e+01,0.000000000000000000e+00
-7.789187354941359942e+00,-5.542294786732789902e+01,0.000000000000000000e+00
-6.841932287670211998e+00,-5.572306678753107434e+01,0.000000000000000000e+00
-5.886674411831693376e+00,-5.600796577751316363e+01,0.000000000000000000e+00
-4.923639836367494027e+00,-5.627746084963971640e+01,0.000000000000000000e+00
-3.953058804062414389e+00,-5.653137465005315931e+01,0.000000000000000000e+00
-2.975165326567655200e+00,-5.676953626482645632e+01,0.000000000000000000e+00
-1.990196847304191330e+00,-5.699178100226181698e+01,0.000000000000000000e+00
-9.983939337741795095e-01,-5.719795015830575835e+01,0.000000000000000000e+00
-1.054198450775751866e-14,-5.738789075128850214e+01,0.000000000000000000e+00
1.004738939612027426e+00,-5.756145529930422100e+01,0.000000000000000000e+00
2.015574481573159549e+00,-5.771850136490979821e+01,0.000000000000000000e+00
3.032256038745458682e+00,-5.785889194749125863e+01,0.000000000000000000e+00
4.054530864888317154e+00,-5.798249272630545903e+01,0.000000000000000000e+00
5.082144730046057823e+00,-5.808918007462956012e+01,0.000000000000000000e+00
6.114840031213240934e+00,-5.817881663623285249e+01,0.000000000000000000e+00
7.152328262113660351e+00,-5.825103913324701921e+01,0.000000000000000000e+00
8.194150365276351877e+00,-5.830440940975084629e+01,0.000000000000000000e+00
9.240202449903094362e+00,-5.834034221397978826e+01,0.000000000000000000e+00
1.029020539697369152e+01,-5.835865478798906736e+01,0.000000000000000000e+00
1.134389619367208368e+01,-5.835928671990621552e+01,0.000000000000000000e+00
1.240100076338607771e+01,-5.834212157909165342e+01,0.000000000000000000e+00
1.346124921619907333e+01,-5.830707621769280991e+01,0.000000000000000000e+00
1.452435827324582007e+01,-5.825401923417800987e+01,0.000000000000000000e+00
1.559007265457048952e+01,-5.818294324054718203e+01,0.000000000000000000e+00
1.665773679739091762e+01,-5.809243190892123465e+01,0.000000000000000000e+00
1.772700400409868138e+01,-5.798241746468502100e+01,0.000000000000000000e+00
1.879805883033326097e+01,-5.785447619296861888e+01,0.000000000000000000e+00
1.986890137775253606e+01,-5.770347950873712506e+01,0.000000000000000000e+00
2.093250885343931600e+01,-5.751159540735859110e+01,0.000000000000000000e+00
2.198301406412398862e+01,-5.726770954745958875e+01,0.000000000000000000e+00
2.301752280297264264e+01,-5.697036808784740458e+01,0.000000000000000000e+00
2.403387331532374205e+01,-5.662025730981385152e+01,0.000000000000000000e+00
2.502980615468154824e+01,-5.621786506710878228e+01,0.000000000000000000e+00
2.600311195660352226e+01,-5.576385354572107644e+01,0.000000000000000000e+00
2.695149911938015919e+01,-5.525876218078616375e+01,0.000000000000000000e+00
2.787317699722711595e+01,-5.470418999656246939e+01,0.000000000000000000e+00
2.876579126335978032e+01,-5.410058492562908583e+01,0.000000000000000000e+00
2.962752459453466258e+01,-5.344946923901924407e+01,0.000000000000000000e+00
3.045662138400480146e+01,-5.275241566398504034e+01,0.000000000000000000e+00
3.125150515983106914e+01,-5.201123883007820581e+01,0.000000000000000000e+00
3.201081494168452224e+01,-5.122801245392096092e+01,0.000000000000000000e+00
3.273352564212422067e+01,-5.040520927843339649e+01,0.000000000000000000e+00
3.341675127500901965e+01,-4.954237113482678723e+01,0.000000000000000000e+00
3.405505474887708317e+01,-4.863565855910239577e+01,0.000000000000000000e+00
3.465067745873975014e+01,-4.769256598628745536e+01,0.000000000000000000e+00
3.520428998292242539e+01,-4.671767072066052862e+01,0.000000000000000000e+00
3.571150732949028850e+01,-4.570864497938287485e+01,0.000000000000000000e+00
3.616969647102293806e+01,-4.466585532480210219e+01,0.000000000000000000e+00
3.657734663988854606e+01,-4.359118426565094495e+01,0.000000000000000000e+00
3.693375811692733635e+01,-4.248742849765575613e+01,0.000000000000000000e+00
3.723860213175409939e+01,-4.135765756227120704e+01,0.000000000000000000e+00
3.749111186266563323e+01,-4.020429526555786737e+01,0.000000000000000000e+00
3.768989036542686222e+01,-3.902902399684270307e+01,0.000000000000000000e+00
3.783353778363195374e+01,-3.783353778363197506e+01,0.000000000000000000e+00
3.792069555883223586e+01,-3.661959003404078317e+01,0.000000000000000000e+00
3.795004846283489286e+01,-3.538899271124890333e+01,0.000000000000000000e+00
3.791852331836145851e+01,-3.414199174965460060e+01,0.000000000000000000e+00
3.782076066797457514e+01,-3.287708566279188460e+01,0.000000000000000000e+00
3.766850799380155479e+01,-3.160763116459733268e+01,0.000000000000000000e+00
3.745532953369374951e+01,-3.033072781444262134e+01,0.000000000000000000e+00
3.718061807086538550e+01,-2.904868248340308767e+01,0.000000000000000000e+00
3.684675994020149403e+01,-2.776602518610422621e+01,0.000000000000000000e+00
3.644253870636776327e+01,-2.647705419865766530e+01,0.000000000000000000e+00
3.597901929765264128e+01,-2.519278052960901704e+01,0.000000000000000000e+00
3.544888278508968682e+01,-2.391057335109190873e+01,0.000000000000000000e+00
3.488513161852071676e+01,-2.265466936276191134e+01,0.000000000000000000e+00
3.430299533870315543e+01,-2.143489046584417324e+01,0.000000000000000000e+00
3.370494851678859050e+01,-2.025197623008966374e+01,0.000000000000000000e+00
3.309106456741383795e+01,-1.910513503576769168e+01,0.000000000000000000e+00
3.246247640553005454e+01,-1.799424450415725474e+01,0.000000000000000000e+00
3.182099777681957065e+01,-1.691952464281391499e+01,0.000000000000000000e+00
3.116880541771265456e+01,-1.588129959066443497e+01,0.000000000000000000e+00
3.050439541673125277e+01,-1.487798773923891815e+01,0.000000000000000000e+00
2.983135926819496220e+01,-1.391059127993242761e+01,0.000000000000000000e+00
2.914934866779332268e+01,-1.297812618496175041e+01,0.000000000000000000e+00
2.846187658032891221e+01,-1.208134983041560417e+01,0.000000000000000000e+00
2.776589788458915820e+01,-1.121815092923493218e+01,0.000000000000000000e+00
2.706593533533833806e+01,-1.038963914983063219e+01,0.000000000000000000e+00
2.636291293529259150e+01,-9.595315596997936680e+00,0.000000000000000000e+00
2.565570819797376245e+01,-8.833968771064430570e+00,0.000000000000000000e+00
2.497106463655529396e+01,-8.113590736321821595e+00,0.000000000000000000e+00
2.432766469064749870e+01,-7.437713504169437329e+00,0.000000000000000000e+00
2.372291107057723991e+01,-6.802435286254581825e+00,0.000000000000000000e+00
2.315308847199792197e+01,-6.203851358358178025e+00,0.000000000000000000e+00
2.261493690749924212e+01,-5.638537053571326396e+00,0.000000000000000000e+00
2.210558552186794401e+01,-5.103476543205098359e+00,0.000000000000000000e+00
2.162249599082780804e+01,-4.596003402534208249e+00,0.000000000000000000e+00
2.116341542748881466e+01,-4.113751233205232616e+00,0.000000000000000000e+00
2.072633804174007821e+01,-3.654612608043045885e+00,0.000000000000000000e+00
2.030947046499915842e+01,-3.216704112886596523e+00,0.000000000000000000e+00
1.991120604422177109e+01,-2.798337517386238371e+00,0.000000000000000000e+00
1.953009922362145545e+01,-2.397994657562530829e+00,0.000000000000000000e+00
1.916484684489241985e+01,-2.014306571616229391e+00,0.000000000000000000e+00
1.881427073366224079e+01,-1.646035401703017653e+00,0.000000000000000000e+00
1.847730246438664636e+01,-1.292058854650516286e+00,0.000000000000000000e+00
1.815297093143745144e+01,-9.513568939062466701e-01,0.000000000000000000e+00
1.784039144138861843e+01,-6.230001971672782801e-01,0.000000000000000000e+00
1.753875615794274623e+01,-3.061401274970830255e-01,0.000000000000000000e+00
1.724732574073673774e+01,-4.224376452448999819e-15,0.000000000000000000e+00
