2.076004073564513419e+01,0.000000000000000000e+00,0.000000000000000000e+00
2.036420031640574280e+01,3.554584387340913310e-01,0.000000000000000000e+00
1.998291166720508016e+01,6.978186521044248414e-01,0.000000000000000000e+00
1.961519111176302843e+01,1.027988606379948378e+00,0.000000000000000000e+00
1.926013839265930727e+01,1.346800075389472440e+00,0.000000000000000000e+00
1.891690990388653049e+01,1.655015165531348087e+00,0.000000000000000000e+00
1.858468069022299218e+01,1.953328651602671773e+00,0.000000000000000000e+00
1.826276823432226237e+01,2.242385978522773105e+00,0.000000000000000000e+00
1.795051138888969433e+01,2.522779853929341343e+00,0.000000000000000000e+00
1.764727588718344720e+01,2.795053914644234805e+00,0.000000000000000000e+00
1.735252962773410701e+01,3.059719156912538374e+00,0.000000000000000000e+00
1.706574528712427963e+01,3.317244844576779261e+00,0.000000000000000000e+00
1.678640871356813946e+01,3.568061318943742233e+00,0.000000000000000000e+00
1.651409386127039625e+01,3.812578977829262250e+00,0.000000000000000000e+00
1.624838759192677529e+01,4.051178027717020846e+00,0.000000000000000000e+00
1.598887150173574767e+01,4.284205206775085983e+00,0.000000000000000000e+00
1.573518243954255169e+01,4.511990958611849400e+00,0.000000000000000000e+00
1.548699693354006257e+01,4.734850126239387613e+00,0.000000000000000000e+00
1.524398502611487238e+01,4.953070984064217086e+00,0.000000000000000000e+00
1.500582179480434419e+01,5.166918804055019798e+00,0.000000000000000000e+00
1.477223689278707219e+01,5.376654522503547362e+00,0.000000000000000000e+00
1.454297356770491412e+01,5.582524515112604391e+00,0.000000000000000000e+00
1.431776954880689701e+01,5.784754393181986032e+00,0.000000000000000000e+00
1.409636699233509560e+01,5.983552788294576708e+00,0.000000000000000000e+00
1.387855058243870765e+01,6.179128829807204681e+00,0.000000000000000000e+00
1.366411533352598617e+01,6.371681621936310158e+00,0.000000000000000000e+00
1.345285194275501084e+01,6.561394301633179715e+00,0.000000000000000000e+00
1.324454973598707319e+01,6.748435157580131794e+00,0.000000000000000000e+00
1.303902512169021222e+01,6.932972636873646621e+00,0.000000000000000000e+00
1.283611236065043926e+01,7.115173266973307875e+00,0.000000000000000000e+00
1.263564243700539969e+01,7.295191562388924744e+00,0.000000000000000000e+00
1.243744310336292003e+01,7.473169762206706146e+00,0.000000000000000000e+00
1.224134800979887139e+01,7.649243197379556491e+00,0.000000000000000000e+00
1.204721581790525597e+01,7.823553429036830487e+00,0.000000000000000000e+00
1.185490733708561173e+01,7.996235965242019184e+00,0.000000000000000000e+00
1.166428014969740445e+01,8.167416888608002523e+00,0.000000000000000000e+00
1.147518911533925134e+01,8.337212909198179034e+00,0.000000000000000000e+00
1.128749763586191612e+01,8.505739559029459329e+00,0.000000000000000000e+00
1.110108593822963918e+01,8.673118882154652098e+00,0.000000000000000000e+00
1.091583285335942044e+01,8.839467153675952815e+00,0.000000000000000000e+00
1.073161398510010578e+01,9.004893336834438600e+00,0.000000000000000000e+00
1.054830212001942868e+01,9.169499139411675159e+00,0.000000000000000000e+00
1.036577674082156797e+01,9.333387299724220654e+00,0.000000000000000000e+00
1.018392975303035897e+01,9.496668130867000457e+00,0.000000000000000000e+00
1.000265075955152305e+01,9.659447556814358293e+00,0.000000000000000000e+00
9.821825728991115056e+00,9.821825728991113280e+00,0.000000000000000000e+00
9.641337240260071439e+00,9.983896977767212633e+00,0.000000000000000000e+00
9.461071315087096423e+00,1.014575684161147784e+01,0.000000000000000000e+00
9.280924357453370632e+00,1.030751074057079819e+01,0.000000000000000000e+00
9.100790097733005624e+00,1.046926140918185411e+01,0.000000000000000000e+00
8.920557858747836022e+00,1.063110687610724447e+01,0.000000000000000000e+00
8.740112707392889035e+00,1.079314033015534591e+01,0.000000000000000000e+00
8.559340072491730567e+00,1.095545570288069293e+01,0.000000000000000000e+00
8.378134267838808213e+00,1.111815969497599710e+01,0.000000000000000000e+00
8.196386606657233287e+00,1.128135833859508708e+01,0.000000000000000000e+00
8.013982836737481463e+00,1.144515361435215084e+01,0.000000000000000000e+00
7.830803249988270487e+00,1.160964325053532420e+01,0.000000000000000000e+00
7.646726229609082104e+00,1.177492580885700946e+01,0.000000000000000000e+00
7.461637380788835650e+00,1.194111594365979911e+01,0.000000000000000000e+00
7.275418384039989306e+00,1.210832954207351264e+01,0.000000000000000000e+00
7.087943746558619473e+00,1.227667869022962854e+01,0.000000000000000000e+00
6.899080888967875858e+00,1.244627139117847392e+01,0.000000000000000000e+00
6.708694108729001293e+00,1.261721855819965121e+01,0.000000000000000000e+00
6.516652954379344997e+00,1.278965154899607626e+01,0.000000000000000000e+00
6.322820517108091565e+00,1.296370319584310948e+01,0.000000000000000000e+00
6.127050556574748619e+00,1.313950232088649095e+01,0.000000000000000000e+00
5.929187662109515422e+00,1.331717352847713443e+01,0.000000000000000000e+00
5.729073986205619917e+00,1.349685250438181860e+01,0.000000000000000000e+00
5.526552850305767706e+00,1.367869830450216462e+01,0.000000000000000000e+00
5.321456632974793877e+00,1.386286848280492734e+01,0.000000000000000000e+00
5.113605549217653312e+00,1.404951577847335109e+01,0.000000000000000000e+00
4.902809224933963428e+00,1.423879188222258207e+01,0.000000000000000000e+00
4.688876989881042512e+00,1.443087951959673987e+01,0.000000000000000000e+00
4.471609195954320271e+00,1.462597464742495035e+01,0.000000000000000000e+00
4.250790336300531713e+00,1.482426761655383096e+01,0.000000000000000000e+00
4.026189537918531514e+00,1.502594391641422078e+01,0.000000000000000000e+00
3.797569343523183871e+00,1.523121871678301176e+01,0.000000000000000000e+00
3.564682664724021510e+00,1.544033696173105952e+01,0.000000000000000000e+00
3.327262164105591946e+00,1.565353775937959924e+01,0.000000000000000000e+00
3.085020450005736770e+00,1.587105434542753635e+01,0.000000000000000000e+00
2.837658219622739342e+00,1.609315947123519308e+01,0.000000000000000000e+00
2.584859547604656527e+00,1.632016088391114295e+01,0.000000000000000000e+00
2.326282175277082587e+00,1.655235775568860035e+01,0.000000000000000000e+00
2.061559114198541209e+00,1.679005160778135775e+01,0.000000000000000000e+00
1.790304938982148819e+00,1.703361367367089230e+01,0.000000000000000000e+00
1.512104403668609320e+00,1.728343242116796219e+01,0.000000000000000000e+00
1.226508222626241151e+00,1.753988475289077087e+01,0.000000000000000000e+00
9.330366693816186663e-01,1.780340022313329484e+01,0.000000000000000000e+00
6.311740900929679876e-01,1.807446110951596552e+01,0.000000000000000000e+00
3.203621670628114537e-01,1.835353625897555219e+01,0.000000000000000000e+00
1.141442504470212463e-15,1.864117074841381694e+01,0.000000000000000000e+00
-3.305642695609445347e-01,1.893801431964656601e+01,0.000000000000000000e+00
-6.720397781169938911e-01,1.924470130235277310e+01,0.000000000000000000e+00
-1.025193767608358675e+00,1.956186241114223989e+01,0.000000000000000000e+00
-1.390852568812878109e+00,1.989011839888341981e+01,0.000000000000000000e+00
-1.769915003955127908e+00,2.023022106664914688e+01,0.000000000000000000e+00
-2.163424111633441171e+00,2.058360546713331729e+01,0.000000000000000000e+00
-2.572523137232075374e+00,2.095151962359806674e+01,0.000000000000000000e+00
-2.997742721850894743e+00,2.133004779855550126e+01,0.000000000000000000e+00
-3.438751099655720012e+00,2.171141996404174890e+01,0.000000000000000000e+00
-3.895299290159318417e+00,2.209134004625031622e+01,0.000000000000000000e+00
-4.367690314034707200e+00,2.246981874558188252e+01,0.000000000000000000e+00
-4.856219609552094418e+00,2.284671699333851080e+01,0.000000000000000000e+00
-5.361083337110503777e+00,2.322140313472095841e+01,0.000000000000000000e+00
-5.882560362630530726e+00,2.359366094281223525e+01,0.000000000000000000e+00
-6.420992753868399738e+00,2.396347119246846447e+01,0.000000000000000000e+00
-6.976183212564967207e+00,2.432884209837954970e+01,0.000000000000000000e+00
-7.547919597089261856e+00,2.468813257824718121e+01,0.000000000000000000e+00
-8.137336602227497551e+00,2.504414689712919539e+01,0.000000000000000000e+00
-8.744556646393435884e+00,2.539603653290824781e+01,0.000000000000000000e+00
-9.368400543590681195e+00,2.573946894992181100e+01,0.000000000000000000e+00
-1.001032043313695041e+01,2.607777629444598588e+01,0.000000000000000000e+00
-1.067057767199810669e+01,2.641060651431997641e+01,0.000000000000000000e+00
-1.134752080941459340e+01,2.673308374509365137e+01,0.000000000000000000e+00
-1.204238051444448310e+01,2.704762948078989382e+01,0.000000000000000000e+00
-1.275590395528359267e+01,2.735512430946092266e+01,0.000000000000000000e+00
-1.348761544165869886e+01,2.765370975377705776e+01,0.000000000000000000e+00
-1.423671018065277849e+01,2.794111696438127979e+01,0.000000000000000000e+00
-1.500332084496591634e+01,2.821714258120971408e+01,0.000000000000000000e+00
-1.578805292937775917e+01,2.848240144735038015e+01,0.000000000000000000e+00
-1.659103936583536765e+01,2.873652313200219766e+01,0.000000000000000000e+00
-1.741196061377675619e+01,2.897836879700398072e+01,0.000000000000000000e+00
-1.825105079234173644e+01,2.920778677426651271e+01,0.000000000000000000e+00
-1.910694387414601891e+01,2.942211343736911999e+01,0.000000000000000000e+00
-1.997383559498511474e+01,2.961242904461538927e+01,0.000000000000000000e+00
-2.084749945454403885e+01,2.977331479156441318e+01,0.000000000000000000e+00
-2.172670564720631958e+01,2.990424484421372853e+01,0.000000000000000000e+00
-2.260959656443717236e+01,3.000394803976295677e+01,0.000000000000000000e+00
-2.349614039898976969e+01,3.007368829252070697e+01,0.000000000000000000e+00
-2.438554588966456294e+01,3.011364127970178828e+01,0.000000000000000000e+00
-2.527687219079793124e+01,3.012380324292810840e+01,0.000000000000000000e+00
-2.616920494221190907e+01,3.010422660761247471e+01,0.000000000000000000e+00
-2.706163013823803709e+01,3.005498510320602179e+01,0.000000000000000000e+00
-2.795324561065031688e+01,2.997618593649620777e+01,0.000000000000000000e+00
-2.884315784544965311e+01,2.986796429440942902e+01,0.000000000000000000e+00
-2.973048435519855559e+01,2.973048435519855914e+01,0.000000000000000000e+00
-3.061435441754501241e+01,2.956393840898856595e+01,0.000000000000000000e+00
-3.149391079994987663e+01,2.936854694242710195e+01,0.000000000000000000e+00
-3.236831079339990680e+01,2.914455794546671541e+01,0.000000000000000000e+00
-3.323673012649028635e+01,2.889224870733504247e+01,0.000000000000000000e+00
-3.409835760809311012e+01,2.861191929270194123e+01,0.000000000000000000e+00
-3.495242230165847275e+01,2.830391350137213280e+01,0.000000000000000000e+00
-3.579811683735962902e+01,2.796855414103719895e+01,0.000000000000000000e+00
-3.663482249394770207e+01,2.760631886511122346e+01,0.000000000000000000e+00
-3.746160621175372540e+01,2.721745008022889323e+01,0.000000000000000000e+00
-3.827604142846476520e+01,2.680117274103819724e+01,0.000000000000000000e+00
-3.907799064571252501e+01,2.635843751162177995e+01,0.000000000000000000e+00
-3.986779235934012178e+01,2.589044708217716106e+01,0.000000000000000000e+00
-4.064496116721773689e+01,2.539779054293913418e+01,0.000000000000000000e+00
-4.140904168536746255e+01,2.488106242040795735e+01,0.000000000000000000e+00
-4.215918408580107979e+01,2.434061628075223283e+01,0.000000000000000000e+00
-4.289326683581086286e+01,2.377612605346883967e+01,0.000000000000000000e+00
-4.360937546850855284e+01,2.318751624547273593e+01,0.000000000000000000e+00
-4.430958937847049128e+01,2.257686344497875552e+01,0.000000000000000000e+00
-4.499433867378697016e+01,2.194520527217515848e+01,0.000000000000000000e+00
-4.566096917559691803e+01,2.129205960536017983e+01,0.000000000000000000e+00
-4.630663103866019270e+01,2.061704045841014832e+01,0.000000000000000000e+00
-4.693464610452118535e+01,1.992257527907949566e+01,0.000000000000000000e+00
-4.754491039934315211e+01,1.920939070631732548e+01,0.000000000000000000e+00
-4.813201982219794672e+01,1.847615134335351428e+01,0.000000000000000000e+00
-4.869768557619808291e+01,1.772450802739068720e+01,0.000000000000000000e+00
-4.924372422596515264e+01,1.695597403222106792e+01,0.000000000000000000e+00
-4.976856633223912496e+01,1.617078745461839162e+01,0.000000000000000000e+00
-5.027107900091277060e+01,1.536941124061123176e+01,0.000000000000000000e+00
-5.075062331063303134e+01,1.455250705870744632e+01,0.000000000000000000e+00
-5.120649269375918777e+01,1.372073836452297435e+01,0.000000000000000000e+00
-5.163810725128247725e+01,1.287482615156422661e+01,0.000000000000000000e+00
-5.204588244609504954e+01,1.201573873586365160e+01,0.000000000000000000e+00
-5.243056862448064237e+01,1.114446139322374485e+01,0.000000000000000000e+00
-5.279156685801930848e+01,1.026164108572633538e+01,0.000000000000000000e+00
-5.312723277904372310e+01,9.367764549324567369e+00,0.000000000000000000e+00
-5.343626975919023181e+01,8.463473678840296444e+00,0.000000000000000000e+00
-5.371884154897433916e+01,7.549690830538376751e+00,0.000000000000000000e+00
-5.397549580420302107e+01,6.627357551835641125e+00,0.000000000000000000e+00
-5.420675042986786707e+01,5.697359050168655514e+00,0.000000000000000000e+00
-5.441251408947776014e+01,4.760478136773944158e+00,0.000000000000000000e+00
-5.459233797208475636e+01,3.817468150930545701e+00,0.000000000000000000e+00
-5.474578914213523717e+01,2.869105234036935848e+00,0.000000000000000000e+00
-5.487245649852931706e+01,1.916188404831081993e+00,0.000000000000000000e+00
-5.497195169180275798e+01,9.595389860112536473e-01,0.000000000000000000e+00
-5.504398812238991923e+01,6.740944386638974728e-15,0.000000000000000000e+00
-5.485469881580903007e+01,-9.574923294477493130e-01,0.000000000000000000e+00
-5.472438734145018913e+01,-1.911017715927895377e+00,0.000000000000000000e+00
-5.458942898765572949e+01,-2.860910745572298186e+00,0.000000000000000000e+00
-5.444984507489169090e+01,-3.807504076905202428e+00,0.000000000000000000e+00
-5.430564042621475807e+01,-4.751127902808906178e+00,0.000000000000000000e+00
-5.415680351316548524e+01,-5.692109417684735995e+00,0.000000000000000000e+00
-5.400330661620437667e+01,-6.630772290175591444e+00,0.000000000000000000e+00
-5.384510599951462240e+01,-7.567436141810534700e+00,0.000000000000000000e+00
-5.368214209998727426e+01,-8.502416031928705209e+00,0.000000000000000000e+00
-5.351433973019597090e+01,-9.436021949232513251e+00,0.000000000000000000e+00
-5.334160829516041247e+01,-1.036855831031636477e+01,0.000000000000000000e+00
-5.316384202268953629e+01,-1.130032346551110578e+01,0.000000000000000000e+00
-5.298092011539156232e+01,-1.223160919120840973e+01,0.000000000000000000e+00
-5.279193934631074825e+01,-1.316250880343397611e+01,0.000000000000000000e+00
-5.259337690700611034e+01,-1.409235286945792076e+01,0.000000000000000000e+00
-5.238120479015569941e+01,-1.502006877406430263e+01,0.000000000000000000e+00
-5.215146965628349562e+01,-1.594430435708617999e+01,0.000000000000000000e+00
-5.190034049956881290e+01,-1.686344286950432192e+01,0.000000000000000000e+00
-5.162602889502637993e+01,-1.777626731304773244e+01,0.000000000000000000e+00
-5.132970795563547739e+01,-1.868248582942839064e+01,0.000000000000000000e+00
-5.101277991906476217e+01,-1.958197153810584012e+01,0.000000000000000000e+00
-5.067645332782885248e+01,-2.047461617675416079e+01,0.000000000000000000e+00
-5.032121665315825254e+01,-2.136008919029303854e+01,0.000000000000000000e+00
-4.994738252428997072e+01,-2.223800745589215211e+01,0.000000000000000000e+00
-4.955504829127492172e+01,-2.310789851846226384e+01,0.000000000000000000e+00
-4.914390544406658989e+01,-2.396908421447050230e+01,0.000000000000000000e+00
-4.871373816520132038e+01,-2.482088933517808016e+01,0.000000000000000000e+00
-4.826503621054084903e+01,-2.566297497262737437e+01,0.000000000000000000e+00
-4.779851213458387349e+01,-2.649514792217484427e+01,0.000000000000000000e+00
-4.731451953037861813e+01,-2.731705058744190495e+01,0.000000000000000000e+00
-4.681321029105493636e+01,-2.812821451415062768e+01,0.000000000000000000e+00
-4.629472072272542960e+01,-2.892815213483273951e+01,0.000000000000000000e+00
-4.575912626910307779e+01,-2.971632405723920911e+01,0.000000000000000000e+00
-4.520615895784406746e+01,-3.049193923079836566e+01,0.000000000000000000e+00
-4.463614632966300633e+01,-3.125456613666167982e+01,0.000000000000000000e+00
-4.405122004273012948e+01,-3.200508477156555642e+01,0.000000000000000000e+00
-4.345119654200001236e+01,-3.274282513603661471e+01,0.000000000000000000e+00
-4.283407049544547363e+01,-3.346564360286698303e+01,0.000000000000000000e+00
-4.220246661334341809e+01,-3.417488362493087806e+01,0.000000000000000000e+00
-4.155718628529258751e+01,-3.487061968475453000e+01,0.000000000000000000e+00
-4.089562272572123902e+01,-3.555002247020537709e+01,0.000000000000000000e+00
-4.022075924940481428e+01,-3.621493429289384380e+01,0.000000000000000000e+00
-3.953331776781364226e+01,-3.686541522356027656e+01,0.000000000000000000e+00
-3.883129553539055934e+01,-3.749894620974271930e+01,0.000000000000000000e+00
-3.811612356214848063e+01,-3.811612356214846642e+01,0.000000000000000000e+00
-3.738907539092606669e+01,-3.871752097190491071e+01,0.000000000000000000e+00
-3.665066926527981650e+01,-3.930303092154935030e+01,0.000000000000000000e+00
-3.590046838745449520e+01,-3.987150947933675127e+01,0.000000000000000000e+00
-3.513759478775837408e+01,-4.042117894957081603e+01,0.000000000000000000e+00
-3.436412209670921669e+01,-4.095356596509925851e+01,0.000000000000000000e+00
-3.358084274223498511e+01,-4.146888721643674813e+01,0.000000000000000000e+00
-3.278781260209417781e+01,-4.196648637796524639e+01,0.000000000000000000e+00
-3.198556974168528910e+01,-4.244628469228194234e+01,0.000000000000000000e+00
-3.117434882128100782e+01,-4.290781010007300722e+01,0.000000000000000000e+00
-3.035483512419985530e+01,-4.335119727761151864e+01,0.000000000000000000e+00
-2.953201456253781032e+01,-4.378301211196836107e+01,0.000000000000000000e+00
-2.870669329481914289e+01,-4.420443123166302257e+01,0.000000000000000000e+00
-2.787871289770396999e+01,-4.461526687541773128e+01,0.000000000000000000e+00
-2.704817187740707851e+01,-4.501571749065886507e+01,0.000000000000000000e+00
-2.621506155362962787e+01,-4.540581853443197247e+01,0.000000000000000000e+00
-2.537939430624550852e+01,-4.578563932833058914e+01,0.000000000000000000e+00
-2.454119757258798273e+01,-4.615527976605937965e+01,0.000000000000000000e+00
-2.370044377422764370e+01,-4.651473993643329408e+01,0.000000000000000000e+00
-2.285687970015482051e+01,-4.686354825574321836e+01,0.000000000000000000e+00
-2.201068624055399070e+01,-4.720206896803248497e+01,0.000000000000000000e+00
-2.116199474586100493e+01,-4.753061840837163743e+01,0.000000000000000000e+00
-2.031080680792182491e+01,-4.784926227023180445e+01,0.000000000000000000e+00
-1.945710839918982771e+01,-4.815803320433049350e+01,0.000000000000000000e+00
-1.860088883151237482e+01,-4.845697208855787608e+01,0.000000000000000000e+00
-1.774213314565065147e+01,-4.874611019063247142e+01,0.000000000000000000e+00
-1.688082501546201897e+01,-4.902547563404694131e+01,0.000000000000000000e+00
-1.601694591047756688e+01,-4.929509074450328399e+01,0.000000000000000000e+00
-1.515047597763948239e+01,-4.955497402274310303e+01,0.000000000000000000e+00
-1.428139289786030908e+01,-4.980513587016507415e+01,0.000000000000000000e+00
-1.340967514598936816e+01,-5.004558895782595584e+01,0.000000000000000000e+00
-1.253529575240198746e+01,-5.027632519996674176e+01,0.000000000000000000e+00
-1.165818563231244553e+01,-5.049714980428746713e+01,0.000000000000000000e+00
-1.077830572416277910e+01,-5.070794163906006702e+01,0.000000000000000000e+00
-9.895709552023070898e+00,-5.090901231673586835e+01,0.000000000000000000e+00
-9.010372439152265045e+00,-5.110036140214872802e+01,0.000000000000000000e+00
-8.122263752234307077e+00,-5.128195506825949934e+01,0.000000000000000000e+00
-7.231355484133174194e+00,-5.145376786359838661e+01,0.000000000000000000e+00
-6.337618859053938181e+00,-5.161576351660050221e+01,0.000000000000000000e+00
-5.441025770864533762e+00,-5.176790218882262451e+01,0.000000000000000000e+00
-4.541548596973330909e+00,-5.191013799893752179e+01,0.000000000000000000e+00
-3.639160504823163667e+00,-5.204241983408314809e+01,0.000000000000000000e+00
-2.733835618851886640e+00,-5.216469112509242478e+01,0.000000000000000000e+00
-1.825549223617949135e+00,-5.227688994795250466e+01,0.000000000000000000e+00
-9.142779563280434285e-01,-5.237894903788279777e+01,0.000000000000000000e+00
-9.638728825740120100e-15,-5.247079583790188195e+01,0.000000000000000000e+00
9.173047258295546902e-01,-5.255235254649063137e+01,0.000000000000000000e+00
1.837654376577498860e+00,-5.262353617413116069e+01,0.000000000000000000e+00
2.761064996697157437e+00,-5.268425860568018493e+01,0.000000000000000000e+00
3.687550336636748582e+00,-5.273442666906792908e+01,0.000000000000000000e+00
4.617121672928152343e+00,-5.277394220978191441e+01,0.000000000000000000e+00
5.549787631630290541e+00,-5.280270217086762585e+01,0.000000000000000000e+00
6.485554015298045982e+00,-5.282059867792884233e+01,0.000000000000000000e+00
7.424423633663586486e+00,-5.282751912912362258e+01,0.000000000000000000e+00
8.366396137918968634e+00,-5.282334628815738142e+01,0.000000000000000000e+00
9.311467859503283151e+00,-5.280795838555572175e+01,0.000000000000000000e+00
1.025963164978985454e+01,-5.278122920630265469e+01,0.000000000000000000e+00
1.121087673529223849e+01,-5.274302824250757737e+01,0.000000000000000000e+00
1.216518852917861437e+01,-5.269322062025553777e+01,0.000000000000000000e+00
1.312254863159550844e+01,-5.263166785100022338e+01,0.000000000000000000e+00
1.408293412489999774e+01,-5.255822567377226306e+01,0.000000000000000000e+00
1.504631948101552474e+01,-5.247275188473834362e+01,0.000000000000000000e+00
1.601266934875509307e+01,-5.237508146829634370e+01,0.000000000000000000e+00
1.698196060634404247e+01,-5.226510058710377393e+01,0.000000000000000000e+00
1.795409682350408787e+01,-5.214248329366557044e+01,0.000000000000000000e+00
1.892749541349016340e+01,-5.200286625539525431e+01,0.000000000000000000e+00
1.989268971505355310e+01,-5.182222844403298723e+01,0.000000000000000000e+00
2.084705545586914255e+01,-5.159827289126218375e+01,0.000000000000000000e+00
2.178881753282371392e+01,-5.133123733320485371e+01,0.000000000000000000e+00
2.271634033308200173e+01,-5.102173575662567373e+01,0.000000000000000000e+00
2.362799085135337052e+01,-5.067038989846381725e+01,0.000000000000000000e+00
2.452216308750134388e+01,-5.027788518213802149e+01,0.000000000000000000e+00
2.539736238077394503e+01,-4.984513022062826337e+01,0.000000000000000000e+00
2.625202404568620196e+01,-4.937287639163037767e+01,0.000000000000000000e+00
2.708290371985243894e+01,-4.885885166203195951e+01,0.000000000000000000e+00
2.788976165591964573e+01,-4.830648419903911872e+01,0.000000000000000000e+00
2.867153054713505256e+01,-4.771744001718299444e+01,0.000000000000000000e+00
2.942670790537431813e+01,-4.709257673697579349e+01,0.000000000000000000e+00
3.015510274311971983e+01,-4.643478619435913402e+01,0.000000000000000000e+00
3.085432959922264828e+01,-4.574342477343490287e+01,0.000000000000000000e+00
3.151948884449838673e+01,-4.501449516680068541e+01,0.000000000000000000e+00
3.215342453128312883e+01,-4.425539220609243785e+01,0.000000000000000000e+00
3.275462264700022530e+01,-4.346685236783230266e+01,0.000000000000000000e+00
3.331967996520719311e+01,-4.264724555881829104e+01,0.000000000000000000e+00
3.384954702911561242e+01,-4.180070937625436756e+01,0.000000000000000000e+00
3.434296307423390004e+01,-4.092834962404855759e+01,0.000000000000000000e+00
3.479682899715243849e+01,-4.002917274979611761e+01,0.000000000000000000e+00
3.521054317837594994e+01,-3.910526990783803569e+01,0.000000000000000000e+00
3.558453180946810335e+01,-3.815973847335163782e+01,0.000000000000000000e+00
3.591782626154817848e+01,-3.719399789929620681e+01,0.000000000000000000e+00
3.620865901748671689e+01,-3.620865901748673821e+01,0.000000000000000000e+00
3.645546481543271966e+01,-3.520463315263765480e+01,0.000000000000000000e+00
3.665743858168752212e+01,-3.418361449658836904e+01,0.000000000000000000e+00
3.681398963953289183e+01,-3.314746515817418526e+01,0.000000000000000000e+00
3.692459320433800229e+01,-3.209805917179020440e+01,0.000000000000000000e+00
3.698879047258529340e+01,-3.103728044324002511e+01,0.000000000000000000e+00
3.700618865253121470e+01,-2.996702070022206144e+01,0.000000000000000000e+00
3.697497148374205977e+01,-2.888801376074346905e+01,0.000000000000000000e+00
3.688956144347003629e+01,-2.779827843224272854e+01,0.000000000000000000e+00
3.675193143183035005e+01,-2.670184117156171766e+01,0.000000000000000000e+00
3.656660442274263545e+01,-2.560421206353693080e+01,0.000000000000000000e+00
3.633840924813652862e+01,-2.451056652637372224e+01,0.000000000000000000e+00
3.607246561446217470e+01,-2.342573307538783567e+01,0.000000000000000000e+00
3.577418723604264272e+01,-2.235419319326895149e+01,0.000000000000000000e+00
3.544956483980234196e+01,-2.130024747390129036e+01,0.000000000000000000e+00
3.510511295399469134e+01,-2.026794641392107721e+01,0.000000000000000000e+00
3.474724390006324626e+01,-1.926071180684206041e+01,0.000000000000000000e+00
3.437753882324388144e+01,-1.827886162962742489e+01,0.000000000000000000e+00
3.399386944678930433e+01,-1.732074160993025558e+01,0.000000000000000000e+00
3.359482090688236866e+01,-1.638528896332024232e+01,0.000000000000000000e+00
3.318236593676981272e+01,-1.547319135201735385e+01,0.000000000000000000e+00
3.275919299992339973e+01,-1.458533243112449540e+01,0.000000000000000000e+00
3.232636884925346976e+01,-1.372172947601079684e+01,0.000000000000000000e+00
3.188387147494942653e+01,-1.288192025703704502e+01,0.000000000000000000e+00
3.143205880807968455e+01,-1.206563692353996942e+01,0.000000000000000000e+00
3.097176543977772667e+01,-1.127280072275376455e+01,0.000000000000000000e+00
3.050378129087673074e+01,-1.050329420819755910e+01,0.000000000000000000e+00
3.002878904875621657e+01,-9.756945015963903955e+00,0.000000000000000000e+00
2.954748813511803363e+01,-9.033573682941302252e+00,0.000000000000000000e+00
2.906062689852233305e+01,-8.333000670409596466e+00,0.000000000000000000e+00
2.856894356772803434e+01,-7.655025357583041590e+00,0.000000000000000000e+00
2.807315766736136098e+01,-6.999424334704937856e+00,0.000000000000000000e+00
2.757397388761566148e+01,-6.365953473577349975e+00,0.000000000000000000e+00
2.707208131548815899e+01,-5.754348521671428074e+00,0.000000000000000000e+00
2.656814874690830663e+01,-5.164324966640920778e+00,0.000000000000000000e+00
2.606282308689781857e+01,-4.595578903651592384e+00,0.000000000000000000e+00
2.555671626333772295e+01,-4.047786201901726777e+00,0.000000000000000000e+00
2.505041593905008668e+01,-3.520606365716201669e+00,0.000000000000000000e+00
2.454452537527845735e+01,-3.013688770773780945e+00,0.000000000000000000e+00
2.403939657874005320e+01,-2.526642393656790997e+00,0.000000000000000000e+00
2.353416556136092908e+01,-2.058972692161297857e+00,0.000000000000000000e+00
2.303025492523704187e+01,-1.610432305168142397e+00,0.000000000000000000e+00
2.253747168867115036e+01,-1.181138841857679811e+00,0.000000000000000000e+00
2.206386173219685176e+01,-7.704870296478367742e-01,0.000000000000000000e+00
2.160989285732094345e+01,-3.772020829163826861e-01,0.000000000000000000e+00
2.117472023976629814e+01,-5.186310672894094334e-15,0.000000000000000000e+00
