2.114670518009451428e+01,0.000000000000000000e+00,0.000000000000000000e+00
2.073860287923260870e+01,3.619936597775253451e-01,0.000000000000000000e+00
2.034567069379327009e+01,7.104864764529618126e-01,0.000000000000000000e+00
1.996700936150987715e+01,1.046426619560427040e+00,0.000000000000000000e+00
1.960154996949465200e+01,1.370673898518174783e+00,0.000000000000000000e+00
1.924834746712252098e+01,1.684012194981153510e+00,0.000000000000000000e+00
1.890662289902114068e+01,1.987166141258143837e+00,0.000000000000000000e+00
1.857562510674103251e+01,2.280799972228167771e+00,0.000000000000000000e+00
1.825468451609793874e+01,2.565528599121224662e+00,0.000000000000000000e+00
1.794313861585444414e+01,2.841913967337680980e+00,0.000000000000000000e+00
1.764040557765363815e+01,3.110479453980431241e+00,0.000000000000000000e+00
1.734594862363760726e+01,3.371710855749659785e+00,0.000000000000000000e+00
1.705924209324142282e+01,3.626053844035907581e+00,0.000000000000000000e+00
1.677983452129075559e+01,3.873930043316675231e+00,0.000000000000000000e+00
1.650728311442102481e+01,4.115727931285554142e+00,0.000000000000000000e+00
1.624116407513892568e+01,4.351806798074837168e+00,0.000000000000000000e+00
1.598111366555280277e+01,4.582510602884295459e+00,0.000000000000000000e+00
1.572676981753176584e+01,4.808156053457478762e+00,0.000000000000000000e+00
1.547778284327250731e+01,5.029036499794992565e+00,0.000000000000000000e+00
1.523385351054914061e+01,5.245436420491773610e+00,0.000000000000000000e+00
1.499468626261191062e+01,5.457619471751062434e+00,0.000000000000000000e+00
1.475998644165030171e+01,5.665827952559913783e+00,0.000000000000000000e+00
1.452949932233647523e+01,5.870298774478073689e+00,0.000000000000000000e+00
1.430298359532762653e+01,6.071256332875684336e+00,0.000000000000000000e+00
1.408019357342405442e+01,6.268906073585291061e+00,0.000000000000000000e+00
1.386090034335476417e+01,6.463443979029576347e+00,0.000000000000000000e+00
1.364490335598589255e+01,6.655064034546009033e+00,0.000000000000000000e+00
1.343200068265291058e+01,6.843946185438198881e+00,0.000000000000000000e+00
1.322198864847211652e+01,7.030256069713632705e+00,0.000000000000000000e+00
1.301468538661156593e+01,7.214157911608870322e+00,0.000000000000000000e+00
1.280992338539027031e+01,7.395812714853553516e+00,0.000000000000000000e+00
1.260753202830180797e+01,7.575369498935217827e+00,0.000000000000000000e+00
1.240734003662639928e+01,7.752966527605389402e+00,0.000000000000000000e+00
1.220919519649075013e+01,7.928744067431663822e+00,0.000000000000000000e+00
1.201295393918236520e+01,8.102839744414284340e+00,0.000000000000000000e+00
1.181846961269978813e+01,8.275381512914780302e+00,0.000000000000000000e+00
1.162559416106517496e+01,8.446488571344653806e+00,0.000000000000000000e+00
1.143419364484462442e+01,8.616282930732296563e+00,0.000000000000000000e+00
1.124414193842864762e+01,8.784886478895680639e+00,0.000000000000000000e+00
1.105530986972543595e+01,8.952413414526832369e+00,0.000000000000000000e+00
1.086756570484922158e+01,9.118970374733837758e+00,0.000000000000000000e+00
1.068078588948153218e+01,9.284665523180981594e+00,0.000000000000000000e+00
1.049485595751737499e+01,9.449610748471924282e+00,0.000000000000000000e+00
1.030965857473019831e+01,9.613912153864411891e+00,0.000000000000000000e+00
1.012507309946277800e+01,9.777669436252272916e+00,0.000000000000000000e+00
9.940980971039456549e+00,9.940980971039454772e+00,0.000000000000000000e+00
9.757273612886434577e+00,1.010395260609273116e+01,0.000000000000000000e+00
9.573840573818648281e+00,1.026668706612787219e+01,0.000000000000000000e+00
9.390567474721295937e+00,1.042928175877344010e+01,0.000000000000000000e+00
9.207337709513787161e+00,1.059183041563931482e+01,0.000000000000000000e+00
9.024042434800431778e+00,1.075443499139601400e+01,0.000000000000000000e+00
8.840573533062686451e+00,1.091719911811814292e+01,0.000000000000000000e+00
8.656818140897728497e+00,1.108022194085929080e+01,0.000000000000000000e+00
8.472658984322814391e+00,1.124359823050123453e+01,0.000000000000000000e+00
8.287981699204612696e+00,1.140742816798118575e+01,0.000000000000000000e+00
8.102675585293214411e+00,1.157181998641450171e+01,0.000000000000000000e+00
7.916624606655582319e+00,1.173687864419509275e+01,0.000000000000000000e+00
7.729706938935054339e+00,1.190270489582055546e+01,0.000000000000000000e+00
7.541798936319995761e+00,1.206940124887795562e+01,0.000000000000000000e+00
7.352781630599849905e+00,1.223708360601111345e+01,0.000000000000000000e+00
7.162530753240607950e+00,1.240586717538731065e+01,0.000000000000000000e+00
6.970914771035343627e+00,1.257586314487472379e+01,0.000000000000000000e+00
6.777797004757964316e+00,1.274718220359339860e+01,0.000000000000000000e+00
6.583044152956637696e+00,1.291995161279695026e+01,0.000000000000000000e+00
6.386517727070987860e+00,1.309430183012791815e+01,0.000000000000000000e+00
6.188070113086587831e+00,1.327035918211255527e+01,0.000000000000000000e+00
5.987546188684679471e+00,1.344824892523582172e+01,0.000000000000000000e+00
5.784792100842022222e+00,1.362811615656723063e+01,0.000000000000000000e+00
5.579647523263338904e+00,1.381011223152589018e+01,0.000000000000000000e+00
5.371940678450080497e+00,1.399438391761410116e+01,0.000000000000000000e+00
5.161490487563723306e+00,1.418107856531115374e+01,0.000000000000000000e+00
4.948114983058887084e+00,1.437036935779033442e+01,0.000000000000000000e+00
4.731621927153212503e+00,1.456243490933688634e+01,0.000000000000000000e+00
4.511804718754039989e+00,1.475744827842575191e+01,0.000000000000000000e+00
4.288446962542540319e+00,1.495559187881652896e+01,0.000000000000000000e+00
4.061327139307548961e+00,1.515707923005413704e+01,0.000000000000000000e+00
3.830207409845167277e+00,1.536212285089469987e+01,0.000000000000000000e+00
3.594832767388575601e+00,1.557093140402976594e+01,0.000000000000000000e+00
3.354938944530550415e+00,1.578374677390028147e+01,0.000000000000000000e+00
3.110246282194484735e+00,1.600083000172035597e+01,0.000000000000000000e+00
2.860452888421706419e+00,1.622243446197898109e+01,0.000000000000000000e+00
2.605240014004194471e+00,1.644883808451101004e+01,0.000000000000000000e+00
2.344271543874541841e+00,1.668035876433177123e+01,0.000000000000000000e+00
2.077184189845242113e+00,1.691730763681139749e+01,0.000000000000000000e+00
1.803590627206446584e+00,1.716001855346203087e+01,0.000000000000000000e+00
1.523079371124034687e+00,1.740887687320457999e+01,0.000000000000000000e+00
1.235205525533810134e+00,1.766426197910544360e+01,0.000000000000000000e+00
9.394929655455817041e-01,1.792659369273432901e+01,0.000000000000000000e+00
6.354305150345630482e-01,1.819634917222320070e+01,0.000000000000000000e+00
3.224648717277846521e-01,1.847400012855268514e+01,0.000000000000000000e+00
1.148723430904522341e-15,1.876007730072553414e+01,0.000000000000000000e+00
-3.326085977394219184e-01,1.905513380255221634e+01,0.000000000000000000e+00
-6.760587081400188936e-01,1.935978840041843085e+01,0.000000000000000000e+00
-1.031113178046437762e+00,1.967481149082199465e+01,0.000000000000000000e+00
-1.398601564577068856e+00,2.000093420113179121e+01,0.000000000000000000e+00
-1.779406938506138181e+00,2.033871437502158130e+01,0.000000000000000000e+00
-2.174482421101808782e+00,2.068881825366294791e+01,0.000000000000000000e+00
-2.585005746848615171e+00,2.105318232064033879e+01,0.000000000000000000e+00
-3.012204123058117133e+00,2.143294601484862127e+01,0.000000000000000000e+00
-3.456064044171054839e+00,2.182072959369892828e+01,0.000000000000000000e+00
-3.915847121923370810e+00,2.220787259096635324e+01,0.000000000000000000e+00
-4.391783616065721318e+00,2.259376803930351940e+01,0.000000000000000000e+00
-4.884356804047361500e+00,2.297909208575719120e+01,0.000000000000000000e+00
-5.393837511441194721e+00,2.336327705061643911e+01,0.000000000000000000e+00
-5.920202526929107201e+00,2.374463541767798702e+01,0.000000000000000000e+00
-6.463411485165488024e+00,2.412178005286181204e+01,0.000000000000000000e+00
-7.024050501069050156e+00,2.449577517169618801e+01,0.000000000000000000e+00
-7.602549109202741739e+00,2.486681766099006907e+01,0.000000000000000000e+00
-8.198799309022092530e+00,2.523330965798114889e+01,0.000000000000000000e+00
-8.812285928221378128e+00,2.559273664993013142e+01,0.000000000000000000e+00
-9.443875102037436520e+00,2.594683359499757813e+01,0.000000000000000000e+00
-1.009399196497597728e+01,2.629574808706601985e+01,0.000000000000000000e+00
-1.076258990000503424e+01,2.663834477021346459e+01,0.000000000000000000e+00
-1.144959169988887204e+01,2.697354769389921714e+01,0.000000000000000000e+00
-1.215409491140373888e+01,2.729854412453491719e+01,0.000000000000000000e+00
-1.287713930485049652e+01,2.761511435561754624e+01,0.000000000000000000e+00
-1.361885813256918354e+01,2.792279714713003003e+01,0.000000000000000000e+00
-1.437916400044529830e+01,2.822069832765541619e+01,0.000000000000000000e+00
-1.515807343470136281e+01,2.850818987230604762e+01,0.000000000000000000e+00
-1.595555429900041489e+01,2.878458191722302217e+01,0.000000000000000000e+00
-1.677158934697110837e+01,2.904924487263490107e+01,0.000000000000000000e+00
-1.760615208293981127e+01,2.930155767477956275e+01,0.000000000000000000e+00
-1.845925484427152696e+01,2.954098290765601220e+01,0.000000000000000000e+00
-1.933082316985118609e+01,2.976685732094899350e+01,0.000000000000000000e+00
-2.022090221122335763e+01,2.997872036647272154e+01,0.000000000000000000e+00
-2.112371712550589464e+01,3.016779450777553606e+01,0.000000000000000000e+00
-2.203181021841881204e+01,3.032418525988371627e+01,0.000000000000000000e+00
-2.294554551297191836e+01,3.044976735224481246e+01,0.000000000000000000e+00
-2.386380443470382318e+01,3.054427679849124289e+01,0.000000000000000000e+00
-2.478576269960856848e+01,3.060786788029917460e+01,0.000000000000000000e+00
-2.571035091099130199e+01,3.064040306503170186e+01,0.000000000000000000e+00
-2.663685481703356928e+01,3.064219624924817253e+01,0.000000000000000000e+00
-2.756057379500996518e+01,3.060911817261156997e+01,0.000000000000000000e+00
-2.848341520456804687e+01,3.054472322002007445e+01,0.000000000000000000e+00
-2.940510017120034192e+01,3.044987260732624534e+01,0.000000000000000000e+00
-3.032466882160615285e+01,3.032466882160615995e+01,0.000000000000000000e+00
-3.124116366043795878e+01,3.016924105879560614e+01,0.000000000000000000e+00
-3.215349178942895492e+01,2.998361616564594101e+01,0.000000000000000000e+00
-3.306083431042684140e+01,2.976810892096913719e+01,0.000000000000000000e+00
-3.395863526717315750e+01,2.951979127209201792e+01,0.000000000000000000e+00
-3.484964898400021838e+01,2.924232760913226414e+01,0.000000000000000000e+00
-3.573275625112175646e+01,2.893581547420750155e+01,0.000000000000000000e+00
-3.660710978769027690e+01,2.860060870507579267e+01,0.000000000000000000e+00
-3.747172399279102706e+01,2.823696937910171556e+01,0.000000000000000000e+00
-3.832567796272538629e+01,2.784523495455785991e+01,0.000000000000000000e+00
-3.916805637917844507e+01,2.742576833372367417e+01,0.000000000000000000e+00
-3.999797223408037894e+01,2.697897292831412841e+01,0.000000000000000000e+00
-4.081456743892948680e+01,2.650529000791267009e+01,0.000000000000000000e+00
-4.161701945046893769e+01,2.600519997241240233e+01,0.000000000000000000e+00
-4.240454676379142285e+01,2.547922221807485954e+01,0.000000000000000000e+00
-4.317641423281342838e+01,2.492791437995762038e+01,0.000000000000000000e+00
-4.393194062326480775e+01,2.435187233536129270e+01,0.000000000000000000e+00
-4.467049685879771914e+01,2.375172449682722586e+01,0.000000000000000000e+00
-4.539153756762507896e+01,2.312814358238743040e+01,0.000000000000000000e+00
-4.609451861150879637e+01,2.248179888108845148e+01,0.000000000000000000e+00
-4.677913999298003489e+01,2.181347122063136013e+01,0.000000000000000000e+00
-4.744403942345691405e+01,2.112344729823209732e+01,0.000000000000000000e+00
-4.808558332105221922e+01,2.041111914253530202e+01,0.000000000000000000e+00
-4.870632061086170239e+01,1.967863089072357852e+01,0.000000000000000000e+00
-4.930852679670059757e+01,1.892777005783341338e+01,0.000000000000000000e+00
-4.988909943328282282e+01,1.815814720806182336e+01,0.000000000000000000e+00
-5.044288690180659529e+01,1.736887885433959866e+01,0.000000000000000000e+00
-5.097588619041706437e+01,1.656306945619352433e+01,0.000000000000000000e+00
-5.148730832462089779e+01,1.574124986055851849e+01,0.000000000000000000e+00
-5.197107243264115795e+01,1.490246521299666504e+01,0.000000000000000000e+00
-5.242976484873787513e+01,1.404851315057299388e+01,0.000000000000000000e+00
-5.286527803049804675e+01,1.318079419109355577e+01,0.000000000000000000e+00
-5.327557625379206740e+01,1.229963592088496682e+01,0.000000000000000000e+00
-5.365980590476539902e+01,1.140574384299768163e+01,0.000000000000000000e+00
-5.401856199350654464e+01,1.050014477947282288e+01,0.000000000000000000e+00
-5.435166264588850282e+01,9.583664570834574903e+00,0.000000000000000000e+00
-5.465789237665628519e+01,8.656959693395451794e+00,0.000000000000000000e+00
-5.493615435782593437e+01,7.720772988788293212e+00,0.000000000000000000e+00
-5.518612209057855011e+01,6.776003768825773932e+00,0.000000000000000000e+00
-5.540770564195128145e+01,5.823584529323011516e+00,0.000000000000000000e+00
-5.560084322199156048e+01,4.864443464406497775e+00,0.000000000000000000e+00
-5.576550086657461236e+01,3.899503692032642910e+00,0.000000000000000000e+00
-5.590167210948362708e+01,2.929682493466756910e+00,0.000000000000000000e+00
-5.600937763517543999e+01,1.955890565774196732e+00,0.000000000000000000e+00
-5.608866491265398224e+01,9.790312877874106645e-01,0.000000000000000000e+00
-5.613960781088542973e+01,6.875119101098858536e-15,0.000000000000000000e+00
-5.601412856653029593e+01,-9.777302510262958490e-01,0.000000000000000000e+00
-5.609228165935138577e+01,-1.958785638092394699e+00,0.000000000000000000e+00
-5.614753087458003478e+01,-2.942567405362717103e+00,0.000000000000000000e+00
-5.617973383682036825e+01,-3.928469683043779970e+00,0.000000000000000000e+00
-5.618876431984534037e+01,-4.915879895516380493e+00,0.000000000000000000e+00
-5.617451250517879657e+01,-5.904179178278972984e+00,0.000000000000000000e+00
-5.613688523031198940e+01,-6.892742803460622625e+00,0.000000000000000000e+00
-5.607582421259201766e+01,-7.880943141462259938e+00,0.000000000000000000e+00
-5.599135985998113796e+01,-8.868160194432812560e+00,0.000000000000000000e+00
-5.588355672426637710e+01,-9.853778828440132642e+00,0.000000000000000000e+00
-5.575249531485874854e+01,-1.083718727450144037e+01,0.000000000000000000e+00
-5.559827196667866644e+01,-1.181777752403197823e+01,0.000000000000000000e+00
-5.542099869869554141e+01,-1.279494571994002428e+01,0.000000000000000000e+00
-5.522080306324928500e+01,-1.376809254315652709e+01,0.000000000000000000e+00
-5.499782791717231589e+01,-1.473662357587215155e+01,0.000000000000000000e+00
-5.475222617220699561e+01,-1.569994821490298342e+01,0.000000000000000000e+00
-5.448415728277664982e+01,-1.665747853476411677e+01,0.000000000000000000e+00
-5.419379504066201036e+01,-1.760863142232030398e+01,0.000000000000000000e+00
-5.388132348517046921e+01,-1.855282751653713902e+01,0.000000000000000000e+00
-5.354686835273293610e+01,-1.948946621856569905e+01,0.000000000000000000e+00
-5.319051486372679705e+01,-2.041792566120144059e+01,0.000000000000000000e+00
-5.281239092933248003e+01,-2.133759098450907032e+01,0.000000000000000000e+00
-5.241289393121319051e+01,-2.224795351846521285e+01,0.000000000000000000e+00
-5.199257041537788382e+01,-2.314858377185016280e+01,0.000000000000000000e+00
-5.155171548347188093e+01,-2.403895972097053857e+01,0.000000000000000000e+00
-5.109016903723114922e+01,-2.491834039479614660e+01,0.000000000000000000e+00
-5.060790052297798525e+01,-2.578601326193965804e+01,0.000000000000000000e+00
-5.010534468681554898e+01,-2.664148434662919840e+01,0.000000000000000000e+00
-4.958296802040467099e+01,-2.748428797160348225e+01,0.000000000000000000e+00
-4.904109576326749220e+01,-2.831388984027671185e+01,0.000000000000000000e+00
-4.848061014365212174e+01,-2.913008942174862881e+01,0.000000000000000000e+00
-4.790313258134421659e+01,-2.993319941053114164e+01,0.000000000000000000e+00
-4.730732215094875670e+01,-3.072173421866691001e+01,0.000000000000000000e+00
-4.669107277796690170e+01,-3.149352624924824084e+01,0.000000000000000000e+00
-4.605872113740268503e+01,-3.225066374070822661e+01,0.000000000000000000e+00
-4.541097812124611721e+01,-3.299300684340627754e+01,0.000000000000000000e+00
-4.474400000703373337e+01,-3.371702242309969932e+01,0.000000000000000000e+00
-4.406174729476560259e+01,-3.442480984017156942e+01,0.000000000000000000e+00
-4.336527825468209585e+01,-3.511650992570021401e+01,0.000000000000000000e+00
-4.265223469381498944e+01,-3.578947440046693629e+01,0.000000000000000000e+00
-4.192392650380937624e+01,-3.644391330694370623e+01,0.000000000000000000e+00
-4.118203924234943258e+01,-3.708047468624378951e+01,0.000000000000000000e+00
-4.042719615027623092e+01,-3.769897030037897423e+01,0.000000000000000000e+00
-3.965969225756195016e+01,-3.829891962543060657e+01,0.000000000000000000e+00
-3.888191978999722664e+01,-3.888191978999721243e+01,0.000000000000000000e+00
-3.809941120365421341e+01,-3.945309523895596016e+01,0.000000000000000000e+00
-3.731305361832510670e+01,-4.001335117576505951e+01,0.000000000000000000e+00
-3.652233089439967273e+01,-4.056215776205311840e+01,0.000000000000000000e+00
-3.572757634314773867e+01,-4.109987509173384268e+01,0.000000000000000000e+00
-3.492857314047885353e+01,-4.162625252435528722e+01,0.000000000000000000e+00
-3.412460745579670629e+01,-4.214038071503820504e+01,0.000000000000000000e+00
-3.331667360807521305e+01,-4.264339759716389011e+01,0.000000000000000000e+00
-3.250497442744467236e+01,-4.313555799084429765e+01,0.000000000000000000e+00
-3.168945956217621074e+01,-4.361679921088168044e+01,0.000000000000000000e+00
-3.087018313890086674e+01,-4.408719051758527030e+01,0.000000000000000000e+00
-3.004722955018536368e+01,-4.454684974304739598e+01,0.000000000000000000e+00
-2.922054772805312339e+01,-4.499569766990082798e+01,0.000000000000000000e+00
-2.838960828593166141e+01,-4.543287040592633730e+01,0.000000000000000000e+00
-2.755501384442470325e+01,-4.585924417716047685e+01,0.000000000000000000e+00
-2.671691462743354606e+01,-4.627505355619496896e+01,0.000000000000000000e+00
-2.587531103044354808e+01,-4.668029678142162453e+01,0.000000000000000000e+00
-2.503023493864534288e+01,-4.707502528294672572e+01,0.000000000000000000e+00
-2.418170292777520913e+01,-4.745926420705626469e+01,0.000000000000000000e+00
-2.332973288255176669e+01,-4.783304095211466489e+01,0.000000000000000000e+00
-2.247434304234649716e+01,-4.819638418821784143e+01,0.000000000000000000e+00
-2.161554272265871646e+01,-4.854930384298915413e+01,0.000000000000000000e+00
-2.075325012641573608e+01,-4.889159340884859972e+01,0.000000000000000000e+00
-1.988734697436088794e+01,-4.922291104556894226e+01,0.000000000000000000e+00
-1.901810117980122428e+01,-4.954384741474038378e+01,0.000000000000000000e+00
-1.814554066090802920e+01,-4.985446322964040888e+01,0.000000000000000000e+00
-1.726965815047067210e+01,-5.015472905433986028e+01,0.000000000000000000e+00
-1.639046236370503706e+01,-5.044465618346555402e+01,0.000000000000000000e+00
-1.550795463598239721e+01,-5.072423402843622853e+01,0.000000000000000000e+00
-1.462213765578002267e+01,-5.099345406059735808e+01,0.000000000000000000e+00
-1.373301281355970360e+01,-5.125230156119926050e+01,0.000000000000000000e+00
-1.284058118214763233e+01,-5.150075818087686486e+01,0.000000000000000000e+00
-1.194484342574485680e+01,-5.173880112071548609e+01,0.000000000000000000e+00
-1.104580001353281205e+01,-5.196640332694386899e+01,0.000000000000000000e+00
-1.014345135486966853e+01,-5.218353340349404590e+01,0.000000000000000000e+00
-9.237797957631844525e+00,-5.239015561041909308e+01,0.000000000000000000e+00
-8.328840583111471574e+00,-5.258622984710695647e+01,0.000000000000000000e+00
-7.416580403587503589e+00,-5.277171164731477404e+01,0.000000000000000000e+00
-6.501019160620033155e+00,-5.294655217899030220e+01,0.000000000000000000e+00
-5.582159324058319605e+00,-5.311069825062771343e+01,0.000000000000000000e+00
-4.660004251317372947e+00,-5.326409232364774482e+01,0.000000000000000000e+00
-3.734558346590783007e+00,-5.340667253081248589e+01,0.000000000000000000e+00
-2.805827219662149652e+00,-5.353837270052139985e+01,0.000000000000000000e+00
-1.873817844000233324e+00,-5.365912238683647928e+01,0.000000000000000000e+00
-9.385387138429845955e-01,-5.376884690504693509e+01,0.000000000000000000e+00
-9.895293224396226492e-15,-5.386746737255571560e+01,0.000000000000000000e+00
9.417862958712780452e-01,-5.395490075484174497e+01,0.000000000000000000e+00
1.886806188729285294e+00,-5.403105991622399529e+01,0.000000000000000000e+00
2.835043559533680035e+00,-5.409585367512556076e+01,0.000000000000000000e+00
3.786480006699908696e+00,-5.414918686352780242e+01,0.000000000000000000e+00
4.741094699724941464e+00,-5.419096039020084987e+01,0.000000000000000000e+00
5.698864235079112994e+00,-5.422107130767734873e+01,0.000000000000000000e+00
6.659762494227414287e+00,-5.423941288102012237e+01,0.000000000000000000e+00
7.623760504631596824e+00,-5.424587466536421232e+01,0.000000000000000000e+00
8.590826299015674294e+00,-5.424034255772048141e+01,0.000000000000000000e+00
9.560924796663265113e+00,-5.422269897804864769e+01,0.000000000000000000e+00
1.053401758722495529e+01,-5.419282248266019053e+01,0.000000000000000000e+00
1.151006319727451555e+01,-5.415058987989773698e+01,0.000000000000000000e+00
1.248901508677422001e+01,-5.409586754193340141e+01,0.000000000000000000e+00
1.347083011112054685e+01,-5.402854856858289878e+01,0.000000000000000000e+00
1.445542994389455771e+01,-5.394839899586693832e+01,0.000000000000000000e+00
1.544283801591978822e+01,-5.385557635061410764e+01,0.000000000000000000e+00
1.643138668101297029e+01,-5.374464415091671299e+01,0.000000000000000000e+00
1.741601725802905776e+01,-5.360098959819616482e+01,0.000000000000000000e+00
1.839270380957555062e+01,-5.341629047363892369e+01,0.000000000000000000e+00
1.935970220521270591e+01,-5.319034465618786101e+01,0.000000000000000000e+00
2.031546748901486055e+01,-5.292360219977518199e+01,0.000000000000000000e+00
2.125844210463173667e+01,-5.261649057728546808e+01,0.000000000000000000e+00
2.218709515303141089e+01,-5.226952060702581093e+01,0.000000000000000000e+00
2.309992030251486383e+01,-5.188327047370493261e+01,0.000000000000000000e+00
2.399544479979030953e+01,-5.145839743385538156e+01,0.000000000000000000e+00
2.487224234615680984e+01,-5.099565403101655647e+01,0.000000000000000000e+00
2.572892641832024907e+01,-5.049586128396434503e+01,0.000000000000000000e+00
2.656422952991577091e+01,-4.996004950844719161e+01,0.000000000000000000e+00
2.737677964464079139e+01,-4.938901786447470954e+01,0.000000000000000000e+00
2.816582494271904835e+01,-4.878463983788013536e+01,0.000000000000000000e+00
2.892970594027216436e+01,-4.814711602682886848e+01,0.000000000000000000e+00
2.966384077695255783e+01,-4.747206865933311803e+01,0.000000000000000000e+00
3.036972086833416995e+01,-4.676526912597643104e+01,0.000000000000000000e+00
3.104882969670588011e+01,-4.603178302633547503e+01,0.000000000000000000e+00
3.169795413221826408e+01,-4.526937001173049424e+01,0.000000000000000000e+00
3.231146921855177112e+01,-4.447292205627551454e+01,0.000000000000000000e+00
3.289291703204975192e+01,-4.365037521537145437e+01,0.000000000000000000e+00
3.344300288709995073e+01,-4.280509170075253422e+01,0.000000000000000000e+00
3.395749109892737749e+01,-4.193400920112973296e+01,0.000000000000000000e+00
3.443469957436708029e+01,-4.103767692765428876e+01,0.000000000000000000e+00
3.487406903243922329e+01,-4.011802724616267568e+01,0.000000000000000000e+00
3.527513998336281986e+01,-3.917701192787443176e+01,0.000000000000000000e+00
3.563745565676347127e+01,-3.821649235120531074e+01,0.000000000000000000e+00
3.596014357802359740e+01,-3.723781876330476592e+01,0.000000000000000000e+00
3.624219246528587490e+01,-3.624219246528588911e+01,0.000000000000000000e+00
3.648266831749593564e+01,-3.523090326921553128e+01,0.000000000000000000e+00
3.668081027260914340e+01,-3.420540895096132061e+01,0.000000000000000000e+00
3.683592592504712115e+01,-3.316721667836807086e+01,0.000000000000000000e+00
3.694736884661897847e+01,-3.211785773557029700e+01,0.000000000000000000e+00
3.701453928423123330e+01,-3.105888626159539356e+01,0.000000000000000000e+00
3.703688482544919935e+01,-2.999187797093124175e+01,0.000000000000000000e+00
3.701331802120712666e+01,-2.891797335929122781e+01,0.000000000000000000e+00
3.694171129147184729e+01,-2.783757616141673452e+01,0.000000000000000000e+00
3.682458029936715604e+01,-2.675462366343863962e+01,0.000000000000000000e+00
3.666047806214154292e+01,-2.566994309348323000e+01,0.000000000000000000e+00
3.645095310278988165e+01,-2.458647831485568958e+01,0.000000000000000000e+00
3.619442614016044502e+01,-2.350493516684665707e+01,0.000000000000000000e+00
3.590383397380080055e+01,-2.243520546626904988e+01,0.000000000000000000e+00
3.559477772899433035e+01,-2.138750018039196732e+01,0.000000000000000000e+00
3.526926579174904219e+01,-2.036272009898679158e+01,0.000000000000000000e+00
3.492588030902000185e+01,-1.935973158524580739e+01,0.000000000000000000e+00
3.457007626922804633e+01,-1.838123560560522307e+01,0.000000000000000000e+00
3.419880613998841312e+01,-1.742516207065043687e+01,0.000000000000000000e+00
3.381392695455882347e+01,-1.649215412312391393e+01,0.000000000000000000e+00
3.341710760944779679e+01,-1.558265319167521312e+01,0.000000000000000000e+00
3.300864615196392293e+01,-1.469639613005356971e+01,0.000000000000000000e+00
3.258920450618821008e+01,-1.383329659318150640e+01,0.000000000000000000e+00
3.215975475948850004e+01,-1.299338433926037162e+01,0.000000000000000000e+00
3.172135195525747164e+01,-1.217668615832372936e+01,0.000000000000000000e+00
3.127310265787575005e+01,-1.138247850061802779e+01,0.000000000000000000e+00
3.081657670390917758e+01,-1.061099830621497908e+01,0.000000000000000000e+00
3.035446806672355180e+01,-9.862764543551280738e+00,0.000000000000000000e+00
2.988356672842722617e+01,-9.136323220297388303e+00,0.000000000000000000e+00
2.940879820813177759e+01,-8.432837186893705095e+00,0.000000000000000000e+00
2.892686616275203093e+01,-7.750930427872573247e+00,0.000000000000000000e+00
2.844229888729053002e+01,-7.091461577836972729e+00,0.000000000000000000e+00
2.795223619653818048e+01,-6.453282208609270931e+00,0.000000000000000000e+00
2.745947677791850339e+01,-5.836691969172190575e+00,0.000000000000000000e+00
2.696514402455781578e+01,-5.241493031436646355e+00,0.000000000000000000e+00
2.646716043527446161e+01,-4.666874487478512634e+00,0.000000000000000000e+00
2.596829887017597116e+01,-4.112974482733116055e+00,0.000000000000000000e+00
2.546946213679340332e+01,-3.579499468125911132e+00,0.000000000000000000e+00
2.496984439247983190e+01,-3.065911379544506765e+00,0.000000000000000000e+00
2.446999977797880987e+01,-2.571900613615734521e+00,0.000000000000000000e+00
2.397177949207148373e+01,-2.097258950099490704e+00,0.000000000000000000e+00
2.347557788237783072e+01,-1.641572319846254402e+00,0.000000000000000000e+00
2.298055032774487572e+01,-1.204359609379286100e+00,0.000000000000000000e+00
2.249261835017433242e+01,-7.854595406722896245e-01,0.000000000000000000e+00
2.202280873035187980e+01,-3.844095562900297636e-01,0.000000000000000000e+00
2.157402755771672886e+01,-5.284112758654916511e-15,0.000000000000000000e+00
