2.132755350822667850e+01,0.000000000000000000e+00,0.000000000000000000e+00
2.092841241059365842e+01,3.653067974714269694e-01,0.000000000000000000e+00
2.054375226322735415e+01,7.174036372797331085e-01,0.000000000000000000e+00
2.017251174434465000e+01,1.057196543082170814e+00,0.000000000000000000e+00
1.981380582552773717e+01,1.385516273846909119e+00,0.000000000000000000e+00
1.946679635303160083e+01,1.703123996058066192e+00,0.000000000000000000e+00
1.913073023482385793e+01,2.010720771405116736e+00,0.000000000000000000e+00
1.880490412718367210e+01,2.308951896077465538e+00,0.000000000000000000e+00
1.848864850461097120e+01,2.598410093357147232e+00,0.000000000000000000e+00
1.818138635301772865e+01,2.879648701846874381e+00,0.000000000000000000e+00
1.788254318854794533e+01,3.153174847825384930e+00,0.000000000000000000e+00
1.759160562113599369e+01,3.419461738865240186e+00,0.000000000000000000e+00
1.730810745823636765e+01,3.678951810337987904e+00,0.000000000000000000e+00
1.703158030901506947e+01,3.932050137952067814e+00,0.000000000000000000e+00
1.676161690827285611e+01,4.179140468162160893e+00,0.000000000000000000e+00
1.649783743568109173e+01,4.420582217750692600e+00,0.000000000000000000e+00
1.623985856169775488e+01,4.656704507942501792e+00,0.000000000000000000e+00
1.598734484238083198e+01,4.887821833375691760e+00,0.000000000000000000e+00
1.573998693678891492e+01,5.114231774211367210e+00,0.000000000000000000e+00
1.549746981364652498e+01,5.336206792961540657e+00,0.000000000000000000e+00
1.525950503608153319e+01,5.554005622768888983e+00,0.000000000000000000e+00
1.502583897074307906e+01,5.767879177101837840e+00,0.000000000000000000e+00
1.479621475469153502e+01,5.978058803984480640e+00,0.000000000000000000e+00
1.457037857557569183e+01,6.184758767971852755e+00,0.000000000000000000e+00
1.434811279803504114e+01,6.388191397727722709e+00,0.000000000000000000e+00
1.412920786876615509e+01,6.588557832869525122e+00,0.000000000000000000e+00
1.391344994548723157e+01,6.786042957794031771e+00,0.000000000000000000e+00
1.370063569442735307e+01,6.980822560562512713e+00,0.000000000000000000e+00
1.349058889294664354e+01,7.173073353047317191e+00,0.000000000000000000e+00
1.328313333083395342e+01,7.362961036935228520e+00,0.000000000000000000e+00
1.307808940215117666e+01,7.550638436817972199e+00,0.000000000000000000e+00
1.287528806823206828e+01,7.736253558836081901e+00,0.000000000000000000e+00
1.267458023898319652e+01,7.919956739656199396e+00,0.000000000000000000e+00
1.247581548186419553e+01,8.101889305253667573e+00,0.000000000000000000e+00
1.227884016758915564e+01,8.282182269985774781e+00,0.000000000000000000e+00
1.208350693050574698e+01,8.460962640749395192e+00,0.000000000000000000e+00
1.188968529094137594e+01,8.638362008468702058e+00,0.000000000000000000e+00
1.169724389649981156e+01,8.814505513247620883e+00,0.000000000000000000e+00
1.150604812514758457e+01,8.989510018072369490e+00,0.000000000000000000e+00
1.131596435654022592e+01,9.163487256130087744e+00,0.000000000000000000e+00
1.112687336179084063e+01,9.336555334034995823e+00,0.000000000000000000e+00
1.093865706426721296e+01,9.508829515487265738e+00,0.000000000000000000e+00
1.075119381087651327e+01,9.680418388343118963e+00,0.000000000000000000e+00
1.056435951030427844e+01,9.851424618740619366e+00,0.000000000000000000e+00
1.037803908853557289e+01,1.002195585230784047e+01,0.000000000000000000e+00
1.019212249858897046e+01,1.019212249858896868e+01,0.000000000000000000e+00
1.000649576942429952e+01,1.036202970405594925e+01,0.000000000000000000e+00
9.821041014695405025e+00,1.053177708402841262e+01,0.000000000000000000e+00
9.635642335892487864e+00,1.070146496666019331e+01,0.000000000000000000e+00
9.450191964083522578e+00,1.087120227765554858e+01,0.000000000000000000e+00
9.264578854609768044e+00,1.104109513385354013e+01,0.000000000000000000e+00
9.078687153896330742e+00,1.121124495141787314e+01,0.000000000000000000e+00
8.892397907861813167e+00,1.138175029229896751e+01,0.000000000000000000e+00
8.705598929270795594e+00,1.155271997819299656e+01,0.000000000000000000e+00
8.518177502399137069e+00,1.172426550966646808e+01,0.000000000000000000e+00
8.330014989678170778e+00,1.189649430364081617e+01,0.000000000000000000e+00
8.140987145803750380e+00,1.206950978753257608e+01,0.000000000000000000e+00
7.950971615709518936e+00,1.224342261931531439e+01,0.000000000000000000e+00
7.759848651137036590e+00,1.241835373654721941e+01,0.000000000000000000e+00
7.567491673177435096e+00,1.259442112452759410e+01,0.000000000000000000e+00
7.373766771963530253e+00,1.277173869220398039e+01,0.000000000000000000e+00
7.178537215538073113e+00,1.295042394982383449e+01,0.000000000000000000e+00
6.981669779249799923e+00,1.313061112614377990e+01,0.000000000000000000e+00
6.783023907686795084e+00,1.331243398031870129e+01,0.000000000000000000e+00
6.582449799890032871e+00,1.349602211171740151e+01,0.000000000000000000e+00
6.379791525591972601e+00,1.368150707804022126e+01,0.000000000000000000e+00
6.174895355354111715e+00,1.386904204313567845e+01,0.000000000000000000e+00
5.967599123796345495e+00,1.405878251408336688e+01,0.000000000000000000e+00
5.757729017181569375e+00,1.425087939595963427e+01,0.000000000000000000e+00
5.545102973611252040e+00,1.444548711915575012e+01,0.000000000000000000e+00
5.329538669319941135e+00,1.464278715006676990e+01,0.000000000000000000e+00
5.110842185501087265e+00,1.484296346921672871e+01,0.000000000000000000e+00
4.888804999852061961e+00,1.504619466450475862e+01,0.000000000000000000e+00
4.663209737673126298e+00,1.525267178100888721e+01,0.000000000000000000e+00
4.433833942033307274e+00,1.546261653103903022e+01,0.000000000000000000e+00
4.200438154522806222e+00,1.567624860672996157e+01,0.000000000000000000e+00
3.962765510636755195e+00,1.589378435413532209e+01,0.000000000000000000e+00
3.720550625420589341e+00,1.611547527306211691e+01,0.000000000000000000e+00
3.473512636872845061e+00,1.634159213708587544e+01,0.000000000000000000e+00
3.221347857842644213e+00,1.657239805890172235e+01,0.000000000000000000e+00
2.963735627288596408e+00,1.680817998119509937e+01,0.000000000000000000e+00
2.700338730104455909e+00,1.704926774733268502e+01,0.000000000000000000e+00
2.430792198104530399e+00,1.729598520780070103e+01,0.000000000000000000e+00
2.154706430242265824e+00,1.754867561847748547e+01,0.000000000000000000e+00
1.871668910555602583e+00,1.780774015266373667e+01,0.000000000000000000e+00
1.581233025255864177e+00,1.807357618152808598e+01,0.000000000000000000e+00
1.282920061228814745e+00,1.834661162967367076e+01,0.000000000000000000e+00
9.762174686290758796e-01,1.862733895585937915e+01,0.000000000000000000e+00
6.605698596633865494e-01,1.891624581238069069e+01,0.000000000000000000e+00
3.353796294695989832e-01,1.921388610405178810e+01,0.000000000000000000e+00
1.195308023056105772e-15,1.952086142532402846e+01,0.000000000000000000e+00
-3.462699370746805116e-01,1.983779140889396686e+01,0.000000000000000000e+00
-7.041912343138412300e-01,2.016539854542026688e+01,0.000000000000000000e+00
-1.074590986949441440e+00,2.050441750538313812e+01,0.000000000000000000e+00
-1.458371968106014993e+00,2.085569079402824144e+01,0.000000000000000000e+00
-1.856518712820844019e+00,2.122010598859739616e+01,0.000000000000000000e+00
-2.270111038539109671e+00,2.159866377221485223e+01,0.000000000000000000e+00
-2.700332806163590060e+00,2.199244584422106641e+01,0.000000000000000000e+00
-3.148485270502737521e+00,2.240263676510785373e+01,0.000000000000000000e+00
-3.615805879267019574e+00,2.282929984699304526e+01,0.000000000000000000e+00
-4.101897856906503215e+00,2.326301874180270346e+01,0.000000000000000000e+00
-4.605604908865266189e+00,2.369378322987538255e+01,0.000000000000000000e+00
-5.127792074068777239e+00,2.412436498680896690e+01,0.000000000000000000e+00
-5.668870278040130550e+00,2.455457484377735966e+01,0.000000000000000000e+00
-6.228103667698301038e+00,2.497955944248900195e+01,0.000000000000000000e+00
-6.806613218743524207e+00,2.540262635982075778e+01,0.000000000000000000e+00
-7.404818368678411034e+00,2.582367053294757753e+01,0.000000000000000000e+00
-8.021829504581409864e+00,2.623822204009344716e+01,0.000000000000000000e+00
-8.658385786627542657e+00,2.664777139401580186e+01,0.000000000000000000e+00
-9.315019800373278258e+00,2.705278183000976711e+01,0.000000000000000000e+00
-9.991927388074804739e+00,2.745259487556572964e+01,0.000000000000000000e+00
-1.068909108028197075e+01,2.784603428475861975e+01,0.000000000000000000e+00
-1.140615779156321175e+01,2.823123119788995439e+01,0.000000000000000000e+00
-1.214308157650599718e+01,2.860730746040249173e+01,0.000000000000000000e+00
-1.290049331718428505e+01,2.897498239190150571e+01,0.000000000000000000e+00
-1.367850725764544073e+01,2.933365347626088138e+01,0.000000000000000000e+00
-1.447710853552880117e+01,2.968247124535511006e+01,0.000000000000000000e+00
-1.529633246209052366e+01,3.002074278579832978e+01,0.000000000000000000e+00
-1.613619451643616642e+01,3.034776807703788393e+01,0.000000000000000000e+00
-1.699673311518985130e+01,3.066291822340572892e+01,0.000000000000000000e+00
-1.787796394567716973e+01,3.096554188979742506e+01,0.000000000000000000e+00
-1.878001080650018650e+01,3.125518666357925923e+01,0.000000000000000000e+00
-1.970176209047651383e+01,3.152941015634155875e+01,0.000000000000000000e+00
-2.064307540840905375e+01,3.178754856679150720e+01,0.000000000000000000e+00
-2.160492604656879934e+01,3.203062008424718243e+01,0.000000000000000000e+00
-2.258738595445819897e+01,3.225813022837433408e+01,0.000000000000000000e+00
-2.358943944068513332e+01,3.246807796020866022e+01,0.000000000000000000e+00
-2.460210747993476232e+01,3.264809933219617477e+01,0.000000000000000000e+00
-2.561315572319004374e+01,3.278334434195536318e+01,0.000000000000000000e+00
-2.662808506320325108e+01,3.288294652852318478e+01,0.000000000000000000e+00
-2.764486937639167508e+01,3.294587239611242779e+01,0.000000000000000000e+00
-2.866273170432056716e+01,3.297270101730237002e+01,0.000000000000000000e+00
-2.967225716454440132e+01,3.295438015017319344e+01,0.000000000000000000e+00
-3.068051076874735728e+01,3.290081975597999531e+01,0.000000000000000000e+00
-3.168551849354706107e+01,3.281131490823970864e+01,0.000000000000000000e+00
-3.268652235318477040e+01,3.268652235318477750e+01,0.000000000000000000e+00
-3.367750784003851550e+01,3.252199128460241440e+01,0.000000000000000000e+00
-3.465890400951011685e+01,3.231995085786528676e+01,0.000000000000000000e+00
-3.563230798404081412e+01,3.208347421649658315e+01,0.000000000000000000e+00
-3.659621136892219084e+01,3.181260119732347391e+01,0.000000000000000000e+00
-3.754918330691147332e+01,3.150750586383750829e+01,0.000000000000000000e+00
-3.849009295891021765e+01,3.116866271431708313e+01,0.000000000000000000e+00
-3.941328605308520139e+01,3.079303388667315033e+01,0.000000000000000000e+00
-4.032219481692246177e+01,3.038495321332580446e+01,0.000000000000000000e+00
-4.121551204952557868e+01,2.994482231749773860e+01,0.000000000000000000e+00
-4.209217816812080315e+01,2.947326045298438046e+01,0.000000000000000000e+00
-4.295101029937971759e+01,2.897082225391840993e+01,0.000000000000000000e+00
-4.379094511169134307e+01,2.843817226882775628e+01,0.000000000000000000e+00
-4.461097524375622925e+01,2.787603118860901219e+01,0.000000000000000000e+00
-4.541017122165679609e+01,2.728518359039222574e+01,0.000000000000000000e+00
-4.618772308629505829e+01,2.666649435712833949e+01,0.000000000000000000e+00
-4.694281785551938668e+01,2.602082883801306323e+01,0.000000000000000000e+00
-4.767506529943791094e+01,2.534928187478803707e+01,0.000000000000000000e+00
-4.838346118523894290e+01,2.465260480850512437e+01,0.000000000000000000e+00
-4.906488908902601764e+01,2.393054536308753910e+01,0.000000000000000000e+00
-4.971912817222285952e+01,2.318441022349746206e+01,0.000000000000000000e+00
-5.034800127678828829e+01,2.241637441637696782e+01,0.000000000000000000e+00
-5.095121613170427821e+01,2.162750810316104833e+01,0.000000000000000000e+00
-5.152635363633780230e+01,2.081799819073718893e+01,0.000000000000000000e+00
-5.207128404907394525e+01,1.998829320455280367e+01,0.000000000000000000e+00
-5.258666524824617738e+01,1.913998086968253176e+01,0.000000000000000000e+00
-5.307321797002883557e+01,1.827457447322222350e+01,0.000000000000000000e+00
-5.352996052671132077e+01,1.739293851369851396e+01,0.000000000000000000e+00
-5.395585022465672154e+01,1.649595885786573035e+01,0.000000000000000000e+00
-5.434998350429969349e+01,1.558460698592529603e+01,0.000000000000000000e+00
-5.471204781317528187e+01,1.466004902779330621e+01,0.000000000000000000e+00
-5.504206704623042867e+01,1.372352864899708358e+01,0.000000000000000000e+00
-5.533988418553773414e+01,1.277621895901324045e+01,0.000000000000000000e+00
-5.560514561429865665e+01,1.181923856293622954e+01,0.000000000000000000e+00
-5.583751895930924292e+01,1.085371419679375649e+01,0.000000000000000000e+00
-5.603667425587425299e+01,9.880777580482073219e+00,0.000000000000000000e+00
-5.620229043658973467e+01,8.901568315756311023e+00,0.000000000000000000e+00
-5.633408001334053949e+01,7.917238627266204531e+00,0.000000000000000000e+00
-5.643179020151074354e+01,6.928952580857333565e+00,0.000000000000000000e+00
-5.649520333623163282e+01,5.937885142833535745e+00,0.000000000000000000e+00
-5.652413726497402280e+01,4.945221226268481374e+00,0.000000000000000000e+00
-5.651850602390113210e+01,3.952158942061507751e+00,0.000000000000000000e+00
-5.647850162072380442e+01,2.959912847175776740e+00,0.000000000000000000e+00
-5.640441383607613801e+01,1.969685533886745610e+00,0.000000000000000000e+00
-5.629656928984751119e+01,9.826602721901842585e-01,0.000000000000000000e+00
-5.615533060500944629e+01,6.877044588048622570e-15,0.000000000000000000e+00
-5.595490132373758740e+01,-9.766964356578299311e-01,0.000000000000000000e+00
-5.585123191921721997e+01,-1.950367995681123734e+00,0.000000000000000000e+00
-5.573726864859339969e+01,-2.921066473175040201e+00,0.000000000000000000e+00
-5.561321922070429480e+01,-3.888855122019381660e+00,0.000000000000000000e+00
-5.547928354138888096e+01,-4.853808370411892170e+00,0.000000000000000000e+00
-5.533565325954452163e+01,-5.816011518771039945e+00,0.000000000000000000e+00
-5.518251132234038892e+01,-6.775560422233140478e+00,0.000000000000000000e+00
-5.502003154005047492e+01,-7.732561157990603284e+00,0.000000000000000000e+00
-5.484837816096436569e+01,-8.687129677732851718e+00,0.000000000000000000e+00
-5.466770545682671667e+01,-9.639391445461937380e+00,0.000000000000000000e+00
-5.447815731925056326e+01,-1.058948106096918096e+01,0.000000000000000000e+00
-5.427966021387354090e+01,-1.153749794367804249e+01,0.000000000000000000e+00
-5.407060549277534278e+01,-1.248318288318097835e+01,0.000000000000000000e+00
-5.384871848970558972e+01,-1.342599343670294232e+01,0.000000000000000000e+00
-5.361175633919520322e+01,-1.436522681590145289e+01,0.000000000000000000e+00
-5.335752350999108984e+01,-1.530002366200704778e+01,0.000000000000000000e+00
-5.308480630098620168e+01,-1.622965400550147663e+01,0.000000000000000000e+00
-5.279441506052942401e+01,-1.715394530426121378e+01,0.000000000000000000e+00
-5.248740832659609623e+01,-1.807286403685694154e+01,0.000000000000000000e+00
-5.216472845879967224e+01,-1.898640843758214558e+01,0.000000000000000000e+00
-5.182642847238761874e+01,-1.989430195488508346e+01,0.000000000000000000e+00
-5.147211816314203503e+01,-2.079608563719549963e+01,0.000000000000000000e+00
-5.110151854294382190e+01,-2.169130769154777383e+01,0.000000000000000000e+00
-5.071500457734763501e+01,-2.257977481338885539e+01,0.000000000000000000e+00
-5.031320304202771609e+01,-2.346143188480488462e+01,0.000000000000000000e+00
-4.989634495916299528e+01,-2.433607348690771488e+01,0.000000000000000000e+00
-4.946395293339374177e+01,-2.520314285215868111e+01,0.000000000000000000e+00
-4.901567271879391541e+01,-2.606209548381496788e+01,0.000000000000000000e+00
-4.855200512653109257e+01,-2.691281590781741784e+01,0.000000000000000000e+00
-4.807363122087403440e+01,-2.775532392629443024e+01,0.000000000000000000e+00
-4.758076392970820478e+01,-2.858940726860868864e+01,0.000000000000000000e+00
-4.707341348679834425e+01,-2.941473337765546958e+01,0.000000000000000000e+00
-4.655159947571487322e+01,-3.023096217501849381e+01,0.000000000000000000e+00
-4.601532910101201423e+01,-3.103773138393975017e+01,0.000000000000000000e+00
-4.546449816486033058e+01,-3.183458433595669845e+01,0.000000000000000000e+00
-4.489925356790029554e+01,-3.262121719277599396e+01,0.000000000000000000e+00
-4.432052689770537057e+01,-3.339791254645567875e+01,0.000000000000000000e+00
-4.372879692450678846e+01,-3.416468050154826841e+01,0.000000000000000000e+00
-4.312378495425303271e+01,-3.492095250688920061e+01,0.000000000000000000e+00
-4.250508563296679654e+01,-3.566600167778113928e+01,0.000000000000000000e+00
-4.187285689018257528e+01,-3.639951916911252994e+01,0.000000000000000000e+00
-4.122852995184523195e+01,-3.712233510909607759e+01,0.000000000000000000e+00
-4.057176070992270667e+01,-3.783377893317016571e+01,0.000000000000000000e+00
-3.990179608676072576e+01,-3.853271657562567754e+01,0.000000000000000000e+00
-3.922015639638526352e+01,-3.922015639638524931e+01,0.000000000000000000e+00
-3.852827837911205222e+01,-3.989720019973229626e+01,0.000000000000000000e+00
-3.782622804859923349e+01,-4.056366337757577867e+01,0.000000000000000000e+00
-3.711281619882325344e+01,-4.121795813096868244e+01,0.000000000000000000e+00
-3.638953271621247865e+01,-4.186136879026613400e+01,0.000000000000000000e+00
-3.565715576024540923e+01,-4.249454347896378437e+01,0.000000000000000000e+00
-3.491488770911966100e+01,-4.311629555273253089e+01,0.000000000000000000e+00
-3.416189805742574492e+01,-4.372523555843510223e+01,0.000000000000000000e+00
-3.339958995802589925e+01,-4.432275289804332630e+01,0.000000000000000000e+00
-3.262846789164618144e+01,-4.490923329873597680e+01,0.000000000000000000e+00
-3.184836492640624783e+01,-4.548417888764251416e+01,0.000000000000000000e+00
-3.105910871938842277e+01,-4.604702230415894348e+01,0.000000000000000000e+00
-3.026013508928774343e+01,-4.659652182429047684e+01,0.000000000000000000e+00
-2.945253521668740149e+01,-4.713390907506238392e+01,0.000000000000000000e+00
-2.863663817257845068e+01,-4.765936935411792064e+01,0.000000000000000000e+00
-2.781242491713793541e+01,-4.817253303817746257e+01,0.000000000000000000e+00
-2.698006907977325852e+01,-4.867333306043293106e+01,0.000000000000000000e+00
-2.613966252662964962e+01,-4.916155510905415582e+01,0.000000000000000000e+00
-2.529113527256691540e+01,-4.963664778209167849e+01,0.000000000000000000e+00
-2.443438046005826081e+01,-5.009790412386750091e+01,0.000000000000000000e+00
-2.357006281150907512e+01,-5.054616281612612028e+01,0.000000000000000000e+00
-2.269838773384709540e+01,-5.098141355855697299e+01,0.000000000000000000e+00
-2.181946770087659360e+01,-5.140344460412507743e+01,0.000000000000000000e+00
-2.093346789690018994e+01,-5.181215118802968789e+01,0.000000000000000000e+00
-2.004054028580287294e+01,-5.220739234910058002e+01,0.000000000000000000e+00
-1.914084663256903340e+01,-5.258904391222736052e+01,0.000000000000000000e+00
-1.823455095145353511e+01,-5.295698122274539088e+01,0.000000000000000000e+00
-1.732182134021037712e+01,-5.331108437265644540e+01,0.000000000000000000e+00
-1.640282915835184951e+01,-5.365123670314308413e+01,0.000000000000000000e+00
-1.547774893207158620e+01,-5.397732518384971456e+01,0.000000000000000000e+00
-1.454675808616506316e+01,-5.428924026298145122e+01,0.000000000000000000e+00
-1.361003673422465532e+01,-5.458687583835068580e+01,0.000000000000000000e+00
-1.266776747087959976e+01,-5.487012918115652838e+01,0.000000000000000000e+00
-1.172013518050672509e+01,-5.513890085736951363e+01,0.000000000000000000e+00
-1.076732685968067038e+01,-5.539309463723498794e+01,0.000000000000000000e+00
-9.809531454531636996e+00,-5.563261739705335174e+01,0.000000000000000000e+00
-8.846939713119452264e+00,-5.585737901394667659e+01,0.000000000000000000e+00
-7.879744053040018237e+00,-5.606729225513817738e+01,0.000000000000000000e+00
-6.908138444327199146e+00,-5.626227266301034291e+01,0.000000000000000000e+00
-5.932318307626355036e+00,-5.644223843721413658e+01,0.000000000000000000e+00
-4.952480427527196305e+00,-5.660711031503766577e+01,0.000000000000000000e+00
-3.968822880860219282e+00,-5.675681145118373649e+01,0.000000000000000000e+00
-2.981544979690805786e+00,-5.689126729808958061e+01,0.000000000000000000e+00
-1.990847228667137703e+00,-5.701040548770164662e+01,0.000000000000000000e+00
-9.969312963476156808e-01,-5.711415571625819609e+01,0.000000000000000000e+00
-1.050791952654511252e-14,-5.720244963070786781e+01,0.000000000000000000e+00
9.997426965691509348e-01,-5.727522072707987633e+01,0.000000000000000000e+00
2.002091672310096548e+00,-5.733240422388748669e+01,0.000000000000000000e+00
3.006840630014479654e+00,-5.737393705952096923e+01,0.000000000000000000e+00
4.013782044650678671e+00,-5.739975744773223454e+01,0.000000000000000000e+00
5.022707208120165134e+00,-5.740980609027007375e+01,0.000000000000000000e+00
6.033405791930141149e+00,-5.740402160464106629e+01,0.000000000000000000e+00
7.045667258805365485e+00,-5.738235497194893497e+01,0.000000000000000000e+00
8.059275995919168878e+00,-5.734472840570109042e+01,0.000000000000000000e+00
9.074017334868697660e+00,-5.729109069221490813e+01,0.000000000000000000e+00
1.008948151450752206e+01,-5.722029308259559599e+01,0.000000000000000000e+00
1.110560727084857646e+01,-5.713339648503329471e+01,0.000000000000000000e+00
1.212216770663506971e+01,-5.703031518478294970e+01,0.000000000000000000e+00
1.313894566229441629e+01,-5.691102614975874019e+01,0.000000000000000000e+00
1.415571832678923769e+01,-5.677548516559027547e+01,0.000000000000000000e+00
1.517225037955323863e+01,-5.662360928164878260e+01,0.000000000000000000e+00
1.618836491430865721e+01,-5.645553762432736278e+01,0.000000000000000000e+00
1.720341719225519128e+01,-5.626984217016298118e+01,0.000000000000000000e+00
1.821443897586348371e+01,-5.605827897489836431e+01,0.000000000000000000e+00
1.921654015951027361e+01,-5.580888496254409858e+01,0.000000000000000000e+00
2.020715557135535079e+01,-5.551870364370559230e+01,0.000000000000000000e+00
2.118492362089063263e+01,-5.518861286115572540e+01,0.000000000000000000e+00
2.214829424175949768e+01,-5.481895190337478851e+01,0.000000000000000000e+00
2.309578600993295794e+01,-5.441026211205973340e+01,0.000000000000000000e+00
2.402593200080695013e+01,-5.396312680113445737e+01,0.000000000000000000e+00
2.493730271972906465e+01,-5.347821826130078904e+01,0.000000000000000000e+00
2.582851339803191593e+01,-5.295630024226716870e+01,0.000000000000000000e+00
2.669823017723735248e+01,-5.239822702424068979e+01,0.000000000000000000e+00
2.754520800610047360e+01,-5.180500169054287340e+01,0.000000000000000000e+00
2.836820636829639142e+01,-5.117759901980168280e+01,0.000000000000000000e+00
2.916633467088147924e+01,-5.051757352052440098e+01,0.000000000000000000e+00
2.993818789517540679e+01,-4.982551185269507954e+01,0.000000000000000000e+00
3.068103619007779415e+01,-4.909992160173960940e+01,0.000000000000000000e+00
3.139326474749872631e+01,-4.834138848442880487e+01,0.000000000000000000e+00
3.207676288554542054e+01,-4.755575665034782418e+01,0.000000000000000000e+00
3.272948696344774078e+01,-4.674255156853991622e+01,0.000000000000000000e+00
3.334721854498784666e+01,-4.589850870332232802e+01,0.000000000000000000e+00
3.393320394899237158e+01,-4.503088258149961121e+01,0.000000000000000000e+00
3.448578486492453976e+01,-4.413979176747086086e+01,0.000000000000000000e+00
3.499988912945833874e+01,-4.322126356501015465e+01,0.000000000000000000e+00
3.547651830055421840e+01,-4.227926813741972722e+01,0.000000000000000000e+00
3.591713290152330273e+01,-4.131793496787070552e+01,0.000000000000000000e+00
3.631942236234650778e+01,-4.033680500698933002e+01,0.000000000000000000e+00
3.668083307210820720e+01,-3.933537764416742988e+01,0.000000000000000000e+00
3.700088788630272774e+01,-3.831554104343281608e+01,0.000000000000000000e+00
3.727976046772769791e+01,-3.727976046772771923e+01,0.000000000000000000e+00
3.751739157546300163e+01,-3.623012390446614006e+01,0.000000000000000000e+00
3.771303204139955056e+01,-3.516797132259807768e+01,0.000000000000000000e+00
3.786586378855876944e+01,-3.409457689604943198e+01,0.000000000000000000e+00
3.797509992386654432e+01,-3.301125073106319263e+01,0.000000000000000000e+00
3.803998599733881747e+01,-3.191933822035591106e+01,0.000000000000000000e+00
3.805980124993707392e+01,-3.082021935877445529e+01,0.000000000000000000e+00
3.803309312992722369e+01,-2.971470899400356558e+01,0.000000000000000000e+00
3.795720697983298209e+01,-2.860280705024318593e+01,0.000000000000000000e+00
3.783628543040148884e+01,-2.748967046693631389e+01,0.000000000000000000e+00
3.766861490098956722e+01,-2.637584810759151921e+01,0.000000000000000000e+00
3.746252280590273642e+01,-2.526879069498507135e+01,0.000000000000000000e+00
3.720175723064100026e+01,-2.415910362586865290e+01,0.000000000000000000e+00
3.689480157942704608e+01,-2.305443075175986323e+01,0.000000000000000000e+00
3.655629975026143086e+01,-2.196524089729915374e+01,0.000000000000000000e+00
3.620041811869146642e+01,-2.090032114560354515e+01,0.000000000000000000e+00
3.582926244779080349e+01,-1.986048448168722658e+01,0.000000000000000000e+00
3.544251670058277170e+01,-1.884512041151933559e+01,0.000000000000000000e+00
3.504082611138656489e+01,-1.785419267506036434e+01,0.000000000000000000e+00
3.462542314115395925e+01,-1.688794725882328152e+01,0.000000000000000000e+00
3.419804850436619859e+01,-1.594681191154207589e+01,0.000000000000000000e+00
3.375866460345866926e+01,-1.503032585916971797e+01,0.000000000000000000e+00
3.330688163135044988e+01,-1.413793245898258100e+01,0.000000000000000000e+00
3.284602227583506817e+01,-1.327065441380314326e+01,0.000000000000000000e+00
3.237512052388024841e+01,-1.242764439905459461e+01,0.000000000000000000e+00
3.189462844190651936e+01,-1.160869538583419036e+01,0.000000000000000000e+00
3.140688614892337682e+01,-1.081425814851906431e+01,0.000000000000000000e+00
3.091212401733455550e+01,-1.004395794562628019e+01,0.000000000000000000e+00
3.041074447985208806e+01,-9.297497633490355184e+00,0.000000000000000000e+00
2.990338342777033986e+01,-8.574657216489571354e+00,0.000000000000000000e+00
2.939077435141230055e+01,-7.875234252386277056e+00,0.000000000000000000e+00
2.887366011398681209e+01,-7.199012010993140365e+00,0.000000000000000000e+00
2.835278047951463876e+01,-6.545755142685730554e+00,0.000000000000000000e+00
2.782888748412630875e+01,-5.915212638727815886e+00,0.000000000000000000e+00
2.730274515349336895e+01,-5.307116043244382020e+00,0.000000000000000000e+00
2.677510108071093597e+01,-4.721172731725742366e+00,0.000000000000000000e+00
2.624664352403456036e+01,-4.157059944951835284e+00,0.000000000000000000e+00
2.571796655407202792e+01,-3.614424486357480593e+00,0.000000000000000000e+00
2.518957074661419071e+01,-3.092890383455690007e+00,0.000000000000000000e+00
2.466153314860357426e+01,-2.592031582063107020e+00,0.000000000000000000e+00
2.413208115401478793e+01,-2.111283528263894649e+00,0.000000000000000000e+00
2.361468486455264326e+01,-1.651299627628821431e+00,0.000000000000000000e+00
2.311660066933874447e+01,-1.211489705652920135e+00,0.000000000000000000e+00
2.263992787622959568e+01,-7.906037026756040920e-01,0.000000000000000000e+00
2.218366323710949928e+01,-3.872172821494805905e-01,0.000000000000000000e+00
2.174555734464649603e+01,-5.326125439559309623e-15,0.000000000000000000e+00
