1.716635228384823009e+01,0.000000000000000000e+00,0.000000000000000000e+00
1.689294037372842894e+01,2.948673710519379432e-01,0.000000000000000000e+00
1.662794237956529031e+01,5.806605429588624911e-01,0.000000000000000000e+00
1.637082153396297457e+01,8.579584016339895092e-01,0.000000000000000000e+00
1.612108184876403882e+01,1.127295858764462144e+00,0.000000000000000000e+00
1.587826417544235191e+01,1.389168111821008855e+00,0.000000000000000000e+00
1.564194270134228937e+01,1.644034425694110846e+00,0.000000000000000000e+00
1.541172181486037474e+01,1.892321495795346920e+00,0.000000000000000000e+00
1.518723328338982093e+01,2.134426442467546536e+00,0.000000000000000000e+00
1.496813370024754697e+01,2.370719478816537773e+00,0.000000000000000000e+00
1.475410238986368050e+01,2.601546327468210240e+00,0.000000000000000000e+00
1.454483966459491739e+01,2.827230430362509317e+00,0.000000000000000000e+00
1.434006467427406939e+01,3.048074841289441839e+00,0.000000000000000000e+00
1.413951359017550047e+01,3.264363925959134605e+00,0.000000000000000000e+00
1.394293825168703727e+01,3.476364948058918269e+00,0.000000000000000000e+00
1.375010559339266436e+01,3.684329689592227730e+00,0.000000000000000000e+00
1.356079563927123210e+01,3.888495576779189555e+00,0.000000000000000000e+00
1.337480005664570015e+01,4.089086735691619623e+00,0.000000000000000000e+00
1.319192223799666408e+01,4.286315366297997365e+00,0.000000000000000000e+00
1.301197606994722733e+01,4.480382664347165367e+00,0.000000000000000000e+00
1.283478409295107880e+01,4.671479373067532137e+00,0.000000000000000000e+00
1.266017812349852356e+01,4.859787058753242128e+00,0.000000000000000000e+00
1.248799815122009527e+01,5.045478761273870738e+00,0.000000000000000000e+00
1.231809063000689264e+01,5.228719256225428325e+00,0.000000000000000000e+00
1.215030973513369084e+01,5.409666429465080917e+00,0.000000000000000000e+00
1.198451540549029204e+01,5.588471312856682083e+00,0.000000000000000000e+00
1.182057291338415084e+01,5.765278625376359045e+00,0.000000000000000000e+00
1.165835369007231925e+01,5.940227904299131723e+00,0.000000000000000000e+00
1.149773285718781146e+01,6.113453002890842036e+00,0.000000000000000000e+00
1.133859074484487905e+01,6.285083480586110660e+00,0.000000000000000000e+00
1.118081134265110066e+01,6.455244438438032972e+00,0.000000000000000000e+00
1.102428200170638561e+01,6.624056907879690037e+00,0.000000000000000000e+00
1.086889410468389450e+01,6.791638815164934506e+00,0.000000000000000000e+00
1.071454097315669429e+01,6.958104265593800797e+00,0.000000000000000000e+00
1.056111967557206732e+01,7.123565168565485273e+00,0.000000000000000000e+00
1.040852873480995733e+01,7.288130281786304288e+00,0.000000000000000000e+00
1.025666938554835284e+01,7.451906504291491373e+00,0.000000000000000000e+00
1.010544445130602398e+01,7.614998594370463003e+00,0.000000000000000000e+00
9.954758206882379667e+00,7.777509502386985574e+00,0.000000000000000000e+00
9.804516724296020058e+00,7.939541096528330399e+00,0.000000000000000000e+00
9.654626444125707252e+00,8.101193488420294742e+00,0.000000000000000000e+00
9.504995569039321524e+00,8.262566591167878727e+00,0.000000000000000000e+00
9.355531972160472165e+00,8.423758824291036618e+00,0.000000000000000000e+00
9.206144860908256788e+00,8.584868967965654463e+00,0.000000000000000000e+00
9.056742838116296213e+00,8.745994895083267551e+00,0.000000000000000000e+00
8.907235055816299152e+00,8.907235055816299152e+00,0.000000000000000000e+00
8.757530072193599580e+00,9.068687863688985829e+00,0.000000000000000000e+00
8.607536026074569691e+00,9.230452304772569505e+00,0.000000000000000000e+00
8.457160558088069990e+00,9.392628355732451695e+00,0.000000000000000000e+00
8.306309909997374064e+00,9.555316501047766309e+00,0.000000000000000000e+00
8.154889814658881519e+00,9.718619233829652870e+00,0.000000000000000000e+00
8.002803799129925011e+00,9.882639655853449057e+00,0.000000000000000000e+00
7.849954550246821761e+00,1.004748363968440295e+01,0.000000000000000000e+00
7.696242105690333624e+00,1.021325823229331675e+01,0.000000000000000000e+00
7.541564848553072409e+00,1.038007350960937281e+01,0.000000000000000000e+00
7.385818442083632362e+00,1.054804188622089001e+01,0.000000000000000000e+00
7.228895719911519357e+00,1.071727863978962603e+01,0.000000000000000000e+00
7.070686825068709602e+00,1.088790291202867699e+01,0.000000000000000000e+00
6.911077894515536890e+00,1.106003658748553597e+01,0.000000000000000000e+00
6.749952021493006882e+00,1.123380665622121199e+01,0.000000000000000000e+00
6.587187618080396767e+00,1.140934363350385716e+01,0.000000000000000000e+00
6.422658878174439145e+00,1.158678333204467492e+01,0.000000000000000000e+00
6.256235168116095480e+00,1.176626705410639673e+01,0.000000000000000000e+00
6.087780059201326921e+00,1.194794109939329019e+01,0.000000000000000000e+00
5.917151834782813147e+00,1.213195913806318238e+01,0.000000000000000000e+00
5.744202006093193091e+00,1.231848095487174177e+01,0.000000000000000000e+00
5.568775178379789637e+00,1.250767383624601692e+01,0.000000000000000000e+00
5.390708719696845286e+00,1.269971389076454216e+01,0.000000000000000000e+00
5.209831401686077612e+00,1.289478521082860674e+01,0.000000000000000000e+00
5.025963238644793663e+00,1.309308187254659117e+01,0.000000000000000000e+00
4.838914689670828828e+00,1.329480884453787048e+01,0.000000000000000000e+00
4.648485378537830393e+00,1.350018180106657795e+01,0.000000000000000000e+00
4.454463494604529394e+00,1.370942896429250801e+01,0.000000000000000000e+00
4.256624870971572605e+00,1.392279260512208161e+01,0.000000000000000000e+00
4.054731532927335458e+00,1.414052931382797951e+01,0.000000000000000000e+00
3.848530533447185320e+00,1.436291148530505168e+01,0.000000000000000000e+00
3.637752772551157587e+00,1.459022946106532892e+01,0.000000000000000000e+00
3.422111379031580025e+00,1.482279287738857398e+01,0.000000000000000000e+00
3.201299954859547547e+00,1.506093215710423472e+01,0.000000000000000000e+00
2.974990754372376145e+00,1.530500063288094204e+01,0.000000000000000000e+00
2.742832639653594917e+00,1.555537688352147896e+01,0.000000000000000000e+00
2.504448792344839081e+00,1.581246735609330401e+01,0.000000000000000000e+00
2.259434105816830574e+00,1.607670902625128306e+01,0.000000000000000000e+00
2.007352288160500819e+00,1.634857243776659885e+01,0.000000000000000000e+00
1.747732631760971822e+00,1.662856522711148344e+01,0.000000000000000000e+00
1.480066374287960951e+00,1.691723606966974813e+01,0.000000000000000000e+00
1.203802592654124703e+00,1.721517911651113408e+01,0.000000000000000000e+00
9.183435604579918143e-01,1.752303900339389386e+01,0.000000000000000000e+00
6.230394859064024571e-01,1.784151652367321361e+01,0.000000000000000000e+00
3.171825316066171907e-01,1.817137506569038052e+01,0.000000000000000000e+00
1.133621736976306357e-15,1.851344792254514360e+01,0.000000000000000000e+00
-3.293534527764214737e-01,1.886864667251936112e+01,0.000000000000000000e+00
-6.718047538825800968e-01,1.923797108884847162e+01,0.000000000000000000e+00
-1.028372701174308901e+00,1.962252007703534673e+01,0.000000000000000000e+00
-1.400179801078318409e+00,2.002350403461031902e+01,0.000000000000000000e+00
-1.788466025862357034e+00,2.044226021731844867e+01,0.000000000000000000e+00
-2.194604818046807182e+00,2.088027007189019457e+01,0.000000000000000000e+00
-2.620121397309981948e+00,2.133917634304137323e+01,0.000000000000000000e+00
-3.066714036516830166e+00,2.182080420264253107e+01,0.000000000000000000e+00
-3.536241425723660292e+00,2.232694965791936781e+01,0.000000000000000000e+00
-4.028885251375180054e+00,2.284894367944998805e+01,0.000000000000000000e+00
-4.542835052527785855e+00,2.337086031337251768e+01,0.000000000000000000e+00
-5.078293877877829487e+00,2.389149428264416386e+01,0.000000000000000000e+00
-5.635634770381229508e+00,2.441061604418324293e+01,0.000000000000000000e+00
-6.215131548114789517e+00,2.492753111259590781e+01,0.000000000000000000e+00
-6.816926229511901525e+00,2.544111503998734847e+01,0.000000000000000000e+00
-7.440532904066173181e+00,2.594822191951392654e+01,0.000000000000000000e+00
-8.086944308230419765e+00,2.645120296611089117e+01,0.000000000000000000e+00
-8.756517980871699081e+00,2.694979123270793053e+01,0.000000000000000000e+00
-9.449969139289038367e+00,2.744470316802407339e+01,0.000000000000000000e+00
-1.016577458710273341e+01,2.793023612933039956e+01,0.000000000000000000e+00
-1.090436629752329445e+01,2.840684539909356943e+01,0.000000000000000000e+00
-1.166847225523945220e+01,2.888048227839596294e+01,0.000000000000000000e+00
-1.245351271314069486e+01,2.933863738806870458e+01,0.000000000000000000e+00
-1.326456498915528925e+01,2.979270075548517127e+01,0.000000000000000000e+00
-1.409707185112089434e+01,3.023126814364926318e+01,0.000000000000000000e+00
-1.495623024227775133e+01,3.066481632128650858e+01,0.000000000000000000e+00
-1.583562811328885545e+01,3.107917009641341366e+01,0.000000000000000000e+00
-1.674098587891675294e+01,3.148521519846798356e+01,0.000000000000000000e+00
-1.767083909584927071e+01,3.187903760462939573e+01,0.000000000000000000e+00
-1.862170866490488308e+01,3.225374553136087030e+01,0.000000000000000000e+00
-1.959701059796595146e+01,3.261490265360038165e+01,0.000000000000000000e+00
-2.059644587799703430e+01,3.296120351408388416e+01,0.000000000000000000e+00
-2.161855552178579032e+01,3.328965621627821747e+01,0.000000000000000000e+00
-2.265320683182855888e+01,3.358476026051518204e+01,0.000000000000000000e+00
-2.369415114093433772e+01,3.383875472337179957e+01,0.000000000000000000e+00
-2.473870569764685357e+01,3.404990725809834373e+01,0.000000000000000000e+00
-2.578601721595421381e+01,3.421920061664677348e+01,0.000000000000000000e+00
-2.683537488039375418e+01,3.434771352492433039e+01,0.000000000000000000e+00
-2.788543222487965068e+01,3.443564096325479085e+01,0.000000000000000000e+00
-2.893485336991469836e+01,3.448321545478252403e+01,0.000000000000000000e+00
-2.998232695189680186e+01,3.449072170043305618e+01,0.000000000000000000e+00
-3.102657519498367833e+01,3.445850270383787972e+01,0.000000000000000000e+00
-3.206635781502280480e+01,3.438695876528590389e+01,0.000000000000000000e+00
-3.310046535128684297e+01,3.427653527183196047e+01,0.000000000000000000e+00
-3.412769207207644939e+01,3.412769207207645650e+01,0.000000000000000000e+00
-3.514676213065602894e+01,3.394083366038887561e+01,0.000000000000000000e+00
-3.615460405143083022e+01,3.371471371129307926e+01,0.000000000000000000e+00
-3.714974894706886488e+01,3.344978419659024382e+01,0.000000000000000000e+00
-3.813325144193027683e+01,3.314872974828148955e+01,0.000000000000000000e+00
-3.910484421355655371e+01,3.281286035684031077e+01,0.000000000000000000e+00
-4.006374139211202845e+01,3.244297808938625138e+01,0.000000000000000000e+00
-4.100381022777386164e+01,3.203568756296886022e+01,0.000000000000000000e+00
-4.192560326059560083e+01,3.159320814002471778e+01,0.000000000000000000e+00
-4.283363707385565533e+01,3.112045896330324624e+01,0.000000000000000000e+00
-4.372072833854247165e+01,3.061358355866633474e+01,0.000000000000000000e+00
-4.458554546142596564e+01,3.007333014179702246e+01,0.000000000000000000e+00
-4.543527117914489821e+01,2.950601010272469438e+01,0.000000000000000000e+00
-4.625479286638741883e+01,2.890320244111969572e+01,0.000000000000000000e+00
-4.705959769842763762e+01,2.827625900426519578e+01,0.000000000000000000e+00
-4.783278140794741518e+01,2.761626922196695944e+01,0.000000000000000000e+00
-4.858581041025967551e+01,2.693155448257511608e+01,0.000000000000000000e+00
-4.931369917398334479e+01,2.622055896092384231e+01,0.000000000000000000e+00
-5.001037934118306083e+01,2.548156101320320133e+01,0.000000000000000000e+00
-5.068262421260138950e+01,2.471956750252287094e+01,0.000000000000000000e+00
-5.132782976621579962e+01,2.393456009646252269e+01,0.000000000000000000e+00
-5.194449523502831312e+01,2.312717932250719244e+01,0.000000000000000000e+00
-5.253093095295235315e+01,2.229805726157391277e+01,0.000000000000000000e+00
-5.308566647565221075e+01,2.144800147210168717e+01,0.000000000000000000e+00
-5.360995997404642566e+01,2.057893555372459460e+01,0.000000000000000000e+00
-5.410104187962713240e+01,1.969116888697352152e+01,0.000000000000000000e+00
-5.455962018389611501e+01,1.878638379991161500e+01,0.000000000000000000e+00
-5.498657386935724389e+01,1.786622087851982599e+01,0.000000000000000000e+00
-5.538163097718673811e+01,1.693186377894737404e+01,0.000000000000000000e+00
-5.574369239735737835e+01,1.598424658010060284e+01,0.000000000000000000e+00
-5.607124669573285303e+01,1.502424527072789218e+01,0.000000000000000000e+00
-5.636355368588096582e+01,1.405301227364509842e+01,0.000000000000000000e+00
-5.662036509524519090e+01,1.307184127040821586e+01,0.000000000000000000e+00
-5.684193064189013000e+01,1.208212533592603855e+01,0.000000000000000000e+00
-5.702856108973154647e+01,1.108522933430129243e+01,0.000000000000000000e+00
-5.718006187427118192e+01,1.008238766701344424e+01,0.000000000000000000e+00
-5.729602596193925734e+01,9.074799004801858970e+00,0.000000000000000000e+00
-5.737608060353509387e+01,8.063682259972532407e+00,0.000000000000000000e+00
-5.741988935706955743e+01,7.050275901801153822e+00,0.000000000000000000e+00
-5.742715285896523625e+01,6.035836984726662635e+00,0.000000000000000000e+00
-5.739769781554558392e+01,5.021647871346957892e+00,0.000000000000000000e+00
-5.733174342888676733e+01,4.009026041145367536e+00,0.000000000000000000e+00
-5.722963833142546264e+01,2.999278254121618748e+00,0.000000000000000000e+00
-5.709177171811488449e+01,1.993688600043756365e+00,0.000000000000000000e+00
-5.691857237025867278e+01,9.935173763443124750e-01,0.000000000000000000e+00
-5.671050765079978362e+01,6.945034167257344420e-15,0.000000000000000000e+00
-5.673115608473343485e+01,-9.902460129118501042e-01,0.000000000000000000e+00
-5.654297856489458241e+01,-1.974524320841512637e+00,0.000000000000000000e+00
-5.635434501117772754e+01,-2.953406074986141494e+00,0.000000000000000000e+00
-5.616566426889502139e+01,-3.927485843013337696e+00,0.000000000000000000e+00
-5.597731832826265475e+01,-4.897380768304897103e+00,0.000000000000000000e+00
-5.578966139857196538e+01,-5.863729697027912025e+00,0.000000000000000000e+00
-5.560301900696122601e+01,-6.827192273645607656e+00,0.000000000000000000e+00
-5.541768712274041064e+01,-7.788448005505911986e+00,0.000000000000000000e+00
-5.523331981341523544e+01,-8.748098445913884191e+00,0.000000000000000000e+00
-5.504666346865290194e+01,-9.706211967502531124e+00,0.000000000000000000e+00
-5.485362981159076412e+01,-1.066246552010297677e+01,0.000000000000000000e+00
-5.465016653371047539e+01,-1.161625149309959504e+01,0.000000000000000000e+00
-5.443226978825114060e+01,-1.256667966487217747e+01,0.000000000000000000e+00
-5.419643556039131482e+01,-1.351268903949149269e+01,0.000000000000000000e+00
-5.394227084589022780e+01,-1.445378791105715521e+01,0.000000000000000000e+00
-5.367068958209018348e+01,-1.538982258815767246e+01,0.000000000000000000e+00
-5.338260220416023571e+01,-1.632069934991447369e+01,0.000000000000000000e+00
-5.307864741873192571e+01,-1.724629799574793410e+01,0.000000000000000000e+00
-5.275856964136525562e+01,-1.816623236518789497e+01,0.000000000000000000e+00
-5.242193798506360025e+01,-1.908002504911192787e+01,0.000000000000000000e+00
-5.206855422943011291e+01,-1.998724532496942174e+01,0.000000000000000000e+00
-5.169911492471081260e+01,-2.088779828204893363e+01,0.000000000000000000e+00
-5.131452210159843474e+01,-2.178172233795968538e+01,0.000000000000000000e+00
-5.091500413374922829e+01,-2.266882035294782582e+01,0.000000000000000000e+00
-5.049978595264174430e+01,-2.354843692490505447e+01,0.000000000000000000e+00
-5.006828992127601907e+01,-2.441993664836995492e+01,0.000000000000000000e+00
-4.962113039052415076e+01,-2.528322876665344410e+01,0.000000000000000000e+00
-4.915916534004397676e+01,-2.613839186390745439e+01,0.000000000000000000e+00
-4.868253318077112368e+01,-2.698516878975118161e+01,0.000000000000000000e+00
-4.819108483832155088e+01,-2.782313580394504982e+01,0.000000000000000000e+00
-4.768516070050356603e+01,-2.865213517693326395e+01,0.000000000000000000e+00
-4.716520145608147629e+01,-2.947208886653449156e+01,0.000000000000000000e+00
-4.663060156460207395e+01,-3.028226673142030023e+01,0.000000000000000000e+00
-4.608077639988606222e+01,-3.108187614443462721e+01,0.000000000000000000e+00
-4.551677745201323688e+01,-3.187119068691338697e+01,0.000000000000000000e+00
-4.493975610891100558e+01,-3.265064401131255778e+01,0.000000000000000000e+00
-4.435025460481473658e+01,-3.342031398054822233e+01,0.000000000000000000e+00
-4.374700637493654654e+01,-3.417890728343562046e+01,0.000000000000000000e+00
-4.312891256677291096e+01,-3.492510476563620614e+01,0.000000000000000000e+00
-4.249915516964234996e+01,-3.566102542819289312e+01,0.000000000000000000e+00
-4.185747519890225732e+01,-3.638614806887736108e+01,0.000000000000000000e+00
-4.120121592452819215e+01,-3.709774144843375154e+01,0.000000000000000000e+00
-4.053327564051063092e+01,-3.779789102535234235e+01,0.000000000000000000e+00
-3.985422948346841565e+01,-3.848678204077058496e+01,0.000000000000000000e+00
-3.916307427557212861e+01,-3.916307427557211440e+01,0.000000000000000000e+00
-3.846148004638254747e+01,-3.982802850128022953e+01,0.000000000000000000e+00
-3.775089637077854121e+01,-4.048288004340720647e+01,0.000000000000000000e+00
-3.703133961199538504e+01,-4.112746921397207700e+01,0.000000000000000000e+00
-3.630198996407162326e+01,-4.176066237392210923e+01,0.000000000000000000e+00
-3.556307137430475507e+01,-4.238241807401198002e+01,0.000000000000000000e+00
-3.481534621949364094e+01,-4.299337205023608988e+01,0.000000000000000000e+00
-3.405927276301894580e+01,-4.359388117160776943e+01,0.000000000000000000e+00
-3.329453288387314558e+01,-4.418333745181431027e+01,0.000000000000000000e+00
-3.252053284370028763e+01,-4.476067345015805898e+01,0.000000000000000000e+00
-3.173775998463174020e+01,-4.532621866051142945e+01,0.000000000000000000e+00
-3.094676843476996808e+01,-4.588047098299201565e+01,0.000000000000000000e+00
-3.014774402150723276e+01,-4.642345475676956568e+01,0.000000000000000000e+00
-2.934068914249633764e+01,-4.695491794059672941e+01,0.000000000000000000e+00
-2.852577870101605484e+01,-4.747486821017240288e+01,0.000000000000000000e+00
-2.770299697871542577e+01,-4.798299828906215936e+01,0.000000000000000000e+00
-2.687173901805025977e+01,-4.847790045575313655e+01,0.000000000000000000e+00
-2.603290872968397807e+01,-4.896078041786222457e+01,0.000000000000000000e+00
-2.518670064156631838e+01,-4.943168327815134688e+01,0.000000000000000000e+00
-2.433317061506313905e+01,-4.989039318986835525e+01,0.000000000000000000e+00
-2.347244931996550221e+01,-5.033683000797582707e+01,0.000000000000000000e+00
-2.260464370417447100e+01,-5.077086102057828754e+01,0.000000000000000000e+00
-2.172987361187531619e+01,-5.119237415758757948e+01,0.000000000000000000e+00
-2.084825974528773784e+01,-5.160125361216981332e+01,0.000000000000000000e+00
-1.995992690756294863e+01,-5.199738731897972599e+01,0.000000000000000000e+00
-1.906500286588385151e+01,-5.238066487585343367e+01,0.000000000000000000e+00
-1.816361839755122887e+01,-5.275097812812098397e+01,0.000000000000000000e+00
-1.725590704289055566e+01,-5.310822102493075647e+01,0.000000000000000000e+00
-1.634200493860683068e+01,-5.345228964472283906e+01,0.000000000000000000e+00
-1.542205064228171985e+01,-5.378308216353930504e+01,0.000000000000000000e+00
-1.449618496965739567e+01,-5.410049882267774279e+01,0.000000000000000000e+00
-1.356455084059357041e+01,-5.440444188343030163e+01,0.000000000000000000e+00
-1.262729313525858466e+01,-5.469481557288642648e+01,0.000000000000000000e+00
-1.168455856078259281e+01,-5.497152602102190144e+01,0.000000000000000000e+00
-1.073649552880053193e+01,-5.523448119013785629e+01,0.000000000000000000e+00
-9.783254044187286169e+00,-5.548359079750078848e+01,0.000000000000000000e+00
-8.824985605238534703e+00,-5.571876623206018309e+01,0.000000000000000000e+00
-7.861843115488311717e+00,-5.593992046608048696e+01,0.000000000000000000e+00
-6.893980807307647396e+00,-5.614696796252158606e+01,0.000000000000000000e+00
-5.921554177365095484e+00,-5.633982457887579187e+01,0.000000000000000000e+00
-4.944719934040184839e+00,-5.651840746858588460e+01,0.000000000000000000e+00
-3.963635956648754899e+00,-5.668263497913672211e+01,0.000000000000000000e+00
-2.978461266999588020e+00,-5.683242655472277960e+01,0.000000000000000000e+00
-1.989356011429859183e+00,-5.696770261319507966e+01,0.000000000000000000e+00
-9.964814585800622071e-01,-5.708838452781500195e+01,0.000000000000000000e+00
-1.050643976522757260e-14,-5.719439418528709496e+01,0.000000000000000000e+00
9.999248310273818330e-01,-5.728565520320356086e+01,0.000000000000000000e+00
2.003128251301580676e+00,-5.736208796243537478e+01,0.000000000000000000e+00
3.009444731721509836e+00,-5.742362628014156201e+01,0.000000000000000000e+00
4.018705482587153988e+00,-5.747016589049740531e+01,0.000000000000000000e+00
5.030745704932527040e+00,-5.750168652927095536e+01,0.000000000000000000e+00
6.045276964326285807e+00,-5.751696826531690476e+01,0.000000000000000000e+00
7.062164347259299646e+00,-5.751671297537070870e+01,0.000000000000000000e+00
8.081257424504244113e+00,-5.750113439711008567e+01,0.000000000000000000e+00
9.102379104040041469e+00,-5.747015985527934845e+01,0.000000000000000000e+00
1.012535087729382965e+01,-5.742371834764685445e+01,0.000000000000000000e+00
1.114999239321754665e+01,-5.736173814456591913e+01,0.000000000000000000e+00
1.217612153132108155e+01,-5.728414797292228400e+01,0.000000000000000000e+00
1.320355386987954560e+01,-5.719087504219446316e+01,0.000000000000000000e+00
1.423210380249058815e+01,-5.708185057513232152e+01,0.000000000000000000e+00
1.526156091417163729e+01,-5.695692073449578174e+01,0.000000000000000000e+00
1.628990844825207063e+01,-5.680966201128025972e+01,0.000000000000000000e+00
1.730975244485563636e+01,-5.661764910956832608e+01,0.000000000000000000e+00
1.831880115354645966e+01,-5.637947273105701385e+01,0.000000000000000000e+00
1.931504318147097976e+01,-5.609495851040632886e+01,0.000000000000000000e+00
2.029667450515017890e+01,-5.576465489292053945e+01,0.000000000000000000e+00
2.126185319213328384e+01,-5.538902124595153964e+01,0.000000000000000000e+00
2.220877454429047759e+01,-5.496864590505985859e+01,0.000000000000000000e+00
2.313565964396223862e+01,-5.450419850712160752e+01,0.000000000000000000e+00
2.404077474075904419e+01,-5.399646414089235691e+01,0.000000000000000000e+00
2.492244011289963623e+01,-5.344634529809826518e+01,0.000000000000000000e+00
2.577906387741223782e+01,-5.285491370017638246e+01,0.000000000000000000e+00
2.660910855528100782e+01,-5.222331599272150982e+01,0.000000000000000000e+00
2.741126516344957764e+01,-5.155309184152562096e+01,0.000000000000000000e+00
2.818344358671140171e+01,-5.084427813842558663e+01,0.000000000000000000e+00
2.892150984478191944e+01,-5.009352448276574421e+01,0.000000000000000000e+00
2.962650825663369858e+01,-4.930678982520368692e+01,0.000000000000000000e+00
3.029973442157888641e+01,-4.848971121562639297e+01,0.000000000000000000e+00
3.093781829027659214e+01,-4.764006244205896223e+01,0.000000000000000000e+00
3.153425781830420505e+01,-4.675145981243560556e+01,0.000000000000000000e+00
3.209192881147950516e+01,-4.583202416462430051e+01,0.000000000000000000e+00
3.261203479310287179e+01,-4.488661507900368974e+01,0.000000000000000000e+00
3.309038424923547694e+01,-4.391242306337756673e+01,0.000000000000000000e+00
3.352534779133596032e+01,-4.291048837188315446e+01,0.000000000000000000e+00
3.391704761490571229e+01,-4.188406565771100531e+01,0.000000000000000000e+00
3.426444769475827457e+01,-4.083477863848457901e+01,0.000000000000000000e+00
3.456573072706787997e+01,-3.976332460092740462e+01,0.000000000000000000e+00
3.481929631664959857e+01,-3.867074624681711015e+01,0.000000000000000000e+00
3.502426738353894109e+01,-3.755892843364526357e+01,0.000000000000000000e+00
3.517996206353839739e+01,-3.642991715479630699e+01,0.000000000000000000e+00
3.528577235690992353e+01,-3.528577235690993774e+01,0.000000000000000000e+00
3.534116423865322787e+01,-3.412856559388064426e+01,0.000000000000000000e+00
3.534567770106213658e+01,-3.296037768599997264e+01,0.000000000000000000e+00
3.529651151279639976e+01,-3.178112171572713862e+01,0.000000000000000000e+00
3.518859687517711876e+01,-3.058898058595299574e+01,0.000000000000000000e+00
3.503649715177576951e+01,-2.939911183779889114e+01,0.000000000000000000e+00
3.482189676512518872e+01,-2.819821600596327826e+01,0.000000000000000000e+00
3.455893518162399403e+01,-2.700039932478018301e+01,0.000000000000000000e+00
3.424268143032902145e+01,-2.580371127820417598e+01,0.000000000000000000e+00
3.389801432737809961e+01,-2.462834902377523960e+01,0.000000000000000000e+00
3.353209757064455943e+01,-2.347942749094883652e+01,0.000000000000000000e+00
3.314647797015863517e+01,-2.235758169420190100e+01,0.000000000000000000e+00
3.274374914728345942e+01,-2.126403932600038615e+01,0.000000000000000000e+00
3.232492072694356722e+01,-2.019885226516565879e+01,0.000000000000000000e+00
3.188900212387258648e+01,-1.916084555632128783e+01,0.000000000000000000e+00
3.143770535706636693e+01,-1.815056765060642974e+01,0.000000000000000000e+00
3.097291857810495586e+01,-1.716856911775319361e+01,0.000000000000000000e+00
3.049500533601051444e+01,-1.621448195572391171e+01,0.000000000000000000e+00
3.000499628308996236e+01,-1.528830921822008548e+01,0.000000000000000000e+00
2.950428612296626341e+01,-1.439020184454214402e+01,0.000000000000000000e+00
2.899228540156852674e+01,-1.351932471016679393e+01,0.000000000000000000e+00
2.847044476949922043e+01,-1.267585869487342620e+01,0.000000000000000000e+00
2.794145885102878069e+01,-1.186044561041870971e+01,0.000000000000000000e+00
2.740313050012664675e+01,-1.107158339203445152e+01,0.000000000000000000e+00
2.685880620256886075e+01,-1.031012972515235226e+01,0.000000000000000000e+00
2.630939307977866903e+01,-9.575835962648643118e+00,0.000000000000000000e+00
2.575301124405717346e+01,-8.867472896688145312e+00,0.000000000000000000e+00
2.519292710232481269e+01,-8.185678221305137114e+00,0.000000000000000000e+00
2.462987806343724984e+01,-7.530109404578367638e+00,0.000000000000000000e+00
2.406440132281669975e+01,-6.900356040365858590e+00,0.000000000000000000e+00
2.349581684298316731e+01,-6.295685148586908753e+00,0.000000000000000000e+00
2.294467238188760305e+01,-5.720749340867125277e+00,0.000000000000000000e+00
2.242211766032234621e+01,-5.176553745443172261e+00,0.000000000000000000e+00
2.192675398858292013e+01,-4.660675436397641924e+00,0.000000000000000000e+00
2.145623378233108269e+01,-4.170669355540671752e+00,0.000000000000000000e+00
2.100846777109380170e+01,-3.704359691388085185e+00,0.000000000000000000e+00
2.058159011982473530e+01,-3.259803632117451500e+00,0.000000000000000000e+00
2.017393022864334995e+01,-2.835260993561352194e+00,0.000000000000000000e+00
1.978398613654833582e+01,-2.429168050685251767e+00,0.000000000000000000e+00
1.941040523363381709e+01,-2.040115798277965187e+00,0.000000000000000000e+00
1.905196472682884590e+01,-1.666830931493304080e+00,0.000000000000000000e+00
1.870755665321421546e+01,-1.308159796011867160e+00,0.000000000000000000e+00
1.837617501241498275e+01,-9.630545241171912796e-01,0.000000000000000000e+00
1.805690363192041303e+01,-6.305609694649926267e-01,0.000000000000000000e+00
1.774890627849627833e+01,-3.098083114960178963e-01,0.000000000000000000e+00
1.745141804473068703e+01,-4.274364649812359426e-15,0.000000000000000000e+00
