1.819677077798624509e+01,0.000000000000000000e+00,0.000000000000000000e+00
1.788594153877192738e+01,3.122002708615679856e-01,0.000000000000000000e+00
1.758537501327752040e+01,6.140948272646044037e-01,0.000000000000000000e+00
1.729438042071190296e+01,9.063600719256187377e-01,0.000000000000000000e+00
1.701236903296461733e+01,1.189620730081716760e+00,0.000000000000000000e+00
1.673874543506658696e+01,1.464450467214637008e+00,0.000000000000000000e+00
1.647297614100631336e+01,1.731379559850202643e+00,0.000000000000000000e+00
1.621459839694969673e+01,1.990902344386408895e+00,0.000000000000000000e+00
1.596313935216607227e+01,2.243472929024011631e+00,0.000000000000000000e+00
1.571816604298404840e+01,2.489512931646159721e+00,0.000000000000000000e+00
1.547931262238538075e+01,2.729420458147645334e+00,0.000000000000000000e+00
1.524620792624266663e+01,2.963562609880983079e+00,0.000000000000000000e+00
1.501848631790404909e+01,3.192277813221954919e+00,0.000000000000000000e+00
1.479584699211033261e+01,3.415890431239116509e+00,0.000000000000000000e+00
1.457800159576491161e+01,3.634704023316766452e+00,0.000000000000000000e+00
1.436465379010996735e+01,3.848997382612631135e+00,0.000000000000000000e+00
1.415552808147086594e+01,4.059032360341000789e+00,0.000000000000000000e+00
1.395039554099210299e+01,4.265063935365373204e+00,0.000000000000000000e+00
1.374902647787065391e+01,4.467329506687918617e+00,0.000000000000000000e+00
1.355118543524491947e+01,4.666047338163556546e+00,0.000000000000000000e+00
1.335665396555183371e+01,4.861424472854501744e+00,0.000000000000000000e+00
1.316524974322241448e+01,5.053665888682327356e+00,0.000000000000000000e+00
1.297678969502281454e+01,5.242963363936622656e+00,0.000000000000000000e+00
1.279108608954927284e+01,5.429493916982658597e+00,0.000000000000000000e+00
1.260795551279226601e+01,5.613423457389010274e+00,0.000000000000000000e+00
1.242724580040419724e+01,5.794919886503023143e+00,0.000000000000000000e+00
1.224880974541563283e+01,5.974143683982317654e+00,0.000000000000000000e+00
1.207249616853864893e+01,6.151244036794424552e+00,0.000000000000000000e+00
1.189815093306247995e+01,6.326359070441144539e+00,0.000000000000000000e+00
1.172563448102841299e+01,6.499625326860741126e+00,0.000000000000000000e+00
1.155482515306179536e+01,6.671181412559285206e+00,0.000000000000000000e+00
1.138559887207669696e+01,6.841157986275497649e+00,0.000000000000000000e+00
1.121782819391385289e+01,7.009677033361130682e+00,0.000000000000000000e+00
1.105138403777507783e+01,7.176852709472899328e+00,0.000000000000000000e+00
1.088615243865421611e+01,7.342802535517221507e+00,0.000000000000000000e+00
1.072202863151569829e+01,7.507645272687630822e+00,0.000000000000000000e+00
1.055890457921299941e+01,7.671493225948792904e+00,0.000000000000000000e+00
1.039666896437690902e+01,7.834452005684241271e+00,0.000000000000000000e+00
1.023520869583859394e+01,7.996621438355257183e+00,0.000000000000000000e+00
1.007442266514089368e+01,8.158106617888982726e+00,0.000000000000000000e+00
9.914216023571022163e+00,8.319015008790323407e+00,0.000000000000000000e+00
9.754490321435900668e+00,8.479449070580965753e+00,0.000000000000000000e+00
9.595143513681167136e+00,8.639506025336707751e+00,0.000000000000000000e+00
9.436070822569124772e+00,8.799278395909123418e+00,0.000000000000000000e+00
9.277175751374533874e+00,8.958864485014769841e+00,0.000000000000000000e+00
9.118367571460327170e+00,9.118367571460325394e+00,0.000000000000000000e+00
8.959551475912906682e+00,9.277887151274850197e+00,0.000000000000000000e+00
8.800628388772606669e+00,9.437518512674680338e+00,0.000000000000000000e+00
8.641495375238520182e+00,9.597352910578493379e+00,0.000000000000000000e+00
8.482054344095853793e+00,9.757487345779592758e+00,0.000000000000000000e+00
8.322213016317180134e+00,9.918027260530296374e+00,0.000000000000000000e+00
8.161874361073936157e+00,1.007907544048653925e+01,0.000000000000000000e+00
8.000936031958920225e+00,1.024073112381791617e+01,0.000000000000000000e+00
7.839290595027677000e+00,1.040308998930906270e+01,0.000000000000000000e+00
7.676832916600899281e+00,1.056625403288746590e+01,0.000000000000000000e+00
7.513463130070398677e+00,1.073033739294041133e+01,0.000000000000000000e+00
7.349075502540691751e+00,1.089545249471998112e+01,0.000000000000000000e+00
7.183557505961569944e+00,1.106170851897748619e+01,0.000000000000000000e+00
7.016790062520259497e+00,1.122921142008328133e+01,0.000000000000000000e+00
6.848655368994661430e+00,1.139807661230752878e+01,0.000000000000000000e+00
6.679038899139385421e+00,1.156843471903831322e+01,0.000000000000000000e+00
6.507818153188750010e+00,1.174041473097478594e+01,0.000000000000000000e+00
6.334861827695229763e+00,1.191414229365865118e+01,0.000000000000000000e+00
6.160030605262164727e+00,1.208974078012077413e+01,0.000000000000000000e+00
5.983187394248964175e+00,1.226735209931746873e+01,0.000000000000000000e+00
5.804193207569436908e+00,1.244713250160722851e+01,0.000000000000000000e+00
5.622897800840077842e+00,1.262923523659195979e+01,0.000000000000000000e+00
5.439139468658185095e+00,1.281380958528372815e+01,0.000000000000000000e+00
5.252749297192298883e+00,1.300101072977234828e+01,0.000000000000000000e+00
5.063560243959635443e+00,1.319102541995751920e+01,0.000000000000000000e+00
4.871393658784821667e+00,1.338404407878572933e+01,0.000000000000000000e+00
4.676055915535342500e+00,1.358025245451811536e+01,0.000000000000000000e+00
4.477340272282993361e+00,1.377983644633713389e+01,0.000000000000000000e+00
4.275038161871682618e+00,1.398301976587761963e+01,0.000000000000000000e+00
4.068928892778967743e+00,1.419004139163896738e+01,0.000000000000000000e+00
3.858772333218540851e+00,1.440113440241269771e+01,0.000000000000000000e+00
3.644310905698756820e+00,1.461653269645331044e+01,0.000000000000000000e+00
3.425280373514561827e+00,1.483651930053735057e+01,0.000000000000000000e+00
3.201398326804704819e+00,1.506139496071934758e+01,0.000000000000000000e+00
2.972357215074284298e+00,1.529145224770872780e+01,0.000000000000000000e+00
2.737829233297052856e+00,1.552700115601546216e+01,0.000000000000000000e+00
2.497471732085827512e+00,1.576841593131499053e+01,0.000000000000000000e+00
2.250912257278056661e+00,1.601607292317974895e+01,0.000000000000000000e+00
1.997747305059287548e+00,1.627034612795547730e+01,0.000000000000000000e+00
1.737549927984985088e+00,1.653168327225735368e+01,0.000000000000000000e+00
1.469858890874848667e+00,1.680056400037830500e+01,0.000000000000000000e+00
1.194172348304814557e+00,1.707746020610106541e+01,0.000000000000000000e+00
9.099523778561058318e-01,1.736292570119561773e+01,0.000000000000000000e+00
6.166157584879615738e-01,1.765756503829833335e+01,0.000000000000000000e+00
3.135275447724244491e-01,1.796198101019854576e+01,0.000000000000000000e+00
1.119136697874416145e-15,1.827688928193177986e+01,0.000000000000000000e+00
-3.247173089110536037e-01,1.860304216835776003e+01,0.000000000000000000e+00
-6.614426434791395026e-01,1.894123907079001512e+01,0.000000000000000000e+00
-1.011072846845953555e+00,1.929241919191821353e+01,0.000000000000000000e+00
-1.374588818928251799e+00,1.965753593970074320e+01,0.000000000000000000e+00
-1.753070606294081291e+00,2.003768872037487725e+01,0.000000000000000000e+00
-2.147703420770917138e+00,2.043403308479509661e+01,0.000000000000000000e+00
-2.559806682924164356e+00,2.084795241437893409e+01,0.000000000000000000e+00
-2.990844097894670650e+00,2.128096153853126538e+01,0.000000000000000000e+00
-3.442405820672187922e+00,2.173449496439518924e+01,0.000000000000000000e+00
-3.916247905182395517e+00,2.221014554577686440e+01,0.000000000000000000e+00
-4.414582997664065367e+00,2.271106068946691892e+01,0.000000000000000000e+00
-4.939592593625122596e+00,2.323895604452554764e+01,0.000000000000000000e+00
-5.492282226570026182e+00,2.378968795914775214e+01,0.000000000000000000e+00
-6.070959846698027462e+00,2.434929000139813837e+01,0.000000000000000000e+00
-6.672882558386603158e+00,2.490353674083899094e+01,0.000000000000000000e+00
-7.298640236750605581e+00,2.545338338204250306e+01,0.000000000000000000e+00
-7.949177839422517877e+00,2.600058915087125300e+01,0.000000000000000000e+00
-8.624847658402382322e+00,2.654455164890955743e+01,0.000000000000000000e+00
-9.325736740516916257e+00,2.708390608415032474e+01,0.000000000000000000e+00
-1.005184436878214349e+01,2.761721542710104416e+01,0.000000000000000000e+00
-1.080234771697585572e+01,2.814107791051385377e+01,0.000000000000000000e+00
-1.157843097427946155e+01,2.865762228762712738e+01,0.000000000000000000e+00
-1.238032478787748758e+01,2.916621744118764425e+01,0.000000000000000000e+00
-1.320812986901421660e+01,2.966594540030862248e+01,0.000000000000000000e+00
-1.406196607892712080e+01,3.015598357222988213e+01,0.000000000000000000e+00
-1.494203917670755288e+01,3.063572032503182996e+01,0.000000000000000000e+00
-1.584662433118768909e+01,3.110075138918249493e+01,0.000000000000000000e+00
-1.677722192670249157e+01,3.155336529253817446e+01,0.000000000000000000e+00
-1.773404153422796981e+01,3.199305782171416723e+01,0.000000000000000000e+00
-1.871742014431872647e+01,3.241952267657323716e+01,0.000000000000000000e+00
-1.972753714578166750e+01,3.283213530903212529e+01,0.000000000000000000e+00
-2.075576802194339265e+01,3.321617224228208443e+01,0.000000000000000000e+00
-2.179038292623890527e+01,3.355424721621877637e+01,0.000000000000000000e+00
-2.283495185396416716e+01,3.385420833655491890e+01,0.000000000000000000e+00
-2.388830634750078374e+01,3.411603709462827538e+01,0.000000000000000000e+00
-2.493889795429643641e+01,3.432544826076915001e+01,0.000000000000000000e+00
-2.599441867006619589e+01,3.449575868714423876e+01,0.000000000000000000e+00
-2.705443819087512125e+01,3.462810177609546969e+01,0.000000000000000000e+00
-2.811169098507718189e+01,3.471504726286386244e+01,0.000000000000000000e+00
-2.916511795986561495e+01,3.475763410710376178e+01,0.000000000000000000e+00
-3.021869411299911334e+01,3.476263101506967246e+01,0.000000000000000000e+00
-3.127011820707499723e+01,3.472898462096569006e+01,0.000000000000000000e+00
-3.230903131793826333e+01,3.464719423656453046e+01,0.000000000000000000e+00
-3.334388841808436865e+01,3.452860723657666142e+01,0.000000000000000000e+00
-3.437254529490719079e+01,3.437254529490719790e+01,0.000000000000000000e+00
-3.539088452345269076e+01,3.417657991479165247e+01,0.000000000000000000e+00
-3.639408543476390889e+01,3.393803371410029257e+01,0.000000000000000000e+00
-3.738714752082636039e+01,3.366353883251203882e+01,0.000000000000000000e+00
-3.836790293986804556e+01,3.335270918344750868e+01,0.000000000000000000e+00
-3.933513980382969066e+01,3.300610130170024803e+01,0.000000000000000000e+00
-4.028432964723946696e+01,3.262160693629879660e+01,0.000000000000000000e+00
-4.121430596190896978e+01,3.220014485448959363e+01,0.000000000000000000e+00
-4.212685041858279078e+01,3.174485875099763987e+01,0.000000000000000000e+00
-4.302034936715796221e+01,3.125611338488878133e+01,0.000000000000000000e+00
-4.389355148220673186e+01,3.073459562663714806e+01,0.000000000000000000e+00
-4.474517250590979245e+01,3.018099994281974574e+01,0.000000000000000000e+00
-4.557405003243633246e+01,2.959613414382739904e+01,0.000000000000000000e+00
-4.637912359110143967e+01,2.898089290049415823e+01,0.000000000000000000e+00
-4.715943006947976102e+01,2.833624434453457042e+01,0.000000000000000000e+00
-4.791422438925438598e+01,2.766329034914814500e+01,0.000000000000000000e+00
-4.864260514026057081e+01,2.696303631548942903e+01,0.000000000000000000e+00
-4.934468934123197670e+01,2.623703672513870799e+01,0.000000000000000000e+00
-5.001906535102754248e+01,2.548598675627352250e+01,0.000000000000000000e+00
-5.065978590085999400e+01,2.470842851361876669e+01,0.000000000000000000e+00
-5.127103036042665707e+01,2.390807409856439136e+01,0.000000000000000000e+00
-5.185451178995063515e+01,2.308711611155572641e+01,0.000000000000000000e+00
-5.240738903755410405e+01,2.224561682974105992e+01,0.000000000000000000e+00
-5.292545312260096324e+01,2.138327107573999797e+01,0.000000000000000000e+00
-5.340989649740529188e+01,2.050213838031791269e+01,0.000000000000000000e+00
-5.386225465496090692e+01,1.960425744487197974e+01,0.000000000000000000e+00
-5.428136012157944634e+01,1.869057117678028845e+01,0.000000000000000000e+00
-5.466609271261118863e+01,1.776209023842152845e+01,0.000000000000000000e+00
-5.501568998274077416e+01,1.681998438934174800e+01,0.000000000000000000e+00
-5.532965436203601683e+01,1.586552308394355926e+01,0.000000000000000000e+00
-5.560786093869848656e+01,1.490008143134644847e+01,0.000000000000000000e+00
-5.585024546713684401e+01,1.392503016062263477e+01,0.000000000000000000e+00
-5.605655190991890890e+01,1.294167474017919517e+01,0.000000000000000000e+00
-5.622636371088147911e+01,1.195128254559307202e+01,0.000000000000000000e+00
-5.635929612439421987e+01,1.095513740344397746e+01,0.000000000000000000e+00
-5.645500314375724571e+01,9.954540250225610620e+00,0.000000000000000000e+00
-5.651317812323838297e+01,8.950808088009946317e+00,0.000000000000000000e+00
-5.653355437406445816e+01,7.945272920424070406e+00,0.000000000000000000e+00
-5.651587759786813336e+01,6.939277214896544699e+00,0.000000000000000000e+00
-5.645993181319086318e+01,5.934177956377679308e+00,0.000000000000000000e+00
-5.636595592938559207e+01,4.931382152623102755e+00,0.000000000000000000e+00
-5.623434371459172354e+01,3.932288377696995241e+00,0.000000000000000000e+00
-5.606553298127951734e+01,2.938270077868962993e+00,0.000000000000000000e+00
-5.586000450773504156e+01,1.950674341222589092e+00,0.000000000000000000e+00
-5.561828092800032408e+01,9.708207047940873302e-01,0.000000000000000000e+00
-5.534092559141537748e+01,6.777308738737868213e-15,0.000000000000000000e+00
-5.532864060628109115e+01,-9.657650141726347170e-01,0.000000000000000000e+00
-5.483125443693538159e+01,-1.914749597135586345e+00,0.000000000000000000e+00
-5.433967279863361455e+01,-2.847821578343453730e+00,0.000000000000000000e+00
-5.385469984164285506e+01,-3.765887468100734825e+00,0.000000000000000000e+00
-5.337706188834295773e+01,-4.669887807551646119e+00,0.000000000000000000e+00
-5.290671061733269909e+01,-5.560719359857176691e+00,0.000000000000000000e+00
-5.244292716861674108e+01,-6.439181784861626845e+00,0.000000000000000000e+00
-5.198517749587294645e+01,-7.306040237421964179e+00,0.000000000000000000e+00
-5.153314157738322621e+01,-8.162047786898925850e+00,0.000000000000000000e+00
-5.108647848772950084e+01,-9.007924506769297679e+00,0.000000000000000000e+00
-5.064481516718060305e+01,-9.844354828419174197e+00,0.000000000000000000e+00
-5.020778328744428620e+01,-1.067199378465274329e+01,0.000000000000000000e+00
-4.977505849948293815e+01,-1.149147771894470971e+01,0.000000000000000000e+00
-4.934631334862073260e+01,-1.230341775488538403e+01,0.000000000000000000e+00
-4.892124436786504305e+01,-1.310840792109502573e+01,0.000000000000000000e+00
-4.849954281592931693e+01,-1.390702011387946335e+01,0.000000000000000000e+00
-4.808091455805826087e+01,-1.469981077299075700e+01,0.000000000000000000e+00
-4.766506743745223673e+01,-1.548731923269799360e+01,0.000000000000000000e+00
-4.725172604428172463e+01,-1.627007405264464879e+01,0.000000000000000000e+00
-4.684064543926957924e+01,-1.704860069371106945e+01,0.000000000000000000e+00
-4.643155545926728678e+01,-1.782340423156503917e+01,0.000000000000000000e+00
-4.602413301337537632e+01,-1.859495675872929255e+01,0.000000000000000000e+00
-4.561805011420796063e+01,-1.936371343806895240e+01,0.000000000000000000e+00
-4.521321189539284546e+01,-2.013021889076200210e+01,0.000000000000000000e+00
-4.480966531195595337e+01,-2.089509009432744691e+01,0.000000000000000000e+00
-4.440700004046696137e+01,-2.165874108018124389e+01,0.000000000000000000e+00
-4.400395984786926817e+01,-2.242113742102035445e+01,0.000000000000000000e+00
-4.359890287623970551e+01,-2.318194786938943253e+01,0.000000000000000000e+00
-4.318825748288408306e+01,-2.393964203923541945e+01,0.000000000000000000e+00
-4.276789061958341875e+01,-2.469205316188896759e+01,0.000000000000000000e+00
-4.233615285630147440e+01,-2.543812701248272035e+01,0.000000000000000000e+00
-4.189388200879608348e+01,-2.617820289980223336e+01,0.000000000000000000e+00
-4.144162543630984885e+01,-2.691250623278671128e+01,0.000000000000000000e+00
-4.097919228278078663e+01,-2.764081420805907285e+01,0.000000000000000000e+00
-4.050640833218719905e+01,-2.836289245999805431e+01,0.000000000000000000e+00
-4.002334791739103537e+01,-2.907866437513936830e+01,0.000000000000000000e+00
-3.953010795800167898e+01,-2.978807295275284162e+01,0.000000000000000000e+00
-3.902673878385398609e+01,-3.049103006125733373e+01,0.000000000000000000e+00
-3.851329432359032978e+01,-3.118745080898336397e+01,0.000000000000000000e+00
-3.798985645608740924e+01,-3.187727454078074985e+01,0.000000000000000000e+00
-3.745652105957396572e+01,-3.256045700182185954e+01,0.000000000000000000e+00
-3.691339916010755928e+01,-3.323697389254133583e+01,0.000000000000000000e+00
-3.636057062462708700e+01,-3.390678064803865510e+01,0.000000000000000000e+00
-3.579802876314179372e+01,-3.456975453678680310e+01,0.000000000000000000e+00
-3.522532829289983169e+01,-3.522532829289982459e+01,0.000000000000000000e+00
-3.464228800076745074e+01,-3.587313936385798030e+01,0.000000000000000000e+00
-3.404998448138056943e+01,-3.651413793465850688e+01,0.000000000000000000e+00
-3.344842859220324982e+01,-3.714824339587149638e+01,0.000000000000000000e+00
-3.283655498847097221e+01,-3.777413546071242223e+01,0.000000000000000000e+00
-3.221478394994367278e+01,-3.839208450699165098e+01,0.000000000000000000e+00
-3.158325767632431180e+01,-3.900207509860675970e+01,0.000000000000000000e+00
-3.094111538845822196e+01,-3.960282173217762391e+01,0.000000000000000000e+00
-3.028910279162243668e+01,-4.019499701115086054e+01,0.000000000000000000e+00
-2.962743628080982461e+01,-4.077866764681833445e+01,0.000000000000000000e+00
-2.895500983734547518e+01,-4.135203958440322936e+01,0.000000000000000000e+00
-2.827315713852984658e+01,-4.191667923021166331e+01,0.000000000000000000e+00
-2.758203910958415506e+01,-4.247261565541222694e+01,0.000000000000000000e+00
-2.688052467188519401e+01,-4.301783179115772526e+01,0.000000000000000000e+00
-2.616938466793127915e+01,-4.355316996857622769e+01,0.000000000000000000e+00
-2.544926876490370304e+01,-4.407942651628880526e+01,0.000000000000000000e+00
-2.471996552825375204e+01,-4.459599832163318922e+01,0.000000000000000000e+00
-2.398090641654859922e+01,-4.510152536059662509e+01,0.000000000000000000e+00
-2.323249793844180289e+01,-4.559634452311260588e+01,0.000000000000000000e+00
-2.247520054348163043e+01,-4.608099001456542965e+01,0.000000000000000000e+00
-2.170925678559194338e+01,-4.655565141582094668e+01,0.000000000000000000e+00
-2.093453305460397473e+01,-4.701973108515390010e+01,0.000000000000000000e+00
-2.015072254577377109e+01,-4.747212738251916164e+01,0.000000000000000000e+00
-1.935806251927318300e+01,-4.791288604906375781e+01,0.000000000000000000e+00
-1.855698838261960049e+01,-4.834260750921215788e+01,0.000000000000000000e+00
-1.774765996087777253e+01,-4.876129499067047846e+01,0.000000000000000000e+00
-1.693012230049754052e+01,-4.916864534548699339e+01,0.000000000000000000e+00
-1.610449579248014373e+01,-4.956454157502425062e+01,0.000000000000000000e+00
-1.527085050851438197e+01,-4.994870137225406381e+01,0.000000000000000000e+00
-1.442913792855852861e+01,-5.032038402422777068e+01,0.000000000000000000e+00
-1.357947045670250930e+01,-5.067927368429432988e+01,0.000000000000000000e+00
-1.272219943810557297e+01,-5.102595493899425350e+01,0.000000000000000000e+00
-1.185747067940447153e+01,-5.136034817787216866e+01,0.000000000000000000e+00
-1.098539641404421374e+01,-5.168222673406893364e+01,0.000000000000000000e+00
-1.010611174971922921e+01,-5.199143778786260839e+01,0.000000000000000000e+00
-9.219750756416583926e+00,-5.228780484627200309e+01,0.000000000000000000e+00
-8.326454238954788423e+00,-5.257116306307317188e+01,0.000000000000000000e+00
-7.426367145891997978e+00,-5.284134793718894940e+01,0.000000000000000000e+00
-6.519639021375942534e+00,-5.309819877542707900e+01,0.000000000000000000e+00
-5.606423635019320173e+00,-5.334155774834125197e+01,0.000000000000000000e+00
-4.686878830732215562e+00,-5.357127017197410623e+01,0.000000000000000000e+00
-3.761166330806304803e+00,-5.378718443284252260e+01,0.000000000000000000e+00
-2.829451561098264900e+00,-5.398915198862146525e+01,0.000000000000000000e+00
-1.891903483164872446e+00,-5.417702733073848975e+01,0.000000000000000000e+00
-9.486944377881261214e-01,-5.435066794019667924e+01,0.000000000000000000e+00
-1.001331247147110859e-14,-5.450993422997698445e+01,0.000000000000000000e+00
9.540011534577410579e-01,-5.465468947729542748e+01,0.000000000000000000e+00
1.913127363596381691e+00,-5.478479974642207395e+01,0.000000000000000000e+00
2.877194094984445893e+00,-5.490013380352256434e+01,0.000000000000000000e+00
3.846014027403882540e+00,-5.500056302453551638e+01,0.000000000000000000e+00
4.819397133025062452e+00,-5.508596129825471621e+01,0.000000000000000000e+00
5.797150738514590174e+00,-5.515620492229368210e+01,0.000000000000000000e+00
6.779079573279555682e+00,-5.521117250759478168e+01,0.000000000000000000e+00
7.764985797083189034e+00,-5.525074483530912772e+01,0.000000000000000000e+00
8.754669037008623533e+00,-5.527480489289196441e+01,0.000000000000000000e+00
9.747926303055384878e+00,-5.528323722149140451e+01,0.000000000000000000e+00
1.074455232874053756e+01,-5.527592983262545090e+01,0.000000000000000000e+00
1.174433816688930676e+01,-5.525276695584463482e+01,0.000000000000000000e+00
1.274707609288470600e+01,-5.521365256399446508e+01,0.000000000000000000e+00
1.375254396990183281e+01,-5.515844114209569682e+01,0.000000000000000000e+00
1.476054121667430863e+01,-5.508708976784296851e+01,0.000000000000000000e+00
1.577051764215359597e+01,-5.499833101209427610e+01,0.000000000000000000e+00
1.678232129826482222e+01,-5.489249956267165942e+01,0.000000000000000000e+00
1.779157197852574512e+01,-5.475682817877726904e+01,0.000000000000000000e+00
1.879249600655838393e+01,-5.457737132092638177e+01,0.000000000000000000e+00
1.978287931959591717e+01,-5.435301422238570268e+01,0.000000000000000000e+00
2.076094398477206227e+01,-5.408410814745038664e+01,0.000000000000000000e+00
2.172495242332416154e+01,-5.377114413406414428e+01,0.000000000000000000e+00
2.267318081601227675e+01,-5.341466666615229286e+01,0.000000000000000000e+00
2.360393447533285993e+01,-5.301530484042307023e+01,0.000000000000000000e+00
2.451555789555913023e+01,-5.257378356717927659e+01,0.000000000000000000e+00
2.540643603348262403e+01,-5.209091340028808048e+01,0.000000000000000000e+00
2.627504792269935052e+01,-5.156768508574104715e+01,0.000000000000000000e+00
2.711984636996472631e+01,-5.100501280411936023e+01,0.000000000000000000e+00
2.793966838375298778e+01,-5.040449603073761864e+01,0.000000000000000000e+00
2.873274464347714741e+01,-4.976657356340491134e+01,0.000000000000000000e+00
2.949452472541364756e+01,-4.908713234218598132e+01,0.000000000000000000e+00
3.022628507161788036e+01,-4.837216768474817030e+01,0.000000000000000000e+00
3.092875676512962713e+01,-4.762610891696642312e+01,0.000000000000000000e+00
3.159870233545451157e+01,-4.684700273819729688e+01,0.000000000000000000e+00
3.223231567676214837e+01,-4.603251738645048619e+01,0.000000000000000000e+00
3.283191957349448131e+01,-4.518926051532147170e+01,0.000000000000000000e+00
3.339537956577457578e+01,-4.431716551880926147e+01,0.000000000000000000e+00
3.391858491538216924e+01,-4.341380893827376042e+01,0.000000000000000000e+00
3.440242215256269986e+01,-4.248345329411812799e+01,0.000000000000000000e+00
3.484720451554425580e+01,-4.152928117326504776e+01,0.000000000000000000e+00
3.525061476850156339e+01,-4.055119356480255988e+01,0.000000000000000000e+00
3.561071622953129889e+01,-3.954970710654855282e+01,0.000000000000000000e+00
3.592685057825096351e+01,-3.852683040984855012e+01,0.000000000000000000e+00
3.619855898496359714e+01,-3.748470514446585611e+01,0.000000000000000000e+00
3.642512767699025744e+01,-3.642512767699027165e+01,0.000000000000000000e+00
3.660564411053846356e+01,-3.534965961212969887e+01,0.000000000000000000e+00
3.673923464701109509e+01,-3.425989056148929990e+01,0.000000000000000000e+00
3.682507166116031527e+01,-3.315744345526650960e+01,0.000000000000000000e+00
3.686237458783956100e+01,-3.204397335362283172e+01,0.000000000000000000e+00
3.685041094032996511e+01,-3.092116622876210386e+01,0.000000000000000000e+00
3.678681503575886325e+01,-2.978937544805557280e+01,0.000000000000000000e+00
3.666874048633295757e+01,-2.864875988407692375e+01,0.000000000000000000e+00
3.650486383693488790e+01,-2.750838799277331148e+01,0.000000000000000000e+00
3.628702393030780371e+01,-2.636406610011687235e+01,0.000000000000000000e+00
3.601987153520067153e+01,-2.522138557429288142e+01,0.000000000000000000e+00
3.569519256796862550e+01,-2.407671139742535971e+01,0.000000000000000000e+00
3.532134329056506772e+01,-2.293794853482889451e+01,0.000000000000000000e+00
3.489711649682045191e+01,-2.180613856887254443e+01,0.000000000000000000e+00
3.444200902541003728e+01,-2.069484686356071279e+01,0.000000000000000000e+00
3.396945888167896044e+01,-1.961227622956329242e+01,0.000000000000000000e+00
3.348181254322603451e+01,-1.855927175175503407e+01,0.000000000000000000e+00
3.297948642680744058e+01,-1.753550398448523850e+01,0.000000000000000000e+00
3.246188154796406167e+01,-1.654015478716129905e+01,0.000000000000000000e+00
3.193317334535408847e+01,-1.557484929685189989e+01,0.000000000000000000e+00
3.139161749327166362e+01,-1.463815163898502014e+01,0.000000000000000000e+00
3.084069652550200047e+01,-1.373116276804879199e+01,0.000000000000000000e+00
3.027770461258327472e+01,-1.285212310067502450e+01,0.000000000000000000e+00
2.970638909794772786e+01,-1.200216027043448008e+01,0.000000000000000000e+00
2.912728359649481646e+01,-1.118091661097139600e+01,0.000000000000000000e+00
2.854094731795165529e+01,-1.038805528149419999e+01,0.000000000000000000e+00
2.794815104685021012e+01,-9.623320145821018912e+00,0.000000000000000000e+00
2.734979913232105631e+01,-8.886488426104770966e+00,0.000000000000000000e+00
2.674686754254057064e+01,-8.177338040665439678e+00,0.000000000000000000e+00
2.614035390743845966e+01,-7.495625865060221216e+00,0.000000000000000000e+00
2.553119000874730915e+01,-6.841061744649388210e+00,0.000000000000000000e+00
2.492011594975451416e+01,-6.213282740372789270e+00,0.000000000000000000e+00
2.430705237447494582e+01,-5.611725213289362912e+00,0.000000000000000000e+00
2.371877241478176046e+01,-5.041580711519792146e+00,0.000000000000000000e+00
2.316376961489798347e+01,-4.502580698538757531e+00,0.000000000000000000e+00
2.263654465056017884e+01,-3.991433571905652844e+00,0.000000000000000000e+00
2.213600786018167810e+01,-3.505999215954417103e+00,0.000000000000000000e+00
2.165987183708062602e+01,-3.044096467530142291e+00,0.000000000000000000e+00
2.120587752860945230e+01,-2.603754360911096910e+00,0.000000000000000000e+00
2.077233261925810837e+01,-2.183260134631388905e+00,0.000000000000000000e+00
2.035767799072617734e+01,-1.781066039899753983e+00,0.000000000000000000e+00
1.996044860614590988e+01,-1.395770535990058736e+00,0.000000000000000000e+00
1.957932921588528785e+01,-1.026109164056126843e+00,0.000000000000000000e+00
1.921315437415331218e+01,-6.709381351091695533e-01,0.000000000000000000e+00
1.886083589776067271e+01,-3.292171151958872000e-01,0.000000000000000000e+00
1.852142712938989177e+01,-4.536441289929656263e-15,0.000000000000000000e+00
