1.610034918418042338e+01,0.000000000000000000e+00,0.000000000000000000e+00
1.585139221318284797e+01,2.766870802837492760e-01,0.000000000000000000e+00
1.560985204201156407e+01,5.451080449593734834e-01,0.000000000000000000e+00
1.537525674837196554e+01,8.057830620887675988e-01,0.000000000000000000e+00
1.514721806619662203e+01,1.059196669182274730e+00,0.000000000000000000e+00
1.492533531514823864e+01,1.305797639398595056e+00,0.000000000000000000e+00
1.470919463008313244e+01,1.545998652968882059e+00,0.000000000000000000e+00
1.449843616205986940e+01,1.780184117937314126e+00,0.000000000000000000e+00
1.429277532114349292e+01,2.008718573847247058e+00,0.000000000000000000e+00
1.409192173338870546e+01,2.231941136839939333e+00,0.000000000000000000e+00
1.389557452578846686e+01,2.450164701341740248e+00,0.000000000000000000e+00
1.370343368747430013e+01,2.663677676419479834e+00,0.000000000000000000e+00
1.351526629686923542e+01,2.872758534117256790e+00,0.000000000000000000e+00
1.333086502616198388e+01,3.077672694729049585e+00,0.000000000000000000e+00
1.315001486167589029e+01,3.278666942819794983e+00,0.000000000000000000e+00
1.297249378566062283e+01,3.475969233685521242e+00,0.000000000000000000e+00
1.279807839656206347e+01,3.669789926793654455e+00,0.000000000000000000e+00
1.262659061909156044e+01,3.860336154474391712e+00,0.000000000000000000e+00
1.245787726472506129e+01,4.047809696561295745e+00,0.000000000000000000e+00
1.229177986270557099e+01,4.232399223207377936e+00,0.000000000000000000e+00
1.212813481608234056e+01,4.414280070221574093e+00,0.000000000000000000e+00
1.196677399848563184e+01,4.593614153415590984e+00,0.000000000000000000e+00
1.180753848329369404e+01,4.770555209808523323e+00,0.000000000000000000e+00
1.165030656701338962e+01,4.945261738818558683e+00,0.000000000000000000e+00
1.149496008069526454e+01,5.117885964402057120e+00,0.000000000000000000e+00
1.134137661129322439e+01,5.288570767866017874e+00,0.000000000000000000e+00
1.118942990461415299e+01,5.457449611953721025e+00,0.000000000000000000e+00
1.103899026887801860e+01,5.624646478714697473e+00,0.000000000000000000e+00
1.088993293036040377e+01,5.790280049233551551e+00,0.000000000000000000e+00
1.074216013700619321e+01,5.954476596097650898e+00,0.000000000000000000e+00
1.059557745592698552e+01,6.117359496398973917e+00,0.000000000000000000e+00
1.045008672470529554e+01,6.279045578298115160e+00,0.000000000000000000e+00
1.030558631887005205e+01,6.439645044117962236e+00,0.000000000000000000e+00
1.016197142041797541e+01,6.599261402275525157e+00,0.000000000000000000e+00
1.001913546485220330e+01,6.757992202440816776e+00,0.000000000000000000e+00
9.876987351384222791e+00,6.915940998241186577e+00,0.000000000000000000e+00
9.735446848612774318e+00,7.073216164652948557e+00,0.000000000000000000e+00
9.594430248350644064e+00,7.229921772073386599e+00,0.000000000000000000e+00
9.453850131497903320e+00,7.386157222887949736e+00,0.000000000000000000e+00
9.313615539599663151e+00,7.542017155284705510e+00,0.000000000000000000e+00
9.173632148488877647e+00,7.697591352353057026e+00,0.000000000000000000e+00
9.033806333043811421e+00,7.852968037315221750e+00,0.000000000000000000e+00
8.894059692734950673e+00,8.008247317564952894e+00,0.000000000000000000e+00
8.754315046885299267e+00,8.163530850022471697e+00,0.000000000000000000e+00
8.614490713529765031e+00,8.318916982735474974e+00,0.000000000000000000e+00
8.474500609221516712e+00,8.474500609221514935e+00,0.000000000000000000e+00
8.334254354025029343e+00,8.630373026433957762e+00,0.000000000000000000e+00
8.193657436813969852e+00,8.786621855900344613e+00,0.000000000000000000e+00
8.052619143263520129e+00,8.943339597661596585e+00,0.000000000000000000e+00
7.911059848979875575e+00,9.100633317901060337e+00,0.000000000000000000e+00
7.768896039745617266e+00,9.258609765857768181e+00,0.000000000000000000e+00
7.626038351337528276e+00,9.417373075693962647e+00,0.000000000000000000e+00
7.482391625171198157e+00,9.577024549429447475e+00,0.000000000000000000e+00
7.337854970731199522e+00,9.737662440710424860e+00,0.000000000000000000e+00
7.192323097855941150e+00,9.899383478076140719e+00,0.000000000000000000e+00
7.045699756035481265e+00,1.006230206268547711e+01,0.000000000000000000e+00
6.897891060368758431e+00,1.022654405115567933e+01,0.000000000000000000e+00
6.748795235118569380e+00,1.039223333051788423e+01,0.000000000000000000e+00
6.598302456585717124e+00,1.055949125433050995e+01,0.000000000000000000e+00
6.446294886535604896e+00,1.072843631684226473e+01,0.000000000000000000e+00
6.292646962765787499e+00,1.089918425360432153e+01,0.000000000000000000e+00
6.137236205479297269e+00,1.107186720006543545e+01,0.000000000000000000e+00
5.979945794556114969e+00,1.124664231715818019e+01,0.000000000000000000e+00
5.820648783916434255e+00,1.142366645217017052e+01,0.000000000000000000e+00
5.659206889985025413e+00,1.160309362682831846e+01,0.000000000000000000e+00
5.495470517267902366e+00,1.178507455573725871e+01,0.000000000000000000e+00
5.329279424299971701e+00,1.196975756538882685e+01,0.000000000000000000e+00
5.160476239533261733e+00,1.215732015768169205e+01,0.000000000000000000e+00
4.988903821618299261e+00,1.234797026184577007e+01,0.000000000000000000e+00
4.814389696915771566e+00,1.254191395260977693e+01,0.000000000000000000e+00
4.636745389789809657e+00,1.273935325820781905e+01,0.000000000000000000e+00
4.455766478491966609e+00,1.294048547521965986e+01,0.000000000000000000e+00
4.271239651346207644e+00,1.314552395827839071e+01,0.000000000000000000e+00
4.082954153537742492e+00,1.335474128424961826e+01,0.000000000000000000e+00
3.890681002701337210e+00,1.356841712519807430e+01,0.000000000000000000e+00
3.694168715108744561e+00,1.378682533651727482e+01,0.000000000000000000e+00
3.493143451842345648e+00,1.401023315475485731e+01,0.000000000000000000e+00
3.287318006226559675e+00,1.423893863507024093e+01,0.000000000000000000e+00
3.076398395116685780e+00,1.447331651841714439e+01,0.000000000000000000e+00
2.860062245044500795e+00,1.471374470866874162e+01,0.000000000000000000e+00
2.637955976442743378e+00,1.496059177015160735e+01,0.000000000000000000e+00
2.409697681877118747e+00,1.521423238886059259e+01,0.000000000000000000e+00
2.174890134166493016e+00,1.547514741016036766e+01,0.000000000000000000e+00
1.933102428559139163e+00,1.574385585894463802e+01,0.000000000000000000e+00
1.683860578401316976e+00,1.602086323300817128e+01,0.000000000000000000e+00
1.426650286527511469e+00,1.630668739275891710e+01,0.000000000000000000e+00
1.160923572430768935e+00,1.660198055888212565e+01,0.000000000000000000e+00
8.860807180290369844e-01,1.690742729707237046e+01,0.000000000000000000e+00
6.014646961843823636e-01,1.722369538066780237e+01,0.000000000000000000e+00
3.063640303753067951e-01,1.755158354524627740e+01,0.000000000000000000e+00
1.095572615107602693e-15,1.789205860612844390e+01,0.000000000000000000e+00
-3.184863573884220145e-01,1.824607119470307026e+01,0.000000000000000000e+00
-6.500361935174000516e-01,1.861460108062673413e+01,0.000000000000000000e+00
-9.956793322910197919e-01,1.899869343659098320e+01,0.000000000000000000e+00
-1.356538439452701139e+00,1.939940348701389183e+01,0.000000000000000000e+00
-1.733894786114835940e+00,1.981850809277775127e+01,0.000000000000000000e+00
-2.129243900386736499e+00,2.025840248020984546e+01,0.000000000000000000e+00
-2.544167485559542197e+00,2.072058137318598270e+01,0.000000000000000000e+00
-2.980002729698305597e+00,2.120382119551763012e+01,0.000000000000000000e+00
-3.437745644064800210e+00,2.170507176728164112e+01,0.000000000000000000e+00
-3.916930324161489896e+00,2.221401573612636327e+01,0.000000000000000000e+00
-4.416227153531786520e+00,2.271951913813908064e+01,0.000000000000000000e+00
-4.935534281414831526e+00,2.321986318670734661e+01,0.000000000000000000e+00
-5.475369827748163942e+00,2.371643231167458410e+01,0.000000000000000000e+00
-6.036264272822724486e+00,2.421013365522098582e+01,0.000000000000000000e+00
-6.618562653492170433e+00,2.470081209591065985e+01,0.000000000000000000e+00
-7.222227240744752308e+00,2.518689959607453588e+01,0.000000000000000000e+00
-7.847265589608217518e+00,2.566724920171053625e+01,0.000000000000000000e+00
-8.493699369938997989e+00,2.614091872057708699e+01,0.000000000000000000e+00
-9.161553104478461051e+00,2.660708218243107481e+01,0.000000000000000000e+00
-9.851849305597593087e+00,2.706773350699909031e+01,0.000000000000000000e+00
-1.056449178623894092e+01,2.752144202637854775e+01,0.000000000000000000e+00
-1.129761364040058602e+01,2.796257499633211197e+01,0.000000000000000000e+00
-1.205274058615233024e+01,2.839447742454694534e+01,0.000000000000000000e+00
-1.283039200625692899e+01,2.881753226965977177e+01,0.000000000000000000e+00
-1.363032221703477198e+01,2.923032032320627138e+01,0.000000000000000000e+00
-1.445247077717009887e+01,2.963195635474436429e+01,0.000000000000000000e+00
-1.529670491303068225e+01,3.002147376192626993e+01,0.000000000000000000e+00
-1.616273965875799945e+01,3.039769222872893195e+01,0.000000000000000000e+00
-1.704977684598965126e+01,3.075861164688633309e+01,0.000000000000000000e+00
-1.795870553190259500e+01,3.110539041942357130e+01,0.000000000000000000e+00
-1.888945187517176549e+01,3.143732718869588538e+01,0.000000000000000000e+00
-1.984185309279304121e+01,3.175360262455667026e+01,0.000000000000000000e+00
-2.081567159511506659e+01,3.205332338758809385e+01,0.000000000000000000e+00
-2.180617348005404921e+01,3.232898167414577273e+01,0.000000000000000000e+00
-2.280214580866250884e+01,3.256483908608444722e+01,0.000000000000000000e+00
-2.380376011833722316e+01,3.276306506611212654e+01,0.000000000000000000e+00
-2.480970762151837761e+01,3.292359402505236687e+01,0.000000000000000000e+00
-2.581886135677291350e+01,3.304663554635472877e+01,0.000000000000000000e+00
-2.682999469288186845e+01,3.313228415609035693e+01,0.000000000000000000e+00
-2.784191240878455886e+01,3.318069913786230529e+01,0.000000000000000000e+00
-2.885340448126459378e+01,3.319204495601587723e+01,0.000000000000000000e+00
-2.986326195377212755e+01,3.316651245948182236e+01,0.000000000000000000e+00
-3.087027428718349142e+01,3.310431621545509984e+01,0.000000000000000000e+00
-3.187323253434899684e+01,3.300569848781422877e+01,0.000000000000000000e+00
-3.287093151804005231e+01,3.287093151804005942e+01,0.000000000000000000e+00
-3.386217280775861127e+01,3.270032017102982280e+01,0.000000000000000000e+00
-3.484576804971309372e+01,3.249420439441119157e+01,0.000000000000000000e+00
-3.582054275649713304e+01,3.225296156689373817e+01,0.000000000000000000e+00
-3.678534052841041557e+01,3.197700866740091286e+01,0.000000000000000000e+00
-3.773902770039935461e+01,3.166680422439426579e+01,0.000000000000000000e+00
-3.868049839038025084e+01,3.132284999255512048e+01,0.000000000000000000e+00
-3.960867991571640800e+01,3.094569230305453189e+01,0.000000000000000000e+00
-4.052253851314804933e+01,3.053592301702916245e+01,0.000000000000000000e+00
-4.142108538157054909e+01,3.009418008585217663e+01,0.000000000000000000e+00
-4.230338235716791928e+01,2.962114721825663466e+01,0.000000000000000000e+00
-4.316855063798845293e+01,2.911755506506678870e+01,0.000000000000000000e+00
-4.401576422684132694e+01,2.858417150930210227e+01,0.000000000000000000e+00
-4.484431142698567641e+01,2.802183581820058933e+01,0.000000000000000000e+00
-4.565338555650362906e+01,2.743132150618466980e+01,0.000000000000000000e+00
-4.644279198751748083e+01,2.681375845591100671e+01,0.000000000000000000e+00
-4.721118486979437989e+01,2.616958710313704373e+01,0.000000000000000000e+00
-4.795513448228852127e+01,2.549819730082742808e+01,0.000000000000000000e+00
-4.867454590404062742e+01,2.480091988069351672e+01,0.000000000000000000e+00
-4.937214505303606416e+01,2.408040410976645873e+01,0.000000000000000000e+00
-5.004600357512846642e+01,2.333683472713484619e+01,0.000000000000000000e+00
-5.069191415252804234e+01,2.256949429390325434e+01,0.000000000000000000e+00
-5.131318939950353553e+01,2.178115663948292990e+01,0.000000000000000000e+00
-5.190825693987791567e+01,2.097229714110047638e+01,0.000000000000000000e+00
-5.247372660016178969e+01,2.014277642608333352e+01,0.000000000000000000e+00
-5.301148765483393532e+01,1.929460358052981306e+01,0.000000000000000000e+00
-5.352197246932708907e+01,1.842909303891859096e+01,0.000000000000000000e+00
-5.400311075035859432e+01,1.754667434063851772e+01,0.000000000000000000e+00
-5.445421923056077418e+01,1.664832555365865119e+01,0.000000000000000000e+00
-5.487567837235567936e+01,1.573534756365743270e+01,0.000000000000000000e+00
-5.526718687226531301e+01,1.480879809036345307e+01,0.000000000000000000e+00
-5.562784456725739801e+01,1.386957938842516569e+01,0.000000000000000000e+00
-5.595689871691629946e+01,1.291866798777079772e+01,0.000000000000000000e+00
-5.625400183199666060e+01,1.195715720958833650e+01,0.000000000000000000e+00
-5.651890125352650074e+01,1.098616149778467665e+01,0.000000000000000000e+00
-5.675136842216495836e+01,1.000679744495406531e+01,0.000000000000000000e+00
-5.695116896541640017e+01,9.020179022415584669e+00,0.000000000000000000e+00
-5.711809267575551985e+01,8.027424421259249598e+00,0.000000000000000000e+00
-5.725196328082839159e+01,7.029657172265735277e+00,0.000000000000000000e+00
-5.735263856472328570e+01,6.028005216814000811e+00,0.000000000000000000e+00
-5.742001046565595601e+01,5.023599975284835928e+00,0.000000000000000000e+00
-5.745400515002178565e+01,4.017575413527064931e+00,0.000000000000000000e+00
-5.745458306278085558e+01,3.011067107953374844e+00,0.000000000000000000e+00
-5.742179561487655803e+01,2.005213288469338995e+00,0.000000000000000000e+00
-5.735595537561978574e+01,1.001151925101389395e+00,0.000000000000000000e+00
-5.725746596624709639e+01,7.012017242285301251e-15,0.000000000000000000e+00
-5.711077447914961880e+01,-9.968722766343299790e-01,0.000000000000000000e+00
-5.653592979744032476e+01,-1.974278172458041603e+00,0.000000000000000000e+00
-5.586957097728423349e+01,-2.928000144415701556e+00,0.000000000000000000e+00
-5.518981081496376362e+01,-3.859247522055861968e+00,0.000000000000000000e+00
-5.453618398881318541e+01,-4.771297850985148692e+00,0.000000000000000000e+00
-5.389501024345045721e+01,-5.664593836273636107e+00,0.000000000000000000e+00
-5.326488850954525134e+01,-6.540105947186697577e+00,0.000000000000000000e+00
-5.264755471569208112e+01,-7.399131284783194040e+00,0.000000000000000000e+00
-5.204139009693010109e+01,-8.242546444213132872e+00,0.000000000000000000e+00
-5.144563737055851504e+01,-9.071253908173163794e+00,0.000000000000000000e+00
-5.085987329924366662e+01,-9.886157894612171759e+00,0.000000000000000000e+00
-5.028345322364116043e+01,-1.068807792611254115e+01,0.000000000000000000e+00
-4.971578910863170364e+01,-1.147779430188977123e+01,0.000000000000000000e+00
-4.915635870133243657e+01,-1.225605674204621209e+01,0.000000000000000000e+00
-4.860465464990765128e+01,-1.302357796183634697e+01,0.000000000000000000e+00
-4.806018141672631572e+01,-1.378103525997746992e+01,0.000000000000000000e+00
-4.752247572438779599e+01,-1.452907888781970591e+01,0.000000000000000000e+00
-4.699108976378629876e+01,-1.526833061170269268e+01,0.000000000000000000e+00
-4.646559431296416420e+01,-1.599938718986880204e+01,0.000000000000000000e+00
-4.594557787966728313e+01,-1.672282274435854177e+01,0.000000000000000000e+00
-4.543064126912528877e+01,-1.743918927181292844e+01,0.000000000000000000e+00
-4.492040374989174012e+01,-1.814902119006018566e+01,0.000000000000000000e+00
-4.441449138590232337e+01,-1.885283306807394865e+01,0.000000000000000000e+00
-4.391254829582014452e+01,-1.955112614629558010e+01,0.000000000000000000e+00
-4.341422208953054707e+01,-2.024438423318999014e+01,0.000000000000000000e+00
-4.291917683265831585e+01,-2.093308121570836988e+01,0.000000000000000000e+00
-4.242707798155449694e+01,-2.161767597928670526e+01,0.000000000000000000e+00
-4.193760539853698077e+01,-2.229862033169946756e+01,0.000000000000000000e+00
-4.145043885969106867e+01,-2.297635344661634349e+01,0.000000000000000000e+00
-4.096527042186305323e+01,-2.365130990548845702e+01,0.000000000000000000e+00
-4.048179080654833939e+01,-2.432391388336683491e+01,0.000000000000000000e+00
-3.999970109009982622e+01,-2.499458729673749247e+01,0.000000000000000000e+00
-3.951869974366297811e+01,-2.566374368682725304e+01,0.000000000000000000e+00
-3.903849366762036510e+01,-2.633179646350906111e+01,0.000000000000000000e+00
-3.855878607079090870e+01,-2.699915267098332805e+01,0.000000000000000000e+00
-3.807928745735653564e+01,-2.766622177391064241e+01,0.000000000000000000e+00
-3.759970277591885690e+01,-2.833340830945490296e+01,0.000000000000000000e+00
-3.711974085134938406e+01,-2.900111998681346392e+01,0.000000000000000000e+00
-3.663910577354251075e+01,-2.966976284595774160e+01,0.000000000000000000e+00
-3.615751070071275564e+01,-3.033975389325662775e+01,0.000000000000000000e+00
-3.567465495538617404e+01,-3.101150442888713954e+01,0.000000000000000000e+00
-3.519022076999110737e+01,-3.168541710103384190e+01,0.000000000000000000e+00
-3.470390461545908067e+01,-3.236191460179800572e+01,0.000000000000000000e+00
-3.421547137264887795e+01,-3.304149662929981446e+01,0.000000000000000000e+00
-3.372372685633028055e+01,-3.372372685633027345e+01,0.000000000000000000e+00
-3.322511005464913580e+01,-3.440560864061701096e+01,0.000000000000000000e+00
-3.271705183486182733e+01,-3.508474267196141483e+01,0.000000000000000000e+00
-3.219965419210655710e+01,-3.576133891892579442e+01,0.000000000000000000e+00
-3.167307005166661327e+01,-3.643569914713514635e+01,0.000000000000000000e+00
-3.113702838888700697e+01,-3.710766544516398113e+01,0.000000000000000000e+00
-3.059140342557113357e+01,-3.777723710465445350e+01,0.000000000000000000e+00
-3.003617105365928808e+01,-3.844454580325119508e+01,0.000000000000000000e+00
-2.947075647126653308e+01,-3.910901476443044089e+01,0.000000000000000000e+00
-2.889462345588652781e+01,-3.977003732350450349e+01,0.000000000000000000e+00
-2.830823976614216875e+01,-4.042835619639377143e+01,0.000000000000000000e+00
-2.771175387976075655e+01,-4.108436467116474944e+01,0.000000000000000000e+00
-2.710462751766961986e+01,-4.173746627170409340e+01,0.000000000000000000e+00
-2.648607063108763882e+01,-4.238657336954962318e+01,0.000000000000000000e+00
-2.585484562527810937e+01,-4.302968909349037574e+01,0.000000000000000000e+00
-2.520917261733520220e+01,-4.366356778999861632e+01,0.000000000000000000e+00
-2.454884832045794241e+01,-4.428729470702084825e+01,0.000000000000000000e+00
-2.387405111078025399e+01,-4.490055975907542773e+01,0.000000000000000000e+00
-2.318433638204908931e+01,-4.550182214657479562e+01,0.000000000000000000e+00
-2.248082810063713310e+01,-4.609252821662006028e+01,0.000000000000000000e+00
-2.176378931226294000e+01,-4.667259679665976790e+01,0.000000000000000000e+00
-2.103247216447391210e+01,-4.723970592752522890e+01,0.000000000000000000e+00
-2.028734434839948264e+01,-4.779398817945804723e+01,0.000000000000000000e+00
-1.952909582696151602e+01,-4.833620834041945358e+01,0.000000000000000000e+00
-1.875808784463456291e+01,-4.886648951862314050e+01,0.000000000000000000e+00
-1.797430177596127976e+01,-4.938398825991662022e+01,0.000000000000000000e+00
-1.717761645074873300e+01,-4.988742054880763277e+01,0.000000000000000000e+00
-1.636820254967074817e+01,-5.037614752027164400e+01,0.000000000000000000e+00
-1.554674685905286857e+01,-5.085111767284309536e+01,0.000000000000000000e+00
-1.471355306680946384e+01,-5.131225748541108800e+01,0.000000000000000000e+00
-1.386880128136271217e+01,-5.175907102212202204e+01,0.000000000000000000e+00
-1.301274632832334888e+01,-5.219127486657784232e+01,0.000000000000000000e+00
-1.214563590398498505e+01,-5.260852889595032877e+01,0.000000000000000000e+00
-1.126773532741445472e+01,-5.301052688698798931e+01,0.000000000000000000e+00
-1.037931985118885514e+01,-5.339697162347379589e+01,0.000000000000000000e+00
-9.480674669136785582e+00,-5.376757788878559552e+01,0.000000000000000000e+00
-8.572095268950176816e+00,-5.412207948827288106e+01,0.000000000000000000e+00
-7.653883874646290941e+00,-5.446021358030315440e+01,0.000000000000000000e+00
-6.726327203975988489e+00,-5.478153893709031763e+01,0.000000000000000000e+00
-5.789782142452625457e+00,-5.508609741384400849e+01,0.000000000000000000e+00
-4.844577879586110747e+00,-5.537377854846984349e+01,0.000000000000000000e+00
-3.891033660686280538e+00,-5.564437377510635230e+01,0.000000000000000000e+00
-2.929454897406959191e+00,-5.589732931795650472e+01,0.000000000000000000e+00
-1.960193163839573760e+00,-5.613258792314861978e+01,0.000000000000000000e+00
-9.835933771754168387e-01,-5.635002683864876616e+01,0.000000000000000000e+00
-1.038797133774104909e-14,-5.654948210359405181e+01,0.000000000000000000e+00
9.902397790321358917e-01,-5.673079894600400053e+01,0.000000000000000000e+00
1.986776380351619187e+00,-5.689383164426273254e+01,0.000000000000000000e+00
2.989258123174105108e+00,-5.703844284318687130e+01,0.000000000000000000e+00
3.997331460094355471e+00,-5.716450312826444247e+01,0.000000000000000000e+00
5.010641150298735802e+00,-5.727189041828300020e+01,0.000000000000000000e+00
6.028830426040848067e+00,-5.736048990605891618e+01,0.000000000000000000e+00
7.051540901839532971e+00,-5.743019195561344503e+01,0.000000000000000000e+00
8.078413369806371591e+00,-5.748089789642403247e+01,0.000000000000000000e+00
9.109084875199350506e+00,-5.751249842809349389e+01,0.000000000000000000e+00
1.014319783124685337e+01,-5.752493345313619244e+01,0.000000000000000000e+00
1.118024341709640979e+01,-5.751736617094914550e+01,0.000000000000000000e+00
1.221966275068040808e+01,-5.748899330452357503e+01,0.000000000000000000e+00
1.326134474287601606e+01,-5.744119481433249774e+01,0.000000000000000000e+00
1.430490115164131559e+01,-5.737382479511801137e+01,0.000000000000000000e+00
1.534996541919903024e+01,-5.728685083887599205e+01,0.000000000000000000e+00
1.639617355751759575e+01,-5.718025248820919160e+01,0.000000000000000000e+00
1.744302395521077642e+01,-5.705356057818276838e+01,0.000000000000000000e+00
1.848892813379719158e+01,-5.690306973740403151e+01,0.000000000000000000e+00
1.952642643164822189e+01,-5.670886004492952992e+01,0.000000000000000000e+00
2.054951324600899554e+01,-5.645932362419348038e+01,0.000000000000000000e+00
2.155622138953606637e+01,-5.615587661799916219e+01,0.000000000000000000e+00
2.254529095162655850e+01,-5.580155324081627555e+01,0.000000000000000000e+00
2.351457740507419203e+01,-5.539687281108984251e+01,0.000000000000000000e+00
2.446202990190937143e+01,-5.494261872403293978e+01,0.000000000000000000e+00
2.538563102044958342e+01,-5.443966140485623129e+01,0.000000000000000000e+00
2.628341578737659390e+01,-5.388898835868416626e+01,0.000000000000000000e+00
2.715359684810619001e+01,-5.329193443634478200e+01,0.000000000000000000e+00
2.799428753338674269e+01,-5.264959744255538965e+01,0.000000000000000000e+00
2.880233060187824989e+01,-5.196077986890397682e+01,0.000000000000000000e+00
2.957538818588735197e+01,-5.122607499152920241e+01,0.000000000000000000e+00
3.031307638332075882e+01,-5.044943107168479202e+01,0.000000000000000000e+00
3.101603293292218666e+01,-4.963602845642977002e+01,0.000000000000000000e+00
3.168064891400991456e+01,-4.878392129359443175e+01,0.000000000000000000e+00
3.230106060327582185e+01,-4.788829169198139368e+01,0.000000000000000000e+00
3.288120175393275701e+01,-4.695922274416439279e+01,0.000000000000000000e+00
3.342031805935588551e+01,-4.599912155329371899e+01,0.000000000000000000e+00
3.391277692392544907e+01,-4.500377500366344918e+01,0.000000000000000000e+00
3.435641753212400573e+01,-4.397420913237368012e+01,0.000000000000000000e+00
3.475038935284045039e+01,-4.291315700030859404e+01,0.000000000000000000e+00
3.509446308804261605e+01,-4.182395246533967992e+01,0.000000000000000000e+00
3.538864269597333845e+01,-4.070997653188029375e+01,0.000000000000000000e+00
3.563209399740738093e+01,-3.957344952309084363e+01,0.000000000000000000e+00
3.582311520993483356e+01,-3.841558784674345617e+01,0.000000000000000000e+00
3.595998058212087756e+01,-3.723764997610647498e+01,0.000000000000000000e+00
3.604097765985979862e+01,-3.604097765985981283e+01,0.000000000000000000e+00
3.606441038369332119e+01,-3.482699627756834815e+01,0.000000000000000000e+00
3.602924060468932765e+01,-3.359781040595639467e+01,0.000000000000000000e+00
3.593634924404133102e+01,-3.235723419663442968e+01,0.000000000000000000e+00
3.578445247519155004e+01,-3.110694995669906859e+01,0.000000000000000000e+00
3.557153921637188887e+01,-2.984806543686582714e+01,0.000000000000000000e+00
3.529559167863416747e+01,-2.858180658352853953e+01,0.000000000000000000e+00
3.495459160455768455e+01,-2.730952000105333610e+01,0.000000000000000000e+00
3.455070044349267278e+01,-2.603582025308230996e+01,0.000000000000000000e+00
3.409980858255281078e+01,-2.477496113206683503e+01,0.000000000000000000e+00
3.362013191628115294e+01,-2.354106980338494282e+01,0.000000000000000000e+00
3.312030330032329317e+01,-2.233992665647242504e+01,0.000000000000000000e+00
3.260375948864331974e+01,-2.117312897871034849e+01,0.000000000000000000e+00
3.207052118882021574e+01,-2.003988579065248743e+01,0.000000000000000000e+00
3.151950009484878734e+01,-1.893882633843010410e+01,0.000000000000000000e+00
3.095228777042271417e+01,-1.787031167628833828e+01,0.000000000000000000e+00
3.037192294414970561e+01,-1.683543179796820510e+01,0.000000000000000000e+00
2.978255800323894675e+01,-1.583566698932720840e+01,0.000000000000000000e+00
2.918293207328966332e+01,-1.486944658220830640e+01,0.000000000000000000e+00
2.856858032637649458e+01,-1.393382763423533532e+01,0.000000000000000000e+00
2.794577534672156105e+01,-1.303132905725544610e+01,0.000000000000000000e+00
2.731801801298606946e+01,-1.216276524515669522e+01,0.000000000000000000e+00
2.668067594861173930e+01,-1.132527501963502203e+01,0.000000000000000000e+00
2.603821080532222254e+01,-1.052012003917454663e+01,0.000000000000000000e+00
2.539259182468779485e+01,-9.747302757831985076e+00,0.000000000000000000e+00
2.473811510468765107e+01,-9.003937549957438335e+00,0.000000000000000000e+00
2.408938170243941812e+01,-8.294639307224722202e+00,0.000000000000000000e+00
2.346555523556131106e+01,-7.624421079075071717e+00,0.000000000000000000e+00
2.287808892155465657e+01,-6.994533716458721351e+00,0.000000000000000000e+00
2.232611145008532105e+01,-6.401909440248869210e+00,0.000000000000000000e+00
2.180488303163583197e+01,-5.842600799381909127e+00,0.000000000000000000e+00
2.131182660637868409e+01,-5.313635164708562009e+00,0.000000000000000000e+00
2.084465865308026622e+01,-4.812368637866465626e+00,0.000000000000000000e+00
2.040110693911839945e+01,-4.336389145241447807e+00,0.000000000000000000e+00
1.997905929885706655e+01,-3.883535722792642808e+00,0.000000000000000000e+00
1.957682318343639238e+01,-3.451922123798837561e+00,0.000000000000000000e+00
1.919275635475556641e+01,-3.039833973533152545e+00,0.000000000000000000e+00
1.882549653545670409e+01,-2.645750996780071862e+00,0.000000000000000000e+00
1.847372991467620196e+01,-2.268288815812382175e+00,0.000000000000000000e+00
1.813625952266835739e+01,-1.906197687709899169e+00,0.000000000000000000e+00
1.781210162938389274e+01,-1.558356966142732780e+00,0.000000000000000000e+00
1.750025472410388971e+01,-1.223737021055932850e+00,0.000000000000000000e+00
1.719983563285421013e+01,-9.014051895512200652e-01,0.000000000000000000e+00
1.691011087470063501e+01,-5.905140839353150151e-01,0.000000000000000000e+00
1.663032561215586469e+01,-2.902834133375961079e-01,0.000000000000000000e+00
1.635977218291318636e+01,-4.006988527716908276e-15,0.000000000000000000e+00
