1.660384289008977632e+01,0.000000000000000000e+00,0.000000000000000000e+00
1.634515804140536233e+01,2.853057948747084183e-01,0.000000000000000000e+00
1.609425965523021773e+01,5.620239315606295749e-01,0.000000000000000000e+00
1.585065520096999947e+01,8.306976392640248452e-01,0.000000000000000000e+00
1.561388884842017433e+01,1.091829469210351844e+00,0.000000000000000000e+00
1.538353807852493738e+01,1.345885186790307664e+00,0.000000000000000000e+00
1.515921107953971614e+01,1.593297287745991442e+00,0.000000000000000000e+00
1.494054336101794789e+01,1.834468056233395261e+00,0.000000000000000000e+00
1.472719483052051714e+01,2.069772254306097459e+00,0.000000000000000000e+00
1.451884793031085152e+01,2.299559603599336199e+00,0.000000000000000000e+00
1.431520682448005921e+01,2.524157197577781453e+00,0.000000000000000000e+00
1.411599389642518254e+01,2.743871257373274197e+00,0.000000000000000000e+00
1.392094797278223695e+01,2.958988836281856383e+00,0.000000000000000000e+00
1.372982515965062866e+01,3.169779899078786656e+00,0.000000000000000000e+00
1.354239523584462468e+01,3.376498357866145383e+00,0.000000000000000000e+00
1.335844045673351488e+01,3.579383332520982730e+00,0.000000000000000000e+00
1.317775698273255891e+01,3.778661009449471919e+00,0.000000000000000000e+00
1.300015041897646029e+01,3.974544846658762953e+00,0.000000000000000000e+00
1.282543739276519013e+01,4.167237221711423523e+00,0.000000000000000000e+00
1.265344433216147380e+01,4.356930286786801609e+00,0.000000000000000000e+00
1.248400486187206582e+01,4.543806174155983868e+00,0.000000000000000000e+00
1.231696260319177760e+01,4.728038964241513931e+00,0.000000000000000000e+00
1.215216635943545143e+01,4.909793909923662270e+00,0.000000000000000000e+00
1.198947346569668149e+01,5.089229545801531529e+00,0.000000000000000000e+00
1.182874613209445158e+01,5.266497089240844254e+00,0.000000000000000000e+00
1.166985293692932224e+01,5.441741794032744828e+00,0.000000000000000000e+00
1.151266751217742268e+01,5.615103127012391226e+00,0.000000000000000000e+00
1.135706791981171548e+01,5.786715136780822277e+00,0.000000000000000000e+00
1.120293729551357487e+01,5.956707422336706692e+00,0.000000000000000000e+00
1.105016174948461938e+01,6.125204677756490135e+00,0.000000000000000000e+00
1.089863222436468071e+01,6.292328248535676849e+00,0.000000000000000000e+00
1.074824160536551965e+01,6.458195104457705504e+00,0.000000000000000000e+00
1.059888717891501919e+01,6.622919762448708170e+00,0.000000000000000000e+00
1.045046743810024914e+01,6.786612906765636666e+00,0.000000000000000000e+00
1.030288474229258711e+01,6.949383506722240256e+00,0.000000000000000000e+00
1.015604211398554035e+01,7.111337246587951633e+00,0.000000000000000000e+00
1.000984585706547136e+01,7.272578713936335149e+00,0.000000000000000000e+00
9.864202523562356717e+00,7.433209762664616527e+00,0.000000000000000000e+00
9.719021334611751328e+00,7.593331672444293190e+00,0.000000000000000000e+00
9.574211436842301026e+00,7.753043551987922832e+00,0.000000000000000000e+00
9.429684012824848693e+00,7.912444377279623353e+00,0.000000000000000000e+00
9.285349915431440948e+00,8.071631537467570894e+00,0.000000000000000000e+00
9.141121383075123674e+00,8.230702662738305975e+00,0.000000000000000000e+00
8.996910112396554027e+00,8.389754408434269450e+00,0.000000000000000000e+00
8.852628525263765980e+00,8.548883994384118168e+00,0.000000000000000000e+00
8.708188304874093788e+00,8.708188304874092012e+00,0.000000000000000000e+00
8.563501201204967828e+00,8.867765086029697486e+00,0.000000000000000000e+00
8.418478012817326217e+00,9.027712406976069914e+00,0.000000000000000000e+00
8.273028962246279150e+00,9.188129501015088962e+00,0.000000000000000000e+00
8.127063060353679091e+00,9.349116588123765226e+00,0.000000000000000000e+00
7.980488127441563329e+00,9.510775396533921011e+00,0.000000000000000000e+00
7.833210434171378189e+00,9.673209291698928070e+00,0.000000000000000000e+00
7.685134483823564899e+00,9.836523574848447637e+00,0.000000000000000000e+00
7.536162786094404709e+00,1.000082580017502210e+01,0.000000000000000000e+00
7.386195550130683962e+00,1.016622601626450795e+01,0.000000000000000000e+00
7.235130414161058177e+00,1.033283707950336527e+01,0.000000000000000000e+00
7.082862229115033159e+00,1.050077508623909139e+01,0.000000000000000000e+00
6.929282537331108216e+00,1.067015940360838577e+01,0.000000000000000000e+00
6.774279650278274723e+00,1.084111363372045567e+01,0.000000000000000000e+00
6.617737652130493586e+00,1.101376499401926878e+01,0.000000000000000000e+00
6.459536973029654128e+00,1.118824623065703072e+01,0.000000000000000000e+00
6.299552723150444677e+00,1.136469394941354238e+01,0.000000000000000000e+00
6.137655877699893736e+00,1.154325184437865559e+01,0.000000000000000000e+00
5.973710910603277746e+00,1.172406779000073129e+01,0.000000000000000000e+00
5.807577420873086815e+00,1.190729829628526915e+01,0.000000000000000000e+00
5.639107473511850266e+00,1.209310500244333575e+01,0.000000000000000000e+00
5.468146917612905611e+00,1.228165906206957381e+01,0.000000000000000000e+00
5.294533402215209072e+00,1.247313904154157527e+01,0.000000000000000000e+00
5.118096293351160675e+00,1.266773285019213446e+01,0.000000000000000000e+00
4.938656223842182058e+00,1.286563932301324797e+01,0.000000000000000000e+00
4.756023255059452559e+00,1.306706649967691369e+01,0.000000000000000000e+00
4.569997406752709601e+00,1.327223617964151714e+01,0.000000000000000000e+00
4.380366538318860137e+00,1.348138198177730729e+01,0.000000000000000000e+00
4.186905664703602703e+00,1.369475135674185751e+01,0.000000000000000000e+00
3.989376286008497363e+00,1.391260848174243669e+01,0.000000000000000000e+00
3.787524276620903851e+00,1.413523303524977237e+01,0.000000000000000000e+00
3.581078939178353959e+00,1.436292313074330096e+01,0.000000000000000000e+00
3.369751647348963264e+00,1.459599796282132900e+01,0.000000000000000000e+00
3.153233635672600510e+00,1.483479790460552117e+01,0.000000000000000000e+00
2.931194225571384315e+00,1.507968702475223921e+01,0.000000000000000000e+00
2.703278930276676650e+00,1.533105665063371958e+01,0.000000000000000000e+00
2.469106859766919015e+00,1.558932717574792015e+01,0.000000000000000000e+00
2.228268005227675097e+00,1.585495069775442722e+01,0.000000000000000000e+00
1.980320299887675217e+00,1.612841456063576473e+01,0.000000000000000000e+00
1.724786279026244484e+00,1.641024526429814046e+01,0.000000000000000000e+00
1.461149286866979535e+00,1.670101277103201909e+01,0.000000000000000000e+00
1.188849153269953440e+00,1.700133497048813069e+01,0.000000000000000000e+00
9.072773444235073814e-01,1.731188302262396661e+01,0.000000000000000000e+00
6.157714596101482307e-01,1.763338748178678372e+01,0.000000000000000000e+00
3.136089591493707585e-01,1.796664523672998826e+01,0.000000000000000000e+00
1.121318904304205400e-15,1.831252741745475277e+01,0.000000000000000000e+00
-3.259207705139779976e-01,1.867198843741338266e+01,0.000000000000000000e+00
-6.651036421029520307e-01,1.904607635464991588e+01,0.000000000000000000e+00
-1.018594704283056318e+00,1.943594478182117413e+01,0.000000000000000000e+00
-1.387548431401867566e+00,1.984286703250224093e+01,0.000000000000000000e+00
-1.773242307247193006e+00,2.026825231730460075e+01,0.000000000000000000e+00
-2.177093801556635011e+00,2.071366387903879769e+01,0.000000000000000000e+00
-2.600680227849583748e+00,2.118084072399092932e+01,0.000000000000000000e+00
-3.045762532854421334e+00,2.167172650784460330e+01,0.000000000000000000e+00
-3.514314590511015357e+00,2.218850906888350139e+01,0.000000000000000000e+00
-4.008561055317950483e+00,2.273367943585227735e+01,0.000000000000000000e+00
-4.530251095712785947e+00,2.330612146780310923e+01,0.000000000000000000e+00
-5.077432032678133034e+00,2.388743961976796371e+01,0.000000000000000000e+00
-5.647557558611574713e+00,2.446225931375718332e+01,0.000000000000000000e+00
-6.241667446072324488e+00,2.503396078617824116e+01,0.000000000000000000e+00
-6.860058435952969269e+00,2.560208662586796180e+01,0.000000000000000000e+00
-7.503200541651898980e+00,2.616676994399177758e+01,0.000000000000000000e+00
-8.171520688792847764e+00,2.672783984193542040e+01,0.000000000000000000e+00
-8.865685865457100689e+00,2.728577543388466253e+01,0.000000000000000000e+00
-9.582634148297866972e+00,2.782999033027447666e+01,0.000000000000000000e+00
-1.032642642996447613e+01,2.837162343998680925e+01,0.000000000000000000e+00
-1.109601670230375348e+01,2.890611177283128796e+01,0.000000000000000000e+00
-1.188956977831796280e+01,2.942771785109049176e+01,0.000000000000000000e+00
-1.271085033218204075e+01,2.994488682670271018e+01,0.000000000000000000e+00
-1.355587793652622430e+01,3.044700034799471311e+01,0.000000000000000000e+00
-1.442746219688523368e+01,3.093979252661043233e+01,0.000000000000000000e+00
-1.532635825317371925e+01,3.142369120390262083e+01,0.000000000000000000e+00
-1.624798390230935041e+01,3.188846389995090291e+01,0.000000000000000000e+00
-1.719666153291128552e+01,3.234221646054950128e+01,0.000000000000000000e+00
-1.817203065459523970e+01,3.278321111114605202e+01,0.000000000000000000e+00
-1.917322957758253565e+01,3.320900777355532796e+01,0.000000000000000000e+00
-2.019940364906514318e+01,3.361745304885530317e+01,0.000000000000000000e+00
-2.125024679308206643e+01,3.400750369361308856e+01,0.000000000000000000e+00
-2.232086271790243259e+01,3.437111446141309301e+01,0.000000000000000000e+00
-2.339952487948631088e+01,3.469122226806919684e+01,0.000000000000000000e+00
-2.448415446689774200e+01,3.496699639866606901e+01,0.000000000000000000e+00
-2.557316819490032955e+01,3.519844635262925436e+01,0.000000000000000000e+00
-2.666502014351691585e+01,3.538567689985803355e+01,0.000000000000000000e+00
-2.775817815313371639e+01,3.552884785202823537e+01,0.000000000000000000e+00
-2.885112340440137757e+01,3.562817025493714596e+01,0.000000000000000000e+00
-2.994235273060833791e+01,3.568390643742553436e+01,0.000000000000000000e+00
-3.103034523899782826e+01,3.569632882810395103e+01,0.000000000000000000e+00
-3.211364213748468899e+01,3.566581285463661288e+01,0.000000000000000000e+00
-3.319096792423295028e+01,3.559295545738032018e+01,0.000000000000000000e+00
-3.426062354489683059e+01,3.547791425010761657e+01,0.000000000000000000e+00
-3.532126682727008671e+01,3.532126682727008671e+01,0.000000000000000000e+00
-3.637148581724147789e+01,3.512353557676478033e+01,0.000000000000000000e+00
-3.740993460059262077e+01,3.488532838647592627e+01,0.000000000000000000e+00
-3.843539993105209618e+01,3.460738954212425256e+01,0.000000000000000000e+00
-3.944687500209313669e+01,3.429064528761400510e+01,0.000000000000000000e+00
-4.044358050361308443e+01,3.393619348407037961e+01,0.000000000000000000e+00
-4.142480756682645904e+01,3.354514774579180880e+01,0.000000000000000000e+00
-4.238923599244343876e+01,3.311810079949727736e+01,0.000000000000000000e+00
-4.332914682246557447e+01,3.265085407556753694e+01,0.000000000000000000e+00
-4.425028353611705256e+01,3.214971286528449212e+01,0.000000000000000000e+00
-4.515415319149926177e+01,3.161727844616382654e+01,0.000000000000000000e+00
-4.603072626482955343e+01,3.104811690206991770e+01,0.000000000000000000e+00
-4.688472112940933556e+01,3.044729390638617161e+01,0.000000000000000000e+00
-4.771648079316440061e+01,2.981656642861851481e+01,0.000000000000000000e+00
-4.851828160894896058e+01,2.915272472170657991e+01,0.000000000000000000e+00
-4.929666193174464439e+01,2.846144103644274281e+01,0.000000000000000000e+00
-5.004674922721169139e+01,2.774136609243031870e+01,0.000000000000000000e+00
-5.076519869661458273e+01,2.699233494715900861e+01,0.000000000000000000e+00
-5.145778785479244988e+01,2.621905248670208977e+01,0.000000000000000000e+00
-5.212173059742158188e+01,2.542146658481288313e+01,0.000000000000000000e+00
-5.274872480986341827e+01,2.459713433674988892e+01,0.000000000000000000e+00
-5.334531339057137700e+01,2.375086374825596636e+01,0.000000000000000000e+00
-5.390967110198501189e+01,2.288329773293535396e+01,0.000000000000000000e+00
-5.444100711872220444e+01,2.199559463684225236e+01,0.000000000000000000e+00
-5.493904845176010099e+01,2.108912481969884212e+01,0.000000000000000000e+00
-5.540292107424479440e+01,2.016501416242480715e+01,0.000000000000000000e+00
-5.582883464683128949e+01,1.922340938668681076e+01,0.000000000000000000e+00
-5.621853000088926677e+01,1.826650769054947787e+01,0.000000000000000000e+00
-5.657277992898779218e+01,1.729603455970028136e+01,0.000000000000000000e+00
-5.689082939070784306e+01,1.631318281977707940e+01,0.000000000000000000e+00
-5.717123299683338189e+01,1.531898571179307567e+01,0.000000000000000000e+00
-5.741370145806028802e+01,1.431484352037278462e+01,0.000000000000000000e+00
-5.761873101832082966e+01,1.330233220515009052e+01,0.000000000000000000e+00
-5.778627637989653465e+01,1.228285221902441826e+01,0.000000000000000000e+00
-5.791566981983307016e+01,1.125766580349719348e+01,0.000000000000000000e+00
-5.800624579087828181e+01,1.022806618253866873e+01,0.000000000000000000e+00
-5.805737591015338239e+01,9.195384990240867751e+00,0.000000000000000000e+00
-5.806847053078583087e+01,8.160991318287878826e+00,0.000000000000000000e+00
-5.804053857076057454e+01,7.126482042978938836e+00,0.000000000000000000e+00
-5.797944348677309989e+01,6.093885068806808469e+00,0.000000000000000000e+00
-5.788690545509354024e+01,5.064447993917680080e+00,0.000000000000000000e+00
-5.776323709660199057e+01,4.039199017702504335e+00,0.000000000000000000e+00
-5.760878177447091275e+01,3.019148320001357355e+00,0.000000000000000000e+00
-5.742391284590371470e+01,2.005287223805999108e+00,0.000000000000000000e+00
-5.720903289270312087e+01,9.985873836226641931e-01,0.000000000000000000e+00
-5.696457293144645462e+01,6.976148190529185151e-15,0.000000000000000000e+00
-5.666784910355897154e+01,-9.891409854450403660e-01,0.000000000000000000e+00
-5.656992123386311277e+01,-1.975465179574054986e+00,0.000000000000000000e+00
-5.645709810359022640e+01,-2.958791136373945641e+00,0.000000000000000000e+00
-5.632951753414542395e+01,-3.938943579478832557e+00,0.000000000000000000e+00
-5.618731803662252844e+01,-4.915753362130137027e+00,0.000000000000000000e+00
-5.603063858116710350e+01,-5.889057419521050996e+00,0.000000000000000000e+00
-5.585961836859382146e+01,-6.858698713591631524e+00,0.000000000000000000e+00
-5.567439660448128791e+01,-7.824526170345793119e+00,0.000000000000000000e+00
-5.547511227596529437e+01,-8.786394609769567765e+00,0.000000000000000000e+00
-5.526190393144929658e+01,-9.744164668433711540e+00,0.000000000000000000e+00
-5.503490946344921042e+01,-1.069770271487160151e+01,0.000000000000000000e+00
-5.479412520065702097e+01,-1.164685085236835071e+01,0.000000000000000000e+00
-5.453866321453080701e+01,-1.259124252274501465e+01,0.000000000000000000e+00
-5.426730839217364633e+01,-1.353035962109562362e+01,0.000000000000000000e+00
-5.397887006472828375e+01,-1.446359464218842383e+01,0.000000000000000000e+00
-5.367248703773897489e+01,-1.539033800027107013e+01,0.000000000000000000e+00
-5.334847052237294207e+01,-1.631026424758231386e+01,0.000000000000000000e+00
-5.300740937339409697e+01,-1.722315135169653999e+01,0.000000000000000000e+00
-5.264984967219567835e+01,-1.812879707768680859e+01,0.000000000000000000e+00
-5.227613092913458814e+01,-1.902695562080777947e+01,0.000000000000000000e+00
-5.188652862068605742e+01,-1.991737224031714959e+01,0.000000000000000000e+00
-5.148115092300707119e+01,-2.079973510907264611e+01,0.000000000000000000e+00
-5.105978338285326856e+01,-2.167359216713885672e+01,0.000000000000000000e+00
-5.062227754646012556e+01,-2.253849007933424531e+01,0.000000000000000000e+00
-5.016904943834536112e+01,-2.339421195545716259e+01,0.000000000000000000e+00
-4.970069690984337285e+01,-2.424064955736519167e+01,0.000000000000000000e+00
-4.921744124103619811e+01,-2.507753887130456860e+01,0.000000000000000000e+00
-4.871927859765720825e+01,-2.590449993411756680e+01,0.000000000000000000e+00
-4.820644526382422157e+01,-2.672126894810022435e+01,0.000000000000000000e+00
-4.767932827560691322e+01,-2.752767301470219508e+01,0.000000000000000000e+00
-4.713803636261549457e+01,-2.832338970858479144e+01,0.000000000000000000e+00
-4.658249922331717130e+01,-2.910797609999093893e+01,0.000000000000000000e+00
-4.601254987844096433e+01,-2.988089927343875729e+01,0.000000000000000000e+00
-4.542850236061607916e+01,-3.064191174963181652e+01,0.000000000000000000e+00
-4.483195069067683391e+01,-3.139166982625789970e+01,0.000000000000000000e+00
-4.422289682481502382e+01,-3.212981525482135226e+01,0.000000000000000000e+00
-4.359993152414813267e+01,-3.285490498422629457e+01,0.000000000000000000e+00
-4.296441605424488586e+01,-3.356748071443594483e+01,0.000000000000000000e+00
-4.231720384257763357e+01,-3.426779600117778557e+01,0.000000000000000000e+00
-4.165712390947059163e+01,-3.495447730834302291e+01,0.000000000000000000e+00
-4.098573903438453669e+01,-3.562835938218732679e+01,0.000000000000000000e+00
-4.030347130631173513e+01,-3.628940856344503629e+01,0.000000000000000000e+00
-3.960831319638851511e+01,-3.693534959209770818e+01,0.000000000000000000e+00
-3.890270242011352764e+01,-3.756790303676363152e+01,0.000000000000000000e+00
-3.818727832183213167e+01,-3.818727832183211746e+01,0.000000000000000000e+00
-3.746091178633064800e+01,-3.879190973697978961e+01,0.000000000000000000e+00
-3.672512864366404273e+01,-3.938287882909648374e+01,0.000000000000000000e+00
-3.598299193607483204e+01,-3.996316116520261374e+01,0.000000000000000000e+00
-3.523582042695996819e+01,-4.053417462168741281e+01,0.000000000000000000e+00
-3.448283030737951549e+01,-4.109503690163602130e+01,0.000000000000000000e+00
-3.372333424421680803e+01,-4.164484956706449736e+01,0.000000000000000000e+00
-3.295837291147942949e+01,-4.218479361874715039e+01,0.000000000000000000e+00
-3.218827738348778666e+01,-4.271528681863882326e+01,0.000000000000000000e+00
-3.141283992308997597e+01,-4.323606494079611906e+01,0.000000000000000000e+00
-3.063182794514318985e+01,-4.374678402272361666e+01,0.000000000000000000e+00
-2.984476814024871771e+01,-4.424668835904526532e+01,0.000000000000000000e+00
-2.905241047083685402e+01,-4.473678899840160739e+01,0.000000000000000000e+00
-2.825494056436635404e+01,-4.521735700115809209e+01,0.000000000000000000e+00
-2.745228035737325811e+01,-4.568826694251043818e+01,0.000000000000000000e+00
-2.664439585057035487e+01,-4.614944735016516830e+01,0.000000000000000000e+00
-2.583099222020756969e+01,-4.660034353129911011e+01,0.000000000000000000e+00
-2.501200079014324373e+01,-4.704073183728576879e+01,0.000000000000000000e+00
-2.418783726711107462e+01,-4.747130352588115443e+01,0.000000000000000000e+00
-2.335858178053898015e+01,-4.789218995848319338e+01,0.000000000000000000e+00
-2.252419152888478493e+01,-4.830328461257612105e+01,0.000000000000000000e+00
-2.168466153351178249e+01,-4.870454723393367402e+01,0.000000000000000000e+00
-2.084001916540368171e+01,-4.909600845462860264e+01,0.000000000000000000e+00
-1.999021005829259678e+01,-4.947750611231017359e+01,0.000000000000000000e+00
-1.913486688744576369e+01,-4.984803248285641075e+01,0.000000000000000000e+00
-1.827438771079512492e+01,-5.020846758976854574e+01,0.000000000000000000e+00
-1.740883202503631111e+01,-5.055891933474168098e+01,0.000000000000000000e+00
-1.653817936870617800e+01,-5.089928237791840360e+01,0.000000000000000000e+00
-1.566243480492283524e+01,-5.122951589351892920e+01,0.000000000000000000e+00
-1.478159464030558468e+01,-5.154954665160312288e+01,0.000000000000000000e+00
-1.389565957804967233e+01,-5.185930754996251579e+01,0.000000000000000000e+00
-1.300463067157028085e+01,-5.215872474520952551e+01,0.000000000000000000e+00
-1.210851045099670742e+01,-5.244772089200973397e+01,0.000000000000000000e+00
-1.120730327916493962e+01,-5.272621645321586925e+01,0.000000000000000000e+00
-1.030101411798161593e+01,-5.299412354922900903e+01,0.000000000000000000e+00
-9.389651796992302124e+00,-5.325136152882321028e+01,0.000000000000000000e+00
-8.473223214775035927e+00,-5.349782590646556457e+01,0.000000000000000000e+00
-7.551701168702041223e+00,-5.373314584827614482e+01,0.000000000000000000e+00
-6.625136504876484089e+00,-5.395740682833501722e+01,0.000000000000000000e+00
-5.693566016347341829e+00,-5.417066212370489353e+01,0.000000000000000000e+00
-4.757004547739691169e+00,-5.437281078513818500e+01,0.000000000000000000e+00
-3.815468632011318473e+00,-5.456374351934686473e+01,0.000000000000000000e+00
-2.868977395694810806e+00,-5.474334984125469106e+01,0.000000000000000000e+00
-1.917552368029927345e+00,-5.491151529415853361e+01,0.000000000000000000e+00
-9.612176536641476865e-01,-5.506812249722766950e+01,0.000000000000000000e+00
-1.014247290990903130e-14,-5.521305090834144380e+01,0.000000000000000000e+00
9.660711134545887369e-01,-5.534617702239964387e+01,0.000000000000000000e+00
1.936963392418892704e+00,-5.546737430504236954e+01,0.000000000000000000e+00
2.912641661665209103e+00,-5.557651366860556408e+01,0.000000000000000000e+00
3.893067731724608294e+00,-5.567346234616822898e+01,0.000000000000000000e+00
4.878200523986969905e+00,-5.575808713252904880e+01,0.000000000000000000e+00
5.867980582953932434e+00,-5.583010587652547940e+01,0.000000000000000000e+00
6.862320066183052347e+00,-5.588911191863621752e+01,0.000000000000000000e+00
7.861194618909508769e+00,-5.593530617315838782e+01,0.000000000000000000e+00
8.864544804568692982e+00,-5.596853318675044164e+01,0.000000000000000000e+00
9.872309795014967193e+00,-5.598865105810235576e+01,0.000000000000000000e+00
1.088442415364665727e+01,-5.599550799116732946e+01,0.000000000000000000e+00
1.190081933894985156e+01,-5.598895298948716004e+01,0.000000000000000000e+00
1.292142299868015520e+01,-5.596883198020353944e+01,0.000000000000000000e+00
1.394615922387954399e+01,-5.593498951119120477e+01,0.000000000000000000e+00
1.497494798853714215e+01,-5.588726673392188360e+01,0.000000000000000000e+00
1.600770690267191654e+01,-5.582550826514981424e+01,0.000000000000000000e+00
1.704434399859008309e+01,-5.574953719813282760e+01,0.000000000000000000e+00
1.808478333893038936e+01,-5.565923995560741133e+01,0.000000000000000000e+00
1.912888714916428512e+01,-5.555432213643624806e+01,0.000000000000000000e+00
2.017647964624050871e+01,-5.543442223213169484e+01,0.000000000000000000e+00
2.122121054580777866e+01,-5.528314353244875434e+01,0.000000000000000000e+00
2.225189194755971656e+01,-5.507536522304499726e+01,0.000000000000000000e+00
2.326589408597488529e+01,-5.481101162544884176e+01,0.000000000000000000e+00
2.426062848438859376e+01,-5.449026373396483791e+01,0.000000000000000000e+00
2.523377721813128005e+01,-5.411400987487893843e+01,0.000000000000000000e+00
2.618300004742826914e+01,-5.368310558131307886e+01,0.000000000000000000e+00
2.710606195462557721e+01,-5.319864195502165671e+01,0.000000000000000000e+00
2.800078007511894285e+01,-5.266180813761850743e+01,0.000000000000000000e+00
2.886523420527022665e+01,-5.207426097340174920e+01,0.000000000000000000e+00
2.969733236005609811e+01,-5.143728849687650495e+01,0.000000000000000000e+00
3.049348305901238021e+01,-5.074967820051741541e+01,0.000000000000000000e+00
3.125061862800983192e+01,-5.001144404429763313e+01,0.000000000000000000e+00
3.196949241649825524e+01,-4.922870128310172078e+01,0.000000000000000000e+00
3.264934908984463391e+01,-4.840465060795069263e+01,0.000000000000000000e+00
3.328676124381623680e+01,-4.753842172125683163e+01,0.000000000000000000e+00
3.387760255576662871e+01,-4.662851966666522685e+01,0.000000000000000000e+00
3.442084853626239038e+01,-4.567800880582752399e+01,0.000000000000000000e+00
3.491630335080692049e+01,-4.469083030098044418e+01,0.000000000000000000e+00
3.536284862587182687e+01,-4.366948121506856495e+01,0.000000000000000000e+00
3.575883168222459574e+01,-4.261571612426282485e+01,0.000000000000000000e+00
3.610189153305454823e+01,-4.153047546054563810e+01,0.000000000000000000e+00
3.638973744552639289e+01,-4.041489781835015549e+01,0.000000000000000000e+00
3.662075556657057263e+01,-3.927095240705254753e+01,0.000000000000000000e+00
3.679359140444030629e+01,-3.810087925252214092e+01,0.000000000000000000e+00
3.690696334088638508e+01,-3.690696334088639929e+01,0.000000000000000000e+00
3.695966383946853284e+01,-3.569153249041772114e+01,0.000000000000000000e+00
3.695056062672360042e+01,-3.445695522566402502e+01,0.000000000000000000e+00
3.687967736113854045e+01,-3.320661064836861698e+01,0.000000000000000000e+00
3.674459577269106347e+01,-3.194158979161853296e+01,0.000000000000000000e+00
3.653836886147912821e+01,-3.065933183548656871e+01,0.000000000000000000e+00
3.627601113664722021e+01,-2.937573460646121148e+01,0.000000000000000000e+00
3.594700664710082805e+01,-2.808487960932134797e+01,0.000000000000000000e+00
3.554839532408421121e+01,-2.678763727111888926e+01,0.000000000000000000e+00
3.509412415693225284e+01,-2.549737368311157582e+01,0.000000000000000000e+00
3.461291609380862155e+01,-2.423622476830500005e+01,0.000000000000000000e+00
3.411050540245435059e+01,-2.300782640775510046e+01,0.000000000000000000e+00
3.358936365497824994e+01,-2.181318780821535697e+01,0.000000000000000000e+00
3.305230384522635489e+01,-2.065337168287680925e+01,0.000000000000000000e+00
3.249552236573084230e+01,-1.952527968429698291e+01,0.000000000000000000e+00
3.192456321401171948e+01,-1.843165516537091619e+01,0.000000000000000000e+00
3.133960367738949770e+01,-1.737182598731947536e+01,0.000000000000000000e+00
3.074101628678971565e+01,-1.634528829854522414e+01,0.000000000000000000e+00
3.012992149431299538e+01,-1.535196179262168847e+01,0.000000000000000000e+00
2.950792879350779785e+01,-1.439197849367465842e+01,0.000000000000000000e+00
2.887688876234330593e+01,-1.346551437357072345e+01,0.000000000000000000e+00
2.823582874641007834e+01,-1.257140091136113114e+01,0.000000000000000000e+00
2.758690868916473704e+01,-1.170994799562438260e+01,0.000000000000000000e+00
2.693195258579843454e+01,-1.088121515761154257e+01,0.000000000000000000e+00
2.627051878123598883e+01,-1.008430734183893662e+01,0.000000000000000000e+00
2.560427268654030186e+01,-9.319193127935795573e+00,0.000000000000000000e+00
2.493406417764111183e+01,-8.585486807898529804e+00,0.000000000000000000e+00
2.428188594155220770e+01,-7.889663004091227450e+00,0.000000000000000000e+00
2.366816961702157229e+01,-7.236085625891153228e+00,0.000000000000000000e+00
2.309075586404257407e+01,-6.621167697697360133e+00,0.000000000000000000e+00
2.254619287246619663e+01,-6.041234172573649808e+00,0.000000000000000000e+00
2.203144961348784037e+01,-5.493057331871091797e+00,0.000000000000000000e+00
2.154385316225982194e+01,-4.973790409445675742e+00,0.000000000000000000e+00
2.108103629118830469e+01,-4.480912590495952585e+00,0.000000000000000000e+00
2.064089541736243305e+01,-4.012183632106222753e+00,0.000000000000000000e+00
2.022155445206682245e+01,-3.565605641764780565e+00,0.000000000000000000e+00
1.982133512621053129e+01,-3.139391070449931931e+00,0.000000000000000000e+00
1.943873036413224042e+01,-2.731935390929875140e+00,0.000000000000000000e+00
1.907238414845332741e+01,-2.341794313039371911e+00,0.000000000000000000e+00
1.872107227355428805e+01,-1.967663984665381394e+00,0.000000000000000000e+00
1.838368642705112777e+01,-1.608364156182374938e+00,0.000000000000000000e+00
1.805922079205144826e+01,-1.262823736172105082e+00,0.000000000000000000e+00
1.774676035313696687e+01,-9.300682995762380445e-01,0.000000000000000000e+00
1.744547071718867315e+01,-6.092092615899781238e-01,0.000000000000000000e+00
1.715458926302768106e+01,-2.994344694030685039e-01,0.000000000000000000e+00
1.687341743981000519e+01,-4.132795331668090241e-15,0.000000000000000000e+00
