1.657785103522518000e+01,0.000000000000000000e+00,0.000000000000000000e+00
1.633007391692514076e+01,2.850425005025207792e-01,0.000000000000000000e+00
1.608946117872572046e+01,5.618563650687045108e-01,0.000000000000000000e+00
1.585555089333914935e+01,8.309542116291448455e-01,0.000000000000000000e+00
1.562792017043789627e+01,1.092810634826404170e+00,0.000000000000000000e+00
1.540621619022916988e+01,1.347869264474602424e+00,0.000000000000000000e+00
1.519007839224057577e+01,1.596541573042121742e+00,0.000000000000000000e+00
1.497914131088151457e+01,1.839207288559145503e+00,0.000000000000000000e+00
1.477310571251691762e+01,2.076224607983794712e+00,0.000000000000000000e+00
1.457170283899106522e+01,2.307930998729056160e+00,0.000000000000000000e+00
1.437465370964281419e+01,2.534639287351052594e+00,0.000000000000000000e+00
1.418167775182103263e+01,2.756638905490476521e+00,0.000000000000000000e+00
1.399254685048967595e+01,2.974207647546782241e+00,0.000000000000000000e+00
1.380705290575261124e+01,3.187609329126055435e+00,0.000000000000000000e+00
1.362498014086702547e+01,3.397089087300374288e+00,0.000000000000000000e+00
1.344610721139176590e+01,3.602873568634718637e+00,0.000000000000000000e+00
1.327024181303425721e+01,3.805180607791170733e+00,0.000000000000000000e+00
1.309722216991807642e+01,4.004222659224528691e+00,0.000000000000000000e+00
1.292688210996259635e+01,4.200198608407638368e+00,0.000000000000000000e+00
1.275904995021054589e+01,4.393293217199619072e+00,0.000000000000000000e+00
1.259355465645512950e+01,4.583679038554196339e+00,0.000000000000000000e+00
1.243025725440850593e+01,4.771528706205498516e+00,0.000000000000000000e+00
1.226902872904573449e+01,4.957009372059458130e+00,0.000000000000000000e+00
1.210973540135360160e+01,5.140277708836513249e+00,0.000000000000000000e+00
1.195223934216389239e+01,5.321479808804592260e+00,0.000000000000000000e+00
1.179640350319385611e+01,5.500753292225749824e+00,0.000000000000000000e+00
1.164211551468871164e+01,5.678239136361901807e+00,0.000000000000000000e+00
1.148926947972270440e+01,5.854075196018333038e+00,0.000000000000000000e+00
1.133775547966663311e+01,6.028391522410361247e+00,0.000000000000000000e+00
1.118745988271958502e+01,6.201310275756198642e+00,0.000000000000000000e+00
1.103826699996173843e+01,6.372946423814870975e+00,0.000000000000000000e+00
1.089007658231070330e+01,6.543418156504747785e+00,0.000000000000000000e+00
1.074279839418541194e+01,6.712845470267201797e+00,0.000000000000000000e+00
1.059633861150372525e+01,6.881342754402485440e+00,0.000000000000000000e+00
1.045059972065641674e+01,7.049018517693838248e+00,0.000000000000000000e+00
1.030548076908933552e+01,7.215975319391550791e+00,0.000000000000000000e+00
1.016088478844801735e+01,7.382314920970238781e+00,0.000000000000000000e+00
1.001672908319806510e+01,7.548146769426349323e+00,0.000000000000000000e+00
9.872929513807740420e+00,7.713577920651938591e+00,0.000000000000000000e+00
9.729397862543931907e+00,7.878711041689705930e+00,0.000000000000000000e+00
9.586041988569293792e+00,8.043644297058413883e+00,0.000000000000000000e+00
9.442766855272274995e+00,8.208471995578822344e+00,0.000000000000000000e+00
9.299486725503719242e+00,8.373295457537624387e+00,0.000000000000000000e+00
9.156121432610751398e+00,8.538221366417904079e+00,0.000000000000000000e+00
9.012586218064763344e+00,8.703353342766082079e+00,0.000000000000000000e+00
8.868791557409757331e+00,8.868791557409755555e+00,0.000000000000000000e+00
8.724643261780405723e+00,9.034632574582239783e+00,0.000000000000000000e+00
8.580046650871517855e+00,9.200973558946687447e+00,0.000000000000000000e+00
8.434917317862600683e+00,9.367924734767692385e+00,0.000000000000000000e+00
8.289168497344610032e+00,9.535597561476889084e+00,0.000000000000000000e+00
8.142707378712586319e+00,9.704100772024105481e+00,0.000000000000000000e+00
7.995435164696788277e+00,9.873540150144423322e+00,0.000000000000000000e+00
7.847247739493934837e+00,1.004401907991131537e+01,0.000000000000000000e+00
7.698046601723618210e+00,1.021565287940992128e+01,0.000000000000000000e+00
7.547736596083105098e+00,1.038856819132742260e+01,0.000000000000000000e+00
7.396215092349359921e+00,1.056288984157468391e+01,0.000000000000000000e+00
7.243371611991967107e+00,1.073874003237250108e+01,0.000000000000000000e+00
7.089087922249086127e+00,1.091623811687248313e+01,0.000000000000000000e+00
6.933245533699293972e+00,1.109551222589862540e+01,0.000000000000000000e+00
6.775732046512714213e+00,1.127671182291599372e+01,0.000000000000000000e+00
6.616426539030920040e+00,1.145998693014865211e+01,0.000000000000000000e+00
6.455197677387746857e+00,1.164548487972467150e+01,0.000000000000000000e+00
6.291903776775490620e+00,1.183334995039420434e+01,0.000000000000000000e+00
6.126400273587758072e+00,1.202373753787296096e+01,0.000000000000000000e+00
5.958547248302216381e+00,1.221683231342577791e+01,0.000000000000000000e+00
5.788193262867132205e+00,1.241282050946536764e+01,0.000000000000000000e+00
5.615173000891052091e+00,1.261188505183539377e+01,0.000000000000000000e+00
5.439307835545680980e+00,1.281420623281396232e+01,0.000000000000000000e+00
5.260418206783721295e+00,1.301999194708211505e+01,0.000000000000000000e+00
5.078321477602801615e+00,1.322947974830272244e+01,0.000000000000000000e+00
4.892817210345595136e+00,1.344290480294347390e+01,0.000000000000000000e+00
4.703686511987543284e+00,1.366049753329126837e+01,0.000000000000000000e+00
4.510698670197252014e+00,1.388250303842438882e+01,0.000000000000000000e+00
4.313621492306488392e+00,1.410922015326014112e+01,0.000000000000000000e+00
4.112202121036782287e+00,1.434095307289689636e+01,0.000000000000000000e+00
3.906163217129210885e+00,1.457799958898291592e+01,0.000000000000000000e+00
3.695209206792227086e+00,1.482067463202836599e+01,0.000000000000000000e+00
3.479036543851003138e+00,1.506936285544355769e+01,0.000000000000000000e+00
3.257313705550458849e+00,1.532445613514951432e+01,0.000000000000000000e+00
3.029677338265445830e+00,1.558633871766773105e+01,0.000000000000000000e+00
2.795743343616741594e+00,1.585544839697084640e+01,0.000000000000000000e+00
2.555104461327696530e+00,1.613229466286069780e+01,0.000000000000000000e+00
2.307312335898091149e+00,1.641738033493282956e+01,0.000000000000000000e+00
2.051881064225635320e+00,1.671123021605476211e+01,0.000000000000000000e+00
1.788293444899885287e+00,1.701447558587472386e+01,0.000000000000000000e+00
1.515982282748273846e+00,1.732775678187231350e+01,0.000000000000000000e+00
1.234330227508929401e+00,1.765174463417646322e+01,0.000000000000000000e+00
9.426732626480494037e-01,1.798727737645409874e+01,0.000000000000000000e+00
6.402798265106115494e-01,1.833521528389907829e+01,0.000000000000000000e+00
3.263474239876543170e-01,1.869643139855004321e+01,0.000000000000000000e+00
1.167813584263383660e-15,1.907184316451830597e+01,0.000000000000000000e+00
-3.397179009705568742e-01,1.946242551188537107e+01,0.000000000000000000e+00
-6.938691529308170791e-01,1.986981280852911524e+01,0.000000000000000000e+00
-1.063662653000273739e+00,2.029589247152992471e+01,0.000000000000000000e+00
-1.450363176257448261e+00,2.074115973468241592e+01,0.000000000000000000e+00
-1.855158909637592446e+00,2.120456336709137091e+01,0.000000000000000000e+00
-2.278797674902790948e+00,2.168131159646022255e+01,0.000000000000000000e+00
-2.721200716915724627e+00,2.216240133861450801e+01,0.000000000000000000e+00
-3.182371102502260740e+00,2.264374698813505660e+01,0.000000000000000000e+00
-3.662761754870996977e+00,2.312576757771055114e+01,0.000000000000000000e+00
-4.162595046211507110e+00,2.360724960801006489e+01,0.000000000000000000e+00
-4.682079328793329331e+00,2.408721001403529982e+01,0.000000000000000000e+00
-5.221909991164508824e+00,2.456715497341894050e+01,0.000000000000000000e+00
-5.782328642642647232e+00,2.504601701278889792e+01,0.000000000000000000e+00
-6.363202723131776928e+00,2.552141215816029174e+01,0.000000000000000000e+00
-6.964825838063411823e+00,2.599308389352113124e+01,0.000000000000000000e+00
-7.587787931370404415e+00,2.646176122866289049e+01,0.000000000000000000e+00
-8.232651384800892203e+00,2.692778933904309824e+01,0.000000000000000000e+00
-8.899258771977738292e+00,2.738910221557835456e+01,0.000000000000000000e+00
-9.586760027073278678e+00,2.784197275229400503e+01,0.000000000000000000e+00
-1.029624954757476196e+01,2.828871313703153234e+01,0.000000000000000000e+00
-1.102804053744823776e+01,2.872902780910635911e+01,0.000000000000000000e+00
-1.178215372252398296e+01,2.916185378354898106e+01,0.000000000000000000e+00
-1.255869329849686622e+01,2.958642731891876920e+01,0.000000000000000000e+00
-1.335772338235244661e+01,3.000193793240381979e+01,0.000000000000000000e+00
-1.417932635817083842e+01,3.040766350326097012e+01,0.000000000000000000e+00
-1.502358409422163099e+01,3.080291218267221254e+01,0.000000000000000000e+00
-1.589063180881698045e+01,3.118712092709852612e+01,0.000000000000000000e+00
-1.678052859771614891e+01,3.155958423622576348e+01,0.000000000000000000e+00
-1.769358892840583408e+01,3.192007938898586872e+01,0.000000000000000000e+00
-1.862723957720503876e+01,3.226332535247695432e+01,0.000000000000000000e+00
-1.958372913433377249e+01,3.259279858618176462e+01,0.000000000000000000e+00
-2.056326517926064668e+01,3.290810329619833396e+01,0.000000000000000000e+00
-2.156550074295219588e+01,3.320795902118943133e+01,0.000000000000000000e+00
-2.258113178317906389e+01,3.347790460658378464e+01,0.000000000000000000e+00
-2.360028756992964460e+01,3.370470365153575187e+01,0.000000000000000000e+00
-2.462768544313401975e+01,3.389710098698077445e+01,0.000000000000000000e+00
-2.566229608120001870e+01,3.405501712544621284e+01,0.000000000000000000e+00
-2.669461824767348901e+01,3.416755325069835436e+01,0.000000000000000000e+00
-2.772989920872753800e+01,3.424357368386122147e+01,0.000000000000000000e+00
-2.876872012235958920e+01,3.428522556015938250e+01,0.000000000000000000e+00
-2.980565844193883862e+01,3.428748782802660600e+01,0.000000000000000000e+00
-3.083770413774584185e+01,3.424874014398051258e+01,0.000000000000000000e+00
-3.186954756757907958e+01,3.417590561411505234e+01,0.000000000000000000e+00
-3.289999624834460690e+01,3.406894343875688236e+01,0.000000000000000000e+00
-3.391872023286399696e+01,3.391872023286400406e+01,0.000000000000000000e+00
-3.493310597387528560e+01,3.373450830811729162e+01,0.000000000000000000e+00
-3.594174471467395904e+01,3.351621916854204386e+01,0.000000000000000000e+00
-3.694264941374807165e+01,3.326331093921600512e+01,0.000000000000000000e+00
-3.792842335461951819e+01,3.297067540844997779e+01,0.000000000000000000e+00
-3.890523399122198356e+01,3.264536749290015649e+01,0.000000000000000000e+00
-3.987115704267635152e+01,3.228702635816998878e+01,0.000000000000000000e+00
-4.082515573269080988e+01,3.189610737384965233e+01,0.000000000000000000e+00
-4.176397920158640176e+01,3.147141567576428045e+01,0.000000000000000000e+00
-4.268471393637285871e+01,3.101225997051800576e+01,0.000000000000000000e+00
-4.359019976579502043e+01,3.052218646807681779e+01,0.000000000000000000e+00
-4.447892258089905226e+01,3.000141210079134524e+01,0.000000000000000000e+00
-4.534982163813114653e+01,2.945051852195512154e+01,0.000000000000000000e+00
-4.620173052936340952e+01,2.887004541297270777e+01,0.000000000000000000e+00
-4.703359558724782374e+01,2.826063535964567208e+01,0.000000000000000000e+00
-4.784442713283117854e+01,2.762299288436350864e+01,0.000000000000000000e+00
-4.863332770705936525e+01,2.695789375029175261e+01,0.000000000000000000e+00
-4.939949260362726591e+01,2.626617613664009809e+01,0.000000000000000000e+00
-5.014224536770336726e+01,2.554875010963900550e+01,0.000000000000000000e+00
-5.086095632440648728e+01,2.480654588503798763e+01,0.000000000000000000e+00
-5.155534943096095191e+01,2.404065425851404569e+01,0.000000000000000000e+00
-5.222469517052323340e+01,2.325193237141113300e+01,0.000000000000000000e+00
-5.286658372254876070e+01,2.244053340925859530e+01,0.000000000000000000e+00
-5.347891778005852359e+01,2.160688531242572097e+01,0.000000000000000000e+00
-5.406556021408110979e+01,2.075382410022741198e+01,0.000000000000000000e+00
-5.462503663594347358e+01,1.988188738118424226e+01,0.000000000000000000e+00
-5.515310497948087232e+01,1.899073700309902080e+01,0.000000000000000000e+00
-5.565382646990460103e+01,1.808302439080028634e+01,0.000000000000000000e+00
-5.612611673219580410e+01,1.715947591616255963e+01,0.000000000000000000e+00
-5.656554186768670434e+01,1.621990812350585642e+01,0.000000000000000000e+00
-5.697275340762966778e+01,1.526580326615187921e+01,0.000000000000000000e+00
-5.734923088056314811e+01,1.429876920004327623e+01,0.000000000000000000e+00
-5.769462748830651577e+01,1.331985428588850517e+01,0.000000000000000000e+00
-5.800828157325173606e+01,1.233004087959688810e+01,0.000000000000000000e+00
-5.828962775729443280e+01,1.133035586298543862e+01,0.000000000000000000e+00
-5.853815532108195896e+01,1.032185618400954041e+01,0.000000000000000000e+00
-5.875342968636632435e+01,9.305629078022134237e+00,0.000000000000000000e+00
-5.893522943994891250e+01,8.282806338867391815e+00,0.000000000000000000e+00
-5.908341251831773633e+01,7.254530862706824124e+00,0.000000000000000000e+00
-5.919787160975976548e+01,6.221947024899515455e+00,0.000000000000000000e+00
-5.927853411820807139e+01,5.186199725777939307e+00,0.000000000000000000e+00
-5.932536210279945266e+01,4.148433439243130572e+00,0.000000000000000000e+00
-5.933835219325490584e+01,3.109791264763465790e+00,0.000000000000000000e+00
-5.931756613840133951e+01,2.071415053930597328e+00,0.000000000000000000e+00
-5.926322275728507094e+01,1.034443401083828595e+00,0.000000000000000000e+00
-5.917560575520597155e+01,7.246921617571868318e-15,0.000000000000000000e+00
-5.915560813923694639e+01,-1.032564980938558641e+00,0.000000000000000000e+00
-5.877659274285436197e+01,-2.052523846683545372e+00,0.000000000000000000e+00
-5.839903073104961351e+01,-3.060563512896373073e+00,0.000000000000000000e+00
-5.802357732458695239e+01,-4.057403779866099569e+00,0.000000000000000000e+00
-5.765085612146930316e+01,-5.043796353192671056e+00,0.000000000000000000e+00
-5.728145781705038786e+01,-6.020523818764161206e+00,0.000000000000000000e+00
-5.691574182290508332e+01,-6.988374368188498664e+00,0.000000000000000000e+00
-5.655337182026277532e+01,-7.948058080854438323e+00,0.000000000000000000e+00
-5.619384726405700548e+01,-8.900231048600133477e+00,0.000000000000000000e+00
-5.583679458620654401e+01,-9.845533401824569708e+00,0.000000000000000000e+00
-5.548208146213580960e+01,-1.078462414621403376e+01,0.000000000000000000e+00
-5.512957197121378528e+01,-1.171815226454120840e+01,0.000000000000000000e+00
-5.477898556356155524e+01,-1.264672530875279044e+01,0.000000000000000000e+00
-5.442988558283506961e+01,-1.357089466735108907e+01,0.000000000000000000e+00
-5.408184386453429227e+01,-1.449118638868800701e+01,0.000000000000000000e+00
-5.373498767310253044e+01,-1.540825976906856276e+01,0.000000000000000000e+00
-5.338987903821396941e+01,-1.632292410134857974e+01,0.000000000000000000e+00
-5.304685879267785964e+01,-1.723596924502678718e+01,0.000000000000000000e+00
-5.270402285083440574e+01,-1.814745039899179702e+01,0.000000000000000000e+00
-5.235808566479894210e+01,-1.905678470514675737e+01,0.000000000000000000e+00
-5.200569608957722068e+01,-1.996311634577066840e+01,0.000000000000000000e+00
-5.164270251412404633e+01,-2.086500618870930523e+01,0.000000000000000000e+00
-5.126461336365985488e+01,-2.176053733559594860e+01,0.000000000000000000e+00
-5.086817600779805559e+01,-2.264797112799512391e+01,0.000000000000000000e+00
-5.045455533508322077e+01,-2.352734554155443902e+01,0.000000000000000000e+00
-5.002585114879934025e+01,-2.439923787601435023e+01,0.000000000000000000e+00
-4.958264014756767324e+01,-2.526361700830989321e+01,0.000000000000000000e+00
-4.912427074848252317e+01,-2.611983808046025501e+01,0.000000000000000000e+00
-4.865043569375672661e+01,-2.696737686217021590e+01,0.000000000000000000e+00
-4.816139362382300249e+01,-2.780599357326174470e+01,0.000000000000000000e+00
-4.765741500530128150e+01,-2.863546388133866927e+01,0.000000000000000000e+00
-4.713870015838200089e+01,-2.945552901781626431e+01,0.000000000000000000e+00
-4.660543926732607645e+01,-3.026592614450697738e+01,0.000000000000000000e+00
-4.605782827532056700e+01,-3.106639743896964134e+01,0.000000000000000000e+00
-4.549637962505721589e+01,-3.185690797471569269e+01,0.000000000000000000e+00
-4.492177057598402001e+01,-3.263757675675226011e+01,0.000000000000000000e+00
-4.433300223459806233e+01,-3.340731338709757381e+01,0.000000000000000000e+00
-4.372909038483602018e+01,-3.416490977788544825e+01,0.000000000000000000e+00
-4.311243150374389188e+01,-3.491175866394522842e+01,0.000000000000000000e+00
-4.248371090662184457e+01,-3.564806615278857294e+01,0.000000000000000000e+00
-4.184110676437823173e+01,-3.637191920582681348e+01,0.000000000000000000e+00
-4.118601193481618594e+01,-3.708405171460759675e+01,0.000000000000000000e+00
-4.051911321111985131e+01,-3.778468434628908312e+01,0.000000000000000000e+00
-3.983879383939847685e+01,-3.847187601256032963e+01,0.000000000000000000e+00
-3.914722952092110120e+01,-3.914722952092108699e+01,0.000000000000000000e+00
-3.844467594666263466e+01,-3.981062734662429392e+01,0.000000000000000000e+00
-3.772890481614070524e+01,-4.045929698832880206e+01,0.000000000000000000e+00
-3.700202312632380597e+01,-4.109490995809440506e+01,0.000000000000000000e+00
-3.626518052812452453e+01,-4.171831796172094187e+01,0.000000000000000000e+00
-3.551785530669195623e+01,-4.232853166299145187e+01,0.000000000000000000e+00
-3.475991156088199574e+01,-4.292491594794307730e+01,0.000000000000000000e+00
-3.399454176445180309e+01,-4.351102927164825473e+01,0.000000000000000000e+00
-3.322246958680810991e+01,-4.408770622661526062e+01,0.000000000000000000e+00
-3.244360172477446724e+01,-4.465478684894694084e+01,0.000000000000000000e+00
-3.165777639277818523e+01,-4.521199025323370080e+01,0.000000000000000000e+00
-3.086395877782425146e+01,-4.575770061778835895e+01,0.000000000000000000e+00
-3.006328437592592806e+01,-4.629339830768271469e+01,0.000000000000000000e+00
-2.925599621700386876e+01,-4.681938092756563208e+01,0.000000000000000000e+00
-2.844192307635266204e+01,-4.733530901456543205e+01,0.000000000000000000e+00
-2.762120930838518618e+01,-4.784133788861749537e+01,0.000000000000000000e+00
-2.679372486774095208e+01,-4.833715920300822688e+01,0.000000000000000000e+00
-2.595885910218767023e+01,-4.882151332368087537e+01,0.000000000000000000e+00
-2.511729666838038355e+01,-4.929547031125283496e+01,0.000000000000000000e+00
-2.426918530689371067e+01,-4.975920386672393647e+01,0.000000000000000000e+00
-2.341450152970156395e+01,-5.021256057072657342e+01,0.000000000000000000e+00
-2.255327633246553631e+01,-5.065548801474122342e+01,0.000000000000000000e+00
-2.168552553347508294e+01,-5.108789663216865762e+01,0.000000000000000000e+00
-2.081126336840141278e+01,-5.150968436611443479e+01,0.000000000000000000e+00
-1.993052781040009336e+01,-5.192080005244891083e+01,0.000000000000000000e+00
-1.904331916756899545e+01,-5.232108940436310718e+01,0.000000000000000000e+00
-1.814943201753298752e+01,-5.270977788895716287e+01,0.000000000000000000e+00
-1.724913188877573234e+01,-5.308736924464972873e+01,0.000000000000000000e+00
-1.634251231181036346e+01,-5.345394918769414971e+01,0.000000000000000000e+00
-1.542960084395754272e+01,-5.380941284591747831e+01,0.000000000000000000e+00
-1.451042980650228387e+01,-5.415366127752837855e+01,0.000000000000000000e+00
-1.358503265295469653e+01,-5.448658994593255045e+01,0.000000000000000000e+00
-1.265344540316653976e+01,-5.480809349038754874e+01,0.000000000000000000e+00
-1.171570619996980511e+01,-5.511806414218122541e+01,0.000000000000000000e+00
-1.077185546939169924e+01,-5.541639231451062386e+01,0.000000000000000000e+00
-9.821935899965950512e+00,-5.570296650292740992e+01,0.000000000000000000e+00
-8.865992470961966632e+00,-5.597767339263358366e+01,0.000000000000000000e+00
-7.904072465505874945e+00,-5.624039790459140420e+01,0.000000000000000000e+00
-6.936225485600381546e+00,-5.649102325727596252e+01,0.000000000000000000e+00
-5.962503464711908840e+00,-5.672943102283404926e+01,0.000000000000000000e+00
-4.982960678692286649e+00,-5.695550118005595408e+01,0.000000000000000000e+00
-3.997653755993618496e+00,-5.716911217435540493e+01,0.000000000000000000e+00
-3.006641683787508512e+00,-5.737014093937023063e+01,0.000000000000000000e+00
-2.009985820408959345e+00,-5.755846304829874782e+01,0.000000000000000000e+00
-1.007749887270268152e+00,-5.773395237511585520e+01,0.000000000000000000e+00
-1.063541129658232517e-14,-5.789648250138795760e+01,0.000000000000000000e+00
1.013195337898828541e+00,-5.804592203268948225e+01,0.000000000000000000e+00
2.031765446672980868e+00,-5.818214994240311455e+01,0.000000000000000000e+00
3.055636170348971614e+00,-5.830501143439496303e+01,0.000000000000000000e+00
4.084733640631744933e+00,-5.841441254223853008e+01,0.000000000000000000e+00
5.118885132493838697e+00,-5.850912479623220008e+01,0.000000000000000000e+00
6.158054654193889199e+00,-5.858997630902256759e+01,0.000000000000000000e+00
7.202153684847187876e+00,-5.865683463690915289e+01,0.000000000000000000e+00
8.251093802350114359e+00,-5.870958301779398880e+01,0.000000000000000000e+00
9.304781065880273871e+00,-5.874807554842131196e+01,0.000000000000000000e+00
1.036312046476687954e+01,-5.877217668634075665e+01,0.000000000000000000e+00
1.142601294032063564e+01,-5.878174075865543813e+01,0.000000000000000000e+00
1.249336131974617281e+01,-5.877664383347154597e+01,0.000000000000000000e+00
1.356505101833709048e+01,-5.875669121936084593e+01,0.000000000000000000e+00
1.464099749977649978e+01,-5.872183362004962248e+01,0.000000000000000000e+00
1.572059739072785867e+01,-5.867006818753100816e+01,0.000000000000000000e+00
1.680414173440551195e+01,-5.860300660091554903e+01,0.000000000000000000e+00
1.789104212455954368e+01,-5.851896198052564557e+01,0.000000000000000000e+00
1.897601521057819696e+01,-5.840216961478375879e+01,0.000000000000000000e+00
2.005082036944395796e+01,-5.823181062326317203e+01,0.000000000000000000e+00
2.111106639504162885e+01,-5.800217822098428400e+01,0.000000000000000000e+00
2.215439446816133895e+01,-5.771417076392009449e+01,0.000000000000000000e+00
2.317824323503319661e+01,-5.736816511631587190e+01,0.000000000000000000e+00
2.418011132799157892e+01,-5.696477247793073673e+01,0.000000000000000000e+00
2.515751712648113880e+01,-5.650470860620171010e+01,0.000000000000000000e+00
2.610802923581651314e+01,-5.598884937707436649e+01,0.000000000000000000e+00
2.702929094518346176e+01,-5.541825906007413494e+01,0.000000000000000000e+00
2.791905639726121535e+01,-5.479423338905566254e+01,0.000000000000000000e+00
2.877520914260120932e+01,-5.411829738036588111e+01,0.000000000000000000e+00
2.959593395246025338e+01,-5.339247821209731626e+01,0.000000000000000000e+00
3.037916703822846998e+01,-5.261826080183342924e+01,0.000000000000000000e+00
3.112486782918394113e+01,-5.180047891898254875e+01,0.000000000000000000e+00
3.182950363304772878e+01,-5.093785370620388164e+01,0.000000000000000000e+00
3.248559495986383183e+01,-5.002342950736597516e+01,0.000000000000000000e+00
3.309903617370520124e+01,-4.907133912652668073e+01,0.000000000000000000e+00
3.366810260525303988e+01,-4.808303362648111801e+01,0.000000000000000000e+00
3.418419342037293518e+01,-4.705050578969098041e+01,0.000000000000000000e+00
3.464709110132922376e+01,-4.597824283022957559e+01,0.000000000000000000e+00
3.505799590630736873e+01,-4.487218850173730544e+01,0.000000000000000000e+00
3.541531333812682192e+01,-4.373426973905068849e+01,0.000000000000000000e+00
3.571700674183078661e+01,-4.256587110128846518e+01,0.000000000000000000e+00
3.596140878590090750e+01,-4.136886854646047595e+01,0.000000000000000000e+00
3.614709675409039136e+01,-4.014541802983453067e+01,0.000000000000000000e+00
3.627271726125974993e+01,-3.889772701854720793e+01,0.000000000000000000e+00
3.633698584499494899e+01,-3.762805035427117417e+01,0.000000000000000000e+00
3.633868833884505989e+01,-3.633868833884508120e+01,0.000000000000000000e+00
3.627431362058128173e+01,-3.502969747722671912e+01,0.000000000000000000e+00
3.613770932889126186e+01,-3.369895912764879853e+01,0.000000000000000000e+00
3.594380995878616858e+01,-3.236395185436403210e+01,0.000000000000000000e+00
3.567641729616146051e+01,-3.101303640835060804e+01,0.000000000000000000e+00
3.534691695350123553e+01,-2.965958497893685220e+01,0.000000000000000000e+00
3.494897548803952958e+01,-2.830112232673812400e+01,0.000000000000000000e+00
3.447768617296306815e+01,-2.693692064214548054e+01,0.000000000000000000e+00
3.394466000064145561e+01,-2.557913602284567745e+01,0.000000000000000000e+00
3.338306255891078678e+01,-2.425421466411216542e+01,0.000000000000000000e+00
3.281551449906928752e+01,-2.297767062247836733e+01,0.000000000000000000e+00
3.223725147968283267e+01,-2.174430068263722049e+01,0.000000000000000000e+00
3.165594369996938084e+01,-2.055761020859300814e+01,0.000000000000000000e+00
3.106897620601141696e+01,-1.941405102633671476e+01,0.000000000000000000e+00
3.047928748764470797e+01,-1.831380354734518789e+01,0.000000000000000000e+00
2.989038236229581003e+01,-1.725722030305234611e+01,0.000000000000000000e+00
2.930107427176448809e+01,-1.624185068612889893e+01,0.000000000000000000e+00
2.871350547728333424e+01,-1.526724167833507906e+01,0.000000000000000000e+00
2.813126452710769954e+01,-1.433359520302123791e+01,0.000000000000000000e+00
2.755316549974718043e+01,-1.343857673237526384e+01,0.000000000000000000e+00
2.698175098107511971e+01,-1.258179711290649472e+01,0.000000000000000000e+00
2.641936668875188943e+01,-1.176265989751713548e+01,0.000000000000000000e+00
2.586509207568346369e+01,-1.097908020507027338e+01,0.000000000000000000e+00
2.532247235712851818e+01,-1.023094293526573217e+01,0.000000000000000000e+00
2.479170495520481765e+01,-9.516643899512450488e+00,0.000000000000000000e+00
2.427346624218602145e+01,-8.834819194621196914e+00,0.000000000000000000e+00
2.376999907136818990e+01,-8.184667048141792023e+00,0.000000000000000000e+00
2.328203840055761376e+01,-7.564792844792045834e+00,0.000000000000000000e+00
2.281052610326271690e+01,-6.973877689981057948e+00,0.000000000000000000e+00
2.235659502122485165e+01,-6.410650463614580019e+00,0.000000000000000000e+00
2.192204369413968479e+01,-5.873993904284511736e+00,0.000000000000000000e+00
2.150773384539689204e+01,-5.362480325355493349e+00,0.000000000000000000e+00
2.111218793578066411e+01,-4.874132639436626668e+00,0.000000000000000000e+00
2.073380143446136259e+01,-4.407105543258090563e+00,0.000000000000000000e+00
2.036915148105339668e+01,-3.959361961760173187e+00,0.000000000000000000e+00
2.000299744293245396e+01,-3.527068144231443991e+00,0.000000000000000000e+00
1.963548698398318848e+01,-3.109955616457899197e+00,0.000000000000000000e+00
1.927502407502093007e+01,-2.708927972412140228e+00,0.000000000000000000e+00
1.892792065692498227e+01,-2.324056426665563446e+00,0.000000000000000000e+00
1.859527345172893575e+01,-1.954441995700104240e+00,0.000000000000000000e+00
1.827543629032842176e+01,-1.598893496394006464e+00,0.000000000000000000e+00
1.796709614527857113e+01,-1.256381753321855754e+00,0.000000000000000000e+00
1.766959070373894747e+01,-9.260240096232370544e-01,0.000000000000000000e+00
1.738229310667699679e+01,-6.070030508162603811e-01,0.000000000000000000e+00
1.710457490449804041e+01,-2.985614655275903306e-01,0.000000000000000000e+00
1.683580223140253551e+01,-4.123582262752996203e-15,0.000000000000000000e+00
