1.638404899974712237e+01,0.000000000000000000e+00,0.000000000000000000e+00
1.613218152735853650e+01,2.815882759938355684e-01,0.000000000000000000e+00
1.588779404052432298e+01,5.548139934215131630e-01,0.000000000000000000e+00
1.565041574649461609e+01,8.202035341301224802e-01,0.000000000000000000e+00
1.541961066772310573e+01,1.078244215404020601e+00,0.000000000000000000e+00
1.519497429370779606e+01,1.329387993267266088e+00,0.000000000000000000e+00
1.497613118795631770e+01,1.574054815748595404e+00,0.000000000000000000e+00
1.476273202926554440e+01,1.812635569940615365e+00,0.000000000000000000e+00
1.455445079473192749e+01,2.045494663326509865e+00,0.000000000000000000e+00
1.435098257396842492e+01,2.272972343085162272e+00,0.000000000000000000e+00
1.415204300047599695e+01,2.495387013130297760e+00,0.000000000000000000e+00
1.395736559017412759e+01,2.713037038166201231e+00,0.000000000000000000e+00
1.376669928337001636e+01,2.926202265218288190e+00,0.000000000000000000e+00
1.357980885861997677e+01,3.135145907020491673e+00,0.000000000000000000e+00
1.339647317970428553e+01,3.340115903037903955e+00,0.000000000000000000e+00
1.321648236465874682e+01,3.541345776390486311e+00,0.000000000000000000e+00
1.303963944917993167e+01,3.739056444010868674e+00,0.000000000000000000e+00
1.286575771664723433e+01,3.933456874192577946e+00,0.000000000000000000e+00
1.269465931187584395e+01,4.124744847394934411e+00,0.000000000000000000e+00
1.252617705986389041e+01,4.313108650666689137e+00,0.000000000000000000e+00
1.236015024315029187e+01,4.498726779564869105e+00,0.000000000000000000e+00
1.219642700603782437e+01,4.681769683552594152e+00,0.000000000000000000e+00
1.203486198492854520e+01,4.862399866217683275e+00,0.000000000000000000e+00
1.187531583456716255e+01,5.040772506308904610e+00,0.000000000000000000e+00
1.171765619538759218e+01,5.217036662769840127e+00,0.000000000000000000e+00
1.156175450900818369e+01,5.391334669258601942e+00,0.000000000000000000e+00
1.140748903747633491e+01,5.563804157285019869e+00,0.000000000000000000e+00
1.125474065566589488e+01,5.734576791521387662e+00,0.000000000000000000e+00
1.110339621441630165e+01,5.903780490679506165e+00,0.000000000000000000e+00
1.095334469819821699e+01,6.071538109893469759e+00,0.000000000000000000e+00
1.080447995872021316e+01,6.237969412621030330e+00,0.000000000000000000e+00
1.065669775989083590e+01,6.403190012797623787e+00,0.000000000000000000e+00
1.050989768055321250e+01,6.567312952280629723e+00,0.000000000000000000e+00
1.036398100100940844e+01,6.730447957810246962e+00,0.000000000000000000e+00
1.021885193089130972e+01,6.892702659737866000e+00,0.000000000000000000e+00
1.007441610694467471e+01,7.054182101143978478e+00,0.000000000000000000e+00
9.930581379977859058e+00,7.214989700372078651e+00,0.000000000000000000e+00
9.787256684149642894e+00,7.375226913736606882e+00,0.000000000000000000e+00
9.644352590162451833e+00,7.534994055656753176e+00,0.000000000000000000e+00
9.501780354550366070e+00,7.694390018040879298e+00,0.000000000000000000e+00
9.359452390598040239e+00,7.853513048972128097e+00,0.000000000000000000e+00
9.217281365328528153e+00,8.012460449600730783e+00,0.000000000000000000e+00
9.075180682555915368e+00,8.171329389306979607e+00,0.000000000000000000e+00
8.933063550262691166e+00,8.330216526046417158e+00,0.000000000000000000e+00
8.790843519387479432e+00,8.489218907758001365e+00,0.000000000000000000e+00
8.648433491841434062e+00,8.648433491841432286e+00,0.000000000000000000e+00
8.505746314883481318e+00,8.807958150474270553e+00,0.000000000000000000e+00
8.362693740723054603e+00,8.967891099070669725e+00,0.000000000000000000e+00
8.219187038315709515e+00,9.128331986475314963e+00,0.000000000000000000e+00
8.075135951211862562e+00,9.289381282288701414e+00,0.000000000000000000e+00
7.930449253974177992e+00,9.451141389309798413e+00,0.000000000000000000e+00
7.785033788383900699e+00,9.613716088804576287e+00,0.000000000000000000e+00
7.638794857487576806e+00,9.777211557880745474e+00,0.000000000000000000e+00
7.491635454158068974e+00,9.941736034908334574e+00,0.000000000000000000e+00
7.343456350305581637e+00,1.010740055432983020e+01,0.000000000000000000e+00
7.194155665468539240e+00,1.027431907383138565e+01,0.000000000000000000e+00
7.043628476732754606e+00,1.044260865630883117e+01,0.000000000000000000e+00
6.891766896859881975e+00,1.061239038325168060e+01,0.000000000000000000e+00
6.738459023669401304e+00,1.078378864810638937e+01,0.000000000000000000e+00
6.583589670942588512e+00,1.095693320956454642e+01,0.000000000000000000e+00
6.427038549984724014e+00,1.113195731077734330e+01,0.000000000000000000e+00
6.268681641358917034e+00,1.130900104360473613e+01,0.000000000000000000e+00
6.108388767797526597e+00,1.148820841622107558e+01,0.000000000000000000e+00
5.946025186935750106e+00,1.166973149787832931e+01,0.000000000000000000e+00
5.781449238745211439e+00,1.185372758409500271e+01,0.000000000000000000e+00
5.614513185811338403e+00,1.204036238226458266e+01,0.000000000000000000e+00
5.445061970822335340e+00,1.222980942265432880e+01,0.000000000000000000e+00
5.272932400785231621e+00,1.242225027121860137e+01,0.000000000000000000e+00
5.097953410994611190e+00,1.261787746688152545e+01,0.000000000000000000e+00
4.919943961217398964e+00,1.281689221227374453e+01,0.000000000000000000e+00
4.738713443557882599e+00,1.301950818344133332e+01,0.000000000000000000e+00
4.554060212865960189e+00,1.322595120779599220e+01,0.000000000000000000e+00
4.365770306309149085e+00,1.343645939881622908e+01,0.000000000000000000e+00
4.173617243179891467e+00,1.365128688840550630e+01,0.000000000000000000e+00
3.977360103080868736e+00,1.387070307184078821e+01,0.000000000000000000e+00
3.776742259064677754e+00,1.409499399792183816e+01,0.000000000000000000e+00
3.571490448922118421e+00,1.432446579684219579e+01,0.000000000000000000e+00
3.361312755047915601e+00,1.455944510441365836e+01,0.000000000000000000e+00
3.145896778802712568e+00,1.480028070686651276e+01,0.000000000000000000e+00
2.924907870805396382e+00,1.504734653309506420e+01,0.000000000000000000e+00
2.697986969347774711e+00,1.530104444882751125e+01,0.000000000000000000e+00
2.464747966261186640e+00,1.556180620527379510e+01,0.000000000000000000e+00
2.224774992743813851e+00,1.583009662248685245e+01,0.000000000000000000e+00
1.977619362988143781e+00,1.610641719484588208e+01,0.000000000000000000e+00
1.722796110013296911e+00,1.639131007098345449e+01,0.000000000000000000e+00
1.459780063473902878e+00,1.668536247603499234e+01,0.000000000000000000e+00
1.188001399395252289e+00,1.698921152525819878e+01,0.000000000000000000e+00
9.068406201481402640e-01,1.730354982703083522e+01,0.000000000000000000e+00
6.156228511065554576e-01,1.762913189103791112e+01,0.000000000000000000e+00
3.136113360553632323e-01,1.796678140958310266e+01,0.000000000000000000e+00
1.121617237036155088e-15,1.831739956070711273e+01,0.000000000000000000e+00
-3.260950779132338884e-01,1.868197450162871576e+01,0.000000000000000000e+00
-6.656454750171467705e-01,1.906159241921782055e+01,0.000000000000000000e+00
-1.019721763099883161e+00,1.945745034516015082e+01,0.000000000000000000e+00
-1.389506637721294569e+00,1.987087068753815444e+01,0.000000000000000000e+00
-1.776310141775281348e+00,2.030331782641686544e+01,0.000000000000000000e+00
-2.181587465314982044e+00,2.075641823377043949e+01,0.000000000000000000e+00
-2.606960045721364860e+00,2.123198573624330265e+01,0.000000000000000000e+00
-3.054242121751344463e+00,2.173206191794003672e+01,0.000000000000000000e+00
-3.525475711530002609e+00,2.225897761362260496e+01,0.000000000000000000e+00
-4.022245415552473169e+00,2.281128729926342658e+01,0.000000000000000000e+00
-4.543131313921844772e+00,2.337238444611709909e+01,0.000000000000000000e+00
-5.086278800642790365e+00,2.392906039070605573e+01,0.000000000000000000e+00
-5.652559367002590207e+00,2.448392452613065728e+01,0.000000000000000000e+00
-6.241885184536791087e+00,2.503483408746002326e+01,0.000000000000000000e+00
-6.854434784464799257e+00,2.558109887279004724e+01,0.000000000000000000e+00
-7.490727203307848470e+00,2.612327024368781991e+01,0.000000000000000000e+00
-8.151169228975012615e+00,2.666127321630028391e+01,0.000000000000000000e+00
-8.836331548268423930e+00,2.719543213512805835e+01,0.000000000000000000e+00
-9.545778822719656276e+00,2.772295469282995839e+01,0.000000000000000000e+00
-1.027808314423221958e+01,2.823880135405519454e+01,0.000000000000000000e+00
-1.103679000294655488e+01,2.875182094599794169e+01,0.000000000000000000e+00
-1.181903882503372394e+01,2.925314761585774903e+01,0.000000000000000000e+00
-1.262626362106706068e+01,2.974561302320523382e+01,0.000000000000000000e+00
-1.345842543113718826e+01,3.022811843718184122e+01,0.000000000000000000e+00
-1.431565862051076365e+01,3.070002898333766694e+01,0.000000000000000000e+00
-1.519641702184092225e+01,3.115727219812144355e+01,0.000000000000000000e+00
-1.610458746056545820e+01,3.160703253693228376e+01,0.000000000000000000e+00
-1.703524886220997203e+01,3.203864337891931058e+01,0.000000000000000000e+00
-1.799056180579907505e+01,3.245583264182364047e+01,0.000000000000000000e+00
-1.897170898891780055e+01,3.285996387521682038e+01,0.000000000000000000e+00
-1.997764673271756308e+01,3.324838756290869668e+01,0.000000000000000000e+00
-2.100028102920585127e+01,3.360747485060387163e+01,0.000000000000000000e+00
-2.202982301185318903e+01,3.392295261498897219e+01,0.000000000000000000e+00
-2.306624867182879157e+01,3.419711997086221800e+01,0.000000000000000000e+00
-2.410886894909377176e+01,3.443103313445515568e+01,0.000000000000000000e+00
-2.515631583696070095e+01,3.462469830365537149e+01,0.000000000000000000e+00
-2.620720100888842197e+01,3.477813038801055256e+01,0.000000000000000000e+00
-2.726014574439014027e+01,3.489139543789592324e+01,0.000000000000000000e+00
-2.831379342391432274e+01,3.496462298991265527e+01,0.000000000000000000e+00
-2.936681256374227544e+01,3.499800437588064028e+01,0.000000000000000000e+00
-3.041789313050376364e+01,3.499178327155648560e+01,0.000000000000000000e+00
-3.146573615304459182e+01,3.494624035988471178e+01,0.000000000000000000e+00
-3.250903149059227815e+01,3.486166816371823529e+01,0.000000000000000000e+00
-3.354553480457316539e+01,3.473741818245214574e+01,0.000000000000000000e+00
-3.457342380505945556e+01,3.457342380505946267e+01,0.000000000000000000e+00
-3.559287445506731729e+01,3.437163932437594838e+01,0.000000000000000000e+00
-3.660307382113170860e+01,3.413291853721582925e+01,0.000000000000000000e+00
-3.760328951394139096e+01,3.385815395725541777e+01,0.000000000000000000e+00
-3.859266153616218276e+01,3.354808885041619249e+01,0.000000000000000000e+00
-3.956873464689108744e+01,3.320211064835798709e+01,0.000000000000000000e+00
-4.052630101674703411e+01,3.281755148781635967e+01,0.000000000000000000e+00
-4.147005541798449713e+01,3.239995822850831786e+01,0.000000000000000000e+00
-4.240047539725795644e+01,3.195104996188759827e+01,0.000000000000000000e+00
-4.330996755299693746e+01,3.146653331378455931e+01,0.000000000000000000e+00
-4.419956036389533693e+01,3.094886535235463754e+01,0.000000000000000000e+00
-4.507514286857279728e+01,3.040356776274152750e+01,0.000000000000000000e+00
-4.592196154988428702e+01,2.982207052501896527e+01,0.000000000000000000e+00
-4.675432208539807988e+01,2.921534294046265856e+01,0.000000000000000000e+00
-4.755728609500913961e+01,2.857530036231799286e+01,0.000000000000000000e+00
-4.834450985659083244e+01,2.791171577954322913e+01,0.000000000000000000e+00
-4.909851920887405896e+01,2.721575361040654428e+01,0.000000000000000000e+00
-4.983203174390072832e+01,2.649616127708624802e+01,0.000000000000000000e+00
-5.054182803946716973e+01,2.575234765007964199e+01,0.000000000000000000e+00
-5.121819883486356417e+01,2.498078469940898927e+01,0.000000000000000000e+00
-5.186912817645603724e+01,2.418697169050467011e+01,0.000000000000000000e+00
-5.249227770371476254e+01,2.337106779087552866e+01,0.000000000000000000e+00
-5.308655677372223636e+01,2.253390642972652458e+01,0.000000000000000000e+00
-5.365072917348160786e+01,2.167630162126592808e+01,0.000000000000000000e+00
-5.418396886571245119e+01,2.079927692302571884e+01,0.000000000000000000e+00
-5.468591153773113689e+01,1.990404403344883022e+01,0.000000000000000000e+00
-5.515606873290823131e+01,1.899175750524304362e+01,0.000000000000000000e+00
-5.559598579532413254e+01,1.806423081638569883e+01,0.000000000000000000e+00
-5.600417214109855024e+01,1.712219371322620276e+01,0.000000000000000000e+00
-5.637380250257695735e+01,1.616492774529231369e+01,0.000000000000000000e+00
-5.671010666061920347e+01,1.519542728239576412e+01,0.000000000000000000e+00
-5.701549057283192212e+01,1.421555839564837953e+01,0.000000000000000000e+00
-5.728608954504940698e+01,1.322553586992257735e+01,0.000000000000000000e+00
-5.752091380127014730e+01,1.222644766171570296e+01,0.000000000000000000e+00
-5.772087284773012072e+01,1.121980110784073226e+01,0.000000000000000000e+00
-5.788631785548092523e+01,1.020691965178745164e+01,0.000000000000000000e+00
-5.801679608421366652e+01,9.188957777220938539e+00,0.000000000000000000e+00
-5.811182981715399620e+01,8.167085068586160901e+00,0.000000000000000000e+00
-5.817097545250495472e+01,7.142497678229467795e+00,0.000000000000000000e+00
-5.819382457816901422e+01,6.116417429473396616e+00,0.000000000000000000e+00
-5.818010961898714584e+01,5.090100034356967562e+00,0.000000000000000000e+00
-5.813001980007162217e+01,4.064846962832159072e+00,0.000000000000000000e+00
-5.804388952045822236e+01,3.041951350717400970e+00,0.000000000000000000e+00
-5.792209320593990896e+01,2.022684065324139358e+00,0.000000000000000000e+00
-5.776504434416811762e+01,1.008292599608818341e+00,0.000000000000000000e+00
-5.757319449164224068e+01,7.050682835087769356e-15,0.000000000000000000e+00
-5.756310224566124134e+01,-1.004767687167625878e+00,0.000000000000000000e+00
-5.706499343201988239e+01,-1.992753481687660644e+00,0.000000000000000000e+00
-5.657325612666556935e+01,-2.964878720409232393e+00,0.000000000000000000e+00
-5.608868924364370656e+01,-3.922103224898242146e+00,0.000000000000000000e+00
-5.561152658566394535e+01,-4.865378137616116483e+00,0.000000000000000000e+00
-5.514109839706554794e+01,-5.795562978732969661e+00,0.000000000000000000e+00
-5.467678542101922545e+01,-6.713465089502196115e+00,0.000000000000000000e+00
-5.421825116100866637e+01,-7.619878274272067209e+00,0.000000000000000000e+00
-5.376516224894994878e+01,-8.515565131757817596e+00,0.000000000000000000e+00
-5.331714992652149476e+01,-9.401252066524097728e+00,0.000000000000000000e+00
-5.287383496815214556e+01,-1.027763238640611831e+01,0.000000000000000000e+00
-5.243488702827113457e+01,-1.114537929828534146e+01,0.000000000000000000e+00
-5.199997626496895720e+01,-1.200514045886559700e+01,0.000000000000000000e+00
-5.156879103067568337e+01,-1.285754367671568588e+01,0.000000000000000000e+00
-5.114101959464022684e+01,-1.370319490048804845e+01,0.000000000000000000e+00
-5.071636399663284323e+01,-1.454268335849859284e+01,0.000000000000000000e+00
-5.029454139394434264e+01,-1.537658441402138543e+01,0.000000000000000000e+00
-4.987526235986508993e+01,-1.620545509550388985e+01,0.000000000000000000e+00
-4.945824696243154506e+01,-1.702984013406489439e+01,0.000000000000000000e+00
-4.904321101872368871e+01,-1.785026900365165048e+01,0.000000000000000000e+00
-4.862992524404744188e+01,-1.866727932765068942e+01,0.000000000000000000e+00
-4.821816589313814205e+01,-1.948140358249808557e+01,0.000000000000000000e+00
-4.780761753017888793e+01,-2.029312966454175182e+01,0.000000000000000000e+00
-4.739787268213474647e+01,-2.110289254068820952e+01,0.000000000000000000e+00
-4.698868280304559875e+01,-2.191118263767624086e+01,0.000000000000000000e+00
-4.658030532769742393e+01,-2.271873289366602933e+01,0.000000000000000000e+00
-4.617268728084474816e+01,-2.352615924113808177e+01,0.000000000000000000e+00
-4.576204271345707753e+01,-2.433210972284058116e+01,0.000000000000000000e+00
-4.534260304320635271e+01,-2.513381528327914083e+01,0.000000000000000000e+00
-4.491099320608770995e+01,-2.592937401710820211e+01,0.000000000000000000e+00
-4.446738309187199434e+01,-2.671869933111787532e+01,0.000000000000000000e+00
-4.401211890006911176e+01,-2.750182421324244331e+01,0.000000000000000000e+00
-4.354519541682726924e+01,-2.827858055095706646e+01,0.000000000000000000e+00
-4.306657963452069282e+01,-2.904877475475679915e+01,0.000000000000000000e+00
-4.257638234999672022e+01,-2.981230387116652025e+01,0.000000000000000000e+00
-4.207471643402709560e+01,-3.056907084308674527e+01,0.000000000000000000e+00
-4.156155390675094452e+01,-3.131887727499776375e+01,0.000000000000000000e+00
-4.103689387350777196e+01,-3.206153533985315818e+01,0.000000000000000000e+00
-4.050093018036769621e+01,-3.279700658960755533e+01,0.000000000000000000e+00
-3.995387502790229917e+01,-3.352528180001595359e+01,0.000000000000000000e+00
-3.939590170545933745e+01,-3.424633487686747912e+01,0.000000000000000000e+00
-3.882709522177777473e+01,-3.496007356602604688e+01,0.000000000000000000e+00
-3.824739839900875893e+01,-3.566627601259310154e+01,0.000000000000000000e+00
-3.765629917430661777e+01,-3.636426541340479446e+01,0.000000000000000000e+00
-3.705375284883968590e+01,-3.705375284883967169e+01,0.000000000000000000e+00
-3.644134615570569480e+01,-3.773611861956866420e+01,0.000000000000000000e+00
-3.581846388020221639e+01,-3.841059990627810095e+01,0.000000000000000000e+00
-3.518339439884777420e+01,-3.907511813353164598e+01,0.000000000000000000e+00
-3.453853041521333722e+01,-3.973203422150332642e+01,0.000000000000000000e+00
-3.388387858111224915e+01,-4.038123403006650847e+01,0.000000000000000000e+00
-3.321716439613449268e+01,-4.101978186094387979e+01,0.000000000000000000e+00
-3.254053256158773877e+01,-4.164998235931066262e+01,0.000000000000000000e+00
-3.185423494109403109e+01,-4.227199752525876875e+01,0.000000000000000000e+00
-3.115672942124684397e+01,-4.288355907641643228e+01,0.000000000000000000e+00
-3.044798986755801451e+01,-4.348423603865704479e+01,0.000000000000000000e+00
-2.972884429438432363e+01,-4.407482418984682937e+01,0.000000000000000000e+00
-2.899929259825840333e+01,-4.465499464746569913e+01,0.000000000000000000e+00
-2.825857889351890151e+01,-4.522317954492893222e+01,0.000000000000000000e+00
-2.750714870788801747e+01,-4.577958321250256546e+01,0.000000000000000000e+00
-2.674564287201386747e+01,-4.632481233542035426e+01,0.000000000000000000e+00
-2.597441777432793586e+01,-4.685909008025851108e+01,0.000000000000000000e+00
-2.519331229678667583e+01,-4.738172918630189656e+01,0.000000000000000000e+00
-2.440195564341041035e+01,-4.789153450062794803e+01,0.000000000000000000e+00
-2.360067125760819806e+01,-4.838854694332412265e+01,0.000000000000000000e+00
-2.279003704219592663e+01,-4.887339215565828709e+01,0.000000000000000000e+00
-2.197027434153092784e+01,-4.934604410384270778e+01,0.000000000000000000e+00
-2.114147539041613655e+01,-4.980619481551648420e+01,0.000000000000000000e+00
-2.030378848544551573e+01,-5.025363995487132485e+01,0.000000000000000000e+00
-1.945737873983047805e+01,-5.068820458273796703e+01,0.000000000000000000e+00
-1.860232770618913634e+01,-5.110947532204964716e+01,0.000000000000000000e+00
-1.773846052675509810e+01,-5.151623001502536425e+01,0.000000000000000000e+00
-1.686642596356491453e+01,-5.190952151904897249e+01,0.000000000000000000e+00
-1.598643571377608019e+01,-5.228927511463280098e+01,0.000000000000000000e+00
-1.509864620486236042e+01,-5.265523685728077652e+01,0.000000000000000000e+00
-1.420325240399499123e+01,-5.300725960443413243e+01,0.000000000000000000e+00
-1.330044257336675706e+01,-5.334516148084780696e+01,0.000000000000000000e+00
-1.239041411365466416e+01,-5.366877980568501272e+01,0.000000000000000000e+00
-1.147336810350190639e+01,-5.397795303686466184e+01,0.000000000000000000e+00
-1.054951044621127387e+01,-5.427252633257675285e+01,0.000000000000000000e+00
-9.619051138881655305e+00,-5.455234984591256620e+01,0.000000000000000000e+00
-8.682204072620152147e+00,-5.481727911422325406e+01,0.000000000000000000e+00
-7.739186715310285791e+00,-5.506717482999710711e+01,0.000000000000000000e+00
-6.790219847489014526e+00,-5.530190276005949102e+01,0.000000000000000000e+00
-5.835527309455467382e+00,-5.552133360472831924e+01,0.000000000000000000e+00
-4.875335771044617239e+00,-5.572534285656323760e+01,0.000000000000000000e+00
-3.909874522044709533e+00,-5.591381064538222745e+01,0.000000000000000000e+00
-2.939375284322651716e+00,-5.608662157668998560e+01,0.000000000000000000e+00
-1.964072045525444787e+00,-5.624366456155967597e+01,0.000000000000000000e+00
-9.842009149056716311e-01,-5.638483265190429705e+01,0.000000000000000000e+00
-1.038072278842380846e-14,-5.651002283897296508e+01,0.000000000000000000e+00
9.882906947740063286e-01,-5.661913598364063915e+01,0.000000000000000000e+00
1.980429342454910424e+00,-5.671207625945632458e+01,0.000000000000000000e+00
2.976172400028922027e+00,-5.678875237119585506e+01,0.000000000000000000e+00
3.975274408424078310e+00,-5.684907259372075572e+01,0.000000000000000000e+00
4.977489049660377418e+00,-5.689296017404014805e+01,0.000000000000000000e+00
5.982565475639160191e+00,-5.692030830648072737e+01,0.000000000000000000e+00
6.990257403744390530e+00,-5.693107791680849061e+01,0.000000000000000000e+00
8.000156875359039077e+00,-5.692407400525355143e+01,0.000000000000000000e+00
9.012104283166678442e+00,-5.690018706825313899e+01,0.000000000000000000e+00
1.002585100705702459e+01,-5.685942654251853412e+01,0.000000000000000000e+00
1.104114028552717564e+01,-5.680174259680058668e+01,0.000000000000000000e+00
1.205771050110124420e+01,-5.672706787485567048e+01,0.000000000000000000e+00
1.307529955858245430e+01,-5.663534458703818331e+01,0.000000000000000000e+00
1.409364328045560733e+01,-5.652651575330699529e+01,0.000000000000000000e+00
1.511247483582324413e+01,-5.640052391539838794e+01,0.000000000000000000e+00
1.613152884710875412e+01,-5.625732670264331148e+01,0.000000000000000000e+00
1.715052449062634565e+01,-5.609683793854156875e+01,0.000000000000000000e+00
1.816922383389366402e+01,-5.591912107682681210e+01,0.000000000000000000e+00
1.918719503931240666e+01,-5.572366054525875256e+01,0.000000000000000000e+00
2.020288054797848787e+01,-5.550695811351002362e+01,0.000000000000000000e+00
2.120479234054095485e+01,-5.524037264544625714e+01,0.000000000000000000e+00
2.219014647490100600e+01,-5.492253981540945063e+01,0.000000000000000000e+00
2.315672512356736235e+01,-5.455382566708654934e+01,0.000000000000000000e+00
2.410250131992444977e+01,-5.413510430762516989e+01,0.000000000000000000e+00
2.502543348092295261e+01,-5.366721528859086021e+01,0.000000000000000000e+00
2.592360038575511183e+01,-5.315125745848023087e+01,0.000000000000000000e+00
2.679508646703370545e+01,-5.258831819611926051e+01,0.000000000000000000e+00
2.763711360055831179e+01,-5.197785097435312451e+01,0.000000000000000000e+00
2.844685822526023244e+01,-5.131949072580523818e+01,0.000000000000000000e+00
2.922393710329142991e+01,-5.061734386009798214e+01,0.000000000000000000e+00
2.996719666546045957e+01,-4.987379055388870341e+01,0.000000000000000000e+00
3.067570241684269661e+01,-4.909138578026140465e+01,0.000000000000000000e+00
3.134667746819837220e+01,-4.826965036527473529e+01,0.000000000000000000e+00
3.197427438610966988e+01,-4.740381120136292026e+01,0.000000000000000000e+00
3.256063465630796117e+01,-4.650140548266444540e+01,0.000000000000000000e+00
3.310650265603615594e+01,-4.556719170579908251e+01,0.000000000000000000e+00
3.360760826043835436e+01,-4.459880250906208232e+01,0.000000000000000000e+00
3.406156361025838919e+01,-4.359681332236246476e+01,0.000000000000000000e+00
3.446719277717705410e+01,-4.256343835428139499e+01,0.000000000000000000e+00
3.482361384853276576e+01,-4.150116691110241618e+01,0.000000000000000000e+00
3.513012720607801498e+01,-4.041258847952744304e+01,0.000000000000000000e+00
3.538576767407452905e+01,-3.929987642566551642e+01,0.000000000000000000e+00
3.558905684671785963e+01,-3.816459098170997066e+01,0.000000000000000000e+00
3.573850035496749911e+01,-3.700830048698394137e+01,0.000000000000000000e+00
3.583263824771415074e+01,-3.583263824771416495e+01,0.000000000000000000e+00
3.587004725599763333e+01,-3.463930198691623019e+01,0.000000000000000000e+00
3.584934305316507164e+01,-3.343005322520078693e+01,0.000000000000000000e+00
3.577029457154186787e+01,-3.220771789794136453e+01,0.000000000000000000e+00
3.562972244879940575e+01,-3.097244519681441943e+01,0.000000000000000000e+00
3.542901246105230939e+01,-2.972847128904427549e+01,0.000000000000000000e+00
3.517266468802175439e+01,-2.848226226928189675e+01,0.000000000000000000e+00
3.485069093620335678e+01,-2.722834390228365464e+01,0.000000000000000000e+00
3.447100172174375388e+01,-2.597576295852039863e+01,0.000000000000000000e+00
3.403934170155833527e+01,-2.473102937148850344e+01,0.000000000000000000e+00
3.358656185740887423e+01,-2.351756379510442585e+01,0.000000000000000000e+00
3.311428197038541299e+01,-2.233586521814660486e+01,0.000000000000000000e+00
3.262445536178655914e+01,-2.118656903587742590e+01,0.000000000000000000e+00
3.211663012782964444e+01,-2.006869785348853696e+01,0.000000000000000000e+00
3.159299553840168429e+01,-1.898298685613900361e+01,0.000000000000000000e+00
3.105357429142161152e+01,-1.792878947645233367e+01,0.000000000000000000e+00
3.050106445424468404e+01,-1.690701610593213289e+01,0.000000000000000000e+00
2.993570421547511273e+01,-1.591709627479640687e+01,0.000000000000000000e+00
2.935842350794421662e+01,-1.495886393433309003e+01,0.000000000000000000e+00
2.877067427740833239e+01,-1.403239544010559570e+01,0.000000000000000000e+00
2.817405794574796474e+01,-1.313777898140498479e+01,0.000000000000000000e+00
2.756731020568210155e+01,-1.227375728036843228e+01,0.000000000000000000e+00
2.695349902070315196e+01,-1.144108154301876645e+01,0.000000000000000000e+00
2.633343329600310767e+01,-1.063939766786599961e+01,0.000000000000000000e+00
2.570733918691755449e+01,-9.868122950314251796e+00,0.000000000000000000e+00
2.507637599749743984e+01,-9.127054446356513751e+00,0.000000000000000000e+00
2.444096594962623925e+01,-8.415699471928805409e+00,0.000000000000000000e+00
2.381452426182690374e+01,-7.737807989083982818e+00,0.000000000000000000e+00
2.322392179488145558e+01,-7.100265436491728366e+00,0.000000000000000000e+00
2.266772990857620584e+01,-6.499866956911167115e+00,0.000000000000000000e+00
2.214271411846836557e+01,-5.933122366276815107e+00,0.000000000000000000e+00
2.164603008962513542e+01,-5.396961451729633374e+00,0.000000000000000000e+00
2.117516569698229389e+01,-4.888672201246384574e+00,0.000000000000000000e+00
2.072789282489073059e+01,-4.405849629523507005e+00,0.000000000000000000e+00
2.030222897565734286e+01,-3.946353544473016672e+00,0.000000000000000000e+00
1.989640354636899389e+01,-3.508272764288459022e+00,0.000000000000000000e+00
1.950883086575949932e+01,-3.089895258059362604e+00,0.000000000000000000e+00
1.913808528421918709e+01,-2.689682480449727464e+00,0.000000000000000000e+00
1.878288257167428910e+01,-2.306247989053858749e+00,0.000000000000000000e+00
1.844206218015095899e+01,-1.938338842166819509e+00,0.000000000000000000e+00
1.811457234898215418e+01,-1.584819725156109138e+00,0.000000000000000000e+00
1.779945765125960833e+01,-1.244659327876098676e+00,0.000000000000000000e+00
1.749584810538280522e+01,-9.169185458765259922e-01,0.000000000000000000e+00
1.720294967891040017e+01,-6.007402403153631054e-01,0.000000000000000000e+00
1.692003601770108645e+01,-2.953403272767683996e-01,0.000000000000000000e+00
1.664644123822978727e+01,-4.077202195918522488e-15,0.000000000000000000e+00
