1.817718561542272226e+01,0.000000000000000000e+00,0.000000000000000000e+00
1.786125151678968592e+01,3.117693049247887704e-01,0.000000000000000000e+00
1.755592612152602072e+01,6.130664493039628127e-01,0.000000000000000000e+00
1.726050420374204108e+01,9.045846946237176001e-01,0.000000000000000000e+00
1.697436069246743173e+01,1.186962928003485240e+00,0.000000000000000000e+00
1.669687004083141346e+01,1.460786844938380513e+00,0.000000000000000000e+00
1.642750064744594596e+01,1.726599892876210740e+00,0.000000000000000000e+00
1.616575235708038250e+01,1.984904804829209723e+00,0.000000000000000000e+00
1.591112729719003660e+01,2.236163111403093318e+00,0.000000000000000000e+00
1.566320813218441721e+01,2.480808453702754157e+00,0.000000000000000000e+00
1.542159588626735811e+01,2.719243440331607253e+00,0.000000000000000000e+00
1.518588779855606852e+01,2.951837564814035364e+00,0.000000000000000000e+00
1.495574112630714758e+01,3.178940911034791039e+00,0.000000000000000000e+00
1.473084019695081359e+01,3.400882430029768422e+00,0.000000000000000000e+00
1.451086110188160028e+01,3.617964018066936127e+00,0.000000000000000000e+00
1.429550496059865416e+01,3.830469009587517792e+00,0.000000000000000000e+00
1.408451898056880580e+01,4.038670828310453764e+00,0.000000000000000000e+00
1.387764805146547786e+01,4.242822795817990489e+00,0.000000000000000000e+00
1.367463351881910327e+01,4.443157769031021331e+00,0.000000000000000000e+00
1.347525071350605863e+01,4.639900916661399144e+00,0.000000000000000000e+00
1.327929858686509235e+01,4.833269417552137348e+00,0.000000000000000000e+00
1.308657136003564325e+01,5.023464087042190940e+00,0.000000000000000000e+00
1.289686104614409778e+01,5.210670093594051089e+00,0.000000000000000000e+00
1.270998725957775832e+01,5.395069506035686580e+00,0.000000000000000000e+00
1.252578705277573512e+01,5.576839701962023277e+00,0.000000000000000000e+00
1.234409357409405672e+01,5.756145366581966627e+00,0.000000000000000000e+00
1.216473668116099560e+01,5.933138510724738524e+00,0.000000000000000000e+00
1.198756146700015179e+01,6.107967644815346375e+00,0.000000000000000000e+00
1.181243306193698928e+01,6.280782069901777120e+00,0.000000000000000000e+00
1.163921435869939280e+01,6.451721870826109928e+00,0.000000000000000000e+00
1.146776486793145011e+01,6.620917133503555263e+00,0.000000000000000000e+00
1.129794588591901316e+01,6.788490758753177090e+00,0.000000000000000000e+00
1.112963882816138472e+01,6.954570201538090579e+00,0.000000000000000000e+00
1.096272862885287758e+01,7.119279213740792756e+00,0.000000000000000000e+00
1.079709689111103188e+01,7.282733810227278504e+00,0.000000000000000000e+00
1.063262228520270725e+01,7.445042275035485879e+00,0.000000000000000000e+00
1.046918981907033697e+01,7.606311637315348761e+00,0.000000000000000000e+00
1.030669834078384461e+01,7.766654277885415070e+00,0.000000000000000000e+00
1.014504504097257609e+01,7.926177870775123147e+00,0.000000000000000000e+00
9.984123780778185520e+00,8.084984023116740914e+00,0.000000000000000000e+00
9.823825669667549221e+00,8.243168496167934123e+00,0.000000000000000000e+00
9.664049233813193140e+00,8.400829832556874877e+00,0.000000000000000000e+00
9.504701405127484293e+00,8.558071585020149641e+00,0.000000000000000000e+00
9.345685924821246715e+00,8.714993115200217133e+00,0.000000000000000000e+00
9.186902831340892917e+00,8.871688939469223101e+00,0.000000000000000000e+00
9.028249180975151944e+00,9.028249180975150168e+00,0.000000000000000000e+00
8.869628886459668848e+00,9.184769584001479359e+00,0.000000000000000000e+00
8.710950870950483704e+00,9.341351148569554397e+00,0.000000000000000000e+00
8.552119850903444842e+00,9.498091334732537305e+00,0.000000000000000000e+00
8.393036120830403846e+00,9.655083594068072372e+00,0.000000000000000000e+00
8.233596467602149360e+00,9.812418170235858383e+00,0.000000000000000000e+00
8.073703855327734047e+00,9.970193933650300266e+00,0.000000000000000000e+00
7.913263519370540067e+00,1.012851542495707591e+01,0.000000000000000000e+00
7.752175276381630731e+00,1.028748405681601241e+01,0.000000000000000000e+00
7.590333439452249920e+00,1.044719771640985684e+01,0.000000000000000000e+00
7.427628341049277161e+00,1.060775261009076331e+01,0.000000000000000000e+00
7.263956223962763303e+00,1.076925797463238510e+01,0.000000000000000000e+00
7.099212176395792717e+00,1.093182810111775183e+01,0.000000000000000000e+00
6.933284262053696523e+00,1.109557420422143004e+01,0.000000000000000000e+00
6.766053544150413046e+00,1.126060409001453522e+01,0.000000000000000000e+00
6.597397697407680894e+00,1.142702800964802101e+01,0.000000000000000000e+00
6.427199397450495510e+00,1.159497464565241209e+01,0.000000000000000000e+00
6.255335225108234809e+00,1.176457450747420808e+01,0.000000000000000000e+00
6.081672711400451625e+00,1.193595475443851939e+01,0.000000000000000000e+00
5.906070778867195337e+00,1.210923960655063425e+01,0.000000000000000000e+00
5.728388489197961064e+00,1.228456875845232155e+01,0.000000000000000000e+00
5.548483746986653919e+00,1.246209853514188026e+01,0.000000000000000000e+00
5.366203230911007260e+00,1.264198257703275630e+01,0.000000000000000000e+00
5.181381989919795039e+00,1.282437044577845420e+01,0.000000000000000000e+00
4.993848694284412915e+00,1.300942062421574086e+01,0.000000000000000000e+00
4.803432016968833373e+00,1.319732100250723761e+01,0.000000000000000000e+00
4.609947721615831107e+00,1.338826031863356647e+01,0.000000000000000000e+00
4.413196541200752776e+00,1.358242234117232528e+01,0.000000000000000000e+00
4.212968640990308877e+00,1.377999951097472042e+01,0.000000000000000000e+00
4.009051141823698927e+00,1.398122285809285437e+01,0.000000000000000000e+00
3.801214657252761420e+00,1.418632623134282333e+01,0.000000000000000000e+00
3.589210559647120213e+00,1.439553727907817660e+01,0.000000000000000000e+00
3.372777630777381130e+00,1.460910493703750390e+01,0.000000000000000000e+00
3.151644487263920436e+00,1.482732154915361633e+01,0.000000000000000000e+00
2.925516322932979918e+00,1.505047674793154755e+01,0.000000000000000000e+00
2.694075036193466222e+00,1.527885877344992238e+01,0.000000000000000000e+00
2.456988047488048110e+00,1.551281200636613455e+01,0.000000000000000000e+00
2.213898207803805640e+00,1.575270427624783309e+01,0.000000000000000000e+00
1.964417270952016015e+00,1.599889478372964646e+01,0.000000000000000000e+00
1.708132198153548220e+00,1.625179226922520925e+01,0.000000000000000000e+00
1.444600162689788414e+00,1.651185541612183272e+01,0.000000000000000000e+00
1.173339319542528791e+00,1.677953401465513750e+01,0.000000000000000000e+00
8.938326522869807222e-01,1.705534301424247445e+01,0.000000000000000000e+00
6.055213650250755864e-01,1.733986317707480751e+01,0.000000000000000000e+00
3.077968440935435757e-01,1.763366938818808904e+01,0.000000000000000000e+00
1.098349751874742373e-15,1.793741269138915939e+01,0.000000000000000000e+00
-3.185858849509262125e-01,1.825177312494013648e+01,0.000000000000000000e+00
-6.487411820529818129e-01,1.857751680432737729e+01,0.000000000000000000e+00
-9.913262655321117833e-01,1.891563197475345248e+01,0.000000000000000000e+00
-1.347284314289241447e+00,1.926706333155341255e+01,0.000000000000000000e+00
-1.717618336663715217e+00,1.963246742424819402e+01,0.000000000000000000e+00
-2.103407696132996385e+00,2.001258741682602960e+01,0.000000000000000000e+00
-2.506040292138250969e+00,2.041006030163659091e+01,0.000000000000000000e+00
-2.927118191433716543e+00,2.082752815316750272e+01,0.000000000000000000e+00
-3.367279167808281404e+00,2.126016394608323168e+01,0.000000000000000000e+00
-3.826319732357963854e+00,2.170013753416622393e+01,0.000000000000000000e+00
-4.303910790290832900e+00,2.214170154056865769e+01,0.000000000000000000e+00
-4.799836194943517320e+00,2.258145388329579362e+01,0.000000000000000000e+00
-5.314350340666551098e+00,2.301898028809096886e+01,0.000000000000000000e+00
-5.847783908271154907e+00,2.345418020273166704e+01,0.000000000000000000e+00
-6.400284531040303371e+00,2.388618705273954745e+01,0.000000000000000000e+00
-6.971668367313827552e+00,2.431309696183902247e+01,0.000000000000000000e+00
-7.562633682724436923e+00,2.473626018377559177e+01,0.000000000000000000e+00
-8.173676606366722552e+00,2.515598992960936542e+01,0.000000000000000000e+00
-8.804347512016727606e+00,2.556968181523706463e+01,0.000000000000000000e+00
-9.454123466904510664e+00,2.597499074605619285e+01,0.000000000000000000e+00
-1.012395478233867507e+01,2.637380389492500044e+01,0.000000000000000000e+00
-1.081412004719237885e+01,2.676588636007146960e+01,0.000000000000000000e+00
-1.152451183915727739e+01,2.715004848124253556e+01,0.000000000000000000e+00
-1.225518389180599499e+01,2.752559369195486383e+01,0.000000000000000000e+00
-1.300611716310658927e+01,2.789170826524023994e+01,0.000000000000000000e+00
-1.377730674277129808e+01,2.824766494132032690e+01,0.000000000000000000e+00
-1.456874362354915853e+01,2.859276928758875869e+01,0.000000000000000000e+00
-1.538042659834279746e+01,2.892637535181998132e+01,0.000000000000000000e+00
-1.621236872756825420e+01,2.924788741060213937e+01,0.000000000000000000e+00
-1.706459390114642716e+01,2.955674364731562065e+01,0.000000000000000000e+00
-1.793718282644324802e+01,2.985248534921956320e+01,0.000000000000000000e+00
-1.883013195862516653e+01,3.013451035978724946e+01,0.000000000000000000e+00
-1.974369010695698279e+01,3.040261665211564690e+01,0.000000000000000000e+00
-2.067186898908528292e+01,3.064730610942676847e+01,0.000000000000000000e+00
-2.160683881132641559e+01,3.085776378039400214e+01,0.000000000000000000e+00
-2.254826835024712395e+01,3.103502889521251973e+01,0.000000000000000000e+00
-2.349462944721756230e+01,3.117842634382045119e+01,0.000000000000000000e+00
-2.444530449906710601e+01,3.128856293999276161e+01,0.000000000000000000e+00
-2.539268075846945649e+01,3.135734926543626244e+01,0.000000000000000000e+00
-2.634163847214421139e+01,3.139274228399571598e+01,0.000000000000000000e+00
-2.729113233707634834e+01,3.139485643786029456e+01,0.000000000000000000e+00
-2.824023791151307350e+01,3.136396164628024863e+01,0.000000000000000000e+00
-2.918596697794232853e+01,3.129811775895900539e+01,0.000000000000000000e+00
-3.012430442932842922e+01,3.119463041842513107e+01,0.000000000000000000e+00
-3.105900820883443814e+01,3.105900820883444169e+01,0.000000000000000000e+00
-3.198855955631559667e+01,3.089099288578151814e+01,0.000000000000000000e+00
-3.291176961160051206e+01,3.069072167430453746e+01,0.000000000000000000e+00
-3.382755191197120581e+01,3.045846455023402299e+01,0.000000000000000000e+00
-3.472990360692391931e+01,3.019024461113489721e+01,0.000000000000000000e+00
-3.562290219454815343e+01,2.989116409290968335e+01,0.000000000000000000e+00
-3.650508715784624769e+01,2.956123671081601501e+01,0.000000000000000000e+00
-3.737548653467992921e+01,2.920093041324079763e+01,0.000000000000000000e+00
-3.823292135486035193e+01,2.881057273421661691e+01,0.000000000000000000e+00
-3.907630971662025843e+01,2.839060084663374184e+01,0.000000000000000000e+00
-3.990458694316596677e+01,2.794149258674958602e+01,0.000000000000000000e+00
-4.071673533781029164e+01,2.746378476337204688e+01,0.000000000000000000e+00
-4.151178736466966512e+01,2.695806992181694639e+01,0.000000000000000000e+00
-4.228883548259084080e+01,2.642499722100671633e+01,0.000000000000000000e+00
-4.304703982644527827e+01,2.586527099742196256e+01,0.000000000000000000e+00
-4.378563983679350002e+01,2.527965094641271904e+01,0.000000000000000000e+00
-4.450394883772380439e+01,2.466894166614125083e+01,0.000000000000000000e+00
-4.520141870375771731e+01,2.403402064926757475e+01,0.000000000000000000e+00
-4.587742428609938372e+01,2.337571523102141668e+01,0.000000000000000000e+00
-4.653200830096594842e+01,2.269517685979826638e+01,0.000000000000000000e+00
-4.716399192827164910e+01,2.199293062531361542e+01,0.000000000000000000e+00
-4.777013466198179259e+01,2.126863425256590290e+01,0.000000000000000000e+00
-4.835060920139616769e+01,2.052361595438508601e+01,0.000000000000000000e+00
-4.890883090632630825e+01,1.976045036109290010e+01,0.000000000000000000e+00
-4.944288884920563731e+01,1.897934681746363950e+01,0.000000000000000000e+00
-4.994614319789020840e+01,1.817890944042939694e+01,0.000000000000000000e+00
-5.042263724916725209e+01,1.736190633977635045e+01,0.000000000000000000e+00
-5.087462439931298519e+01,1.653016750578798622e+01,0.000000000000000000e+00
-5.129896266406350236e+01,1.568366681340652846e+01,0.000000000000000000e+00
-5.169433023891670587e+01,1.482311066590140847e+01,0.000000000000000000e+00
-5.206067289734478010e+01,1.394961526026438570e+01,0.000000000000000000e+00
-5.239790699372780836e+01,1.306426550390888508e+01,0.000000000000000000e+00
-5.270593887728297489e+01,1.216812477017280081e+01,0.000000000000000000e+00
-5.298456846836106848e+01,1.126221769520469707e+01,0.000000000000000000e+00
-5.323347819338661679e+01,1.034753994770649754e+01,0.000000000000000000e+00
-5.345237256113564683e+01,9.425095465409043527e+00,0.000000000000000000e+00
-5.364097159626484768e+01,8.495895264738761554e+00,0.000000000000000000e+00
-5.379901155577793759e+01,7.560957990212651580e+00,0.000000000000000000e+00
-5.392625858838404440e+01,6.621311981911226496e+00,0.000000000000000000e+00
-5.402250961819574826e+01,5.677994560553129233e+00,0.000000000000000000e+00
-5.408759264884990614e+01,4.732051194182496090e+00,0.000000000000000000e+00
-5.412136704665606857e+01,3.784534655597232788e+00,0.000000000000000000e+00
-5.412372380251282777e+01,2.836504171018374265e+00,0.000000000000000000e+00
-5.409463586575063943e+01,1.889026309807892767e+00,0.000000000000000000e+00
-5.403430882627106513e+01,9.431723689139179800e-01,0.000000000000000000e+00
-5.394303073952367100e+01,6.606115993146494863e-15,0.000000000000000000e+00
-5.369076212035349016e+01,-9.371757388562381719e-01,0.000000000000000000e+00
-5.371988359027907478e+01,-1.875939671979653056e+00,0.000000000000000000e+00
-5.373086903337502207e+01,-2.815915524987097296e+00,0.000000000000000000e+00
-5.372367672334745237e+01,-3.756725439147439172e+00,0.000000000000000000e+00
-5.369827315434854853e+01,-4.697990151923945312e+00,0.000000000000000000e+00
-5.365463308577749757e+01,-5.639329178941083320e+00,0.000000000000000000e+00
-5.359273958304751773e+01,-6.580360997288219771e+00,0.000000000000000000e+00
-5.351258405428178122e+01,-7.520703230070648893e+00,0.000000000000000000e+00
-5.341416628290249946e+01,-8.459972832119222019e+00,0.000000000000000000e+00
-5.329749445607978231e+01,-9.397786276766705527e+00,0.000000000000000000e+00
-5.316258518900902885e+01,-1.033375974359986493e+01,0.000000000000000000e+00
-5.300946354498677238e+01,-1.126750930709475362e+01,0.000000000000000000e+00
-5.283816305125768054e+01,-1.219865112604142254e+01,0.000000000000000000e+00
-5.264872571060787720e+01,-1.312680163366427166e+01,0.000000000000000000e+00
-5.244120200868022863e+01,-1.405157772834321328e+01,0.000000000000000000e+00
-5.221565091699097394e+01,-1.497259696483981983e+01,0.000000000000000000e+00
-5.197214009481324126e+01,-1.588947780805219701e+01,0.000000000000000000e+00
-5.171078268051737581e+01,-1.680185180051955740e+01,0.000000000000000000e+00
-5.143177881534691664e+01,-1.770938164673037818e+01,0.000000000000000000e+00
-5.113534443476173408e+01,-1.861174329320316900e+01,0.000000000000000000e+00
-5.082165403315707408e+01,-1.950860518434160085e+01,0.000000000000000000e+00
-5.049053003291002284e+01,-2.039949828961326972e+01,0.000000000000000000e+00
-5.014164423680826843e+01,-2.128386522186656293e+01,0.000000000000000000e+00
-4.977485676300643291e+01,-2.216119403801402754e+01,0.000000000000000000e+00
-4.939082166651884620e+01,-2.303131838566556056e+01,0.000000000000000000e+00
-4.899038769309468222e+01,-2.389420860439816607e+01,0.000000000000000000e+00
-4.857381777745082729e+01,-2.474959633671607406e+01,0.000000000000000000e+00
-4.814078063454679324e+01,-2.559690711093480431e+01,0.000000000000000000e+00
-4.769111902262789471e+01,-2.643561894815396585e+01,0.000000000000000000e+00
-4.722504211597845369e+01,-2.726539077815158052e+01,0.000000000000000000e+00
-4.674279614471134181e+01,-2.808590542659031541e+01,0.000000000000000000e+00
-4.624461186337614294e+01,-2.889684064436623956e+01,0.000000000000000000e+00
-4.573081927351235976e+01,-2.969794127936198791e+01,0.000000000000000000e+00
-4.520190803496824827e+01,-3.048907194711418711e+01,0.000000000000000000e+00
-4.465813277436043194e+01,-3.126996121097725023e+01,0.000000000000000000e+00
-4.409945012231112571e+01,-3.204012597551023589e+01,0.000000000000000000e+00
-4.352543240122987811e+01,-3.279876586842213726e+01,0.000000000000000000e+00
-4.293628846846299751e+01,-3.354550503595621791e+01,0.000000000000000000e+00
-4.233403366523243250e+01,-3.428142452284514974e+01,0.000000000000000000e+00
-4.171804811956045000e+01,-3.500559879055919055e+01,0.000000000000000000e+00
-4.108677669480820072e+01,-3.571619008041359677e+01,0.000000000000000000e+00
-4.044241811000605935e+01,-3.641451682743366547e+01,0.000000000000000000e+00
-3.978598208886828758e+01,-3.710102851467246410e+01,0.000000000000000000e+00
-3.911772287965145978e+01,-3.777554588089327581e+01,0.000000000000000000e+00
-3.843904529360969491e+01,-3.843904529360968070e+01,0.000000000000000000e+00
-3.775134986420036398e+01,-3.909266717089294474e+01,0.000000000000000000e+00
-3.705480536662371804e+01,-3.973641383122192394e+01,0.000000000000000000e+00
-3.634865153476285826e+01,-4.036926729167295491e+01,0.000000000000000000e+00
-3.563277889947876531e+01,-4.099082310745175306e+01,0.000000000000000000e+00
-3.490809963006034877e+01,-4.160185314476101581e+01,0.000000000000000000e+00
-3.417509776630855356e+01,-4.220273105592185914e+01,0.000000000000000000e+00
-3.343346927373103483e+01,-4.279288923209647777e+01,0.000000000000000000e+00
-3.268276775987229854e+01,-4.337149771196101966e+01,0.000000000000000000e+00
-3.192314039503778389e+01,-4.393843328439298546e+01,0.000000000000000000e+00
-3.115527050747381210e+01,-4.449433747476007284e+01,0.000000000000000000e+00
-3.037939211036741582e+01,-4.503930098997456355e+01,0.000000000000000000e+00
-2.959548705402493951e+01,-4.557305360152108875e+01,0.000000000000000000e+00
-2.880371424949050407e+01,-4.609557847809137598e+01,0.000000000000000000e+00
-2.800407024786025900e+01,-4.660659953581638604e+01,0.000000000000000000e+00
-2.719619383488599240e+01,-4.710518949451395088e+01,0.000000000000000000e+00
-2.638052798095156604e+01,-4.759173228691069113e+01,0.000000000000000000e+00
-2.555742469360683700e+01,-4.806652500736225875e+01,0.000000000000000000e+00
-2.472700677167994243e+01,-4.852948325979603084e+01,0.000000000000000000e+00
-2.388937222915945924e+01,-4.898047165436334893e+01,0.000000000000000000e+00
-2.304463530854441800e+01,-4.941937989979236079e+01,0.000000000000000000e+00
-2.219290977143630883e+01,-4.984609146658417700e+01,0.000000000000000000e+00
-2.133431420773585074e+01,-5.026049459952179177e+01,0.000000000000000000e+00
-2.046897015046266333e+01,-5.066247892238067863e+01,0.000000000000000000e+00
-1.959700233332496211e+01,-5.105193647932370737e+01,0.000000000000000000e+00
-1.871853835956564893e+01,-5.142876146810166915e+01,0.000000000000000000e+00
-1.783370853485208229e+01,-5.179285031621758861e+01,0.000000000000000000e+00
-1.694264566766592850e+01,-5.214410164756903043e+01,0.000000000000000000e+00
-1.604548488807737172e+01,-5.248241626101550850e+01,0.000000000000000000e+00
-1.514236347327597265e+01,-5.280769709059168093e+01,0.000000000000000000e+00
-1.423342068349543688e+01,-5.311984915630674209e+01,0.000000000000000000e+00
-1.331879760817195191e+01,-5.341877950447887002e+01,0.000000000000000000e+00
-1.239863702298656456e+01,-5.370439713907256163e+01,0.000000000000000000e+00
-1.147308325814912600e+01,-5.397661294484142047e+01,0.000000000000000000e+00
-1.054228207827102004e+01,-5.423533960326081171e+01,0.000000000000000000e+00
-9.606380574062061584e+00,-5.448049150200689894e+01,0.000000000000000000e+00
-8.665527066154863789e+00,-5.471198463939278867e+01,0.000000000000000000e+00
-7.719871020828378505e+00,-5.492973652231371773e+01,0.000000000000000000e+00
-6.769562979136657610e+00,-5.513366606808082793e+01,0.000000000000000000e+00
-5.814754494357095460e+00,-5.532369347114222791e+01,0.000000000000000000e+00
-4.855598095956213278e+00,-5.549974019796785996e+01,0.000000000000000000e+00
-3.892247218546276422e+00,-5.566172846104537086e+01,0.000000000000000000e+00
-2.924856291688430421e+00,-5.580958269366828262e+01,0.000000000000000000e+00
-1.953580417272832159e+00,-5.594322363756767658e+01,0.000000000000000000e+00
-9.785761131641285138e-01,-5.606258797595066312e+01,0.000000000000000000e+00
-1.031781500302994631e-14,-5.616756880549075959e+01,0.000000000000000000e+00
9.819896482005771032e-01,-5.625814926721524500e+01,0.000000000000000000e+00
1.967190165388173817e+00,-5.633295583171588561e+01,0.000000000000000000e+00
2.955432707653435909e+00,-5.639301546611778093e+01,0.000000000000000000e+00
3.946553835131863863e+00,-5.643834926036737443e+01,0.000000000000000000e+00
4.940389119939344376e+00,-5.646890603689997334e+01,0.000000000000000000e+00
5.936771688142849612e+00,-5.648460952250160716e+01,0.000000000000000000e+00
6.935533954420888492e+00,-5.648539118778417389e+01,0.000000000000000000e+00
7.936507448422648991e+00,-5.647118479998326279e+01,0.000000000000000000e+00
8.939519904045585719e+00,-5.644190733463557308e+01,0.000000000000000000e+00
9.944404915789654353e+00,-5.639752280583497424e+01,0.000000000000000000e+00
1.095085322489024904e+01,-5.633725593641072038e+01,0.000000000000000000e+00
1.195854788552239789e+01,-5.626054444786880282e+01,0.000000000000000000e+00
1.296751240068043209e+01,-5.616846711302792983e+01,0.000000000000000000e+00
1.397760487930648310e+01,-5.606111114642010307e+01,0.000000000000000000e+00
1.498731247336650263e+01,-5.593341161951448726e+01,0.000000000000000000e+00
1.599221986834916542e+01,-5.577149855796038480e+01,0.000000000000000000e+00
1.698884389032492237e+01,-5.556800452368756282e+01,0.000000000000000000e+00
1.797537919353467117e+01,-5.532252861842427905e+01,0.000000000000000000e+00
1.895021469437866202e+01,-5.503541964970680311e+01,0.000000000000000000e+00
1.991154874368400840e+01,-5.470653055964196199e+01,0.000000000000000000e+00
2.085720007976859236e+01,-5.433486384793597779e+01,0.000000000000000000e+00
2.178650374279320445e+01,-5.392348899569239506e+01,0.000000000000000000e+00
2.269789924417522897e+01,-5.347289963361942711e+01,0.000000000000000000e+00
2.358990936988061549e+01,-5.298380393781944520e+01,0.000000000000000000e+00
2.446107806656164385e+01,-5.245695119686599384e+01,0.000000000000000000e+00
2.531000960520002252e+01,-5.189320992395049359e+01,0.000000000000000000e+00
2.613494337952258206e+01,-5.129271443743332526e+01,0.000000000000000000e+00
2.693342872867831161e+01,-5.065441221254456394e+01,0.000000000000000000e+00
2.770515099547031568e+01,-4.998141546283414982e+01,0.000000000000000000e+00
2.844911195851114627e+01,-4.927530734235661924e+01,0.000000000000000000e+00
2.916446856635734974e+01,-4.853782664864516505e+01,0.000000000000000000e+00
2.984997123527114837e+01,-4.776993965868659586e+01,0.000000000000000000e+00
3.050315297963112826e+01,-4.697073655921042956e+01,0.000000000000000000e+00
3.112151375786515572e+01,-4.613954157844320036e+01,0.000000000000000000e+00
3.170612496033911043e+01,-4.528103916362470471e+01,0.000000000000000000e+00
3.225697124586198328e+01,-4.439791203196297431e+01,0.000000000000000000e+00
3.277095318111318534e+01,-4.348852371856119703e+01,0.000000000000000000e+00
3.324689401397167643e+01,-4.255408378959317872e+01,0.000000000000000000e+00
3.368424883276991721e+01,-4.159658310360668310e+01,0.000000000000000000e+00
3.408134810299086581e+01,-4.061656904219323394e+01,0.000000000000000000e+00
3.443655478005035775e+01,-3.961472467250559504e+01,0.000000000000000000e+00
3.474948947029541557e+01,-3.859321788963539035e+01,0.000000000000000000e+00
3.502018926220036121e+01,-3.755455518392608383e+01,0.000000000000000000e+00
3.524838783119145802e+01,-3.650077411144544470e+01,0.000000000000000000e+00
3.543321357764904889e+01,-3.543321357764906310e+01,0.000000000000000000e+00
3.557376593949206267e+01,-3.435318644538173771e+01,0.000000000000000000e+00
3.566917601508077951e+01,-3.326204474416245915e+01,0.000000000000000000e+00
3.571860792538079465e+01,-3.216117903270173173e+01,0.000000000000000000e+00
3.572126016555614569e+01,-3.105201772000103588e+01,0.000000000000000000e+00
3.567504264645551615e+01,-2.993491512687458211e+01,0.000000000000000000e+00
3.557612347520176144e+01,-2.880897675319248918e+01,0.000000000000000000e+00
3.543319018575402879e+01,-2.768344219340854906e+01,0.000000000000000000e+00
3.524280459555866685e+01,-2.655735813996459882e+01,0.000000000000000000e+00
3.500511476221971918e+01,-2.543270457246090999e+01,0.000000000000000000e+00
3.471323437828111480e+01,-2.430646838731290771e+01,0.000000000000000000e+00
3.437933118051169146e+01,-2.318915168460156551e+01,0.000000000000000000e+00
3.401983070058611247e+01,-2.209273637625440045e+01,0.000000000000000000e+00
3.364198954901447536e+01,-2.102184820643309138e+01,0.000000000000000000e+00
3.324763671507284357e+01,-1.997719557782212974e+01,0.000000000000000000e+00
3.283933959309471362e+01,-1.895980155408279089e+01,0.000000000000000000e+00
3.241438678069860657e+01,-1.796758798983221084e+01,0.000000000000000000e+00
3.197799192893409526e+01,-1.700299991420889967e+01,0.000000000000000000e+00
3.152648319596638871e+01,-1.606354552140333780e+01,0.000000000000000000e+00
3.106341105898407662e+01,-1.515063788548369317e+01,0.000000000000000000e+00
3.058954887357105434e+01,-1.426414089925281381e+01,0.000000000000000000e+00
3.010559295817480674e+01,-1.340387357320209105e+01,0.000000000000000000e+00
2.961251191638583080e+01,-1.256976555321264222e+01,0.000000000000000000e+00
2.911101565939282665e+01,-1.176161378709264227e+01,0.000000000000000000e+00
2.860018307721967545e+01,-1.097858167877317825e+01,0.000000000000000000e+00
2.808344224716987725e+01,-1.022153705370378063e+01,0.000000000000000000e+00
2.756122892111633149e+01,-9.490092173738110759e+00,0.000000000000000000e+00
2.703213248774867949e+01,-8.783272276446986382e+00,0.000000000000000000e+00
2.650029250722356622e+01,-8.101952487087277888e+00,0.000000000000000000e+00
2.596280628214732999e+01,-7.444714902755555919e+00,0.000000000000000000e+00
2.542367437070242531e+01,-6.812253016261544225e+00,0.000000000000000000e+00
2.488158458053804623e+01,-6.203675791039234610e+00,0.000000000000000000e+00
2.433776998157807014e+01,-5.618816931676967386e+00,0.000000000000000000e+00
2.379439532523589662e+01,-5.057654857349403343e+00,0.000000000000000000e+00
2.324982054652871355e+01,-4.519307305230726435e+00,0.000000000000000000e+00
2.271073677348015352e+01,-4.004515644932483021e+00,0.000000000000000000e+00
2.219590464960892007e+01,-3.515485935425087582e+00,0.000000000000000000e+00
2.170893170639212499e+01,-3.050991382513569938e+00,0.000000000000000000e+00
2.124483588320865834e+01,-2.608537845374060637e+00,0.000000000000000000e+00
2.080161512879745089e+01,-2.186337850403181182e+00,0.000000000000000000e+00
2.037818558405260916e+01,-1.782860221832016867e+00,0.000000000000000000e+00
1.997295284329937104e+01,-1.396644917429985755e+00,0.000000000000000000e+00
1.958439511018744383e+01,-1.026374656326585644e+00,0.000000000000000000e+00
1.921132889515903486e+01,-6.708743879779983654e-01,0.000000000000000000e+00
1.885263846609882776e+01,-3.290740284939850380e-01,0.000000000000000000e+00
1.850732571133758952e+01,-4.532987438633418380e-15,0.000000000000000000e+00
