2.081547241002626336e+01,0.000000000000000000e+00,0.000000000000000000e+00
2.041777601205874859e+01,3.563936059802890188e-01,0.000000000000000000e+00
2.003473329940977976e+01,6.996283033773312843e-01,0.000000000000000000e+00
1.966535402802464461e+01,1.030617533423580756e+00,0.000000000000000000e+00
1.930870431121187281e+01,1.350196135242961448e+00,0.000000000000000000e+00
1.896395929981090944e+01,1.659131454300474040e+00,0.000000000000000000e+00
1.863029464335337693e+01,1.958122871263884957e+00,0.000000000000000000e+00
1.830700120372168982e+01,2.247817104247913367e+00,0.000000000000000000e+00
1.799343315558833822e+01,2.528812114848070447e+00,0.000000000000000000e+00
1.768894417397912022e+01,2.801653522927650020e+00,0.000000000000000000e+00
1.739298633249545745e+01,3.066852765512521728e+00,0.000000000000000000e+00
1.710504651782719776e+01,3.324884229950304970e+00,0.000000000000000000e+00
1.682460613918447123e+01,3.576180432397396469e+00,0.000000000000000000e+00
1.655121925798861326e+01,3.821150051014416071e+00,0.000000000000000000e+00
1.628448269030930007e+01,4.060177546509163626e+00,0.000000000000000000e+00
1.602398451802788060e+01,4.293613711134383060e+00,0.000000000000000000e+00
1.576934041116847141e+01,4.521785599362462271e+00,0.000000000000000000e+00
1.552022833259232115e+01,4.745009984517459145e+00,0.000000000000000000e+00
1.527632655505116688e+01,4.963579383821905111e+00,0.000000000000000000e+00
1.503730891553022353e+01,5.177760689183926068e+00,0.000000000000000000e+00
1.480288839928944000e+01,5.387810758505825248e+00,0.000000000000000000e+00
1.457281307445311747e+01,5.593978828576436690e+00,0.000000000000000000e+00
1.434682680474862515e+01,5.796494286633248727e+00,0.000000000000000000e+00
1.412467029227150483e+01,5.995566826333210031e+00,0.000000000000000000e+00
1.390611443400968916e+01,6.191401047204191599e+00,0.000000000000000000e+00
1.369095776931006725e+01,6.384198455305961417e+00,0.000000000000000000e+00
1.347899559380506673e+01,6.574145412234385866e+00,0.000000000000000000e+00
1.327001948134580900e+01,6.761412641032550574e+00,0.000000000000000000e+00
1.306383384194583464e+01,6.946163667421012988e+00,0.000000000000000000e+00
1.286027285870068582e+01,7.128565649730167486e+00,0.000000000000000000e+00
1.265917100668915829e+01,7.308775788429490383e+00,0.000000000000000000e+00
1.246035936295485413e+01,7.486939240130910278e+00,0.000000000000000000e+00
1.226366810594859658e+01,7.663190341395189620e+00,0.000000000000000000e+00
1.206894836880495170e+01,7.837666712610643849e+00,0.000000000000000000e+00
1.187606341958935907e+01,8.010505923073816703e+00,0.000000000000000000e+00
1.168487343274688328e+01,8.181836460635736330e+00,0.000000000000000000e+00
1.149523559155335661e+01,8.351777526704374566e+00,0.000000000000000000e+00
1.130700796848815060e+01,8.520441649198811973e+00,0.000000000000000000e+00
1.112006705578409793e+01,8.687948556474987427e+00,0.000000000000000000e+00
1.093429379698794968e+01,8.854416531064048357e+00,0.000000000000000000e+00
1.074956579381697530e+01,9.019956692907728169e+00,0.000000000000000000e+00
1.056575756811997380e+01,9.184672928948117487e+00,0.000000000000000000e+00
1.038274396644671249e+01,9.348664658297616725e+00,0.000000000000000000e+00
1.020041415458315726e+01,9.512040084000934925e+00,0.000000000000000000e+00
1.001865948840397458e+01,9.674907006566099810e+00,0.000000000000000000e+00
9.837367573148956268e+00,9.837367573148954492e+00,0.000000000000000000e+00
9.656422457953640404e+00,9.999518177979032529e+00,0.000000000000000000e+00
9.475706853129677754e+00,1.016145153466271722e+01,0.000000000000000000e+00
9.295114247520787742e+00,1.032327021006372192e+01,0.000000000000000000e+00
9.114539916410755893e+00,1.048507876619375523e+01,0.000000000000000000e+00
8.933874630386343441e+00,1.064697718654919534e+01,0.000000000000000000e+00
8.753004774149154343e+00,1.080906070673451680e+01,0.000000000000000000e+00
8.571813673605097605e+00,1.097142118424905988e+01,0.000000000000000000e+00
8.390192356273328045e+00,1.113416131879166571e+01,0.000000000000000000e+00
8.208033553559676676e+00,1.129738898574029982e+01,0.000000000000000000e+00
8.025224393550722368e+00,1.146120822130765937e+01,0.000000000000000000e+00
7.841646411747685619e+00,1.162571889893510502e+01,0.000000000000000000e+00
7.657176524877447044e+00,1.179101785240228217e+01,0.000000000000000000e+00
7.471697020694801239e+00,1.195721473275103364e+01,0.000000000000000000e+00
7.285090958556265761e+00,1.212442740938245933e+01,0.000000000000000000e+00
7.097234232835301526e+00,1.229277028448786169e+01,0.000000000000000000e+00
6.907995494014718574e+00,1.246235376440236209e+01,0.000000000000000000e+00
6.717237389055326524e+00,1.263328613161024450e+01,0.000000000000000000e+00
6.524826740408943948e+00,1.280569350732752198e+01,0.000000000000000000e+00
6.330628151388279612e+00,1.297971121840142672e+01,0.000000000000000000e+00
6.134496799922423804e+00,1.315547084127737776e+01,0.000000000000000000e+00
5.936278424235741369e+00,1.333309964096764766e+01,0.000000000000000000e+00
5.735812343628338361e+00,1.351272707965789799e+01,0.000000000000000000e+00
5.532940938730263269e+00,1.369450937818009351e+01,0.000000000000000000e+00
5.327498229074899783e+00,1.387860737873860906e+01,0.000000000000000000e+00
5.119305842705553999e+00,1.406517720611562083e+01,0.000000000000000000e+00
4.908173427735992078e+00,1.425437065835029138e+01,0.000000000000000000e+00
4.693907213651707266e+00,1.444636095648402296e+01,0.000000000000000000e+00
4.476308870039101606e+00,1.464134658871117800e+01,0.000000000000000000e+00
4.255164471312838259e+00,1.483952203817505833e+01,0.000000000000000000e+00
4.030244051390739379e+00,1.504107556669247536e+01,0.000000000000000000e+00
3.801307438562203878e+00,1.524621139709325490e+01,0.000000000000000000e+00
3.568108290669493421e+00,1.545517497786819305e+01,0.000000000000000000e+00
3.330380950752068969e+00,1.566821049694165602e+01,0.000000000000000000e+00
3.087838945194292251e+00,1.588555424616881417e+01,0.000000000000000000e+00
2.840180919186441333e+00,1.610746641140717372e+01,0.000000000000000000e+00
2.587092077389208988e+00,1.633425652221991697e+01,0.000000000000000000e+00
2.328231799683886383e+00,1.656623005416279071e+01,0.000000000000000000e+00
2.063233289340754784e+00,1.680368667012064776e+01,0.000000000000000000e+00
1.791710304256162622e+00,1.704698483107916474e+01,0.000000000000000000e+00
1.513249372417682981e+00,1.729651947385490374e+01,0.000000000000000000e+00
1.227402442322367948e+00,1.755267269032525590e+01,0.000000000000000000e+00
9.336896693331701025e-01,1.781586020446592755e+01,0.000000000000000000e+00
6.315968797294910786e-01,1.808656822063283087e+01,0.000000000000000000e+00
3.205670381637468203e-01,1.836527331648738937e+01,0.000000000000000000e+00
1.142136122673831185e-15,1.865249839331684356e+01,0.000000000000000000e+00
-3.307541147398417314e-01,1.894889054266137407e+01,0.000000000000000000e+00
-6.724026130320963635e-01,1.925509153488152947e+01,0.000000000000000000e+00
-1.025711482341768788e+00,1.957174099673569501e+01,0.000000000000000000e+00
-1.391507357717139515e+00,1.989948231647186105e+01,0.000000000000000000e+00
-1.770684736176981744e+00,2.023901914620406117e+01,0.000000000000000000e+00
-2.164271468016072397e+00,2.059166752458027716e+01,0.000000000000000000e+00
-2.573420016034694058e+00,2.095882411527050238e+01,0.000000000000000000e+00
-2.998776308246231093e+00,2.133740214789834155e+01,0.000000000000000000e+00
-3.440009960960805024e+00,2.171936810151349562e+01,0.000000000000000000e+00
-3.896746826107918782e+00,2.209954943055885579e+01,0.000000000000000000e+00
-4.369298151414869658e+00,2.247809035183302129e+01,0.000000000000000000e+00
-4.858005334394658981e+00,2.285511816820008590e+01,0.000000000000000000e+00
-5.363032356403765633e+00,2.322984526476822964e+01,0.000000000000000000e+00
-5.884655408126368670e+00,2.360206371134182746e+01,0.000000000000000000e+00
-6.423341595010080063e+00,2.397223718694812433e+01,0.000000000000000000e+00
-6.978962278927371976e+00,2.433853385455219609e+01,0.000000000000000000e+00
-7.551097543309386317e+00,2.469852717196267733e+01,0.000000000000000000e+00
-8.140649351290129232e+00,2.505434249038204086e+01,0.000000000000000000e+00
-8.748060522134073480e+00,2.540621252694823440e+01,0.000000000000000000e+00
-9.372489126100223444e+00,2.575070223804435088e+01,0.000000000000000000e+00
-1.001492983460795649e+01,2.608978419581288932e+01,0.000000000000000000e+00
-1.067565212492614002e+01,2.642316622605043008e+01,0.000000000000000000e+00
-1.135302832284184937e+01,2.674605863363105485e+01,0.000000000000000000e+00
-1.204840077752126781e+01,2.706115121304893023e+01,0.000000000000000000e+00
-1.276271771919760667e+01,2.736973647332924742e+01,0.000000000000000000e+00
-1.349516962554681321e+01,2.766919812602285589e+01,0.000000000000000000e+00
-1.424448514775419028e+01,2.795637619649446393e+01,0.000000000000000000e+00
-1.501179617427680135e+01,2.823308235734721805e+01,0.000000000000000000e+00
-1.579743911039611604e+01,2.849933456614711602e+01,0.000000000000000000e+00
-1.660129314634907871e+01,2.875428320082160383e+01,0.000000000000000000e+00
-1.742315546191251130e+01,2.899700015306434864e+01,0.000000000000000000e+00
-1.826319481915384202e+01,2.922722127969552730e+01,0.000000000000000000e+00
-1.912024925918538187e+01,2.944260193362129385e+01,0.000000000000000000e+00
-1.998832365960286594e+01,2.963390848372695885e+01,0.000000000000000000e+00
-2.086308784680491613e+01,2.979557732290009753e+01,0.000000000000000000e+00
-2.174239025613605847e+01,2.992583285637428503e+01,0.000000000000000000e+00
-2.262630105909775224e+01,3.002611565290006368e+01,0.000000000000000000e+00
-2.351402052956876787e+01,3.009657381603781090e+01,0.000000000000000000e+00
-2.440459730323401288e+01,3.013716781614668250e+01,0.000000000000000000e+00
-2.529710952477134356e+01,3.014792115839545161e+01,0.000000000000000000e+00
-2.619063398107291363e+01,3.012887789691528795e+01,0.000000000000000000e+00
-2.708425908861466169e+01,3.008011709869174766e+01,0.000000000000000000e+00
-2.797708091958946142e+01,3.000174617599632043e+01,0.000000000000000000e+00
-2.886820551126144707e+01,2.989390191164723731e+01,0.000000000000000000e+00
-2.975674938762964672e+01,2.975674938762965027e+01,0.000000000000000000e+00
-3.064184087661966416e+01,2.959048177397615120e+01,0.000000000000000000e+00
-3.152262171674399838e+01,2.939532030547445629e+01,0.000000000000000000e+00
-3.239824788103127418e+01,2.917151342024450500e+01,0.000000000000000000e+00
-3.326789442204019309e+01,2.891933941614996328e+01,0.000000000000000000e+00
-3.413074692300021695e+01,2.863909715489457852e+01,0.000000000000000000e+00
-3.498603885728466167e+01,2.833113565136923384e+01,0.000000000000000000e+00
-3.583294544919345270e+01,2.799576523485414015e+01,0.000000000000000000e+00
-3.667088025726290113e+01,2.763349033869504368e+01,0.000000000000000000e+00
-3.749888233798544945e+01,2.724453277121553896e+01,0.000000000000000000e+00
-3.831388830551994573e+01,2.682767340964992897e+01,0.000000000000000000e+00
-3.911696680936920956e+01,2.638472726596205931e+01,0.000000000000000000e+00
-3.990803101891227556e+01,2.591657837324340719e+01,0.000000000000000000e+00
-4.068634688018096313e+01,2.542365120657676769e+01,0.000000000000000000e+00
-4.145165334973143700e+01,2.490666609143549337e+01,0.000000000000000000e+00
-4.220288687869707189e+01,2.436584809999507684e+01,0.000000000000000000e+00
-4.293764878848401878e+01,2.380072737155671803e+01,0.000000000000000000e+00
-4.365483908625721199e+01,2.321168967982714548e+01,0.000000000000000000e+00
-4.435628147244960218e+01,2.260065425515129434e+01,0.000000000000000000e+00
-4.504197815057805343e+01,2.196844059750839762e+01,0.000000000000000000e+00
-4.570932829418640608e+01,2.131460983270008214e+01,0.000000000000000000e+00
-4.635607942556676164e+01,2.063905629870318492e+01,0.000000000000000000e+00
-4.698499281772441094e+01,1.994394619091319498e+01,0.000000000000000000e+00
-4.759596290936784158e+01,1.923001725926201289e+01,0.000000000000000000e+00
-4.818410960572843749e+01,1.849614673784365237e+01,0.000000000000000000e+00
-4.875073292753105392e+01,1.774381568428255207e+01,0.000000000000000000e+00
-4.929744934933645339e+01,1.697447307572520359e+01,0.000000000000000000e+00
-4.982295989119742075e+01,1.618846099327214816e+01,0.000000000000000000e+00
-5.032619800045415559e+01,1.538626280990233752e+01,0.000000000000000000e+00
-5.080645470835239053e+01,1.456851645438393916e+01,0.000000000000000000e+00
-5.126301057142561035e+01,1.373588228420161350e+01,0.000000000000000000e+00
-5.169528988672281855e+01,1.288908338385587626e+01,0.000000000000000000e+00
-5.210370184945067251e+01,1.202908739692832008e+01,0.000000000000000000e+00
-5.248900349115463371e+01,1.115688210756561460e+01,0.000000000000000000e+00
-5.285059722288912809e+01,1.027311542629824359e+01,0.000000000000000000e+00
-5.318680594719760535e+01,9.378268906196378651e+00,0.000000000000000000e+00
-5.349629930569737013e+01,8.472981424966764763e+00,0.000000000000000000e+00
-5.377925042599454741e+01,7.558180744538231188e+00,0.000000000000000000e+00
-5.403623612369082707e+01,6.634815525293053184e+00,0.000000000000000000e+00
-5.426780321343320423e+01,5.703775956296131433e+00,0.000000000000000000e+00
-5.447386968323047540e+01,4.765846055671208781e+00,0.000000000000000000e+00
-5.465397799200537321e+01,3.821778441011729477e+00,0.000000000000000000e+00
-5.480768593364032171e+01,2.872349107424462922e+00,0.000000000000000000e+00
-5.493457311482235639e+01,1.918357564870258436e+00,0.000000000000000000e+00
-5.503424189994630922e+01,9.606262656387914989e-01,0.000000000000000000e+00
-5.510639802313580304e+01,6.748587395157329581e-15,0.000000000000000000e+00
-5.491757169750702872e+01,-9.585897796800120219e-01,0.000000000000000000e+00
-5.478740030181573673e+01,-1.913218176991813291e+00,0.000000000000000000e+00
-5.465221932958991857e+01,-2.864201447953492075e+00,0.000000000000000000e+00
-5.451212097350635588e+01,-3.811858831956242977e+00,0.000000000000000000e+00
-5.436718117776181458e+01,-4.756512020914139605e+00,0.000000000000000000e+00
-5.421745956993488846e+01,-5.698484626145715382e+00,0.000000000000000000e+00
-5.406299940762671241e+01,-6.638101643359450854e+00,0.000000000000000000e+00
-5.390382753993116438e+01,-7.575688916115686844e+00,0.000000000000000000e+00
-5.373995438377794898e+01,-8.511572598140773493e+00,0.000000000000000000e+00
-5.357137391518138259e+01,-9.446078614868158141e+00,0.000000000000000000e+00
-5.339806367542031751e+01,-1.037953212458377195e+01,0.000000000000000000e+00
-5.321998479216446754e+01,-1.131225697955333054e+01,0.000000000000000000e+00
-5.303708156065754764e+01,-1.224457508248796422e+01,0.000000000000000000e+00
-5.284840224466232428e+01,-1.317658658511471437e+01,0.000000000000000000e+00
-5.265029193112680161e+01,-1.410760320420825842e+01,0.000000000000000000e+00
-5.243863299844169035e+01,-1.503653604780270570e+01,0.000000000000000000e+00
-5.220938397575220336e+01,-1.596201054144356490e+01,0.000000000000000000e+00
-5.195863360729429559e+01,-1.688238344835895788e+01,0.000000000000000000e+00
-5.168461745557867459e+01,-1.779644097226878330e+01,0.000000000000000000e+00
-5.138855793958105522e+01,-1.870390547187162511e+01,0.000000000000000000e+00
-5.107189375191473601e+01,-1.960466321251004373e+01,0.000000000000000000e+00
-5.073585571955890572e+01,-2.049861630089043985e+01,0.000000000000000000e+00
-5.038092105859880832e+01,-2.138543220681932056e+01,0.000000000000000000e+00
-5.000738789034966203e+01,-2.226472356613436432e+01,0.000000000000000000e+00
-4.961533944515712591e+01,-2.313601274523653828e+01,0.000000000000000000e+00
-4.920445932893183283e+01,-2.399861831748354746e+01,0.000000000000000000e+00
-4.877452827321342710e+01,-2.485186344228776179e+01,0.000000000000000000e+00
-4.832604387748691721e+01,-2.569541332454625859e+01,0.000000000000000000e+00
-4.785972726296653690e+01,-2.652908002192319969e+01,0.000000000000000000e+00
-4.737592946911842517e+01,-2.735250563210425412e+01,0.000000000000000000e+00
-4.687479534925958546e+01,-2.816521855034632082e+01,0.000000000000000000e+00
-4.635646458302095851e+01,-2.896673398079998663e+01,0.000000000000000000e+00
-4.582101907398857321e+01,-2.975651771469614104e+01,0.000000000000000000e+00
-4.526818191705598338e+01,-3.053377424502657078e+01,0.000000000000000000e+00
-4.469826728472236255e+01,-3.129806369767502972e+01,0.000000000000000000e+00
-4.411340536572532045e+01,-3.205026505333931652e+01,0.000000000000000000e+00
-4.351343087071398230e+01,-3.278972206649444843e+01,0.000000000000000000e+00
-4.289634861317182413e+01,-3.351430060109247222e+01,0.000000000000000000e+00
-4.226474670213286799e+01,-3.422531704641853878e+01,0.000000000000000000e+00
-4.161943094175081370e+01,-3.492284915303137893e+01,0.000000000000000000e+00
-4.095782313882463654e+01,-3.560409246440283937e+01,0.000000000000000000e+00
-4.028288840630892764e+01,-3.627087563703913276e+01,0.000000000000000000e+00
-3.959533796253594318e+01,-3.692324999078402215e+01,0.000000000000000000e+00
-3.889315870313132706e+01,-3.755868677640398801e+01,0.000000000000000000e+00
-3.817780836433977498e+01,-3.817780836433976077e+01,0.000000000000000000e+00
-3.745055443080829605e+01,-3.878118438136569068e+01,0.000000000000000000e+00
-3.671189846190085859e+01,-3.936869119614571133e+01,0.000000000000000000e+00
-3.596140580314089163e+01,-3.993918733581940472e+01,0.000000000000000000e+00
-3.519821017107646099e+01,-4.049090897153152468e+01,0.000000000000000000e+00
-3.442437514734029946e+01,-4.102537275465362399e+01,0.000000000000000000e+00
-3.364068971768471528e+01,-4.154279207624684034e+01,0.000000000000000000e+00
-3.284721058709727259e+01,-4.204251233183908454e+01,0.000000000000000000e+00
-3.204447297205907574e+01,-4.252445191912618583e+01,0.000000000000000000e+00
-3.123271080835821678e+01,-4.298813848392885006e+01,0.000000000000000000e+00
-3.041260641537585130e+01,-4.343370323195143357e+01,0.000000000000000000e+00
-2.958905614056662969e+01,-4.386757972913625991e+01,0.000000000000000000e+00
-2.876286649922637650e+01,-4.429093038103491864e+01,0.000000000000000000e+00
-2.793389634465843940e+01,-4.470357885101047657e+01,0.000000000000000000e+00
-2.710224566162394311e+01,-4.510571138026404014e+01,0.000000000000000000e+00
-2.626791262242261737e+01,-4.549735927081574260e+01,0.000000000000000000e+00
-2.543091784412203538e+01,-4.587859025118038403e+01,0.000000000000000000e+00
-2.459129038252770627e+01,-4.624949063943659411e+01,0.000000000000000000e+00
-2.374901619737431702e+01,-4.661006868437879547e+01,0.000000000000000000e+00
-2.290389985560994646e+01,-4.695995386110452330e+01,0.000000000000000000e+00
-2.205602134991633889e+01,-4.729929042380209125e+01,0.000000000000000000e+00
-2.120556783900182296e+01,-4.762848517791866954e+01,0.000000000000000000e+00
-2.035255669829973968e+01,-4.794761884825149423e+01,0.000000000000000000e+00
-1.949697687561265624e+01,-4.825671114619037638e+01,0.000000000000000000e+00
-1.863882689536713144e+01,-4.855580412384156830e+01,0.000000000000000000e+00
-1.777809886123520400e+01,-4.884492518207556344e+01,0.000000000000000000e+00
-1.691478428760672870e+01,-4.912410052160756635e+01,0.000000000000000000e+00
-1.604887254712641820e+01,-4.939335082851482639e+01,0.000000000000000000e+00
-1.518035125742212621e+01,-4.965269165984810940e+01,0.000000000000000000e+00
-1.430920715809989652e+01,-4.990213572306936385e+01,0.000000000000000000e+00
-1.343542408061917115e+01,-5.014168529010513708e+01,0.000000000000000000e+00
-1.255898839662984656e+01,-5.037135120570088276e+01,0.000000000000000000e+00
-1.167987876910704337e+01,-5.059111310295080699e+01,0.000000000000000000e+00
-1.079801667440085566e+01,-5.080067436903655675e+01,0.000000000000000000e+00
-9.913424671190760762e+00,-5.100014870419339985e+01,0.000000000000000000e+00
-9.026126948999502630e+00,-5.118970966742234907e+01,0.000000000000000000e+00
-8.136104460403517535e+00,-5.136934186042702777e+01,0.000000000000000000e+00
-7.243335885979051092e+00,-5.153901285215452788e+01,0.000000000000000000e+00
-6.347801008108095999e+00,-5.169869046587883332e+01,0.000000000000000000e+00
-5.449479634997637767e+00,-5.184833533323145360e+01,0.000000000000000000e+00
-4.548352207601396024e+00,-5.198790362426393585e+01,0.000000000000000000e+00
-3.644399862723026740e+00,-5.211734614280855737e+01,0.000000000000000000e+00
-2.737604655806725518e+00,-5.223660863440880320e+01,0.000000000000000000e+00
-1.827949739261943707e+00,-5.234563172194353342e+01,0.000000000000000000e+00
-9.154195511752092340e-01,-5.244435096287479325e+01,0.000000000000000000e+00
-9.650099862549632749e-15,-5.253269687917860153e+01,0.000000000000000000e+00
9.183213516973125490e-01,-5.261059500344732953e+01,0.000000000000000000e+00
1.839555105480192854e+00,-5.267796592841086323e+01,0.000000000000000000e+00
2.763709847385865892e+00,-5.273472536319006565e+01,0.000000000000000000e+00
3.690791970637012032e+00,-5.278078419503209773e+01,0.000000000000000000e+00
4.620805500927955833e+00,-5.281604855649403873e+01,0.000000000000000000e+00
5.553751924467034584e+00,-5.284041989771967707e+01,0.000000000000000000e+00
6.489630018902272646e+00,-5.285379506332332511e+01,0.000000000000000000e+00
7.428435687297518797e+00,-5.285606637407509112e+01,0.000000000000000000e+00
8.370161794938038469e+00,-5.284712171086528798e+01,0.000000000000000000e+00
9.314798010147676166e+00,-5.282684460836185991e+01,0.000000000000000000e+00
1.026233064428118524e+01,-5.279511432925212233e+01,0.000000000000000000e+00
1.121274251006991562e+01,-5.275180602270415164e+01,0.000000000000000000e+00
1.216601272249471144e+01,-5.269679059371995322e+01,0.000000000000000000e+00
1.312211673140687296e+01,-5.262993559395845011e+01,0.000000000000000000e+00
1.408102551641092859e+01,-5.255110264991929370e+01,0.000000000000000000e+00
1.504270770467499929e+01,-5.246015612376046988e+01,0.000000000000000000e+00
1.600712237234563418e+01,-5.235693812598279351e+01,0.000000000000000000e+00
1.697423689169748684e+01,-5.224132943769023285e+01,0.000000000000000000e+00
1.794388132582383832e+01,-5.211281533418171819e+01,0.000000000000000000e+00
1.891429460440474486e+01,-5.196659733051453145e+01,0.000000000000000000e+00
1.987670711791016842e+01,-5.178059235498935919e+01,0.000000000000000000e+00
2.082826740647742980e+01,-5.155177083721142139e+01,0.000000000000000000e+00
2.176716020041779132e+01,-5.128021585541893046e+01,0.000000000000000000e+00
2.269176508913477264e+01,-5.096653885499253533e+01,0.000000000000000000e+00
2.360046673424577079e+01,-5.061136423884565261e+01,0.000000000000000000e+00
2.449167929767517649e+01,-5.021538415075153949e+01,0.000000000000000000e+00
2.536391979068395841e+01,-4.977949544198635579e+01,0.000000000000000000e+00
2.621563441165866593e+01,-4.930443744385051730e+01,0.000000000000000000e+00
2.704411493582619030e+01,-4.878887484327970014e+01,0.000000000000000000e+00
2.784816921735628981e+01,-4.823444398223669793e+01,0.000000000000000000e+00
2.862710720288558619e+01,-4.764350715681121073e+01,0.000000000000000000e+00
2.937962328961681990e+01,-4.701722560059244671e+01,0.000000000000000000e+00
3.010543825029247600e+01,-4.635830958190883422e+01,0.000000000000000000e+00
3.080220832227326611e+01,-4.566615180260070161e+01,0.000000000000000000e+00
3.146526805493373047e+01,-4.493705985425993532e+01,0.000000000000000000e+00
3.209716500853554066e+01,-4.417795761612831740e+01,0.000000000000000000e+00
3.269638115061743378e+01,-4.338956329165409898e+01,0.000000000000000000e+00
3.325974913764991214e+01,-4.257053759757594236e+01,0.000000000000000000e+00
3.378810190657180357e+01,-4.172483096914206158e+01,0.000000000000000000e+00
3.428015818196089981e+01,-4.085350166804972361e+01,0.000000000000000000e+00
3.473290132391848317e+01,-3.995563237416062918e+01,0.000000000000000000e+00
3.514577952072123423e+01,-3.903334257914059435e+01,0.000000000000000000e+00
3.551927387482958665e+01,-3.808975790616445778e+01,0.000000000000000000e+00
3.585241066552753608e+01,-3.712625806662215666e+01,0.000000000000000000e+00
3.614335086584405587e+01,-3.614335086584407009e+01,0.000000000000000000e+00
3.639046130298793003e+01,-3.514185999034668129e+01,0.000000000000000000e+00
3.659294952540119539e+01,-3.412347747871058345e+01,0.000000000000000000e+00
3.675026622240506669e+01,-3.309008833567580865e+01,0.000000000000000000e+00
3.686192988775135149e+01,-3.204358678173385044e+01,0.000000000000000000e+00
3.692752679256424386e+01,-3.098587411192980667e+01,0.000000000000000000e+00
3.694671089683583887e+01,-2.991885656332967258e+01,0.000000000000000000e+00
3.691767324177766341e+01,-2.884324746787258320e+01,0.000000000000000000e+00
3.683471930182335541e+01,-2.775695191428855324e+01,0.000000000000000000e+00
3.669982872650290773e+01,-2.666398634031719794e+01,0.000000000000000000e+00
3.651757478293076531e+01,-2.556988114014495395e+01,0.000000000000000000e+00
3.629283843586231484e+01,-2.447982862537533677e+01,0.000000000000000000e+00
3.603079321641025246e+01,-2.339867070366616275e+01,0.000000000000000000e+00
3.573689132659042400e+01,-2.233088812250067434e+01,0.000000000000000000e+00
3.541688310586488342e+01,-2.128061030701673317e+01,0.000000000000000000e+00
3.507680192353805637e+01,-2.025160103286590285e+01,0.000000000000000000e+00
3.472270900302101637e+01,-1.924711189133509492e+01,0.000000000000000000e+00
3.435672550981206541e+01,-1.826779499457160227e+01,0.000000000000000000e+00
3.397714119847542946e+01,-1.731221814168888073e+01,0.000000000000000000e+00
3.358257948425693939e+01,-1.637931842257541248e+01,0.000000000000000000e+00
3.317463366801828784e+01,-1.546958573588360508e+01,0.000000000000000000e+00
3.275584534545637894e+01,-1.458384195932727501e+01,0.000000000000000000e+00
3.232743086461873361e+01,-1.372218027478778168e+01,0.000000000000000000e+00
3.188935595611402363e+01,-1.288413613126263968e+01,0.000000000000000000e+00
3.144185905932021186e+01,-1.206939888752551937e+01,0.000000000000000000e+00
3.098574626337461524e+01,-1.127788932639355757e+01,0.000000000000000000e+00
3.052182356144151143e+01,-1.050950666015945600e+01,0.000000000000000000e+00
3.005077489574460969e+01,-9.764088650688792725e+00,0.000000000000000000e+00
2.957328294335660956e+01,-9.041459947242179496e+00,0.000000000000000000e+00
2.909008819932861911e+01,-8.341448562474250039e+00,0.000000000000000000e+00
2.860192971707022380e+01,-7.663863969660694053e+00,0.000000000000000000e+00
2.810953069917205127e+01,-7.008493150083648260e+00,0.000000000000000000e+00
2.761359559884477122e+01,-6.375100866378113018e+00,0.000000000000000000e+00
2.711480400823892722e+01,-5.763429510347815921e+00,0.000000000000000000e+00
2.661384024267356452e+01,-5.173206493712735998e+00,0.000000000000000000e+00
2.611140134713019023e+01,-4.604144561606435815e+00,0.000000000000000000e+00
2.560804645265322677e+01,-4.055916105208215328e+00,0.000000000000000000e+00
2.510420550031031794e+01,-3.528165995553989909e+00,0.000000000000000000e+00
2.460080364977530820e+01,-3.020598873996249711e+00,0.000000000000000000e+00
2.409895456423478066e+01,-2.532902190176178792e+00,0.000000000000000000e+00
2.359753229747390080e+01,-2.064516563215821776e+00,0.000000000000000000e+00
2.309553606769922851e+01,-1.614997207340553409e+00,0.000000000000000000e+00
2.260140724773353682e+01,-1.184489562525359085e+00,0.000000000000000000e+00
2.212553030529210574e+01,-7.726405436737810994e-01,0.000000000000000000e+00
2.166947736782032052e+01,-3.782421344158654608e-01,0.000000000000000000e+00
2.123217784226305582e+01,-5.200383726690961638e-15,0.000000000000000000e+00
