1.275970009720942677e+01,0.000000000000000000e+00,0.000000000000000000e+00
1.289297571745293247e+01,2.250477282660736100e-01,0.000000000000000000e+00
1.302937778033129312e+01,4.549958980878487380e-01,0.000000000000000000e+00
1.316884830234279669e+01,6.901500952410331013e-01,0.000000000000000000e+00
1.331154425762596283e+01,9.308338519807265454e-01,0.000000000000000000e+00
1.345773165256331971e+01,1.177398956373289396e+00,0.000000000000000000e+00
1.360764935669434728e+01,1.430221579398833542e+00,0.000000000000000000e+00
1.376151688895005165e+01,1.689701808567637853e+00,0.000000000000000000e+00
1.391954610480835974e+01,1.956264628248188364e+00,0.000000000000000000e+00
1.408206412966123544e+01,2.230379845790622539e+00,0.000000000000000000e+00
1.424953300769710118e+01,2.512577131752841364e+00,0.000000000000000000e+00
1.442175078553184697e+01,2.803304375998814546e+00,0.000000000000000000e+00
1.459918631355117213e+01,3.103152845988482511e+00,0.000000000000000000e+00
1.478480128651237990e+01,3.413340329168011777e+00,0.000000000000000000e+00
1.497160544358818868e+01,3.732840484605935316e+00,0.000000000000000000e+00
1.514871987720379742e+01,4.059087257462053344e+00,0.000000000000000000e+00
1.531438513574526361e+01,4.391329273408229206e+00,0.000000000000000000e+00
1.546751774859326289e+01,4.728894741751342501e+00,0.000000000000000000e+00
1.560691120021180112e+01,5.070992846306761948e+00,0.000000000000000000e+00
1.573266495576723933e+01,5.417190974905289558e+00,0.000000000000000000e+00
1.584519178039773024e+01,5.767178164304265664e+00,0.000000000000000000e+00
1.594465119798412900e+01,6.120578146090464244e+00,0.000000000000000000e+00
1.603113256808662612e+01,6.476997987347104413e+00,0.000000000000000000e+00
1.610466136695759332e+01,6.836023173857245894e+00,0.000000000000000000e+00
1.616514599708435895e+01,7.197186700102414569e+00,0.000000000000000000e+00
1.621249696176526101e+01,7.560011491085788293e+00,0.000000000000000000e+00
1.624664042595454916e+01,7.924015990449580826e+00,0.000000000000000000e+00
1.626751840377624703e+01,8.288714626842985211e+00,0.000000000000000000e+00
1.627508893315442151e+01,8.653618286887560629e+00,0.000000000000000000e+00
1.626934111631639723e+01,9.018243041946874428e+00,0.000000000000000000e+00
1.625035182351511054e+01,9.382144999732572543e+00,0.000000000000000000e+00
1.621827721658332422e+01,9.744924087916833955e+00,0.000000000000000000e+00
1.617329620039683746e+01,1.010619711497955997e+01,0.000000000000000000e+00
1.611559669114590676e+01,1.046559086013883011e+01,0.000000000000000000e+00
1.604537494958992383e+01,1.082274205942852596e+01,0.000000000000000000e+00
1.596279616416889091e+01,1.117727020505609836e+01,0.000000000000000000e+00
1.586795630631681142e+01,1.152874508907002493e+01,0.000000000000000000e+00
1.576088772415412009e+01,1.187668077775174957e+01,0.000000000000000000e+00
1.564126319333770887e+01,1.222029411336330718e+01,0.000000000000000000e+00
1.550911216066931608e+01,1.255903139674052937e+01,0.000000000000000000e+00
1.536585381534161776e+01,1.289348226917715046e+01,0.000000000000000000e+00
1.521170311660405439e+01,1.322333177886166489e+01,0.000000000000000000e+00
1.504583466889690868e+01,1.354733038571142956e+01,0.000000000000000000e+00
1.486825902011758949e+01,1.386487584086201785e+01,0.000000000000000000e+00
1.467995619684112718e+01,1.417626891394902167e+01,0.000000000000000000e+00
1.448120508717218868e+01,1.448120508717218691e+01,0.000000000000000000e+00
1.427211454675997793e+01,1.477920725506130850e+01,0.000000000000000000e+00
1.405299674060084314e+01,1.506999398669919366e+01,0.000000000000000000e+00
1.382412483358302069e+01,1.535324604673833448e+01,0.000000000000000000e+00
1.358598682902504606e+01,1.562889002903115809e+01,0.000000000000000000e+00
1.333734950306590683e+01,1.589483418596339348e+01,0.000000000000000000e+00
1.308006082479916188e+01,1.615252991985000364e+01,0.000000000000000000e+00
1.281458845718452544e+01,1.640192526577135013e+01,0.000000000000000000e+00
1.254116746398713467e+01,1.664269134015849616e+01,0.000000000000000000e+00
1.225831166625762947e+01,1.687211855293787011e+01,0.000000000000000000e+00
1.196903996608522469e+01,1.709356057018132447e+01,0.000000000000000000e+00
1.167170854470330887e+01,1.730401952423376954e+01,0.000000000000000000e+00
1.136760597858705957e+01,1.750457816887539764e+01,0.000000000000000000e+00
1.105686058728016974e+01,1.769467578061756541e+01,0.000000000000000000e+00
1.073984523910726097e+01,1.787410407506610355e+01,0.000000000000000000e+00
1.041663272820716379e+01,1.804213712903961309e+01,0.000000000000000000e+00
1.008864524645327165e+01,1.820039781059374207e+01,0.000000000000000000e+00
9.754345290041774419e+00,1.834525533910790429e+01,0.000000000000000000e+00
9.416248427939750698e+00,1.848042808712091301e+01,0.000000000000000000e+00
9.073491960247629606e+00,1.860341542263457271e+01,0.000000000000000000e+00
8.726305470495434591e+00,1.871362247195787987e+01,0.000000000000000000e+00
8.376184586481354444e+00,1.881321860624679942e+01,0.000000000000000000e+00
8.022920699565922575e+00,1.890081671088872639e+01,0.000000000000000000e+00
7.666244536948651600e+00,1.897462106847610741e+01,0.000000000000000000e+00
7.307601825703670784e+00,1.903695360527708758e+01,0.000000000000000000e+00
6.947379719150625910e+00,1.908776890274333482e+01,0.000000000000000000e+00
6.585436064627863573e+00,1.912549505313089782e+01,0.000000000000000000e+00
6.222096631614615347e+00,1.914964436983389717e+01,0.000000000000000000e+00
5.858377518814439355e+00,1.916188944748283163e+01,0.000000000000000000e+00
5.494698905673728540e+00,1.916229232820339590e+01,0.000000000000000000e+00
5.131182627360265869e+00,1.914983426822327672e+01,0.000000000000000000e+00
4.767953098977035786e+00,1.912321538137022614e+01,0.000000000000000000e+00
4.406016071780690879e+00,1.908455231662631491e+01,0.000000000000000000e+00
4.045840380344297493e+00,1.903418247151153153e+01,0.000000000000000000e+00
3.687590812576956978e+00,1.897101012409799381e+01,0.000000000000000000e+00
3.331435699149337903e+00,1.889351071381104674e+01,0.000000000000000000e+00
2.978338972019525244e+00,1.880449219580398434e+01,0.000000000000000000e+00
2.628716198412116345e+00,1.870428764692245949e+01,0.000000000000000000e+00
2.282488323393169427e+00,1.858937562352087980e+01,0.000000000000000000e+00
1.940503025871946008e+00,1.846265301266741332e+01,0.000000000000000000e+00
1.603293130386908683e+00,1.832572433698033265e+01,0.000000000000000000e+00
1.270809198592204314e+00,1.817341822502661941e+01,0.000000000000000000e+00
9.439358006878286744e-01,1.801136803736458347e+01,0.000000000000000000e+00
6.228714504099189808e-01,1.783670461663539086e+01,0.000000000000000000e+00
3.080836481593420828e-01,1.765010038211323007e+01,0.000000000000000000e+00
1.068664939293866339e-15,1.745262291197612825e+01,0.000000000000000000e+00
-3.009819033279595990e-01,1.724324169321178246e+01,0.000000000000000000e+00
-5.944333171031400687e-01,1.702234302836932756e+01,0.000000000000000000e+00
-8.800620093237060404e-01,1.679258349358244118e+01,0.000000000000000000e+00
-1.157194538031322217e+00,1.654865288247587074e+01,0.000000000000000000e+00
-1.425735828062091315e+00,1.629623508467044601e+01,0.000000000000000000e+00
-1.685331509929897775e+00,1.603485821165831737e+01,0.000000000000000000e+00
-1.935212464850869285e+00,1.576104072548010393e+01,0.000000000000000000e+00
-2.175222604624644340e+00,1.547751306039192087e+01,0.000000000000000000e+00
-2.405066040112821657e+00,1.518498935365581737e+01,0.000000000000000000e+00
-2.624360203484514376e+00,1.488348631014996215e+01,0.000000000000000000e+00
-2.832727026900951461e+00,1.457311720239092878e+01,0.000000000000000000e+00
-3.029826516128133029e+00,1.425421305427263796e+01,0.000000000000000000e+00
-3.215325879630491102e+00,1.392710647558096504e+01,0.000000000000000000e+00
-3.389102517831809713e+00,1.359294776031814500e+01,0.000000000000000000e+00
-3.550763796560389540e+00,1.325163089443952913e+01,0.000000000000000000e+00
-3.699020634202221380e+00,1.290001798778239284e+01,0.000000000000000000e+00
-3.834497245545976707e+00,1.254207535616428792e+01,0.000000000000000000e+00
-3.958179100928678640e+00,1.218202265611934365e+01,0.000000000000000000e+00
-4.070817916982869100e+00,1.182251367553929278e+01,0.000000000000000000e+00
-4.173274075453489829e+00,1.146597628750383002e+01,0.000000000000000000e+00
-4.266415546833828287e+00,1.111439248649643119e+01,0.000000000000000000e+00
-4.351983415489821816e+00,1.077153693796460487e+01,0.000000000000000000e+00
-4.433606264256187757e+00,1.044492180677895377e+01,0.000000000000000000e+00
-4.511497748083231230e+00,1.013298984758100296e+01,0.000000000000000000e+00
-4.585990474231564917e+00,9.834688309380508642e+00,0.000000000000000000e+00
-4.657342740539662351e+00,9.548967712479914383e+00,0.000000000000000000e+00
-4.725788774484062316e+00,9.274882695600732418e+00,0.000000000000000000e+00
-4.791542253462647061e+00,9.011580325912408540e+00,0.000000000000000000e+00
-4.854796668706276463e+00,8.758285032478745791e+00,0.000000000000000000e+00
-4.915728279444666171e+00,8.514291136201306287e+00,0.000000000000000000e+00
-4.974497872916516350e+00,8.278954744891253270e+00,0.000000000000000000e+00
-5.031252484893991017e+00,8.051687075899442547e+00,0.000000000000000000e+00
-5.086126863440694201e+00,7.831948558528480042e+00,0.000000000000000000e+00
-5.139244762776152164e+00,7.619243692925443234e+00,0.000000000000000000e+00
-5.190720071862939378e+00,7.413116524187348233e+00,0.000000000000000000e+00
-5.240657795304792366e+00,7.213146640833837608e+00,0.000000000000000000e+00
-5.289154894664878981e+00,7.018945613713270859e+00,0.000000000000000000e+00
-5.336301041562610870e+00,6.830153865011275194e+00,0.000000000000000000e+00
-5.382179522895050638e+00,6.646438188784280499e+00,0.000000000000000000e+00
-5.426867765202323390e+00,6.467489155713580296e+00,0.000000000000000000e+00
-5.470437681669274355e+00,6.293018682663673147e+00,0.000000000000000000e+00
-5.512956100213398436e+00,6.122758038600943031e+00,0.000000000000000000e+00
-5.554485775448565477e+00,5.956456745868227820e+00,0.000000000000000000e+00
-5.595085400936464559e+00,5.793880540916775068e+00,0.000000000000000000e+00
-5.634809517599316031e+00,5.634809517599316919e+00,0.000000000000000000e+00
-5.673709681758419165e+00,5.479037751188319483e+00,0.000000000000000000e+00
-5.711834479055597491e+00,5.326371821240597271e+00,0.000000000000000000e+00
-5.749229016356359523e+00,5.176629057921761756e+00,0.000000000000000000e+00
-5.785936528297231263e+00,5.029637889895244740e+00,0.000000000000000000e+00
-5.821997533720415952e+00,4.885235983259836878e+00,0.000000000000000000e+00
-5.857450080699767803e+00,4.743269550587481120e+00,0.000000000000000000e+00
-5.892330977979213458e+00,4.603593499715429971e+00,0.000000000000000000e+00
-5.926674193204767960e+00,4.466069341929160608e+00,0.000000000000000000e+00
-5.960512931757813604e+00,4.330566133647968385e+00,0.000000000000000000e+00
-5.993878166355392167e+00,4.196958675192640875e+00,0.000000000000000000e+00
-6.026799731350923395e+00,4.065127748099847338e+00,0.000000000000000000e+00
-6.059306215465738887e+00,3.934959465832320813e+00,0.000000000000000000e+00
-6.091424586975247912e+00,3.806344533867766611e+00,0.000000000000000000e+00
-6.123181374634961038e+00,3.679178551181192525e+00,0.000000000000000000e+00
-6.154601212677364153e+00,3.553360666894072928e+00,0.000000000000000000e+00
-6.185708809771256256e+00,3.428794382907342175e+00,0.000000000000000000e+00
-6.216526920835841352e+00,3.305385995985910874e+00,0.000000000000000000e+00
-6.247078668832919845e+00,3.183045566764152401e+00,0.000000000000000000e+00
-6.277385290438230570e+00,3.061685377130698882e+00,0.000000000000000000e+00
-6.307468564451321313e+00,2.941220895175566952e+00,0.000000000000000000e+00
-6.337348497764113908e+00,2.821569340001545356e+00,0.000000000000000000e+00
-6.367045761960642203e+00,2.702650579606389769e+00,0.000000000000000000e+00
-6.396579378783946446e+00,2.584385824665071496e+00,0.000000000000000000e+00
-6.425969131239347654e+00,2.466698439730561354e+00,0.000000000000000000e+00
-6.455233279252216683e+00,2.349512768892416226e+00,0.000000000000000000e+00
-6.484390911041516325e+00,2.232754846036125951e+00,0.000000000000000000e+00
-6.513459739165468498e+00,2.116351359874910187e+00,0.000000000000000000e+00
-6.542458327808634344e+00,2.000230242975824080e+00,0.000000000000000000e+00
-6.571404051642607769e+00,1.884319789765256603e+00,0.000000000000000000e+00
-6.600315106143549215e+00,1.768549102482106061e+00,0.000000000000000000e+00
-6.629208731551869072e+00,1.652847373468402825e+00,0.000000000000000000e+00
-6.658102904580740500e+00,1.537144173908411737e+00,0.000000000000000000e+00
-6.687014925897461382e+00,1.421368900484882181e+00,0.000000000000000000e+00
-6.715962707748767357e+00,1.305450907289595452e+00,0.000000000000000000e+00
-6.744963795849664656e+00,1.189319101110078103e+00,0.000000000000000000e+00
-6.774036204439642717e+00,1.072901932978319817e+00,0.000000000000000000e+00
-6.803197899234304735e+00,9.561271114039472385e-01,0.000000000000000000e+00
-6.832467180503503990e+00,8.389214826416298010e-01,0.000000000000000000e+00
-6.861862602248579357e+00,7.212108213074833740e-01,0.000000000000000000e+00
-6.891402955921058116e+00,6.029196344321386958e-01,0.000000000000000000e+00
-6.921107550172306944e+00,4.839709861017105763e-01,0.000000000000000000e+00
-6.950995896922082196e+00,3.642862587632173521e-01,0.000000000000000000e+00
-6.981088229021231051e+00,2.437849728472018807e-01,0.000000000000000000e+00
-7.011405036684354108e+00,1.223845301533566937e-01,0.000000000000000000e+00
-7.041967653650718972e+00,8.623923146742550496e-16,0.000000000000000000e+00
-7.072797842047685357e+00,-1.234561455570973021e-01,0.000000000000000000e+00
-7.103918223000294851e+00,-2.480742907536189201e-01,0.000000000000000000e+00
-7.135352168866887723e+00,-3.739479615727432926e-01,0.000000000000000000e+00
-7.167123790110470516e+00,-5.011741174469110938e-01,0.000000000000000000e+00
-7.199258455023481496e+00,-6.298535006077111698e-01,0.000000000000000000e+00
-7.231782003097738887e+00,-7.600909170436666029e-01,0.000000000000000000e+00
-7.264722207337086068e+00,-8.919957263094659972e-01,0.000000000000000000e+00
-7.298106982789697383e+00,-1.025682047108616324e+00,0.000000000000000000e+00
-7.331966847693565548e+00,-1.161269465649998889e+00,0.000000000000000000e+00
-7.366332411829167093e+00,-1.298883153072742713e+00,0.000000000000000000e+00
-7.401237080054140272e+00,-1.438654751622467920e+00,0.000000000000000000e+00
-7.436715116496342759e+00,-1.580722595281938370e+00,0.000000000000000000e+00
-7.472802893044217853e+00,-1.725232486554993283e+00,0.000000000000000000e+00
-7.509539223070366809e+00,-1.872338416760663593e+00,0.000000000000000000e+00
-7.546964138952358070e+00,-2.022202946338924168e+00,0.000000000000000000e+00
-7.585121191351650083e+00,-2.174998502041436410e+00,0.000000000000000000e+00
-7.624055883777137055e+00,-2.330907800826090170e+00,0.000000000000000000e+00
-7.663816379274773993e+00,-2.490124889938734487e+00,0.000000000000000000e+00
-7.704454746901252982e+00,-2.652856514698740842e+00,0.000000000000000000e+00
-7.746025796733277069e+00,-2.819322823869056638e+00,0.000000000000000000e+00
-7.788587962286721122e+00,-2.989758802431649265e+00,0.000000000000000000e+00
-7.832204376048533589e+00,-3.164415974024488154e+00,0.000000000000000000e+00
-7.876942302919645478e+00,-3.343563636325475485e+00,0.000000000000000000e+00
-7.922873656551619348e+00,-3.527490621972107387e+00,0.000000000000000000e+00
-7.970075980586726061e+00,-3.716507465824798739e+00,0.000000000000000000e+00
-8.018632945936809975e+00,-3.910948603481255503e+00,0.000000000000000000e+00
-8.068634628809276066e+00,-4.111174686050353522e+00,0.000000000000000000e+00
-8.120178295876193886e+00,-4.317575386690207573e+00,0.000000000000000000e+00
-8.173369254559830210e+00,-4.530572558668282568e+00,0.000000000000000000e+00
-8.228321763354271567e+00,-4.750623785051446113e+00,0.000000000000000000e+00
-8.285160031285359494e+00,-4.978226385140521515e+00,0.000000000000000000e+00
-8.344019325192880032e+00,-5.213921948052177235e+00,0.000000000000000000e+00
-8.405047244606315360e+00,-5.458301501831154035e+00,0.000000000000000000e+00
-8.468405204855990576e+00,-5.712011434748097471e+00,0.000000000000000000e+00
-8.534270126630422837e+00,-5.975760275784552711e+00,0.000000000000000000e+00
-8.602836406594942531e+00,-6.250326510864043783e+00,0.000000000000000000e+00
-8.674318202177399684e+00,-6.536567613131163412e+00,0.000000000000000000e+00
-8.748952024998850163e+00,-6.835430464128434025e+00,0.000000000000000000e+00
-8.826999665465363520e+00,-7.147963390111524262e+00,0.000000000000000000e+00
-8.908751601094289541e+00,-7.475330182728220585e+00,0.000000000000000000e+00
-8.994531718051606006e+00,-7.818827135369663672e+00,0.000000000000000000e+00
-9.084701478575082589e+00,-8.179901952547570687e+00,0.000000000000000000e+00
-9.179666010049977842e+00,-8.560177040076718313e+00,0.000000000000000000e+00
-9.279880330099565811e+00,-8.961476266330116403e+00,0.000000000000000000e+00
-9.385855899686250225e+00,-9.385855899686246673e+00,0.000000000000000000e+00
-9.498159519486131686e+00,-9.835632107646352651e+00,0.000000000000000000e+00
-9.617204740635285631e+00,-1.031318944175831298e+01,0.000000000000000000e+00
-9.734311251556471589e+00,-1.081104789922123288e+01,0.000000000000000000e+00
-9.842067212646377072e+00,-1.132200318317412524e+01,0.000000000000000000e+00
-9.939614686692456402e+00,-1.184557151186790058e+01,0.000000000000000000e+00
-1.003059319145979167e+01,-1.238675101049355476e+01,0.000000000000000000e+00
-1.010706302223851694e+01,-1.293645074136228423e+01,0.000000000000000000e+00
-1.016774705321510908e+01,-1.349305607451529276e+01,0.000000000000000000e+00
-1.020323198535331422e+01,-1.404354403501349502e+01,0.000000000000000000e+00
-1.021083480532741206e+01,-1.458258337440134156e+01,0.000000000000000000e+00
-1.018959964266894858e+01,-1.510670271499233053e+01,0.000000000000000000e+00
-1.014115195840578920e+01,-1.561600459346872505e+01,0.000000000000000000e+00
-1.006693149009363708e+01,-1.611045806508752065e+01,0.000000000000000000e+00
-9.968155079211467040e+00,-1.658979597521973659e+01,0.000000000000000000e+00
-9.845982243691841163e+00,-1.705374149649525961e+01,0.000000000000000000e+00
-9.701001984430320135e+00,-1.750107085389516115e+01,0.000000000000000000e+00
-9.533545737863123648e+00,-1.792999177778890285e+01,0.000000000000000000e+00
-9.344994305833360215e+00,-1.834058399851435794e+01,0.000000000000000000e+00
-9.136223094587395011e+00,-1.873203330835800529e+01,0.000000000000000000e+00
-8.906757318100007481e+00,-1.910060270796459392e+01,0.000000000000000000e+00
-8.659047630657090266e+00,-1.944853940544400217e+01,0.000000000000000000e+00
-8.394180881290406404e+00,-1.977545088834051157e+01,0.000000000000000000e+00
-8.112958141098335574e+00,-2.008027603734918642e+01,0.000000000000000000e+00
-7.816504502501547158e+00,-2.036269040359661275e+01,0.000000000000000000e+00
-7.505624258063779308e+00,-2.062153316794104541e+01,0.000000000000000000e+00
-7.180316288323405516e+00,-2.085315266970172843e+01,0.000000000000000000e+00
-6.843317435149020689e+00,-2.106156540982251002e+01,0.000000000000000000e+00
-6.495906738897879507e+00,-2.124715356635287478e+01,0.000000000000000000e+00
-6.138081389373528651e+00,-2.140603369477233997e+01,0.000000000000000000e+00
-5.770781109867122005e+00,-2.153684830138282891e+01,0.000000000000000000e+00
-5.396998263374530147e+00,-2.164617773306862247e+01,0.000000000000000000e+00
-5.015318859172465338e+00,-2.172373264034784057e+01,0.000000000000000000e+00
-4.629102268130629305e+00,-2.177821391050231270e+01,0.000000000000000000e+00
-4.238238574432776851e+00,-2.180384727873834549e+01,0.000000000000000000e+00
-3.844424723700501367e+00,-2.180281604241148941e+01,0.000000000000000000e+00
-3.448799568102649982e+00,-2.177486349691871226e+01,0.000000000000000000e+00
-3.052299906531592999e+00,-2.171824233857112318e+01,0.000000000000000000e+00
-2.656560397596006595e+00,-2.163594818485985982e+01,0.000000000000000000e+00
-2.262204213516545881e+00,-2.152343535727440837e+01,0.000000000000000000e+00
-1.871123580560708710e+00,-2.138704039073896013e+01,0.000000000000000000e+00
-1.483714383044700380e+00,-2.121810421220541798e+01,0.000000000000000000e+00
-1.102066576076691895e+00,-2.102868297709578727e+01,0.000000000000000000e+00
-7.264842472769516002e-01,-2.080378691107067013e+01,0.000000000000000000e+00
-3.588261429004769854e-01,-2.055713595888174083e+01,0.000000000000000000e+00
-3.726019879476461190e-15,-2.028350749549808540e+01,0.000000000000000000e+00
3.487337736398082311e-01,-1.997894451117499770e+01,0.000000000000000000e+00
6.862379172273813666e-01,-1.965128281006359501e+01,0.000000000000000000e+00
1.011449619935169464e+00,-1.929960845073367537e+01,0.000000000000000000e+00
1.323042220935236157e+00,-1.892038524513376530e+01,0.000000000000000000e+00
1.620728859286187262e+00,-1.852501563023590947e+01,0.000000000000000000e+00
1.905699015469791036e+00,-1.813151497323284289e+01,0.000000000000000000e+00
2.178238111901735330e+00,-1.774032578594498943e+01,0.000000000000000000e+00
2.438658145302443181e+00,-1.735195433033063139e+01,0.000000000000000000e+00
2.687274093452306278e+00,-1.696678087788152212e+01,0.000000000000000000e+00
2.924353667639798537e+00,-1.658483378941799558e+01,0.000000000000000000e+00
3.150208937748961713e+00,-1.620642004184203699e+01,0.000000000000000000e+00
3.367021344244527814e+00,-1.584058999538948775e+01,0.000000000000000000e+00
3.575819532633938369e+00,-1.548857603639795322e+01,0.000000000000000000e+00
3.777090034346038738e+00,-1.514908069400336110e+01,0.000000000000000000e+00
3.971385221601715365e+00,-1.482141142344576679e+01,0.000000000000000000e+00
4.159162962200110059e+00,-1.450472498866479043e+01,0.000000000000000000e+00
4.340854869239327840e+00,-1.419829651551108896e+01,0.000000000000000000e+00
4.516859770195243762e+00,-1.390146495445911334e+01,0.000000000000000000e+00
4.687541290562365681e+00,-1.361360840560580421e+01,0.000000000000000000e+00
4.853237487133964301e+00,-1.333416040715128403e+01,0.000000000000000000e+00
5.014260322613952603e+00,-1.306259473396965021e+01,0.000000000000000000e+00
5.170898331751606847e+00,-1.279842248127066107e+01,0.000000000000000000e+00
5.323420792080125530e+00,-1.254119346729732953e+01,0.000000000000000000e+00
5.472076006470738108e+00,-1.229048394013219081e+01,0.000000000000000000e+00
5.617097679165489410e+00,-1.204590484614856472e+01,0.000000000000000000e+00
5.758701539922270740e+00,-1.180708788981124080e+01,0.000000000000000000e+00
5.897091265181960473e+00,-1.157369326896878015e+01,0.000000000000000000e+00
6.032455791433916303e+00,-1.134539925798152993e+01,0.000000000000000000e+00
6.164973834686334087e+00,-1.112190720777295638e+01,0.000000000000000000e+00
6.294811754800986314e+00,-1.090293378339710628e+01,0.000000000000000000e+00
6.422127703280697375e+00,-1.068821536960492224e+01,0.000000000000000000e+00
6.547068754239500521e+00,-1.047750019141525435e+01,0.000000000000000000e+00
6.669776146155783181e+00,-1.027055460395155428e+01,0.000000000000000000e+00
6.790380437728953389e+00,-1.006715299832941923e+01,0.000000000000000000e+00
6.909008726575007309e+00,-9.867087041421971350e+00,0.000000000000000000e+00
7.025777836836447854e+00,-9.670153591868761112e+00,0.000000000000000000e+00
7.140802350757914141e+00,-9.476164781788149583e+00,0.000000000000000000e+00
7.254188479589454452e+00,-9.284937842801950225e+00,0.000000000000000000e+00
7.366039022640514133e+00,-9.096300643984996270e+00,0.000000000000000000e+00
7.476452316833267275e+00,-8.910088908445354505e+00,0.000000000000000000e+00
7.585520489356866847e+00,-8.726143123283797820e+00,0.000000000000000000e+00
7.693335122282043415e+00,-8.544314267581427202e+00,0.000000000000000000e+00
7.799980554134321231e+00,-8.364455085054641970e+00,0.000000000000000000e+00
7.905540672943809355e+00,-8.186427013737624492e+00,0.000000000000000000e+00
8.010095513816841262e+00,-8.010095513816844814e+00,0.000000000000000000e+00
8.113720857549532539e+00,-7.835329154053617629e+00,0.000000000000000000e+00
8.216493224081814262e+00,-7.662003886604161984e+00,0.000000000000000000e+00
8.318483478902470196e+00,-7.489996166828547075e+00,0.000000000000000000e+00
8.419762429668720571e+00,-7.319187815674349729e+00,0.000000000000000000e+00
8.520399464500743036e+00,-7.149464048145672379e+00,0.000000000000000000e+00
8.620459615457702895e+00,-6.980710555400024830e+00,0.000000000000000000e+00
8.720009976776687211e+00,-6.812818457850811527e+00,0.000000000000000000e+00
8.819114154652549331e+00,-6.645679189557307964e+00,0.000000000000000000e+00
8.917834203130119874e+00,-6.479185806274834647e+00,0.000000000000000000e+00
9.016233926055271297e+00,-6.313234961286033453e+00,0.000000000000000000e+00
9.114373083038138645e+00,-6.147722270188599403e+00,0.000000000000000000e+00
9.212312608757084575e+00,-5.982545759036018040e+00,0.000000000000000000e+00
9.310113727786859528e+00,-5.817604731284322206e+00,0.000000000000000000e+00
9.407834336444569345e+00,-5.652797163104826161e+00,0.000000000000000000e+00
9.505535439343100634e+00,-5.488023444696273678e+00,0.000000000000000000e+00
9.603276665071211582e+00,-5.323183179054131742e+00,0.000000000000000000e+00
9.701116081423077020e+00,-5.158174918135497222e+00,0.000000000000000000e+00
9.799115529459944796e+00,-4.992898744795918553e+00,0.000000000000000000e+00
9.897334249002001982e+00,-4.827252453167297119e+00,0.000000000000000000e+00
9.995832512553896265e+00,-4.661133250238610692e+00,0.000000000000000000e+00
1.009467357693325695e+01,-4.494438245276811017e+00,0.000000000000000000e+00
1.019391784665200440e+01,-4.327061404413431234e+00,0.000000000000000000e+00
1.029362960061511245e+01,-4.158896317681580079e+00,0.000000000000000000e+00
1.039387411634923630e+01,-3.989834457951990654e+00,0.000000000000000000e+00
1.049471512767304837e+01,-3.819763923576215525e+00,0.000000000000000000e+00
1.059622225163502129e+01,-3.648571917792340358e+00,0.000000000000000000e+00
1.069846361547552505e+01,-3.476141548099111134e+00,0.000000000000000000e+00
1.080150945516898808e+01,-3.302352846510971940e+00,0.000000000000000000e+00
1.090543489079810513e+01,-3.127083134629473626e+00,0.000000000000000000e+00
1.101031278849954376e+01,-2.950204420092514823e+00,0.000000000000000000e+00
1.111622315157891627e+01,-2.771585717542300209e+00,0.000000000000000000e+00
1.122324696223840412e+01,-2.591090724727455274e+00,0.000000000000000000e+00
1.133146637954433267e+01,-2.408577532315403502e+00,0.000000000000000000e+00
1.144097013948549879e+01,-2.223899312548596185e+00,0.000000000000000000e+00
1.155184550245432185e+01,-2.036902039058442249e+00,0.000000000000000000e+00
1.166419289053643027e+01,-1.847426662805050857e+00,0.000000000000000000e+00
1.177811544948998979e+01,-1.655306176492460812e+00,0.000000000000000000e+00
1.189371080721035945e+01,-1.460364058969462642e+00,0.000000000000000000e+00
1.201107077411428747e+01,-1.262414408435198032e+00,0.000000000000000000e+00
1.213030963626475867e+01,-1.061264578232442801e+00,0.000000000000000000e+00
1.225161924772901045e+01,-8.567166751394322821e-01,0.000000000000000000e+00
1.237515722265677454e+01,-6.485545083179361514e-01,0.000000000000000000e+00
1.250083740615380457e+01,-4.365388615141126971e-01,0.000000000000000000e+00
1.262848223647400481e+01,-2.204309773825080254e-01,0.000000000000000000e+00
1.275790465603335022e+01,-3.124785420167671276e-15,0.000000000000000000e+00
