1.119935430012571231e+01,0.000000000000000000e+00,0.000000000000000000e+00
1.116298149767579773e+01,1.948505668344225894e-01,0.000000000000000000e+00
1.112682342084068843e+01,3.885572358545575367e-01,0.000000000000000000e+00
1.109086944594940860e+01,5.812478379803420747e-01,0.000000000000000000e+00
1.105510354425140918e+01,7.730481465549037257e-01,0.000000000000000000e+00
1.101950438516336739e+01,9.640817113760018486e-01,0.000000000000000000e+00
1.098404544391570070e+01,1.154469696506197351e+00,0.000000000000000000e+00
1.094869511348092672e+01,1.344330721968532760e+00,0.000000000000000000e+00
1.091341689652261415e+01,1.533780720092470462e+00,0.000000000000000000e+00
1.087818031130914598e+01,1.722934500356088972e+00,0.000000000000000000e+00
1.084297204550498250e+01,1.911908522690181966e+00,0.000000000000000000e+00
1.080777641141106571e+01,2.100818919941424667e+00,0.000000000000000000e+00
1.077257267559470932e+01,2.289781008264841766e+00,0.000000000000000000e+00
1.073733529737815218e+01,2.478909177614354142e+00,0.000000000000000000e+00
1.070204243668916000e+01,2.668318867082675627e+00,0.000000000000000000e+00
1.066667869816908620e+01,2.858127943096665291e+00,0.000000000000000000e+00
1.063122416774121781e+01,3.048454475067317038e+00,0.000000000000000000e+00
1.059565357803269947e+01,3.239416388911830591e+00,0.000000000000000000e+00
1.055993711821900405e+01,3.431131560690311222e+00,0.000000000000000000e+00
1.052405316631460686e+01,3.623722108890652382e+00,0.000000000000000000e+00
1.048798547121281999e+01,3.817314528937856721e+00,0.000000000000000000e+00
1.045171203893745471e+01,4.012036356294763628e+00,0.000000000000000000e+00
1.041520472402041975e+01,4.208015855946465322e+00,0.000000000000000000e+00
1.037843203754184707e+01,4.405383031679448003e+00,0.000000000000000000e+00
1.034137383591516191e+01,4.604276277248600557e+00,0.000000000000000000e+00
1.030400972005507398e+01,4.804838642165224272e+00,0.000000000000000000e+00
1.026631198328976424e+01,5.007214918634638856e+00,0.000000000000000000e+00
1.022824560439661568e+01,5.211551439119601170e+00,0.000000000000000000e+00
1.018977879516404172e+01,5.418001491932860070e+00,0.000000000000000000e+00
1.015089032831270188e+01,5.626730389288101541e+00,0.000000000000000000e+00
1.011155188945905081e+01,5.837907205304051494e+00,0.000000000000000000e+00
1.007172597100230504e+01,6.051703501612401226e+00,0.000000000000000000e+00
1.003137057878321770e+01,6.268296032326564848e+00,0.000000000000000000e+00
9.990458140079764959e+00,6.487879375689677097e+00,0.000000000000000000e+00
9.948957524820780662e+00,6.710656584195165308e+00,0.000000000000000000e+00
9.906826003569415562e+00,6.936834247431278300e+00,0.000000000000000000e+00
9.864012664200656033e+00,7.166624697325239879e+00,0.000000000000000000e+00
9.820481358252575177e+00,7.400263501470217165e+00,0.000000000000000000e+00
9.776194116605257278e+00,7.637999945243220346e+00,0.000000000000000000e+00
9.731098180004734033e+00,7.880087931620826325e+00,0.000000000000000000e+00
9.685132374049537418e+00,8.126791002968099420e+00,0.000000000000000000e+00
9.638253227878848861e+00,8.378405706709520118e+00,0.000000000000000000e+00
9.590409502155573307e+00,8.635243502213311828e+00,0.000000000000000000e+00
9.541531072162412030e+00,8.897621669642704845e+00,0.000000000000000000e+00
9.491549128750627062e+00,9.165882449164342916e+00,0.000000000000000000e+00
9.440407072263077737e+00,9.440407072263075960e+00,0.000000000000000000e+00
9.388027251460663081e+00,9.721586805579475410e+00,0.000000000000000000e+00
9.334318568531221771e+00,1.000983116229526715e+01,0.000000000000000000e+00
9.279212591971583990e+00,1.030560963240427341e+01,0.000000000000000000e+00
9.222623697757736494e+00,1.060941493358830279e+01,0.000000000000000000e+00
9.164441486301088347e+00,1.092175606541874266e+01,0.000000000000000000e+00
9.104562354177405226e+00,1.124319816266974925e+01,0.000000000000000000e+00
9.042859556555658429e+00,1.157433242051062905e+01,0.000000000000000000e+00
8.979198543638759134e+00,1.191579892963734366e+01,0.000000000000000000e+00
8.913510538536389305e+00,1.226839475317075845e+01,0.000000000000000000e+00
8.845694544288823735e+00,1.263296103167568063e+01,0.000000000000000000e+00
8.775512614991683336e+00,1.301023248167784097e+01,0.000000000000000000e+00
8.702581993707388719e+00,1.340080110683366676e+01,0.000000000000000000e+00
8.626703263927037568e+00,1.380561110505356837e+01,0.000000000000000000e+00
8.548447600764541576e+00,1.422700594790093476e+01,0.000000000000000000e+00
8.467930797826113576e+00,1.466688637681208185e+01,0.000000000000000000e+00
8.381796900378004622e+00,1.512116188326791644e+01,0.000000000000000000e+00
8.285216242547649657e+00,1.558222545847665685e+01,0.000000000000000000e+00
8.171263019422791984e+00,1.603700664516490448e+01,0.000000000000000000e+00
8.035150556413151790e+00,1.647450005348190061e+01,0.000000000000000000e+00
7.878341159785485992e+00,1.689515713929527863e+01,0.000000000000000000e+00
7.702692975008189613e+00,1.730053167996205943e+01,0.000000000000000000e+00
7.509173583871282531e+00,1.769050435294437662e+01,0.000000000000000000e+00
7.296218879024971571e+00,1.805877542712249451e+01,0.000000000000000000e+00
7.067266659525258454e+00,1.841085909200433690e+01,0.000000000000000000e+00
6.823781801317503337e+00,1.874818641440521816e+01,0.000000000000000000e+00
6.562900347105399490e+00,1.906004657716592732e+01,0.000000000000000000e+00
6.289559920389328873e+00,1.935727502305953251e+01,0.000000000000000000e+00
6.002244706670365915e+00,1.963245781559533754e+01,0.000000000000000000e+00
5.702082211395447686e+00,1.988552386398879435e+01,0.000000000000000000e+00
5.390857353254808082e+00,2.011895353870322722e+01,0.000000000000000000e+00
5.069173987958823346e+00,2.033134637968109359e+01,0.000000000000000000e+00
4.737825371124774421e+00,2.052177629159834282e+01,0.000000000000000000e+00
4.397746541981200963e+00,2.068977079525950202e+01,0.000000000000000000e+00
4.049928264231185793e+00,2.083507471614220208e+01,0.000000000000000000e+00
3.695381015498989452e+00,2.095754716975983811e+01,0.000000000000000000e+00
3.335124208558386982e+00,2.105714552341490986e+01,0.000000000000000000e+00
2.970174304197791049e+00,2.113388831429250914e+01,0.000000000000000000e+00
2.601527443452717137e+00,2.118774074136200980e+01,0.000000000000000000e+00
2.230148506247081386e+00,2.121844567547482896e+01,0.000000000000000000e+00
1.856872565235322847e+00,2.122415054020237335e+01,0.000000000000000000e+00
1.482857299089923142e+00,2.120584734061420207e+01,0.000000000000000000e+00
1.109180929502435964e+00,2.116443292725735503e+01,0.000000000000000000e+00
7.368290691376716550e-01,2.110002385004123582e+01,0.000000000000000000e+00
3.667728002579464519e-01,2.101239965398411158e+01,0.000000000000000000e+00
1.279813290510430657e-15,2.090093717472640478e+01,0.000000000000000000e+00
-3.624482152585609684e-01,2.076464434530023340e+01,0.000000000000000000e+00
-7.195480102169309333e-01,2.060515906979011902e+01,0.000000000000000000e+00
-1.070308193564275756e+00,2.042269693939549313e+01,0.000000000000000000e+00
-1.413740360199009505e+00,2.021742906484973190e+01,0.000000000000000000e+00
-1.748865242364617600e+00,1.998962119070895938e+01,0.000000000000000000e+00
-2.074730471873953430e+00,1.973974185369002399e+01,0.000000000000000000e+00
-2.390415875687657010e+00,1.946837499853054965e+01,0.000000000000000000e+00
-2.694510039216379216e+00,1.917243514970052587e+01,0.000000000000000000e+00
-2.986253040362615074e+00,1.885445965679239322e+01,0.000000000000000000e+00
-3.265456183138161439e+00,1.851932228418969828e+01,0.000000000000000000e+00
-3.529934745205124624e+00,1.815993996955815959e+01,0.000000000000000000e+00
-3.779860334445126480e+00,1.778284473905386065e+01,0.000000000000000000e+00
-4.013106403296377245e+00,1.738267356681353348e+01,0.000000000000000000e+00
-4.230406899831091749e+00,1.696723533494101588e+01,0.000000000000000000e+00
-4.430271366849672710e+00,1.653399783240059051e+01,0.000000000000000000e+00
-4.610588123897707113e+00,1.607903161788222945e+01,0.000000000000000000e+00
-4.771988998791814929e+00,1.560847271207572895e+01,0.000000000000000000e+00
-4.914074033806254072e+00,1.512396475430590215e+01,0.000000000000000000e+00
-5.042978875911054537e+00,1.464587410731028960e+01,0.000000000000000000e+00
-5.165440280728443412e+00,1.419193053284274519e+01,0.000000000000000000e+00
-5.281951143882410271e+00,1.375995316517498246e+01,0.000000000000000000e+00
-5.393010188419612660e+00,1.334816861769752450e+01,0.000000000000000000e+00
-5.499057349106587722e+00,1.295496726569325396e+01,0.000000000000000000e+00
-5.600484872027990946e+00,1.257889497426912229e+01,0.000000000000000000e+00
-5.697646020021017499e+00,1.221864132054882113e+01,0.000000000000000000e+00
-5.790860124238485618e+00,1.187302275877452473e+01,0.000000000000000000e+00
-5.880416353985936873e+00,1.154096691307709577e+01,0.000000000000000000e+00
-5.966577312460485061e+00,1.122149985907943304e+01,0.000000000000000000e+00
-6.049582123540617751e+00,1.091373505030358437e+01,0.000000000000000000e+00
-6.129649002756231368e+00,1.061686350533769740e+01,0.000000000000000000e+00
-6.206977509947011917e+00,1.033014531721591922e+01,0.000000000000000000e+00
-6.281750550333883076e+00,1.005290230852193822e+01,0.000000000000000000e+00
-6.354136119990254628e+00,9.784511586481725587e+00,0.000000000000000000e+00
-6.424288834363837353e+00,9.524399876280037702e+00,0.000000000000000000e+00
-6.492351270179649525e+00,9.272038525576709489e+00,0.000000000000000000e+00
-6.558455143702317081e+00,9.026939086013042512e+00,0.000000000000000000e+00
-6.622722358499196105e+00,8.788649410876063328e+00,0.000000000000000000e+00
-6.685265996686303502e+00,8.556750271443556599e+00,0.000000000000000000e+00
-6.746191142030306231e+00,8.330852258735180982e+00,0.000000000000000000e+00
-6.805595583325166231e+00,8.110592986171054619e+00,0.000000000000000000e+00
-6.863570422661336323e+00,7.895634574966149621e+00,0.000000000000000000e+00
-6.920200614807748174e+00,7.685661407934159861e+00,0.000000000000000000e+00
-6.975565772993010505e+00,7.480378469676844055e+00,0.000000000000000000e+00
-7.029740605575953261e+00,7.279509495158380084e+00,0.000000000000000000e+00
-7.082795031450526579e+00,7.082795031450527468e+00,0.000000000000000000e+00
-7.134794585370997311e+00,6.889991041647060221e+00,0.000000000000000000e+00
-7.185801390630570218e+00,6.700868202751996350e+00,0.000000000000000000e+00
-7.235873907870270294e+00,6.515210130675611389e+00,0.000000000000000000e+00
-7.285066963863504164e+00,6.332812095789669193e+00,0.000000000000000000e+00
-7.333432948712406585e+00,6.153480882527895268e+00,0.000000000000000000e+00
-7.381021388954930096e+00,5.977033269446541119e+00,0.000000000000000000e+00
-7.427878849136450690e+00,5.803294980263569158e+00,0.000000000000000000e+00
-7.474050316860272325e+00,5.632100886942128071e+00,0.000000000000000000e+00
-7.519578139194403654e+00,5.463293310784150592e+00,0.000000000000000000e+00
-7.564502715427636304e+00,5.296721824150252722e+00,0.000000000000000000e+00
-7.608863158152639805e+00,5.132243003662520842e+00,0.000000000000000000e+00
-7.652696120449675732e+00,4.969718969053148250e+00,0.000000000000000000e+00
-7.696037577030185872e+00,4.809018013028683924e+00,0.000000000000000000e+00
-7.738921533375044959e+00,4.650013183149448892e+00,0.000000000000000000e+00
-7.781380905513763935e+00,4.492582360465384284e+00,0.000000000000000000e+00
-7.823447684419124748e+00,4.336607865040727816e+00,0.000000000000000000e+00
-7.865152203842316503e+00,4.181975608236029096e+00,0.000000000000000000e+00
-7.906524681130236765e+00,4.028575542091680006e+00,0.000000000000000000e+00
-7.947593497787877936e+00,3.876300349545289681e+00,0.000000000000000000e+00
-7.988387197955847618e+00,3.725046126714163019e+00,0.000000000000000000e+00
-8.028932779409679199e+00,3.574711185807185387e+00,0.000000000000000000e+00
-8.069257262854822699e+00,3.425196493598323233e+00,0.000000000000000000e+00
-8.109386669582022478e+00,3.276404889949158683e+00,0.000000000000000000e+00
-8.149346743587500441e+00,3.128241123896223552e+00,0.000000000000000000e+00
-8.189162819150517691e+00,2.980611509730289654e+00,0.000000000000000000e+00
-8.228859649626642181e+00,2.833423603251576051e+00,0.000000000000000000e+00
-8.268462111386917002e+00,2.686586197545133725e+00,0.000000000000000000e+00
-8.307994261649596979e+00,2.540008747168773784e+00,0.000000000000000000e+00
-8.347480718564625590e+00,2.393601578759029458e+00,0.000000000000000000e+00
-8.386945136508060727e+00,2.247275176291469112e+00,0.000000000000000000e+00
-8.426412058820188733e+00,2.100940489759331786e+00,0.000000000000000000e+00
-8.465905032660977270e+00,1.954508181131239475e+00,0.000000000000000000e+00
-8.505448696638906014e+00,1.807888930418336981e+00,0.000000000000000000e+00
-8.545066797471180919e+00,1.660992725694903971e+00,0.000000000000000000e+00
-8.584784230032937558e+00,1.513729083315351165e+00,0.000000000000000000e+00
-8.624625255952764746e+00,1.366006444172940260e+00,0.000000000000000000e+00
-8.664615192223978468e+00,1.217732251490182716e+00,0.000000000000000000e+00
-8.704779140225443967e+00,1.068812484489344961e+00,0.000000000000000000e+00
-8.745143017790040219e+00,9.191515691737947025e-01,0.000000000000000000e+00
-8.785733099878772379e+00,7.686520470038712416e-01,0.000000000000000000e+00
-8.826576114452738153e+00,6.172143280604195370e-01,0.000000000000000000e+00
-8.867699835485185034e+00,4.647364557263681251e-01,0.000000000000000000e+00
-8.909132084438027732e+00,3.111137478921919275e-01,0.000000000000000000e+00
-8.950902400425265526e+00,1.562385825655610017e-01,0.000000000000000000e+00
-8.993040145036932387e+00,1.101329782822312917e-15,0.000000000000000000e+00
-9.035576751469719170e+00,-1.577165788607943764e-01,0.000000000000000000e+00
-9.078543802508409755e+00,-3.170297354481304564e-01,0.000000000000000000e+00
-9.121974655067734972e+00,-4.780624343482833272e-01,0.000000000000000000e+00
-9.165903837650690278e+00,-6.409424339476957888e-01,0.000000000000000000e+00
-9.210366873491087958e+00,-8.058026883451763211e-01,0.000000000000000000e+00
-9.255401671615194559e+00,-9.727819147717746695e-01,0.000000000000000000e+00
-9.301046797255924758e+00,-1.142024946938438479e+00,0.000000000000000000e+00
-9.347343456803319128e+00,-1.313683451669076518e+00,0.000000000000000000e+00
-9.394334585064722631e+00,-1.487916425476909721e+00,0.000000000000000000e+00
-9.442064814441774701e+00,-1.664890780384151947e+00,0.000000000000000000e+00
-9.490582000686488939e+00,-1.844782263190305471e+00,0.000000000000000000e+00
-9.539935865245185553e+00,-2.027775966069041313e+00,0.000000000000000000e+00
-9.590178905398573761e+00,-2.214067256459901323e+00,0.000000000000000000e+00
-9.641367244346813692e+00,-2.403862839710649180e+00,0.000000000000000000e+00
-9.693559735076968664e+00,-2.597381502796717090e+00,0.000000000000000000e+00
-9.746818736400754801e+00,-2.794855298490409812e+00,0.000000000000000000e+00
-9.801211078344950423e+00,-2.996530942102569206e+00,0.000000000000000000e+00
-9.856807581626915393e+00,-3.202670925248428890e+00,0.000000000000000000e+00
-9.913683485227528180e+00,-3.413554973377566082e+00,0.000000000000000000e+00
-9.971919339173398456e+00,-3.629481817962615153e+00,0.000000000000000000e+00
-1.003160148994770751e+01,-3.850771025798617853e+00,0.000000000000000000e+00
-1.009282227197420134e+01,-4.077764890570748868e+00,0.000000000000000000e+00
-1.015568069053485978e+01,-4.310830694598214663e+00,0.000000000000000000e+00
-1.022028316955489302e+01,-4.550363239061878673e+00,0.000000000000000000e+00
-1.028674435852388847e+01,-4.796787671862415614e+00,0.000000000000000000e+00
-1.035518799512172450e+01,-5.050562645946847340e+00,0.000000000000000000e+00
-1.042574777922137486e+01,-5.312183823523305648e+00,0.000000000000000000e+00
-1.049856845176080178e+01,-5.582187864744867944e+00,0.000000000000000000e+00
-1.057380702469674993e+01,-5.861156942104278400e+00,0.000000000000000000e+00
-1.065163416428949361e+01,-6.149723852061955931e+00,0.000000000000000000e+00
-1.073223575502223426e+01,-6.448577819312376391e+00,0.000000000000000000e+00
-1.081581467186988021e+01,-6.758471104382725692e+00,0.000000000000000000e+00
-1.090259280005147957e+01,-7.080226549893938959e+00,0.000000000000000000e+00
-1.099281345534739529e+01,-7.414746299691839404e+00,0.000000000000000000e+00
-1.108674413622185639e+01,-7.763021818384835626e+00,0.000000000000000000e+00
-1.118467931943852989e+01,-8.126145187674147508e+00,0.000000000000000000e+00
-1.128694378442427215e+01,-8.505322202035463519e+00,0.000000000000000000e+00
-1.139390228686968243e+01,-8.901892086553290895e+00,0.000000000000000000e+00
-1.150596038354704298e+01,-9.317343005170696912e+00,0.000000000000000000e+00
-1.162289964237451834e+01,-9.752770803126997734e+00,0.000000000000000000e+00
-1.173808009647311223e+01,-1.020375735528869399e+01,0.000000000000000000e+00
-1.184655258632326280e+01,-1.066668385971250110e+01,0.000000000000000000e+00
-1.194753152374598670e+01,-1.114125338799841458e+01,0.000000000000000000e+00
-1.203868788543008783e+01,-1.162562575436574974e+01,0.000000000000000000e+00
-1.212181776839246083e+01,-1.212181776839245551e+01,0.000000000000000000e+00
-1.219593747552668717e+01,-1.262926296100230950e+01,0.000000000000000000e+00
-1.225656900156647566e+01,-1.314356108953833946e+01,0.000000000000000000e+00
-1.229653821649900358e+01,-1.365668923231922705e+01,0.000000000000000000e+00
-1.231271796029038512e+01,-1.416416174854075294e+01,0.000000000000000000e+00
-1.230347364565265700e+01,-1.466270891859472947e+01,0.000000000000000000e+00
-1.227048207730067197e+01,-1.515278342657292399e+01,0.000000000000000000e+00
-1.221468864448607761e+01,-1.563408852035378160e+01,0.000000000000000000e+00
-1.213665397465759455e+01,-1.610588380886812843e+01,0.000000000000000000e+00
-1.203695786765649167e+01,-1.656745118651563686e+01,0.000000000000000000e+00
-1.191617508207695941e+01,-1.701806169145825010e+01,0.000000000000000000e+00
-1.177484623655409024e+01,-1.745692744055420675e+01,0.000000000000000000e+00
-1.161346218894647642e+01,-1.788316353334409925e+01,0.000000000000000000e+00
-1.143248315179468833e+01,-1.829579754049709450e+01,0.000000000000000000e+00
-1.123303360989150868e+01,-1.869490736149619892e+01,0.000000000000000000e+00
-1.101583694921310830e+01,-1.907998928393161719e+01,0.000000000000000000e+00
-1.078099935112775576e+01,-1.944943767898471876e+01,0.000000000000000000e+00
-1.052918861995703459e+01,-1.980252369617661756e+01,0.000000000000000000e+00
-1.026121007320565504e+01,-2.013875868886868403e+01,0.000000000000000000e+00
-9.978030919528858789e+00,-2.045799512570699719e+01,0.000000000000000000e+00
-9.680613515274565373e+00,-2.076014267828463744e+01,0.000000000000000000e+00
-9.370178529535536427e+00,-2.104576555538455551e+01,0.000000000000000000e+00
-9.045712649573474096e+00,-2.131036354605951288e+01,0.000000000000000000e+00
-8.709012495035951318e+00,-2.155556233270172228e+01,0.000000000000000000e+00
-8.362462851332594482e+00,-2.178496052791465587e+01,0.000000000000000000e+00
-8.003414718832095431e+00,-2.198920121852190235e+01,0.000000000000000000e+00
-7.636515040622948725e+00,-2.217805004851219763e+01,0.000000000000000000e+00
-7.259278880035400228e+00,-2.234176310084895078e+01,0.000000000000000000e+00
-6.875751175310060859e+00,-2.248956873580829097e+01,0.000000000000000000e+00
-6.483507453196705406e+00,-2.261067753902840138e+01,0.000000000000000000e+00
-6.086205452082287692e+00,-2.271402797247381855e+01,0.000000000000000000e+00
-5.683375733412598052e+00,-2.279477502969153946e+01,0.000000000000000000e+00
-5.275724115589326857e+00,-2.285167172605425634e+01,0.000000000000000000e+00
-4.865322266911194404e+00,-2.288954162922632207e+01,0.000000000000000000e+00
-4.451963087665307128e+00,-2.290336458160005506e+01,0.000000000000000000e+00
-4.036721574873458174e+00,-2.289338567843841332e+01,0.000000000000000000e+00
-3.621246105244774416e+00,-2.286364808200026744e+01,0.000000000000000000e+00
-3.205823803126033322e+00,-2.281062162406165328e+01,0.000000000000000000e+00
-2.791228825595548635e+00,-2.273273451539888868e+01,0.000000000000000000e+00
-2.379256086952246108e+00,-2.263710954119119378e+01,0.000000000000000000e+00
-1.971203794287351485e+00,-2.253096246810601855e+01,0.000000000000000000e+00
-1.567519968889332205e+00,-2.241657992581771452e+01,0.000000000000000000e+00
-1.168524916003025549e+00,-2.229678364526965595e+01,0.000000000000000000e+00
-7.741688124172653174e-01,-2.216929419611435392e+01,0.000000000000000000e+00
-3.846305293655101210e-01,-2.203546826936878134e+01,0.000000000000000000e+00
-4.022198342487413393e-15,-2.189582795239588009e+01,0.000000000000000000e+00
3.796251878714842487e-01,-2.174871244722764629e+01,0.000000000000000000e+00
7.541819693139540925e-01,-2.159694589468228187e+01,0.000000000000000000e+00
1.123488673119734216e+00,-2.143744093891199753e+01,0.000000000000000000e+00
1.487600410603979961e+00,-2.127367699539517432e+01,0.000000000000000000e+00
1.846246490066928425e+00,-2.110269394525461095e+01,0.000000000000000000e+00
2.199526394909507854e+00,-2.092709574785146742e+01,0.000000000000000000e+00
2.547248603851428150e+00,-2.074567506794061700e+01,0.000000000000000000e+00
2.889303450047131516e+00,-2.055846228724559310e+01,0.000000000000000000e+00
3.225865653930223065e+00,-2.036731415864016981e+01,0.000000000000000000e+00
3.556437183408971414e+00,-2.016955754087975805e+01,0.000000000000000000e+00
3.881275349097297322e+00,-1.996743068428513013e+01,0.000000000000000000e+00
4.200383359912497561e+00,-1.976125002639668793e+01,0.000000000000000000e+00
4.513371868813382370e+00,-1.954956136143796641e+01,0.000000000000000000e+00
4.820309381149016303e+00,-1.933320495965646657e+01,0.000000000000000000e+00
5.121295879583237287e+00,-1.911293642319775543e+01,0.000000000000000000e+00
5.416249186587099196e+00,-1.888870564474540359e+01,0.000000000000000000e+00
5.705110419995296667e+00,-1.866057535598276829e+01,0.000000000000000000e+00
5.987476972625357163e+00,-1.842755930786499974e+01,0.000000000000000000e+00
6.263659537340681815e+00,-1.819098816240274274e+01,0.000000000000000000e+00
6.533582578382715944e+00,-1.795087060224865283e+01,0.000000000000000000e+00
6.797210095856080159e+00,-1.770733769114102074e+01,0.000000000000000000e+00
7.054493261970424811e+00,-1.746048353021684463e+01,0.000000000000000000e+00
7.305395414747377636e+00,-1.721043307111062148e+01,0.000000000000000000e+00
7.549885906930846602e+00,-1.695732138574784642e+01,0.000000000000000000e+00
7.787942199971736201e+00,-1.670129594436781417e+01,0.000000000000000000e+00
8.019555266769367918e+00,-1.644252497121471279e+01,0.000000000000000000e+00
8.244713056046084176e+00,-1.618116045867152764e+01,0.000000000000000000e+00
8.463456091627918454e+00,-1.591744585982127269e+01,0.000000000000000000e+00
8.675746069166974550e+00,-1.565146022138558202e+01,0.000000000000000000e+00
8.881265755372881543e+00,-1.538280352382741079e+01,0.000000000000000000e+00
9.080183184134588359e+00,-1.511196256933939175e+01,0.000000000000000000e+00
9.272682130347098095e+00,-1.483939339001639901e+01,0.000000000000000000e+00
9.458895692118673537e+00,-1.456542207267025191e+01,0.000000000000000000e+00
9.638633573576475655e+00,-1.428986192598097560e+01,0.000000000000000000e+00
9.811389555730794854e+00,-1.401211643738733592e+01,0.000000000000000000e+00
9.977898689282712397e+00,-1.373339936022175145e+01,0.000000000000000000e+00
1.013825826098579164e+01,-1.345392312549155100e+01,0.000000000000000000e+00
1.029164740078447160e+01,-1.317270797211572564e+01,0.000000000000000000e+00
1.043844364634776412e+01,-1.289040437752622559e+01,0.000000000000000000e+00
1.057905806323809372e+01,-1.260763045312674713e+01,0.000000000000000000e+00
1.071332814596773453e+01,-1.232427423531292199e+01,0.000000000000000000e+00
1.084115593950523859e+01,-1.204032346162936662e+01,0.000000000000000000e+00
1.096255520574479903e+01,-1.175590118455893318e+01,0.000000000000000000e+00
1.107761883919927470e+01,-1.147121011260836987e+01,0.000000000000000000e+00
1.118649146659805993e+01,-1.118649146659806526e+01,0.000000000000000000e+00
1.128919754416243038e+01,-1.090185134497725628e+01,0.000000000000000000e+00
1.138563527709327161e+01,-1.061727666115062618e+01,0.000000000000000000e+00
1.147573850333422918e+01,-1.033280135970657732e+01,0.000000000000000000e+00
1.155958728698284155e+01,-1.004859592320324424e+01,0.000000000000000000e+00
1.163729629295584367e+01,-9.764851027319984667e+00,0.000000000000000000e+00
1.170896603208578135e+01,-9.481733738005774015e+00,0.000000000000000000e+00
1.177465132236170398e+01,-9.199365835289526672e+00,0.000000000000000000e+00
1.183440179490457389e+01,-8.917861403094120121e+00,0.000000000000000000e+00
1.188826904184958977e+01,-8.637333043273274669e+00,0.000000000000000000e+00
1.193630606901805002e+01,-8.357891487904755223e+00,0.000000000000000000e+00
1.197856694251813181e+01,-8.079645422295637758e+00,0.000000000000000000e+00
1.201510746022018949e+01,-7.802702017751045105e+00,0.000000000000000000e+00
1.204598518728926493e+01,-7.527166957090819288e+00,0.000000000000000000e+00
1.207125942440124611e+01,-7.253144410188010482e+00,0.000000000000000000e+00
1.209099117573720505e+01,-6.980737010081273120e+00,0.000000000000000000e+00
1.210524311676460663e+01,-6.710045829658946914e+00,0.000000000000000000e+00
1.211407956181342271e+01,-6.441170358913750782e+00,0.000000000000000000e+00
1.211756643145534973e+01,-6.174208482765892292e+00,0.000000000000000000e+00
1.211572756896182135e+01,-5.909235169568514578e+00,0.000000000000000000e+00
1.210847537168749533e+01,-5.646274794399080754e+00,0.000000000000000000e+00
1.209593469394484622e+01,-5.385457101362974619e+00,0.000000000000000000e+00
1.207829957833158829e+01,-5.126933993636861864e+00,0.000000000000000000e+00
1.205576940121454932e+01,-4.870847010711687020e+00,0.000000000000000000e+00
1.202854845846052001e+01,-4.617327146883693167e+00,0.000000000000000000e+00
1.199684554552693427e+01,-4.366494683660882892e+00,0.000000000000000000e+00
1.196087353232927164e+01,-4.118459036246477467e+00,0.000000000000000000e+00
1.192089051045932457e+01,-3.873332123484182876e+00,0.000000000000000000e+00
1.187779648287449596e+01,-3.631406812936492035e+00,0.000000000000000000e+00
1.183300811587425905e+01,-3.393060476873477338e+00,0.000000000000000000e+00
1.178797933618309379e+01,-3.158579543525021016e+00,0.000000000000000000e+00
1.174408204648789322e+01,-2.928128521877282786e+00,0.000000000000000000e+00
1.170163648670497025e+01,-2.701535648894470398e+00,0.000000000000000000e+00
1.166032231126531649e+01,-2.478478018446807596e+00,0.000000000000000000e+00
1.161979502143783272e+01,-2.258659348384006282e+00,0.000000000000000000e+00
1.157971092795965973e+01,-2.041815465403955088e+00,0.000000000000000000e+00
1.153993879376635689e+01,-1.827746747230091895e+00,0.000000000000000000e+00
1.150050917089889069e+01,-1.616291158380643189e+00,0.000000000000000000e+00
1.146144969224372367e+01,-1.407289067772883984e+00,0.000000000000000000e+00
1.142278104857357945e+01,-1.200582666717587399e+00,0.000000000000000000e+00
1.138452287890656578e+01,-9.960166915558420486e-01,0.000000000000000000e+00
1.134669867434500823e+01,-7.934384643805960646e-01,0.000000000000000000e+00
1.130932649189654526e+01,-5.926966866271708989e-01,0.000000000000000000e+00
1.127241793617546506e+01,-3.936415083638244439e-01,0.000000000000000000e+00
1.123597825482900170e+01,-1.961247299700916713e-01,0.000000000000000000e+00
1.120000643941937390e+01,-2.743210407292936422e-15,0.000000000000000000e+00
