2.016811285346220117e+01,0.000000000000000000e+00,0.000000000000000000e+00
2.019314813643311979e+01,3.524727118265560399e-01,0.000000000000000000e+00
2.020258561071866765e+01,7.054898352492060543e-01,0.000000000000000000e+00
2.020415106355356016e+01,1.058854689539937111e+00,0.000000000000000000e+00
2.019783756182667389e+01,1.412370388851424741e+00,0.000000000000000000e+00
2.018222480414198827e+01,1.765715875094135523e+00,0.000000000000000000e+00
2.015934226603764756e+01,2.118832252330915988e+00,0.000000000000000000e+00
2.012908508032341715e+01,2.471540872964718805e+00,0.000000000000000000e+00
2.009135327209531141e+01,2.823655559160898054e+00,0.000000000000000000e+00
2.004605208917908499e+01,3.174982740861131081e+00,0.000000000000000000e+00
1.999309232873518027e+01,3.525321605351447563e+00,0.000000000000000000e+00
1.993239065967222245e+01,3.874464258280858608e+00,0.000000000000000000e+00
1.986387220162323786e+01,4.222196376629766768e+00,0.000000000000000000e+00
1.978749987318197867e+01,4.568304302618832580e+00,0.000000000000000000e+00
1.970326570249779508e+01,4.912575887092315519e+00,0.000000000000000000e+00
1.961116828354741415e+01,5.254796704207375768e+00,0.000000000000000000e+00
1.951127887547661288e+01,5.594769187796220677e+00,0.000000000000000000e+00
1.940389748782527590e+01,5.932366801906810316e+00,0.000000000000000000e+00
1.928936738193400302e+01,6.267495390262927124e+00,0.000000000000000000e+00
1.916777367472947446e+01,6.599993761496075528e+00,0.000000000000000000e+00
1.903878741729495161e+01,6.929551916417268309e+00,0.000000000000000000e+00
1.890219322384936618e+01,7.255872161925912778e+00,0.000000000000000000e+00
1.875838131717070212e+01,7.578878006353195751e+00,0.000000000000000000e+00
1.860777090360877395e+01,7.898530134379763368e+00,0.000000000000000000e+00
1.845010785809637355e+01,8.214517265460939299e+00,0.000000000000000000e+00
1.828513029110295207e+01,8.526496285103245754e+00,0.000000000000000000e+00
1.811331605566138592e+01,8.834454527339305585e+00,0.000000000000000000e+00
1.793513945335427451e+01,9.138409991715599645e+00,0.000000000000000000e+00
1.775074084268521091e+01,9.438236325034353058e+00,0.000000000000000000e+00
1.755974777465812764e+01,9.733527132720615427e+00,0.000000000000000000e+00
1.736188893800028410e+01,1.002389125199484710e+01,0.000000000000000000e+00
1.715797579752389979e+01,1.030955195896010856e+01,0.000000000000000000e+00
1.694834037932195514e+01,1.059049846876559364e+01,0.000000000000000000e+00
1.673268492781174643e+01,1.086633264670248522e+01,0.000000000000000000e+00
1.651059857768842676e+01,1.113653935881730206e+01,0.000000000000000000e+00
1.628291555018100567e+01,1.140142021226884594e+01,0.000000000000000000e+00
1.605009076787780842e+01,1.166107352120944896e+01,0.000000000000000000e+00
1.581191100154476636e+01,1.191512957507898385e+01,0.000000000000000000e+00
1.556816043246097259e+01,1.216317997703235676e+01,0.000000000000000000e+00
1.531893333751965791e+01,1.240502762230211786e+01,0.000000000000000000e+00
1.506479606560724172e+01,1.264086482241197551e+01,0.000000000000000000e+00
1.480595362513578372e+01,1.287061912705261868e+01,0.000000000000000000e+00
1.454248356389971164e+01,1.309411101507016539e+01,0.000000000000000000e+00
1.427453496067140648e+01,1.331121919842555812e+01,0.000000000000000000e+00
1.400224555748027910e+01,1.352181135695092351e+01,0.000000000000000000e+00
1.372576794999326388e+01,1.372576794999326033e+01,0.000000000000000000e+00
1.344526094607574862e+01,1.392297528648590443e+01,0.000000000000000000e+00
1.316089083624798839e+01,1.411332752884292141e+01,0.000000000000000000e+00
1.287283005302291095e+01,1.429672615815658610e+01,0.000000000000000000e+00
1.258125651441920034e+01,1.447308001733136607e+01,0.000000000000000000e+00
1.228635283683137480e+01,1.464230513317385451e+01,0.000000000000000000e+00
1.198830562786409359e+01,1.480432453152252137e+01,0.000000000000000000e+00
1.168730481552856482e+01,1.495906800152566341e+01,0.000000000000000000e+00
1.138354303194759254e+01,1.510647183223915668e+01,0.000000000000000000e+00
1.107721504725915551e+01,1.524647852021873895e+01,0.000000000000000000e+00
1.076851727453238006e+01,1.537903648119144684e+01,0.000000000000000000e+00
1.045764727190017140e+01,1.550409966779293569e+01,0.000000000000000000e+00
1.014480353747920383e+01,1.562162753214646571e+01,0.000000000000000000e+00
9.830184458854580143e+00,1.573158361634769520e+01,0.000000000000000000e+00
9.513990552118308131e+00,1.583393927116716959e+01,0.000000000000000000e+00
9.196416124158725225e+00,1.592865997458856064e+01,0.000000000000000000e+00
8.877670508293416418e+00,1.601574155252605536e+01,0.000000000000000000e+00
8.557758944376701038e+00,1.609480373074354631e+01,0.000000000000000000e+00
8.236869805834500013e+00,1.616576721340895872e+01,0.000000000000000000e+00
7.915421414157469471e+00,1.622901893316608124e+01,0.000000000000000000e+00
7.593602055937889617e+00,1.628453216055441644e+01,0.000000000000000000e+00
7.271615402233852166e+00,1.633231559910552733e+01,0.000000000000000000e+00
6.949658180883587555e+00,1.637236866710098582e+01,0.000000000000000000e+00
6.627927025842206277e+00,1.640469504706462089e+01,0.000000000000000000e+00
6.306621059012241126e+00,1.642930955600042608e+01,0.000000000000000000e+00
5.985928028323360905e+00,1.644620209229895735e+01,0.000000000000000000e+00
5.666055613510315503e+00,1.645542034627280970e+01,0.000000000000000000e+00
5.346946301134015478e+00,1.645620860516027051e+01,0.000000000000000000e+00
5.029073339509319673e+00,1.644935770108283535e+01,0.000000000000000000e+00
4.712627154891891657e+00,1.643488400840686836e+01,0.000000000000000000e+00
4.397806807670008311e+00,1.641283844809676040e+01,0.000000000000000000e+00
4.084802928710736580e+00,1.638324970372438827e+01,0.000000000000000000e+00
3.773808255062748085e+00,1.634615941097868586e+01,0.000000000000000000e+00
3.465014346832137271e+00,1.630161082588127996e+01,0.000000000000000000e+00
3.158612494556292560e+00,1.624965259376356741e+01,0.000000000000000000e+00
2.854793462055051023e+00,1.619033826011630239e+01,0.000000000000000000e+00
2.553747473829664827e+00,1.612372698098960555e+01,0.000000000000000000e+00
2.255664092785718111e+00,1.604988398967671159e+01,0.000000000000000000e+00
1.960732064407000319e+00,1.596888118496840292e+01,0.000000000000000000e+00
1.669139102373506267e+00,1.588079774477547979e+01,0.000000000000000000e+00
1.381071615200152980e+00,1.578572079559684127e+01,0.000000000000000000e+00
1.096714362625412553e+00,1.568374607884853056e+01,0.000000000000000000e+00
8.162500509593157982e-01,1.557497879371978300e+01,0.000000000000000000e+00
5.398588189553674699e-01,1.545953387662153311e+01,0.000000000000000000e+00
2.677177311259386072e-01,1.533753854407911099e+01,0.000000000000000000e+00
9.312903916392641247e-16,1.520912629319187737e+01,0.000000000000000000e+00
-2.631257046475253825e-01,1.507446152332329881e+01,0.000000000000000000e+00
-5.214949875012592218e-01,1.493366254785706992e+01,0.000000000000000000e+00
-7.749548527103303774e-01,1.478701947138415740e+01,0.000000000000000000e+00
-1.023346771025221313e+00,1.463454063731548338e+01,0.000000000000000000e+00
-1.266423808086344804e+00,1.447529036388910484e+01,0.000000000000000000e+00
-1.504084905006799255e+00,1.431041195632946383e+01,0.000000000000000000e+00
-1.736206374438327149e+00,1.414026618388352574e+01,0.000000000000000000e+00
-1.962704328972475931e+00,1.396536695636318193e+01,0.000000000000000000e+00
-2.183401413477256359e+00,1.378545398148564161e+01,0.000000000000000000e+00
-2.397878608445829673e+00,1.359904535772905021e+01,0.000000000000000000e+00
-2.606289636987560776e+00,1.340819781874615835e+01,0.000000000000000000e+00
-2.808544824292184661e+00,1.321316454418490061e+01,0.000000000000000000e+00
-3.004322280884890173e+00,1.301314947822725898e+01,0.000000000000000000e+00
-3.193627429909128068e+00,1.280894000469660909e+01,0.000000000000000000e+00
-3.376284384423031248e+00,1.260046486346815797e+01,0.000000000000000000e+00
-3.552063203619414633e+00,1.238751652173816176e+01,0.000000000000000000e+00
-3.721006288488996727e+00,1.217086316210019348e+01,0.000000000000000000e+00
-3.883070074091998336e+00,1.195086084073084010e+01,0.000000000000000000e+00
-4.038052343913627773e+00,1.172735554181832107e+01,0.000000000000000000e+00
-4.185793063195376362e+00,1.150037192363909178e+01,0.000000000000000000e+00
-4.326175998179515148e+00,1.127007378479824773e+01,0.000000000000000000e+00
-4.459177262686622178e+00,1.103685101992852324e+01,0.000000000000000000e+00
-4.584824059765510107e+00,1.080116860808424306e+01,0.000000000000000000e+00
-4.703013961070568349e+00,1.056314230474943372e+01,0.000000000000000000e+00
-4.813528540742832540e+00,1.032264526769328405e+01,0.000000000000000000e+00
-4.916220637441699459e+00,1.007974605899812914e+01,0.000000000000000000e+00
-5.011186727671113061e+00,9.835007716775306719e+00,0.000000000000000000e+00
-5.098594300788206191e+00,9.589061237556363082e+00,0.000000000000000000e+00
-5.178679820619722207e+00,9.342585705658430939e+00,0.000000000000000000e+00
-5.251818273858513741e+00,9.096416082441630024e+00,0.000000000000000000e+00
-5.318452201451245642e+00,8.851390876737252000e+00,0.000000000000000000e+00
-5.379074505919242633e+00,8.608318666106994144e+00,0.000000000000000000e+00
-5.434219142151180293e+00,8.367963662689138715e+00,0.000000000000000000e+00
-5.484433525337030879e+00,8.131007079067412491e+00,0.000000000000000000e+00
-5.530298365379642256e+00,7.898084587206116503e+00,0.000000000000000000e+00
-5.572434106912275809e+00,7.669797557770989371e+00,0.000000000000000000e+00
-5.611499512661115574e+00,7.446711369802384795e+00,0.000000000000000000e+00
-5.648190188441231996e+00,7.229353768730405250e+00,0.000000000000000000e+00
-5.683231231543288686e+00,7.018206087764008672e+00,0.000000000000000000e+00
-5.717122781403781495e+00,6.813401614040158982e+00,0.000000000000000000e+00
-5.750016021922634835e+00,6.614636772634424844e+00,0.000000000000000000e+00
-5.782016611947955020e+00,6.421580010179687825e+00,0.000000000000000000e+00
-5.813209191605371196e+00,6.233903641905480519e+00,0.000000000000000000e+00
-5.843657716244519129e+00,6.051284708587374439e+00,0.000000000000000000e+00
-5.873405818899677833e+00,5.873405818899678721e+00,0.000000000000000000e+00
-5.902477200763089016e+00,5.699955976331592566e+00,0.000000000000000000e+00
-5.930876049146774243e+00,5.530631389841899725e+00,0.000000000000000000e+00
-5.958587482386212386e+00,5.365136267443033624e+00,0.000000000000000000e+00
-5.985595363956145221e+00,5.203198667821366641e+00,0.000000000000000000e+00
-6.011954924785909427e+00,5.044629160042291005e+00,0.000000000000000000e+00
-6.037738038714514310e+00,4.889263860365155701e+00,0.000000000000000000e+00
-6.063006915395553698e+00,4.736940156409375824e+00,0.000000000000000000e+00
-6.087814237172093357e+00,4.587497074694480759e+00,0.000000000000000000e+00
-6.112203317418237525e+00,4.440775649919801005e+00,0.000000000000000000e+00
-6.136208270740331372e+00,4.296619287197150250e+00,0.000000000000000000e+00
-6.159854194794328386e+00,4.154874116896323244e+00,0.000000000000000000e+00
-6.183157363466945888e+00,4.015389341770533527e+00,0.000000000000000000e+00
-6.206125431159200012e+00,3.878017576036445480e+00,0.000000000000000000e+00
-6.228757647902464001e+00,3.742615176091327100e+00,0.000000000000000000e+00
-6.251045085028676063e+00,3.609042562557792877e+00,0.000000000000000000e+00
-6.272982156931941944e+00,3.477170789189090616e+00,0.000000000000000000e+00
-6.294603225298294191e+00,3.346899903457869474e+00,0.000000000000000000e+00
-6.315949669586417237e+00,3.218137094380208563e+00,0.000000000000000000e+00
-6.337058062790491775e+00,3.090789732856968897e+00,0.000000000000000000e+00
-6.357960223886476747e+00,2.964765542643133855e+00,0.000000000000000000e+00
-6.378683275444132939e+00,2.839972768725540941e+00,0.000000000000000000e+00
-6.399249706292287954e+00,2.716320342957789347e+00,0.000000000000000000e+00
-6.419677439140148323e+00,2.593718046814900369e+00,0.000000000000000000e+00
-6.439979903054086741e+00,2.472076671133327075e+00,0.000000000000000000e+00
-6.460166110685769070e+00,2.351308172704881905e+00,0.000000000000000000e+00
-6.480240740144331824e+00,2.231325827596354561e+00,0.000000000000000000e+00
-6.500204221401932436e+00,2.112044381069772214e+00,0.000000000000000000e+00
-6.520052827118933969e+00,1.993380193981538984e+00,0.000000000000000000e+00
-6.539778767771871060e+00,1.875251385542010540e+00,0.000000000000000000e+00
-6.559375999151246361e+00,1.757579501824666934e+00,0.000000000000000000e+00
-6.578866772713015898e+00,1.640295713411897838e+00,0.000000000000000000e+00
-6.598281390068132524e+00,1.523333289062494433e+00,0.000000000000000000e+00
-6.617647204789435911e+00,1.406624336195275049e+00,0.000000000000000000e+00
-6.636988575461455042e+00,1.290099891041704749e+00,0.000000000000000000e+00
-6.656326832244002567e+00,1.173690012938325644e+00,0.000000000000000000e+00
-6.675680245996025164e+00,1.057323879547644063e+00,0.000000000000000000e+00
-6.695063999983686287e+00,9.409298829436409939e-01,0.000000000000000000e+00
-6.714490164195074939e+00,8.244357264975644695e-01,0.000000000000000000e+00
-6.733967672282546779e+00,7.077685224990463153e-01,0.000000000000000000e+00
-6.753502301152020770e+00,5.908548904470457552e-01,0.000000000000000000e+00
-6.773096653217149488e+00,4.736210559447369128e-01,0.000000000000000000e+00
-6.792750141334640723e+00,3.559929501319126222e-01,0.000000000000000000e+00
-6.812458976435481262e+00,2.378963095880892720e-01,0.000000000000000000e+00
-6.832216157865239836e+00,1.192567766391545436e-01,0.000000000000000000e+00
-6.852019865114537645e+00,8.391304195506596152e-16,0.000000000000000000e+00
-6.871900683950021183e+00,-1.199494726186082494e-01,0.000000000000000000e+00
-6.891895326197267302e+00,-2.406702880473877981e-01,0.000000000000000000e+00
-6.912037022164144062e+00,-3.622445106537859894e-01,0.000000000000000000e+00
-6.932355362012915023e+00,-4.847575097250598763e-01,0.000000000000000000e+00
-6.952876140375035874e+00,-6.082978411826950316e-01,0.000000000000000000e+00
-6.973621204315732847e+00,-7.329571237121078608e-01,0.000000000000000000e+00
-6.994608304821440470e+00,-8.588299093953124519e-01,0.000000000000000000e+00
-7.015850951980927341e+00,-9.860135489389676433e-01,0.000000000000000000e+00
-7.037358274028769678e+00,-1.114608051595290306e+00,0.000000000000000000e+00
-7.059134880417253122e+00,-1.244715939877786059e+00,0.000000000000000000e+00
-7.081180729080361225e+00,-1.376442099178694756e+00,0.000000000000000000e+00
-7.103490998050706828e+00,-1.509893622399610003e+00,0.000000000000000000e+00
-7.126055987604058117e+00,-1.645179655717637024e+00,0.000000000000000000e+00
-7.148880370551395025e+00,-1.782416065354395229e+00,0.000000000000000000e+00
-7.172016907720689005e+00,-1.921736138526113358e+00,0.000000000000000000e+00
-7.195520841560109737e+00,-2.063282399448694182e+00,0.000000000000000000e+00
-7.219440209893043026e+00,-2.207204375120650930e+00,0.000000000000000000e+00
-7.243815500645103711e+00,-2.353658332036827616e+00,0.000000000000000000e+00
-7.268679314810791325e+00,-2.502807000236760171e+00,0.000000000000000000e+00
-7.294056038056663915e+00,-2.654819284922291356e+00,0.000000000000000000e+00
-7.319961521351455502e+00,-2.809869965889952859e+00,0.000000000000000000e+00
-7.346402771007232602e+00,-2.968139385034989974e+00,0.000000000000000000e+00
-7.373377648508705917e+00,-3.129813122194738728e+00,0.000000000000000000e+00
-7.400874580500746980e+00,-3.295081659609707891e+00,0.000000000000000000e+00
-7.428876959736381735e+00,-3.464142217816296387e+00,0.000000000000000000e+00
-7.457450153108800883e+00,-3.637241467276631557e+00,0.000000000000000000e+00
-7.486729835405373734e+00,-3.814679384628268721e+00,0.000000000000000000e+00
-7.516837594729513405e+00,-3.996773445385267021e+00,0.000000000000000000e+00
-7.547876952916869442e+00,-4.183856514253564640e+00,0.000000000000000000e+00
-7.579932604825576625e+00,-4.376276129835269479e+00,0.000000000000000000e+00
-7.613069681284813761e+00,-4.574393761396744473e+00,0.000000000000000000e+00
-7.647333036577076193e+00,-4.778584038400705225e+00,0.000000000000000000e+00
-7.682746561310329625e+00,-4.989233953526992060e+00,0.000000000000000000e+00
-7.719314000769605499e+00,-5.206743037700083399e+00,0.000000000000000000e+00
-7.757073653738231656e+00,-5.431561446795441839e+00,0.000000000000000000e+00
-7.796111078090432578e+00,-5.664206251286421079e+00,0.000000000000000000e+00
-7.836486397048354036e+00,-5.905216063071237365e+00,0.000000000000000000e+00
-7.878228283546747868e+00,-6.155146520273755861e+00,0.000000000000000000e+00
-7.921333047799498317e+00,-6.414569023727977992e+00,0.000000000000000000e+00
-7.965763767003064544e+00,-6.684069438937610741e+00,0.000000000000000000e+00
-8.011457493386574313e+00,-6.964253749579381925e+00,0.000000000000000000e+00
-8.058731047729363439e+00,-7.256114027284088053e+00,0.000000000000000000e+00
-8.108440399982271174e+00,-7.561242998031562301e+00,0.000000000000000000e+00
-8.161385021700469977e+00,-7.881357902334735321e+00,0.000000000000000000e+00
-8.218253555751823924e+00,-8.218253555751822148e+00,0.000000000000000000e+00
-8.279620154500280549e+00,-8.573797656656394039e+00,0.000000000000000000e+00
-8.345217486277981322e+00,-8.949150110635333277e+00,0.000000000000000000e+00
-8.410902525681516195e+00,-9.341253606030353041e+00,0.000000000000000000e+00
-8.471514863549694851e+00,-9.745363060330761940e+00,0.000000000000000000e+00
-8.522234532113431626e+00,-1.015640362057661328e+01,0.000000000000000000e+00
-8.558596748006886301e+00,-1.056898678804385128e+01,0.000000000000000000e+00
-8.576505192916959786e+00,-1.097742605513455594e+01,0.000000000000000000e+00
-8.573634245017682787e+00,-1.137759692731813033e+01,0.000000000000000000e+00
-8.552636046118387014e+00,-1.177169362624740856e+01,0.000000000000000000e+00
-8.514513709925587648e+00,-1.215998578320862578e+01,0.000000000000000000e+00
-8.459546022884522287e+00,-1.254179274486576467e+01,0.000000000000000000e+00
-8.388035618505906399e+00,-1.291644216416603541e+01,0.000000000000000000e+00
-8.300308784435602050e+00,-1.328327074943504194e+01,0.000000000000000000e+00
-8.196727824950059471e+00,-1.364164594147596432e+01,0.000000000000000000e+00
-8.077760793839717124e+00,-1.399109210631828226e+01,0.000000000000000000e+00
-7.943921324968774123e+00,-1.433121343436272177e+01,0.000000000000000000e+00
-7.795733232065964025e+00,-1.466164180632635805e+01,0.000000000000000000e+00
-7.633725898270215637e+00,-1.498203064409185892e+01,0.000000000000000000e+00
-7.458259497522012005e+00,-1.529169809926463941e+01,0.000000000000000000e+00
-7.269579396785029068e+00,-1.558966332559917412e+01,0.000000000000000000e+00
-7.068545682758575310e+00,-1.587621354149765196e+01,0.000000000000000000e+00
-6.855697284683433423e+00,-1.615101066749294034e+01,0.000000000000000000e+00
-6.630809544661423693e+00,-1.641182953149877122e+01,0.000000000000000000e+00
-6.395167761010563723e+00,-1.665998160109093718e+01,0.000000000000000000e+00
-6.149531397496599716e+00,-1.689569865484909883e+01,0.000000000000000000e+00
-5.894170096682938009e+00,-1.711791290965814838e+01,0.000000000000000000e+00
-5.629636309260979132e+00,-1.732623898929656292e+01,0.000000000000000000e+00
-5.356465562192596508e+00,-1.752020940991775433e+01,0.000000000000000000e+00
-5.075242316564923861e+00,-1.769947336078113054e+01,0.000000000000000000e+00
-4.786574228673363685e+00,-1.786373821560881225e+01,0.000000000000000000e+00
-4.491087480089008821e+00,-1.801276803598253551e+01,0.000000000000000000e+00
-4.189420155484267383e+00,-1.814637233071985634e+01,0.000000000000000000e+00
-3.882217600714087169e+00,-1.826439781586665845e+01,0.000000000000000000e+00
-3.570128930497912911e+00,-1.836672112692475878e+01,0.000000000000000000e+00
-3.253804601320987366e+00,-1.845324288006016644e+01,0.000000000000000000e+00
-2.933894794809444928e+00,-1.852388270462533981e+01,0.000000000000000000e+00
-2.611048561603921403e+00,-1.857857587891144746e+01,0.000000000000000000e+00
-2.285913082832990550e+00,-1.861726805083130643e+01,0.000000000000000000e+00
-1.959134662939660210e+00,-1.863992119810846759e+01,0.000000000000000000e+00
-1.631356056327347259e+00,-1.864648504824804576e+01,0.000000000000000000e+00
-1.303199683734731273e+00,-1.863662374294285229e+01,0.000000000000000000e+00
-9.752446701358712389e-01,-1.860877685484079791e+01,0.000000000000000000e+00
-6.482993773288361350e-01,-1.856486517234466405e+01,0.000000000000000000e+00
-3.230017004250954060e-01,-1.850475502402378325e+01,0.000000000000000000e+00
-3.385319675647476928e-15,-1.842882197002688827e+01,0.000000000000000000e+00
3.201310795051302005e-01,-1.834029726166290430e+01,0.000000000000000000e+00
6.371351423272763048e-01,-1.824516331113020584e+01,0.000000000000000000e+00
9.509714158454453115e-01,-1.814561557186932816e+01,0.000000000000000000e+00
1.261590524120422607e+00,-1.804158503807646596e+01,0.000000000000000000e+00
1.568949200841602609e+00,-1.793317142599518732e+01,0.000000000000000000e+00
1.873003466734654232e+00,-1.782043760653595044e+01,0.000000000000000000e+00
2.173711302913960530e+00,-1.770345788533528264e+01,0.000000000000000000e+00
2.471024545692482199e+00,-1.758225323568847998e+01,0.000000000000000000e+00
2.764908356502981501e+00,-1.745694432380840411e+01,0.000000000000000000e+00
3.055337314271156401e+00,-1.732767896322564738e+01,0.000000000000000000e+00
3.342278920364189165e+00,-1.719453444225255367e+01,0.000000000000000000e+00
3.625685889309682164e+00,-1.705751100235756468e+01,0.000000000000000000e+00
3.905521831813314915e+00,-1.691667359098943990e+01,0.000000000000000000e+00
4.181766142936350406e+00,-1.677214791459486420e+01,0.000000000000000000e+00
4.454393488209235308e+00,-1.662402281490080114e+01,0.000000000000000000e+00
4.723380679458760945e+00,-1.647238600530355512e+01,0.000000000000000000e+00
4.988707919879939112e+00,-1.631732836259187280e+01,0.000000000000000000e+00
5.250357670538255306e+00,-1.615893936689741395e+01,0.000000000000000000e+00
5.508317952688821073e+00,-1.599731691589591165e+01,0.000000000000000000e+00
5.762571767360414654e+00,-1.583253580880948341e+01,0.000000000000000000e+00
6.013129526806065606e+00,-1.566473797486993291e+01,0.000000000000000000e+00
6.259953200342159185e+00,-1.549392786916815012e+01,0.000000000000000000e+00
6.502867163258426508e+00,-1.531979499119997357e+01,0.000000000000000000e+00
6.741943676727873758e+00,-1.514265342552178772e+01,0.000000000000000000e+00
6.977253500482965443e+00,-1.496276841793525314e+01,0.000000000000000000e+00
7.208852021016886269e+00,-1.478033699206759621e+01,0.000000000000000000e+00
7.436673436888994182e+00,-1.459529341324943985e+01,0.000000000000000000e+00
7.660534955778432575e+00,-1.440737083004320418e+01,0.000000000000000000e+00
7.880459554328245630e+00,-1.421672536949313681e+01,0.000000000000000000e+00
8.096667195184831911e+00,-1.402383895403632152e+01,0.000000000000000000e+00
8.309104663807922009e+00,-1.382867240867852487e+01,0.000000000000000000e+00
8.517508084026596649e+00,-1.363086228825405399e+01,0.000000000000000000e+00
8.722041005344779663e+00,-1.343076535708456198e+01,0.000000000000000000e+00
8.922799975598868727e+00,-1.322859497366933645e+01,0.000000000000000000e+00
9.119726481330507895e+00,-1.302431919634544499e+01,0.000000000000000000e+00
9.312666621968915592e+00,-1.281778596985338048e+01,0.000000000000000000e+00
9.501695635680956542e+00,-1.260917598994367594e+01,0.000000000000000000e+00
9.686952801277387337e+00,-1.239873417944428802e+01,0.000000000000000000e+00
9.868622760993318366e+00,-1.218673418646773321e+01,0.000000000000000000e+00
1.004791325871157071e+01,-1.197463672414451175e+01,0.000000000000000000e+00
1.022616899257252676e+01,-1.176386173595854068e+01,0.000000000000000000e+00
1.040350689614564317e+01,-1.155426495697117772e+01,0.000000000000000000e+00
1.057995979481286675e+01,-1.134561783727649420e+01,0.000000000000000000e+00
1.075568641167605577e+01,-1.113783932491589113e+01,0.000000000000000000e+00
1.093080115479567560e+01,-1.093080115479568093e+01,0.000000000000000000e+00
1.110540257225877170e+01,-1.072436260374391104e+01,0.000000000000000000e+00
1.127960152170809494e+01,-1.051839858461411836e+01,0.000000000000000000e+00
1.145350678727927729e+01,-1.031278383265901688e+01,0.000000000000000000e+00
1.162722361926645043e+01,-1.010739128985191471e+01,0.000000000000000000e+00
1.180085835214903334e+01,-9.902095890863584771e+00,0.000000000000000000e+00
1.197451669090630233e+01,-9.696772421523046859e+00,0.000000000000000000e+00
1.214830465349971078e+01,-9.491295812204008087e+00,0.000000000000000000e+00
1.232232844259299220e+01,-9.285540504612804114e+00,0.000000000000000000e+00
1.249669458314263615e+01,-9.079380074147355373e+00,0.000000000000000000e+00
1.267151107465716997e+01,-8.872687574982778713e+00,0.000000000000000000e+00
1.284688626539486656e+01,-8.665334200914843521e+00,0.000000000000000000e+00
1.302293045465729371e+01,-8.457189922937553561e+00,0.000000000000000000e+00
1.319975546548134027e+01,-8.248122643076948535e+00,0.000000000000000000e+00
1.337747468625817326e+01,-8.037997721010611940e+00,0.000000000000000000e+00
1.355620449577546438e+01,-7.826678314825588956e+00,0.000000000000000000e+00
1.373606308815931420e+01,-7.614024101092979002e+00,0.000000000000000000e+00
1.391717194069289931e+01,-7.399891582920900213e+00,0.000000000000000000e+00
1.409965592382478405e+01,-7.184133522303612907e+00,0.000000000000000000e+00
1.428364282742035130e+01,-6.966598090367919660e+00,0.000000000000000000e+00
1.446926520567844676e+01,-6.747129173283531678e+00,0.000000000000000000e+00
1.465665959774831251e+01,-6.525565283720220044e+00,0.000000000000000000e+00
1.484596704018673385e+01,-6.301739130837131775e+00,0.000000000000000000e+00
1.503733458062137451e+01,-6.075477537228950453e+00,0.000000000000000000e+00
1.523091444280628259e+01,-5.846600275294821181e+00,0.000000000000000000e+00
1.542686502217341982e+01,-5.614919676113540703e+00,0.000000000000000000e+00
1.562535219912348694e+01,-5.380240229534628327e+00,0.000000000000000000e+00
1.582654879509702539e+01,-5.142357426918199970e+00,0.000000000000000000e+00
1.603063554069427710e+01,-4.901057128071872881e+00,0.000000000000000000e+00
1.623780262069102776e+01,-4.656114976345442358e+00,0.000000000000000000e+00
1.644824952484600900e+01,-4.407295177088084159e+00,0.000000000000000000e+00
1.666218582389852898e+01,-4.154349514474580118e+00,0.000000000000000000e+00
1.687983278079661531e+01,-3.897016460604504129e+00,0.000000000000000000e+00
1.710142413394032346e+01,-3.635019913571100769e+00,0.000000000000000000e+00
1.732720697226038453e+01,-3.368067847761202049e+00,0.000000000000000000e+00
1.755744264276672340e+01,-3.095850850161125489e+00,0.000000000000000000e+00
1.779240835299435730e+01,-2.818040639014620652e+00,0.000000000000000000e+00
1.803240173189180950e+01,-2.534288791088932680e+00,0.000000000000000000e+00
1.827772783133458034e+01,-2.244222786073227116e+00,0.000000000000000000e+00
1.852874733022916232e+01,-1.947449818574679581e+00,0.000000000000000000e+00
1.878575662323654427e+01,-1.643540740290242885e+00,0.000000000000000000e+00
1.904925333118397646e+01,-1.332053555353980956e+00,0.000000000000000000e+00
1.931951356218027627e+01,-1.012492802622475541e+00,0.000000000000000000e+00
1.959682655392476391e+01,-6.843362628593646635e-01,0.000000000000000000e+00
1.988335559853209489e+01,-3.470652629632349218e-01,0.000000000000000000e+00
2.012639598516402373e+01,-4.929545284320652576e-15,0.000000000000000000e+00
