2.363555390516278720e+01,0.000000000000000000e+00,0.000000000000000000e+00
2.357022131096321615e+01,4.114197433553207217e-01,0.000000000000000000e+00
2.349042167409933413e+01,8.203036005451775914e-01,0.000000000000000000e+00
2.339630479037727895e+01,1.226148377492851882e+00,0.000000000000000000e+00
2.328808082001956947e+01,1.628461248026780384e+00,0.000000000000000000e+00
2.316597459648660617e+01,2.026760156722119621e+00,0.000000000000000000e+00
2.303022134426398182e+01,2.420573802388125362e+00,0.000000000000000000e+00
2.288099984909663576e+01,2.809433519490756481e+00,0.000000000000000000e+00
2.271844167006749160e+01,3.192868755448876161e+00,0.000000000000000000e+00
2.254268961562411633e+01,3.570411278180361414e+00,0.000000000000000000e+00
2.235388082217343353e+01,3.941592312490699967e+00,0.000000000000000000e+00
2.215215002359675367e+01,4.305941769651854045e+00,0.000000000000000000e+00
2.193760451512873288e+01,4.662981787012515866e+00,0.000000000000000000e+00
2.171025501963241311e+01,5.012207305257211587e+00,0.000000000000000000e+00
2.147016960232075178e+01,5.353114507651000054e+00,0.000000000000000000e+00
2.121764852538676394e+01,5.685251787664784118e+00,0.000000000000000000e+00
2.095321816044593533e+01,6.008238624305530351e+00,0.000000000000000000e+00
2.067782669386766514e+01,6.321846046200240821e+00,0.000000000000000000e+00
2.039171490690102928e+01,6.625669813218309834e+00,0.000000000000000000e+00
2.009429725013866630e+01,6.919021412873330057e+00,0.000000000000000000e+00
1.978623143061682654e+01,7.201599289046902719e+00,0.000000000000000000e+00
1.946803302682535985e+01,7.473077711879922091e+00,0.000000000000000000e+00
1.913913117401996900e+01,7.732710934003280911e+00,0.000000000000000000e+00
1.880165141143988450e+01,7.980827527307998714e+00,0.000000000000000000e+00
1.845573049698577606e+01,8.217020625581634263e+00,0.000000000000000000e+00
1.809886768231555365e+01,8.439640604197752083e+00,0.000000000000000000e+00
1.773368316227327668e+01,8.649295193542377191e+00,0.000000000000000000e+00
1.736123492990642703e+01,8.845991031438948937e+00,0.000000000000000000e+00
1.698184541629858302e+01,9.029407374863209768e+00,0.000000000000000000e+00
1.659547898073142846e+01,9.199024212213602780e+00,0.000000000000000000e+00
1.620102774741054219e+01,9.353667731116070527e+00,0.000000000000000000e+00
1.579982481572360342e+01,9.493492519302693111e+00,0.000000000000000000e+00
1.539302223488906485e+01,9.618627827840995792e+00,0.000000000000000000e+00
1.498110030082039223e+01,9.728840289806273134e+00,0.000000000000000000e+00
1.456442902288116770e+01,9.823831418880368815e+00,0.000000000000000000e+00
1.414345389213224813e+01,9.903353031592459388e+00,0.000000000000000000e+00
1.371862125326867599e+01,9.967161766097895281e+00,0.000000000000000000e+00
1.329039996522709544e+01,1.001503472128291250e+01,0.000000000000000000e+00
1.285927563909670290e+01,1.004676722411423384e+01,0.000000000000000000e+00
1.242574593639427860e+01,1.006217065982982817e+01,0.000000000000000000e+00
1.199005389613303052e+01,1.006084980204093426e+01,0.000000000000000000e+00
1.155211669762641513e+01,1.004210183895202491e+01,0.000000000000000000e+00
1.111333060242440851e+01,1.000648782004188853e+01,0.000000000000000000e+00
1.067427240554013679e+01,9.953920051709124195e+00,0.000000000000000000e+00
1.023544050386825255e+01,9.884249999791231645e+00,0.000000000000000000e+00
9.797443000466724783e+00,9.797443000466723007e+00,0.000000000000000000e+00
9.360674724777766187e+00,9.693262435040573166e+00,0.000000000000000000e+00
8.927443619132011676e+00,9.573511197666677575e+00,0.000000000000000000e+00
8.503495402054229046e+00,9.444088413313924235e+00,0.000000000000000000e+00
8.092716386146140195e+00,9.309605259222299978e+00,0.000000000000000000e+00
7.695051513177840974e+00,9.170605286027202041e+00,0.000000000000000000e+00
7.311225651877546028e+00,9.028611768289707129e+00,0.000000000000000000e+00
6.944936106955538868e+00,8.889112856213319702e+00,0.000000000000000000e+00
6.598822598655729621e+00,8.756933358337825268e+00,0.000000000000000000e+00
6.271667047099199088e+00,8.632209134842170783e+00,0.000000000000000000e+00
5.961449924358319663e+00,8.513832826765264983e+00,0.000000000000000000e+00
5.666832035883621721e+00,8.401423991518646162e+00,0.000000000000000000e+00
5.386499636621064901e+00,8.294482068032760225e+00,0.000000000000000000e+00
5.119257314817767579e+00,8.192524243948845708e+00,0.000000000000000000e+00
4.864063679473774826e+00,8.095161382594568522e+00,0.000000000000000000e+00
4.619981369411840788e+00,8.002042461842945542e+00,0.000000000000000000e+00
4.386154941701486898e+00,7.912832976849228039e+00,0.000000000000000000e+00
4.161821587139271195e+00,7.827248002982499564e+00,0.000000000000000000e+00
3.946282163528621822e+00,7.745014831828867408e+00,0.000000000000000000e+00
3.738909229848013993e+00,7.665899957273669685e+00,0.000000000000000000e+00
3.539125737163586916e+00,7.589679635900804300e+00,0.000000000000000000e+00
3.346407089388929279e+00,7.516153383221308104e+00,0.000000000000000000e+00
3.160276283294540800e+00,7.445144358656135886e+00,0.000000000000000000e+00
2.980288700964609738e+00,7.376473383142637452e+00,0.000000000000000000e+00
2.806045663118043265e+00,7.309998872020278426e+00,0.000000000000000000e+00
2.637172424520223046e+00,7.245571687577708531e+00,0.000000000000000000e+00
2.473325596458255671e+00,7.183059101268106872e+00,0.000000000000000000e+00
2.314191821642296532e+00,7.122350071334105692e+00,0.000000000000000000e+00
2.159474413943680560e+00,7.063322541397192289e+00,0.000000000000000000e+00
2.008902193749112275e+00,7.005874526744341857e+00,0.000000000000000000e+00
1.862224850295415735e+00,6.949917756419838888e+00,0.000000000000000000e+00
1.719204802991891379e+00,6.895353844683120847e+00,0.000000000000000000e+00
1.579622809019938456e+00,6.842098087738833989e+00,0.000000000000000000e+00
1.443276371121762214e+00,6.790081471878238517e+00,0.000000000000000000e+00
1.309973019962985097e+00,6.739226960663327048e+00,0.000000000000000000e+00
1.179532047756915336e+00,6.689458658100239319e+00,0.000000000000000000e+00
1.051786858983563722e+00,6.640720874022778553e+00,0.000000000000000000e+00
9.265794855286756393e-01,6.592955616713063627e+00,0.000000000000000000e+00
8.037598422399514497e-01,6.546098600096371456e+00,0.000000000000000000e+00
6.831875348460367814e-01,6.500095197107086165e+00,0.000000000000000000e+00
5.647307665264087451e-01,6.454902198375358502e+00,0.000000000000000000e+00
4.482638479987476332e-01,6.410471685179520485e+00,0.000000000000000000e+00
3.336672976124965273e-01,6.366751313968919135e+00,0.000000000000000000e+00
2.208284161484922459e-01,6.323698456893295017e+00,0.000000000000000000e+00
1.096401206233658943e-01,6.281278303704517008e+00,0.000000000000000000e+00
3.820562506541111116e-16,6.239452075816693366e+00,0.000000000000000000e+00
-1.081895836906302533e-01,6.198177098484055847e+00,0.000000000000000000e+00
-2.150217120895373812e-01,6.157416208722191087e+00,0.000000000000000000e+00
-3.205857690081115319e-01,6.117140878584263142e+00,0.000000000000000000e+00
-4.249676039074751777e-01,6.077319873395347294e+00,0.000000000000000000e+00
-5.282494275762122937e-01,6.037918586099843665e+00,0.000000000000000000e+00
-6.305100410357832308e-01,5.998902322461287184e+00,0.000000000000000000e+00
-7.318261880968024435e-01,5.960246000924462884e+00,0.000000000000000000e+00
-8.322722493460129600e-01,5.921924763777225209e+00,0.000000000000000000e+00
-9.319199281348876651e-01,5.883910857817497231e+00,0.000000000000000000e+00
-1.030838193107675105e+00,5.846173903539128247e+00,0.000000000000000000e+00
-1.129094338166689360e+00,5.808686811824780527e+00,0.000000000000000000e+00
-1.226754845195016541e+00,5.771427781653060585e+00,0.000000000000000000e+00
-1.323884309626948141e+00,5.734372947492466288e+00,0.000000000000000000e+00
-1.420545277400714790e+00,5.697495913823172664e+00,0.000000000000000000e+00
-1.516798370687741926e+00,5.660768584244342705e+00,0.000000000000000000e+00
-1.612704835515840429e+00,5.624170137030022332e+00,0.000000000000000000e+00
-1.708326443979950593e+00,5.587684022517523275e+00,0.000000000000000000e+00
-1.803723875376491481e+00,5.551291276856177959e+00,0.000000000000000000e+00
-1.898956603638898288e+00,5.514970424522428694e+00,0.000000000000000000e+00
-1.994082789068069017e+00,5.478697435487614342e+00,0.000000000000000000e+00
-2.089158967032889169e+00,5.442445179424378665e+00,0.000000000000000000e+00
-2.184240063153053413e+00,5.406183865015301571e+00,0.000000000000000000e+00
-2.279379428506642213e+00,5.369881419257369615e+00,0.000000000000000000e+00
-2.374628772293449597e+00,5.333503546942111484e+00,0.000000000000000000e+00
-2.470041750438067396e+00,5.297021627761981044e+00,0.000000000000000000e+00
-2.565690348472576154e+00,5.260444777776244862e+00,0.000000000000000000e+00
-2.661654550107890316e+00,5.223791182067332173e+00,0.000000000000000000e+00
-2.758016581728976568e+00,5.187074777121714497e+00,0.000000000000000000e+00
-2.854860732545384305e+00,5.150305096161034157e+00,0.000000000000000000e+00
-2.952238707321112265e+00,5.113427437151632837e+00,0.000000000000000000e+00
-3.050091063192145846e+00,5.076203975771365506e+00,0.000000000000000000e+00
-3.148321998410919864e+00,5.038368402596519857e+00,0.000000000000000000e+00
-3.246818591226745543e+00,4.999662192491886259e+00,0.000000000000000000e+00
-3.345453931589451813e+00,4.959839420932014242e+00,0.000000000000000000e+00
-3.444223058739843246e+00,4.918860296114539565e+00,0.000000000000000000e+00
-3.543321230899795449e+00,4.876963280632143238e+00,0.000000000000000000e+00
-3.642976942861573253e+00,4.834393687307001031e+00,0.000000000000000000e+00
-3.743436847259966616e+00,4.791380668293634848e+00,0.000000000000000000e+00
-3.844950843881412617e+00,4.748118864126204208e+00,0.000000000000000000e+00
-3.947638378387547498e+00,4.704612219706140408e+00,0.000000000000000000e+00
-4.051535503314588560e+00,4.660758443747373470e+00,0.000000000000000000e+00
-4.156672790647546023e+00,4.616452821343149715e+00,0.000000000000000000e+00
-4.263076529726176567e+00,4.571589878918961070e+00,0.000000000000000000e+00
-4.370797940628154521e+00,4.526093762973850687e+00,0.000000000000000000e+00
-4.479944197372476289e+00,4.479944197372477177e+00,0.000000000000000000e+00
-4.590630838325127527e+00,4.433120669853761520e+00,0.000000000000000000e+00
-4.702975099400554804e+00,4.385595229920787652e+00,0.000000000000000000e+00
-4.817095000805505123e+00,4.337331820492186019e+00,0.000000000000000000e+00
-4.933107329515358686e+00,4.288284777771722567e+00,0.000000000000000000e+00
-5.051128934781279334e+00,4.238400426203860150e+00,0.000000000000000000e+00
-5.171276921617962152e+00,4.187617482356057685e+00,0.000000000000000000e+00
-5.293675437206681877e+00,4.135872530481244702e+00,0.000000000000000000e+00
-5.418472311452619650e+00,4.083111755664968534e+00,0.000000000000000000e+00
-5.545821197952081505e+00,4.029274953025825390e+00,0.000000000000000000e+00
-5.675876772461661446e+00,3.974291702027056061e+00,0.000000000000000000e+00
-5.808807470902952907e+00,3.918090111821958654e+00,0.000000000000000000e+00
-5.944801108395000533e+00,3.860598979840689449e+00,0.000000000000000000e+00
-6.084047751664462211e+00,3.801734975567974129e+00,0.000000000000000000e+00
-6.226744686340794921e+00,3.741405666761304261e+00,0.000000000000000000e+00
-6.373120932001909544e+00,3.679523085669340166e+00,0.000000000000000000e+00
-6.523415367001601517e+00,3.615988184315075404e+00,0.000000000000000000e+00
-6.677872308436491267e+00,3.550687689826697024e+00,0.000000000000000000e+00
-6.836773288176223318e+00,3.483509982749495304e+00,0.000000000000000000e+00
-7.000417058118276969e+00,3.414331532796638147e+00,0.000000000000000000e+00
-7.169111535127482782e+00,3.343011610997284055e+00,0.000000000000000000e+00
-7.343213103983447176e+00,3.269409116226967615e+00,0.000000000000000000e+00
-7.523094987292857638e+00,3.193364362058538575e+00,0.000000000000000000e+00
-7.709157702637197573e+00,3.114701890964536979e+00,0.000000000000000000e+00
-7.901857855739709890e+00,3.033239040780542517e+00,0.000000000000000000e+00
-8.101667290228053986e+00,2.948765741571134580e+00,0.000000000000000000e+00
-8.309126458448581332e+00,2.861061681959612191e+00,0.000000000000000000e+00
-8.524810682526380745e+00,2.769878897409507434e+00,0.000000000000000000e+00
-8.749361288208946874e+00,2.674948188972146479e+00,0.000000000000000000e+00
-8.983481567096356812e+00,2.575971887414190586e+00,0.000000000000000000e+00
-9.227948720410603656e+00,2.472621407429835827e+00,0.000000000000000000e+00
-9.483622297998390849e+00,2.364532607278994281e+00,0.000000000000000000e+00
-9.751461781129615147e+00,2.251302342239454024e+00,0.000000000000000000e+00
-1.003252474670035355e+01,2.132478965028036466e+00,0.000000000000000000e+00
-1.032800908837649345e+01,2.007561599375790262e+00,0.000000000000000000e+00
-1.063924124466148236e+01,1.875985285700129568e+00,0.000000000000000000e+00
-1.096772150072420082e+01,1.737116431527587324e+00,0.000000000000000000e+00
-1.131514641018056189e+01,1.590240121266547790e+00,0.000000000000000000e+00
-1.168343103377420533e+01,1.434544949321335361e+00,0.000000000000000000e+00
-1.207475710486135689e+01,1.269108111525249827e+00,0.000000000000000000e+00
-1.249162394345195892e+01,1.092875484081050175e+00,0.000000000000000000e+00
-1.293687486190782998e+01,9.046344156053590657e-01,0.000000000000000000e+00
-1.341389500044422256e+01,7.029924485091704200e-01,0.000000000000000000e+00
-1.392594903199615430e+01,4.863048561001613312e-01,0.000000000000000000e+00
-1.447167020977980734e+01,2.526039431314576755e-01,0.000000000000000000e+00
-1.502916634652393135e+01,1.840542046012365072e-15,0.000000000000000000e+00
-1.559139391151955678e+01,-2.721487930469851935e-01,0.000000000000000000e+00
-1.614044188647195455e+01,-5.636366506124358411e-01,0.000000000000000000e+00
-1.666916430582471875e+01,-8.735938837724060990e-01,0.000000000000000000e+00
-1.717593202464881230e+01,-1.201058168642127555e+00,0.000000000000000000e+00
-1.765969953655424263e+01,-1.545023510722506099e+00,0.000000000000000000e+00
-1.811990331583341529e+01,-1.904478581098658418e+00,0.000000000000000000e+00
-1.855636700989977683e+01,-2.278435375263693885e+00,0.000000000000000000e+00
-1.896927460637272134e+01,-2.665957686878501764e+00,0.000000000000000000e+00
-1.935887465466980473e+01,-3.066144527492725036e+00,0.000000000000000000e+00
-1.972649156804365234e+01,-3.478312698164132577e+00,0.000000000000000000e+00
-2.007102820048742231e+01,-3.901412666322608747e+00,0.000000000000000000e+00
-2.039039716854849615e+01,-4.334112713232816994e+00,0.000000000000000000e+00
-2.068575028490063872e+01,-4.775681750350111443e+00,0.000000000000000000e+00
-2.095675205925149953e+01,-5.225105137012885592e+00,0.000000000000000000e+00
-2.120256300591682930e+01,-5.681209634905401984e+00,0.000000000000000000e+00
-2.142335448551726884e+01,-6.143048046197332468e+00,0.000000000000000000e+00
-2.161942761113789757e+01,-6.609722336299358680e+00,0.000000000000000000e+00
-2.179097913263667508e+01,-7.080318320393916842e+00,0.000000000000000000e+00
-2.193820046207057572e+01,-7.553928204974995175e+00,0.000000000000000000e+00
-2.206113290763953927e+01,-8.029595712571387267e+00,0.000000000000000000e+00
-2.215972537429925637e+01,-8.506321597455206884e+00,0.000000000000000000e+00
-2.223395775258815732e+01,-8.983102036156516590e+00,0.000000000000000000e+00
-2.228384368008513405e+01,-9.458930450547695656e+00,0.000000000000000000e+00
-2.230943070751392909e+01,-9.932798503888299990e+00,0.000000000000000000e+00
-2.231080043787899925e+01,-1.040369710375086676e+01,0.000000000000000000e+00
-2.228820937217248144e+01,-1.087068605158756718e+01,0.000000000000000000e+00
-2.224230537309660605e+01,-1.133302064301937939e+01,0.000000000000000000e+00
-2.217311328765691769e+01,-1.178965346434564410e+01,0.000000000000000000e+00
-2.208050403256011407e+01,-1.223942324588743524e+01,0.000000000000000000e+00
-2.196476185476184995e+01,-1.268136116953278147e+01,0.000000000000000000e+00
-2.182783963771375824e+01,-1.311548923675100653e+01,0.000000000000000000e+00
-2.167025040027653304e+01,-1.354107532333363473e+01,0.000000000000000000e+00
-2.148985602029588904e+01,-1.395567567630138583e+01,0.000000000000000000e+00
-2.128894950394439078e+01,-1.435957775503883838e+01,0.000000000000000000e+00
-2.106827373049231511e+01,-1.475216408315630900e+01,0.000000000000000000e+00
-2.082838659341484089e+01,-1.513270864985258335e+01,0.000000000000000000e+00
-2.056850001303965669e+01,-1.549947648936539757e+01,0.000000000000000000e+00
-2.028814547252474298e+01,-1.585083644616089593e+01,0.000000000000000000e+00
-1.999236634729978945e+01,-1.618949905382856258e+01,0.000000000000000000e+00
-1.967713884952762982e+01,-1.651107995126275796e+01,0.000000000000000000e+00
-1.934678644930321312e+01,-1.681790487974197390e+01,0.000000000000000000e+00
-1.899818630188251589e+01,-1.710604378053884389e+01,0.000000000000000000e+00
-1.863982573668521781e+01,-1.738191870243601400e+01,0.000000000000000000e+00
-1.827411435358925829e+01,-1.764710710080197842e+01,0.000000000000000000e+00
-1.790109907544825418e+01,-1.790109907544825063e+01,0.000000000000000000e+00
-1.752254391159441482e+01,-1.814512539518239009e+01,0.000000000000000000e+00
-1.713864425803024361e+01,-1.837894583455580744e+01,0.000000000000000000e+00
-1.674946109251381898e+01,-1.860216110599047923e+01,0.000000000000000000e+00
-1.635491345230512650e+01,-1.881417573836569446e+01,0.000000000000000000e+00
-1.595512686669506941e+01,-1.901457976368024205e+01,0.000000000000000000e+00
-1.555095133730939594e+01,-1.920382558785834703e+01,0.000000000000000000e+00
-1.514270603337589094e+01,-1.938177987617913089e+01,0.000000000000000000e+00
-1.473069486472262568e+01,-1.954829233910052722e+01,0.000000000000000000e+00
-1.431522674601200151e+01,-1.970321928065629891e+01,0.000000000000000000e+00
-1.389662084981655710e+01,-1.984643136711641276e+01,0.000000000000000000e+00
-1.347520674659646644e+01,-1.997781556514344814e+01,0.000000000000000000e+00
-1.305132264413543375e+01,-2.009727447114406473e+01,0.000000000000000000e+00
-1.262531329532143864e+01,-2.020472480646394331e+01,0.000000000000000000e+00
-1.219752814221410553e+01,-2.030009582247995681e+01,0.000000000000000000e+00
-1.176831981210818512e+01,-2.038332783429077466e+01,0.000000000000000000e+00
-1.133804294537371504e+01,-2.045437092477246210e+01,0.000000000000000000e+00
-1.090705333056785165e+01,-2.051318385774280983e+01,0.000000000000000000e+00
-1.047570734197775977e+01,-2.055973328196297700e+01,0.000000000000000000e+00
-1.004436167130808144e+01,-2.059399332089478207e+01,0.000000000000000000e+00
-9.613373312330105946e+00,-2.061594559773378066e+01,0.000000000000000000e+00
-9.183099711794261211e+00,-2.062557965111912495e+01,0.000000000000000000e+00
-8.753898967381916307e+00,-2.062289359248878995e+01,0.000000000000000000e+00
-8.326129957028859607e+00,-2.060789479647770150e+01,0.000000000000000000e+00
-7.900152335643247703e+00,-2.058060045899939183e+01,0.000000000000000000e+00
-7.476326429984125888e+00,-2.054103804685313150e+01,0.000000000000000000e+00
-7.055013174332469994e+00,-2.048924600304259513e+01,0.000000000000000000e+00
-6.636574310677657351e+00,-2.042527549921281960e+01,0.000000000000000000e+00
-6.221373060002616917e+00,-2.034919436387622227e+01,0.000000000000000000e+00
-5.809775276516807807e+00,-2.026109421479454653e+01,0.000000000000000000e+00
-5.402150649238753211e+00,-2.016110069310023789e+01,0.000000000000000000e+00
-4.998872777733059714e+00,-2.004938362610312197e+01,0.000000000000000000e+00
-4.600316010606628758e+00,-1.992615781402572139e+01,0.000000000000000000e+00
-4.206846162829943836e+00,-1.979165512359361401e+01,0.000000000000000000e+00
-3.818797758658437402e+00,-1.964601134548461303e+01,0.000000000000000000e+00
-3.436206663350121371e+00,-1.948769637830677581e+01,0.000000000000000000e+00
-3.059658607921048379e+00,-1.931792417015002883e+01,0.000000000000000000e+00
-2.689672244239005305e+00,-1.913801244979547533e+01,0.000000000000000000e+00
-2.326582239328134794e+00,-1.894849175026127952e+01,0.000000000000000000e+00
-1.970286259349240732e+00,-1.874602155059561781e+01,0.000000000000000000e+00
-1.621471369738728852e+00,-1.853350256354372760e+01,0.000000000000000000e+00
-1.280573826873701471e+00,-1.831305891520112894e+01,0.000000000000000000e+00
-9.475667160182278392e-01,-1.808065002908538332e+01,0.000000000000000000e+00
-6.230511688560241845e-01,-1.784185107957737770e+01,0.000000000000000000e+00
-3.073806988523123951e-01,-1.760982844328501074e+01,0.000000000000000000e+00
-3.193337598568652885e-15,-1.738372021926092614e+01,0.000000000000000000e+00
2.995879060099048141e-01,-1.716337964034738661e+01,0.000000000000000000e+00
5.918519544152772704e-01,-1.694842247262435109e+01,0.000000000000000000e+00
8.772291856412530731e-01,-1.673852999768521954e+01,0.000000000000000000e+00
1.156128131317252672e+00,-1.653340255596407360e+01,0.000000000000000000e+00
1.428931211241790455e+00,-1.633275848154183407e+01,0.000000000000000000e+00
1.695997057433253907e+00,-1.613633411770912929e+01,0.000000000000000000e+00
1.957662511798911265e+00,-1.594388168514920423e+01,0.000000000000000000e+00
2.214244477021423130e+00,-1.575516810975468829e+01,0.000000000000000000e+00
2.466041578662018896e+00,-1.556997375252897697e+01,0.000000000000000000e+00
2.713335678979624355e+00,-1.538809130671725356e+01,0.000000000000000000e+00
2.956393253012523203e+00,-1.520932478257315168e+01,0.000000000000000000e+00
3.195466643540479712e+00,-1.503348858503465379e+01,0.000000000000000000e+00
3.430795207449977013e+00,-1.486040667067928389e+01,0.000000000000000000e+00
3.662606365102615058e+00,-1.468991177620060995e+01,0.000000000000000000e+00
3.891116562761498088e+00,-1.452184471039866054e+01,0.000000000000000000e+00
4.116532157022345650e+00,-1.435605370293528793e+01,0.000000000000000000e+00
4.339050229179142626e+00,-1.419239380384481031e+01,0.000000000000000000e+00
4.558859336603864776e+00,-1.403072632856342139e+01,0.000000000000000000e+00
4.776140207482154842e+00,-1.387091834387455158e+01,0.000000000000000000e+00
4.991066385243820847e+00,-1.371284219245642788e+01,0.000000000000000000e+00
5.203804836291319624e+00,-1.355637507382326845e+01,0.000000000000000000e+00
5.414516510055199738e+00,-1.340139863164311151e+01,0.000000000000000000e+00
5.623356855068682769e+00,-1.324779855088478620e+01,0.000000000000000000e+00
5.830476306286841215e+00,-1.309546419329745426e+01,0.000000000000000000e+00
6.036020742772006287e+00,-1.294428825521380588e+01,0.000000000000000000e+00
6.240131919035144747e+00,-1.279416644555934468e+01,0.000000000000000000e+00
6.442947888936497058e+00,-1.264499721324900605e+01,0.000000000000000000e+00
6.644603409480972722e+00,-1.249668148394134803e+01,0.000000000000000000e+00
6.845230289145320057e+00,-1.234912233744859300e+01,0.000000000000000000e+00
7.044957737529792041e+00,-1.220222473857708323e+01,0.000000000000000000e+00
7.243912703402564546e+00,-1.205589528421116263e+01,0.000000000000000000e+00
7.442220214874862627e+00,-1.191004198259155800e+01,0.000000000000000000e+00
7.640003732617767440e+00,-1.176457407127074895e+01,0.000000000000000000e+00
7.837385425927111626e+00,-1.161940172767015333e+01,0.000000000000000000e+00
8.034486464423528318e+00,-1.147443582936296202e+01,0.000000000000000000e+00
8.231427314105168591e+00,-1.132958773480695136e+01,0.000000000000000000e+00
8.428328052945975202e+00,-1.118476909758000026e+01,0.000000000000000000e+00
8.625308698543912911e+00,-1.103989169378345103e+01,0.000000000000000000e+00
8.822489455324216578e+00,-1.089486714194034889e+01,0.000000000000000000e+00
9.019990998412010796e+00,-1.074960667752495169e+01,0.000000000000000000e+00
9.217934768871135276e+00,-1.060402093793346090e+01,0.000000000000000000e+00
9.416443304882006871e+00,-1.045801977958153373e+01,0.000000000000000000e+00
9.615640570746210258e+00,-1.031151207491212851e+01,0.000000000000000000e+00
9.815652223153666256e+00,-1.016440542670143543e+01,0.000000000000000000e+00
1.001660592849076892e+01,-1.001660592849077425e+01,0.000000000000000000e+00
1.021863169663444637e+01,-9.868017923327659702e+00,0.000000000000000000e+00
1.042186224876828682e+01,-9.718543772624999022e+00,0.000000000000000000e+00
1.062643340761275290e+01,-9.568083616676196002e+00,0.000000000000000000e+00
1.083248443238607983e+01,-9.416535054673957461e+00,0.000000000000000000e+00
1.104015840943737103e+01,-9.263792849497651360e+00,0.000000000000000000e+00
1.124960267257717916e+01,-9.109748624040889808e+00,0.000000000000000000e+00
1.146096924842170850e+01,-8.954290539627390189e+00,0.000000000000000000e+00
1.167441534136721693e+01,-8.797302963069459025e+00,0.000000000000000000e+00
1.189010384736656611e+01,-8.638666107511976833e+00,0.000000000000000000e+00
1.210820386208816046e+01,-8.478255618414058503e+00,0.000000000000000000e+00
1.232889125120684071e+01,-8.315942152163108503e+00,0.000000000000000000e+00
1.255234926703556830e+01,-8.151590926480100308e+00,0.000000000000000000e+00
1.277876921202096483e+01,-7.985061235714426608e+00,0.000000000000000000e+00
1.300835115423623911e+01,-7.816205927062274128e+00,0.000000000000000000e+00
1.324130470064861775e+01,-7.644870833341345318e+00,0.000000000000000000e+00
1.347784983470645415e+01,-7.470894157498990218e+00,0.000000000000000000e+00
1.371821782568842529e+01,-7.294105803505159358e+00,0.000000000000000000e+00
1.396265221829263758e+01,-7.114326647659943603e+00,0.000000000000000000e+00
1.421140991211325932e+01,-6.931367743605533427e+00,0.000000000000000000e+00
1.446476234195130317e+01,-6.745029453443935452e+00,0.000000000000000000e+00
1.472299677132223472e+01,-6.555100496297619372e+00,0.000000000000000000e+00
1.498641771303532444e+01,-6.361356904381053390e+00,0.000000000000000000e+00
1.525534849230793633e+01,-6.163560875147230611e+00,0.000000000000000000e+00
1.553013296950730648e+01,-5.961459506311628687e+00,0.000000000000000000e+00
1.581113744125406662e+01,-5.754783398508363845e+00,0.000000000000000000e+00
1.609875274023171343e+01,-5.543245107984460240e+00,0.000000000000000000e+00
1.639339655558794817e+01,-5.326537429067212948e+00,0.000000000000000000e+00
1.669551599766095151e+01,-5.104331483268839342e+00,0.000000000000000000e+00
1.700559051186425918e+01,-4.876274611380852164e+00,0.000000000000000000e+00
1.732413519429257320e+01,-4.641988034878283820e+00,0.000000000000000000e+00
1.765170425055125847e+01,-4.401064167568430996e+00,0.000000000000000000e+00
1.798889492438947002e+01,-4.153063631541627387e+00,0.000000000000000000e+00
1.833635235221778359e+01,-3.897512009557444923e+00,0.000000000000000000e+00
1.869477442627255215e+01,-3.633896032238769891e+00,0.000000000000000000e+00
1.906491746815552091e+01,-3.361659334615953565e+00,0.000000000000000000e+00
1.944760311092599636e+01,-3.080197734377729812e+00,0.000000000000000000e+00
1.984372521161347080e+01,-2.788853704845055237e+00,0.000000000000000000e+00
2.025425867930514556e+01,-2.486910258352339476e+00,0.000000000000000000e+00
2.068026889509247113e+01,-2.173583847307249073e+00,0.000000000000000000e+00
2.112292261581177755e+01,-1.848016269418890190e+00,0.000000000000000000e+00
2.158350080812659755e+01,-1.509265402092461850e+00,0.000000000000000000e+00
2.206341310260271626e+01,-1.156294484111774379e+00,0.000000000000000000e+00
2.256421444328000803e+01,-7.879597313361426103e-01,0.000000000000000000e+00
2.308762314739174926e+01,-4.029959610759638600e-01,0.000000000000000000e+00
2.363533798310223233e+01,-5.788988201554401258e-15,0.000000000000000000e+00
