1.412091624066399120e+01,0.000000000000000000e+00,0.000000000000000000e+00
1.404382252360387717e+01,2.451358339898701555e-01,0.000000000000000000e+00
1.396699335331570779e+01,4.877381553839104655e-01,0.000000000000000000e+00
1.389061968501164301e+01,7.279765305567574840e-01,0.000000000000000000e+00
1.381488493251345595e+01,9.660308606971040879e-01,0.000000000000000000e+00
1.373991013123997007e+01,1.202086374348487974e+00,0.000000000000000000e+00
1.366562758849089931e+01,1.436315337113866386e+00,0.000000000000000000e+00
1.359192535832402449e+01,1.668878586946869413e+00,0.000000000000000000e+00
1.351868749968593164e+01,1.899927625286645938e+00,0.000000000000000000e+00
1.344584205832657986e+01,2.129612169100166152e+00,0.000000000000000000e+00
1.337336108237410315e+01,2.358084381579114375e+00,0.000000000000000000e+00
1.330121257657138045e+01,2.585493812540454073e+00,0.000000000000000000e+00
1.322935887128919141e+01,2.811987034780035088e+00,0.000000000000000000e+00
1.315775908878705991e+01,3.037708040094205586e+00,0.000000000000000000e+00
1.308636752296369643e+01,3.262797878972400145e+00,0.000000000000000000e+00
1.301513270690104740e+01,3.487394298198027265e+00,0.000000000000000000e+00
1.294400459222826427e+01,3.711633590062275445e+00,0.000000000000000000e+00
1.287294528613410094e+01,3.935654334709828728e+00,0.000000000000000000e+00
1.280191374509494473e+01,4.159593925256117153e+00,0.000000000000000000e+00
1.273086330541132938e+01,4.383587777069261726e+00,0.000000000000000000e+00
1.265975044250969361e+01,4.607772334311912132e+00,0.000000000000000000e+00
1.258853623010881151e+01,4.832286312479089574e+00,0.000000000000000000e+00
1.251717612244640421e+01,5.057267426865962534e+00,0.000000000000000000e+00
1.244562075782953414e+01,5.282852583794133139e+00,0.000000000000000000e+00
1.237382792857527569e+01,5.509183140873616935e+00,0.000000000000000000e+00
1.230175619702537482e+01,5.736403123428644335e+00,0.000000000000000000e+00
1.222935732971267697e+01,5.964656106917654910e+00,0.000000000000000000e+00
1.215658058452853219e+01,6.194087186647145415e+00,0.000000000000000000e+00
1.208338324564459398e+01,6.424848838089523007e+00,0.000000000000000000e+00
1.200971818261932178e+01,6.657095494022788884e+00,0.000000000000000000e+00
1.193553078012460666e+01,6.890981908826004698e+00,0.000000000000000000e+00
1.186076938036456774e+01,7.126669232028987722e+00,0.000000000000000000e+00
1.178538643393308050e+01,7.364326782972743679e+00,0.000000000000000000e+00
1.170932603230970415e+01,7.604125236607201188e+00,0.000000000000000000e+00
1.163252668553277758e+01,7.846238321788661985e+00,0.000000000000000000e+00
1.155493513451539833e+01,8.090852684711908438e+00,0.000000000000000000e+00
1.147649308830807868e+01,8.338160301015403064e+00,0.000000000000000000e+00
1.139713216331052159e+01,8.588355101219464771e+00,0.000000000000000000e+00
1.131678781915032594e+01,8.841643661328447479e+00,0.000000000000000000e+00
1.123539704643733117e+01,9.098245134811291379e+00,0.000000000000000000e+00
1.115288452058123880e+01,9.358381287782513880e+00,0.000000000000000000e+00
1.106917264625891661e+01,9.622284979991020393e+00,0.000000000000000000e+00
1.098418973115226471e+01,9.890208857264301656e+00,0.000000000000000000e+00
1.089785079800902423e+01,1.016241027562077015e+01,0.000000000000000000e+00
1.081006448212474425e+01,1.043915792532850872e+01,0.000000000000000000e+00
1.072074685552368400e+01,1.072074685552368223e+01,0.000000000000000000e+00
1.062979924818009536e+01,1.100747935099869146e+01,0.000000000000000000e+00
1.053711481513319903e+01,1.129967222168636098e+01,0.000000000000000000e+00
1.044259206314310795e+01,1.159767343258273620e+01,0.000000000000000000e+00
1.034611108094152421e+01,1.190183932511433973e+01,0.000000000000000000e+00
1.024754898723829477e+01,1.221255332082639455e+01,0.000000000000000000e+00
1.014678587998783144e+01,1.253023703116697973e+01,0.000000000000000000e+00
1.004367813589262504e+01,1.285532178647634716e+01,0.000000000000000000e+00
9.938073642139848118e+00,1.318826916368397306e+01,0.000000000000000000e+00
9.829800918456660597e+00,1.352956026599468409e+01,0.000000000000000000e+00
9.718692994339159341e+00,1.387973202800402284e+01,0.000000000000000000e+00
9.604624341600677795e+00,1.423944116608454280e+01,0.000000000000000000e+00
9.487412736230229626e+00,1.460933446976917516e+01,0.000000000000000000e+00
9.366701720522582875e+00,1.498985618658050356e+01,0.000000000000000000e+00
9.242108509530197580e+00,1.538145156606823249e+01,0.000000000000000000e+00
9.113836617469114998e+00,1.578562807333817908e+01,0.000000000000000000e+00
8.982183147483063124e+00,1.620428734465362908e+01,0.000000000000000000e+00
8.844173902682131327e+00,1.663347192289963061e+01,0.000000000000000000e+00
8.694527125572937720e+00,1.706397027704894853e+01,0.000000000000000000e+00
8.526988896590246725e+00,1.748291809178298806e+01,0.000000000000000000e+00
8.337290492464806135e+00,1.787937715938932115e+01,0.000000000000000000e+00
8.129133072242336056e+00,1.825833182021724355e+01,0.000000000000000000e+00
7.903950687282653931e+00,1.862054092598911126e+01,0.000000000000000000e+00
7.661628971575488833e+00,1.896319714329991157e+01,0.000000000000000000e+00
7.403088458233741065e+00,1.928570478750561179e+01,0.000000000000000000e+00
7.129200189049191394e+00,1.958731653818427176e+01,0.000000000000000000e+00
6.840997566819579490e+00,1.986769954771125413e+01,0.000000000000000000e+00
6.539580913152415853e+00,2.012676051643470032e+01,0.000000000000000000e+00
6.226005887736346445e+00,2.036434766060010304e+01,0.000000000000000000e+00
5.901509074649647246e+00,2.058100798739137716e+01,0.000000000000000000e+00
5.565650040764815287e+00,2.077128872928208736e+01,0.000000000000000000e+00
5.220594538466495571e+00,2.093866103660276679e+01,0.000000000000000000e+00
4.867923576227681792e+00,2.108529352828925596e+01,0.000000000000000000e+00
4.507425911176631494e+00,2.120577165796492380e+01,0.000000000000000000e+00
4.140567283630841366e+00,2.130137204739831347e+01,0.000000000000000000e+00
3.769325897507050271e+00,2.137690943474593297e+01,0.000000000000000000e+00
3.392834653717749838e+00,2.142151493395241246e+01,0.000000000000000000e+00
3.014123078507674247e+00,2.144660009235294851e+01,0.000000000000000000e+00
2.632928352757770707e+00,2.144348062489577345e+01,0.000000000000000000e+00
2.251016255327385363e+00,2.141698904556410810e+01,0.000000000000000000e+00
1.869258354067887762e+00,2.136572075436954776e+01,0.000000000000000000e+00
1.488557324462534304e+00,2.128736150112270664e+01,0.000000000000000000e+00
1.110418822961569463e+00,2.118805334155592845e+01,0.000000000000000000e+00
7.353635911323419538e-01,2.105805805070006542e+01,0.000000000000000000e+00
3.649596071447452905e-01,2.090852189009965301e+01,0.000000000000000000e+00
1.269381598428661295e-15,2.073057471448019484e+01,0.000000000000000000e+00
-3.583223656448616401e-01,2.052827457923711307e+01,0.000000000000000000e+00
-7.090783990734409459e-01,2.030534863331150319e+01,0.000000000000000000e+00
-1.050955964389096220e+00,2.005343440929164700e+01,0.000000000000000000e+00
-1.383030847785410744e+00,1.977826257691650724e+01,0.000000000000000000e+00
-1.704380321497959594e+00,1.948115621851885848e+01,0.000000000000000000e+00
-2.013973310120364513e+00,1.916167607356221936e+01,0.000000000000000000e+00
-2.310753137049069927e+00,1.881957405765670188e+01,0.000000000000000000e+00
-2.593277079751548087e+00,1.845212521501711933e+01,0.000000000000000000e+00
-2.860948285219351739e+00,1.806331656921063100e+01,0.000000000000000000e+00
-3.112823284309507610e+00,1.765369809998720640e+01,0.000000000000000000e+00
-3.347445510926319034e+00,1.722111424647778222e+01,0.000000000000000000e+00
-3.563764971643799573e+00,1.676619598870006911e+01,0.000000000000000000e+00
-3.761798340667314111e+00,1.629413875652265276e+01,0.000000000000000000e+00
-3.939899077720697917e+00,1.580207210097763237e+01,0.000000000000000000e+00
-4.096867035775293431e+00,1.528971592936748891e+01,0.000000000000000000e+00
-4.236476519662982554e+00,1.477434940566555532e+01,0.000000000000000000e+00
-4.363259953864162988e+00,1.427158024522359447e+01,0.000000000000000000e+00
-4.481710185398383395e+00,1.379328565599126222e+01,0.000000000000000000e+00
-4.594567361874931422e+00,1.334359251057149542e+01,0.000000000000000000e+00
-4.701905572801820199e+00,1.291837938968085453e+01,0.000000000000000000e+00
-4.803623223889516680e+00,1.251386633146376681e+01,0.000000000000000000e+00
-4.900226030562718549e+00,1.212848502701410602e+01,0.000000000000000000e+00
-4.992281267589584459e+00,1.176107763510853133e+01,0.000000000000000000e+00
-5.080243735533081839e+00,1.141041425040383395e+01,0.000000000000000000e+00
-5.164439504533627101e+00,1.107517625802532457e+01,0.000000000000000000e+00
-5.245100702492504041e+00,1.075405011979064440e+01,0.000000000000000000e+00
-5.322445902738445866e+00,1.044588824369732194e+01,0.000000000000000000e+00
-5.396750680697604885e+00,1.014981183206382376e+01,0.000000000000000000e+00
-5.468243526581593628e+00,9.864972459407018945e+00,0.000000000000000000e+00
-5.537102633648210315e+00,9.590543088202142741e+00,0.000000000000000000e+00
-5.603523023760975441e+00,9.325828397324125163e+00,0.000000000000000000e+00
-5.667691335967805166e+00,9.070202144896084562e+00,0.000000000000000000e+00
-5.729751903005082525e+00,8.823044206787457711e+00,0.000000000000000000e+00
-5.789812409395602266e+00,8.583749893180629087e+00,0.000000000000000000e+00
-5.848005534511693249e+00,8.351817447529734650e+00,0.000000000000000000e+00
-5.904474320825117140e+00,8.126811705070005942e+00,0.000000000000000000e+00
-5.959333506810957637e+00,7.908302670522476596e+00,0.000000000000000000e+00
-6.012669211327786201e+00,7.695865644183958132e+00,0.000000000000000000e+00
-6.064552256838730671e+00,7.489098337628380619e+00,0.000000000000000000e+00
-6.115086104175353476e+00,7.287675833673908699e+00,0.000000000000000000e+00
-6.164369964721093886e+00,7.091296457837231948e+00,0.000000000000000000e+00
-6.212483477456815173e+00,6.899661898233121704e+00,0.000000000000000000e+00
-6.259487007856928464e+00,6.712478008031796506e+00,0.000000000000000000e+00
-6.305424145616870035e+00,6.529457844093276009e+00,0.000000000000000000e+00
-6.350356778710610328e+00,6.350356778710611216e+00,0.000000000000000000e+00
-6.394362076530549110e+00,6.174963679357601265e+00,0.000000000000000000e+00
-6.437504960751502026e+00,6.003070492986813278e+00,0.000000000000000000e+00
-6.479837439602222915e+00,5.834471837010406503e+00,0.000000000000000000e+00
-6.521398831229011428e+00,5.668965515997620663e+00,0.000000000000000000e+00
-6.562216845076418892e+00,5.506353734408959255e+00,0.000000000000000000e+00
-6.602331252016941932e+00,5.346462429747723455e+00,0.000000000000000000e+00
-6.641798743583743558e+00,5.189141892512354914e+00,0.000000000000000000e+00
-6.680668649361862776e+00,5.034244918121393297e+00,0.000000000000000000e+00
-6.718981687411547554e+00,4.881625940793712815e+00,0.000000000000000000e+00
-6.756770111154990488e+00,4.731141365780786145e+00,0.000000000000000000e+00
-6.794057866890770292e+00,4.582649895138115603e+00,0.000000000000000000e+00
-6.830862376509508671e+00,4.436013895392465933e+00,0.000000000000000000e+00
-6.867215771270665847e+00,4.291112668415413722e+00,0.000000000000000000e+00
-6.903160129511339171e+00,4.147837068664559368e+00,0.000000000000000000e+00
-6.938731992334195020e+00,4.006078783608814753e+00,0.000000000000000000e+00
-6.973962074493903707e+00,3.865730302380301797e+00,0.000000000000000000e+00
-7.008875349542626587e+00,3.726685128691461735e+00,0.000000000000000000e+00
-7.043491141521445620e+00,3.588837989893742808e+00,0.000000000000000000e+00
-7.077823242588523023e+00,3.452085051519317993e+00,0.000000000000000000e+00
-7.111888215485770104e+00,3.316327938823302013e+00,0.000000000000000000e+00
-7.145718604600727275e+00,3.181478899911132086e+00,0.000000000000000000e+00
-7.179345934990219114e+00,3.047451546260150135e+00,0.000000000000000000e+00
-7.212797519453316930e+00,2.914159359497906721e+00,0.000000000000000000e+00
-7.246096484731610055e+00,2.781515834885017302e+00,0.000000000000000000e+00
-7.279261801881304450e+00,2.649434623315757964e+00,0.000000000000000000e+00
-7.312308320761332858e+00,2.517829671725912988e+00,0.000000000000000000e+00
-7.345246882259774068e+00,2.386615385739548678e+00,0.000000000000000000e+00
-7.378093231670424856e+00,2.255709471584130821e+00,0.000000000000000000e+00
-7.410876754207312622e+00,2.125034713696162481e+00,0.000000000000000000e+00
-7.443625402214596676e+00,1.994513415283194036e+00,0.000000000000000000e+00
-7.476363691840838932e+00,1.864066827815945571e+00,0.000000000000000000e+00
-7.509112672741403038e+00,1.733615259713848777e+00,0.000000000000000000e+00
-7.541889900746150843e+00,1.603078185796465993e+00,0.000000000000000000e+00
-7.574709413510318790e+00,1.472374357426523339e+00,0.000000000000000000e+00
-7.607581740274838467e+00,1.341421918755511422e+00,0.000000000000000000e+00
-7.640521842438924516e+00,1.210139775802084650e+00,0.000000000000000000e+00
-7.673559794264423140e+00,1.078448498624635654e+00,0.000000000000000000e+00
-7.706724955189524273e+00,9.462668396224034328e-01,0.000000000000000000e+00
-7.740043260020934568e+00,8.135113277677558097e-01,0.000000000000000000e+00
-7.773537122985406000e+00,6.800963737591532166e-01,0.000000000000000000e+00
-7.807225344587186200e+00,5.459343784715582348e-01,0.000000000000000000e+00
-7.841123021370729695e+00,4.109358446351701333e-01,0.000000000000000000e+00
-7.875241577978250085e+00,2.750094958364039943e-01,0.000000000000000000e+00
-7.909600257534916246e+00,1.380625860515179160e-01,0.000000000000000000e+00
-7.944235722431995050e+00,9.728882849148403267e-16,0.000000000000000000e+00
-7.979182835947326247e+00,-1.392771544755773416e-01,0.000000000000000000e+00
-8.014472205906679747e+00,-2.798715365004855737e-01,0.000000000000000000e+00
-8.050130005988453519e+00,-4.218894365536279278e-01,0.000000000000000000e+00
-8.086177800807561766e+00,-5.654406344188551703e-01,0.000000000000000000e+00
-8.122632374977944991e+00,-7.106382507992206055e-01,0.000000000000000000e+00
-8.159509465095563741e+00,-8.575990024719144511e-01,0.000000000000000000e+00
-8.196849480987422609e+00,-1.006446564310244485e+00,0.000000000000000000e+00
-8.234701004634240817e+00,-1.157311752715918463e+00,0.000000000000000000e+00
-8.273106709980625695e+00,-1.310331376005445803e+00,0.000000000000000000e+00
-8.312102995958786877e+00,-1.465648024615199940e+00,0.000000000000000000e+00
-8.351719700476818886e+00,-1.623409857210256879e+00,0.000000000000000000e+00
-8.391979820752753838e+00,-1.783770376303411176e+00,0.000000000000000000e+00
-8.432908143566550052e+00,-1.946890249033240039e+00,0.000000000000000000e+00
-8.474565765944488405e+00,-2.112946557386127466e+00,0.000000000000000000e+00
-8.517018645450212588e+00,-2.282128267969194990e+00,0.000000000000000000e+00
-8.560323468650139489e+00,-2.454633255238259260e+00,0.000000000000000000e+00
-8.604527205145895863e+00,-2.630667966058833240e+00,0.000000000000000000e+00
-8.649666675891582557e+00,-2.810447068846588348e+00,0.000000000000000000e+00
-8.695775680173065680e+00,-2.994195685656308115e+00,0.000000000000000000e+00
-8.742934231596922956e+00,-3.182167820448331241e+00,0.000000000000000000e+00
-8.791235590201885941e+00,-3.374639166601852924e+00,0.000000000000000000e+00
-8.840758775935693592e+00,-3.571898401760338349e+00,0.000000000000000000e+00
-8.891567778493307372e+00,-3.774246598591187496e+00,0.000000000000000000e+00
-8.943712096511841736e+00,-3.981997178508013935e+00,0.000000000000000000e+00
-8.997275880199502751e+00,-4.195498645470282284e+00,0.000000000000000000e+00
-9.052393953682049244e+00,-4.415147535747293794e+00,0.000000000000000000e+00
-9.109184388871929272e+00,-4.641361270267595707e+00,0.000000000000000000e+00
-9.167742441959942923e+00,-4.874575123433340096e+00,0.000000000000000000e+00
-9.228147318576951363e+00,-5.115245586826801194e+00,0.000000000000000000e+00
-9.290544560911706995e+00,-5.363898403160589190e+00,0.000000000000000000e+00
-9.355109899715175814e+00,-5.621117125413718441e+00,0.000000000000000000e+00
-9.421986972215631084e+00,-5.887510893026506764e+00,0.000000000000000000e+00
-9.491291981968016600e+00,-6.163717082344678744e+00,0.000000000000000000e+00
-9.563230950478706305e+00,-6.450480724628979701e+00,0.000000000000000000e+00
-9.638075010957329880e+00,-6.748652776502948925e+00,0.000000000000000000e+00
-9.716048835081778634e+00,-7.059122682863855580e+00,0.000000000000000000e+00
-9.797349172098151371e+00,-7.382832148905814407e+00,0.000000000000000000e+00
-9.882216750743291200e+00,-7.720833905379641315e+00,0.000000000000000000e+00
-9.970855509456796995e+00,-8.074239588852584859e+00,0.000000000000000000e+00
-1.006350815012672761e+01,-8.444285977120886244e+00,0.000000000000000000e+00
-1.016093160053230093e+01,-8.832763084200538017e+00,0.000000000000000000e+00
-1.026397120380883976e+01,-9.241721182466049456e+00,0.000000000000000000e+00
-1.037173739588442523e+01,-9.671801591120368968e+00,0.000000000000000000e+00
-1.047947510728012688e+01,-1.011991147697057869e+01,0.000000000000000000e+00
-1.058250254454244121e+01,-1.058250254454243766e+01,0.000000000000000000e+00
-1.068038657416276749e+01,-1.105986406054734950e+01,0.000000000000000000e+00
-1.077495363752561097e+01,-1.155472313284908736e+01,0.000000000000000000e+00
-1.085659980583975326e+01,-1.205747561285780911e+01,0.000000000000000000e+00
-1.091661731471661945e+01,-1.255813167257183949e+01,0.000000000000000000e+00
-1.095480183009120267e+01,-1.305542443716881174e+01,0.000000000000000000e+00
-1.097167228524128113e+01,-1.354888690747890223e+01,0.000000000000000000e+00
-1.096714788871835466e+01,-1.403730916918905613e+01,0.000000000000000000e+00
-1.093896523128199405e+01,-1.451649716405847990e+01,0.000000000000000000e+00
-1.089236238209639751e+01,-1.499205065393780245e+01,0.000000000000000000e+00
-1.082677934468767766e+01,-1.546224334055239069e+01,0.000000000000000000e+00
-1.074175263068091901e+01,-1.592530318366656239e+01,0.000000000000000000e+00
-1.063696469731816308e+01,-1.637948925873283912e+01,0.000000000000000000e+00
-1.051292425268824893e+01,-1.682419568277008182e+01,0.000000000000000000e+00
-1.037070208731693732e+01,-1.725974670149125956e+01,0.000000000000000000e+00
-1.021067107798993945e+01,-1.768540108645263231e+01,0.000000000000000000e+00
-1.003266063551279430e+01,-1.809939889889684039e+01,0.000000000000000000e+00
-9.838204825762799643e+00,-1.850297218731009963e+01,0.000000000000000000e+00
-9.627851261650851811e+00,-1.889572203155696783e+01,0.000000000000000000e+00
-9.400422890974677870e+00,-1.927372316583531742e+01,0.000000000000000000e+00
-9.157753294647481113e+00,-1.963886531669070834e+01,0.000000000000000000e+00
-8.900590044887387364e+00,-1.999105255026285732e+01,0.000000000000000000e+00
-8.629401026053747259e+00,-2.032959482287063580e+01,0.000000000000000000e+00
-8.344766276684811857e+00,-2.065402130625421151e+01,0.000000000000000000e+00
-8.047405359721182094e+00,-2.096420770176791137e+01,0.000000000000000000e+00
-7.737075467029455922e+00,-2.125744013827971202e+01,0.000000000000000000e+00
-7.414957693672791450e+00,-2.153460079147055595e+01,0.000000000000000000e+00
-7.082144813082708268e+00,-2.179660049911575115e+01,0.000000000000000000e+00
-6.739485811048203878e+00,-2.204386481230369910e+01,0.000000000000000000e+00
-6.386553263669648040e+00,-2.227255809808085374e+01,0.000000000000000000e+00
-6.024442310750252716e+00,-2.248352479098760526e+01,0.000000000000000000e+00
-5.654835176581062051e+00,-2.268030510851911785e+01,0.000000000000000000e+00
-5.276623476484032516e+00,-2.285556728607194898e+01,0.000000000000000000e+00
-4.892147529040180132e+00,-2.301574456513300149e+01,0.000000000000000000e+00
-4.501159889897290434e+00,-2.315646018809550100e+01,0.000000000000000000e+00
-4.104803305196606189e+00,-2.327949635786820082e+01,0.000000000000000000e+00
-3.703626012280453850e+00,-2.338377434482557859e+01,0.000000000000000000e+00
-3.298468728074259282e+00,-2.346982451797082447e+01,0.000000000000000000e+00
-2.889890521652608513e+00,-2.353626954725912057e+01,0.000000000000000000e+00
-2.478932034829357534e+00,-2.358546283661412701e+01,0.000000000000000000e+00
-2.065887280030302087e+00,-2.361319966235570433e+01,0.000000000000000000e+00
-1.652056640500217277e+00,-2.362551065297823172e+01,0.000000000000000000e+00
-1.237574700580184262e+00,-2.361433202304459655e+01,0.000000000000000000e+00
-8.237277806227573107e-01,-2.358847736208675627e+01,0.000000000000000000e+00
-4.108856056262570333e-01,-2.353962058095963528e+01,0.000000000000000000e+00
-4.312254592455619644e-15,-2.347482063376955708e+01,0.000000000000000000e+00
4.082758643887847150e-01,-2.339010860559912786e+01,0.000000000000000000e+00
8.134833443443204581e-01,-2.329511509007700809e+01,0.000000000000000000e+00
1.215441095782141767e+00,-2.319199768450115329e+01,0.000000000000000000e+00
1.614033552548375106e+00,-2.308175516212945411e+01,0.000000000000000000e+00
2.009077059907037111e+00,-2.296385587501549352e+01,0.000000000000000000e+00
2.400503568921127151e+00,-2.283926582837773367e+01,0.000000000000000000e+00
2.788035326374133316e+00,-2.270672555142211735e+01,0.000000000000000000e+00
3.171786236393117520e+00,-2.256843175230654808e+01,0.000000000000000000e+00
3.551221760259989590e+00,-2.242153176778851176e+01,0.000000000000000000e+00
3.926707234660906654e+00,-2.226946335089378337e+01,0.000000000000000000e+00
4.297626274022091408e+00,-2.210937050715993379e+01,0.000000000000000000e+00
4.664143906233371162e+00,-2.194307185620605694e+01,0.000000000000000000e+00
5.026273301745110444e+00,-2.177118154406751671e+01,0.000000000000000000e+00
5.383292786144822095e+00,-2.159120806631073464e+01,0.000000000000000000e+00
5.735691056906625285e+00,-2.140589044089392701e+01,0.000000000000000000e+00
6.083349530150930384e+00,-2.121516101838113855e+01,0.000000000000000000e+00
6.425466702751775117e+00,-2.101675458967829968e+01,0.000000000000000000e+00
6.762580639606452060e+00,-2.081308310333688638e+01,0.000000000000000000e+00
7.094530814832704202e+00,-2.060401356444348409e+01,0.000000000000000000e+00
7.421196380518925828e+00,-2.038956948081415987e+01,0.000000000000000000e+00
7.741914554510448632e+00,-2.016837694574900297e+01,0.000000000000000000e+00
8.057153345470226213e+00,-1.994215432133248456e+01,0.000000000000000000e+00
8.366753727655625639e+00,-1.971083656356222491e+01,0.000000000000000000e+00
8.670619285535190457e+00,-1.947452976783511502e+01,0.000000000000000000e+00
8.968629711629702683e+00,-1.923328848407753355e+01,0.000000000000000000e+00
9.260669476762707575e+00,-1.898718620380271460e+01,0.000000000000000000e+00
9.546635743679017239e+00,-1.873632760277542175e+01,0.000000000000000000e+00
9.826260007599511681e+00,-1.848050725166666552e+01,0.000000000000000000e+00
1.009966193721641758e+01,-1.822027244683554770e+01,0.000000000000000000e+00
1.036678029511911525e+01,-1.795579018205018329e+01,0.000000000000000000e+00
1.062755011589309184e+01,-1.768721360553274380e+01,0.000000000000000000e+00
1.088190192035132497e+01,-1.741468338477635314e+01,0.000000000000000000e+00
1.112952182599921080e+01,-1.713796072386590552e+01,0.000000000000000000e+00
1.137049810381432025e+01,-1.685745668126325825e+01,0.000000000000000000e+00
1.160482610575895102e+01,-1.657340927152850085e+01,0.000000000000000000e+00
1.183249416391852016e+01,-1.628603104129813417e+01,0.000000000000000000e+00
1.205346680263905590e+01,-1.599549070301569564e+01,0.000000000000000000e+00
1.226786375953083130e+01,-1.570214956389620298e+01,0.000000000000000000e+00
1.247547803068100336e+01,-1.540593234650347121e+01,0.000000000000000000e+00
1.267548789814370735e+01,-1.510605824049719814e+01,0.000000000000000000e+00
1.286877093697179397e+01,-1.480382752565627236e+01,0.000000000000000000e+00
1.305536872046556951e+01,-1.449945588665866580e+01,0.000000000000000000e+00
1.323474901388175162e+01,-1.419253072751683220e+01,0.000000000000000000e+00
1.340717700321759942e+01,-1.388353820918765003e+01,0.000000000000000000e+00
1.357250140090979151e+01,-1.357250140090979684e+01,0.000000000000000000e+00
1.373048910533100475e+01,-1.325937920162898820e+01,0.000000000000000000e+00
1.388141415983540661e+01,-1.294462812097146553e+01,0.000000000000000000e+00
1.402536500585625845e+01,-1.262849537402636813e+01,0.000000000000000000e+00
1.416213571603329058e+01,-1.231095675710125548e+01,0.000000000000000000e+00
1.429169227196909553e+01,-1.199215371430845956e+01,0.000000000000000000e+00
1.441414008438512440e+01,-1.167234049257121775e+01,0.000000000000000000e+00
1.452947155054199335e+01,-1.135166728317674512e+01,0.000000000000000000e+00
1.463757821124019998e+01,-1.103020634477646666e+01,0.000000000000000000e+00
1.473841471619902777e+01,-1.070808508669865944e+01,0.000000000000000000e+00
1.483206995635936742e+01,-1.038552719069660135e+01,0.000000000000000000e+00
1.491865287042057631e+01,-1.006275842091440964e+01,0.000000000000000000e+00
1.499820910293847831e+01,-9.739950875812269260e+00,0.000000000000000000e+00
1.507071475498588420e+01,-9.417227761758388382e+00,0.000000000000000000e+00
1.513614378727549514e+01,-9.094712725712524204e+00,0.000000000000000000e+00
1.519447777013217937e+01,-8.772535830781608368e+00,0.000000000000000000e+00
1.524573688616796652e+01,-8.450849952070251803e+00,0.000000000000000000e+00
1.528995782669412584e+01,-8.129814786159512252e+00,0.000000000000000000e+00
1.532718096144576414e+01,-7.809588768863108932e+00,0.000000000000000000e+00
1.535745028484606500e+01,-7.490328981199488645e+00,0.000000000000000000e+00
1.538081337658226388e+01,-7.172191066153163597e+00,0.000000000000000000e+00
1.539732136028022857e+01,-6.855329146510606542e+00,0.000000000000000000e+00
1.540702886030567598e+01,-6.539895743814346574e+00,0.000000000000000000e+00
1.540999395672096917e+01,-6.226041698476553421e+00,0.000000000000000000e+00
1.540628024455470246e+01,-5.913916899561190377e+00,0.000000000000000000e+00
1.539595808417627509e+01,-5.603670470650268243e+00,0.000000000000000000e+00
1.537908276467491397e+01,-5.295442862944755191e+00,0.000000000000000000e+00
1.535570732237038882e+01,-4.989371758626005793e+00,0.000000000000000000e+00
1.532588760385206506e+01,-4.685594061084518813e+00,0.000000000000000000e+00
1.528968226660631657e+01,-4.384245839667642919e+00,0.000000000000000000e+00
1.524715277860067708e+01,-4.085462273899998387e+00,0.000000000000000000e+00
1.519836341680091962e+01,-3.789377597195835445e+00,0.000000000000000000e+00
1.514338126459719014e+01,-3.496125040082301183e+00,0.000000000000000000e+00
1.508229079794687877e+01,-3.205839874119011501e+00,0.000000000000000000e+00
1.501524297010869979e+01,-2.918667570307681203e+00,0.000000000000000000e+00
1.494240976274568666e+01,-2.634749997973651503e+00,0.000000000000000000e+00
1.486396853440717258e+01,-2.354221337323601837e+00,0.000000000000000000e+00
1.478066475782045863e+01,-2.077286962520314528e+00,0.000000000000000000e+00
1.469464237396880790e+01,-1.804275211512984978e+00,0.000000000000000000e+00
1.460827261610760353e+01,-1.535391321868511572e+00,0.000000000000000000e+00
1.452348430463498552e+01,-1.270640231552250698e+00,0.000000000000000000e+00
1.444065910631342220e+01,-1.009789253667511710e+00,0.000000000000000000e+00
1.435983972279285936e+01,-7.525673107319835742e-01,0.000000000000000000e+00
1.428105783897705550e+01,-4.987055288932326080e-01,0.000000000000000000e+00
1.420433427985851260e+01,-2.479375771170503895e-01,0.000000000000000000e+00
1.412967917646669669e+01,-3.460773275287790095e-15,0.000000000000000000e+00
