7.635184916923287268e+00,0.000000000000000000e+00,0.000000000000000000e+00
7.649039659534441427e+00,1.335144838956849878e-01,0.000000000000000000e+00
7.660492052607691171e+00,2.675102771624786047e-01,0.000000000000000000e+00
7.669392717512510060e+00,4.019358407743591766e-01,0.000000000000000000e+00
7.675593697162284457e+00,5.367297970162608900e-01,0.000000000000000000e+00
7.678948878697997138e+00,6.718209746811804051e-01,0.000000000000000000e+00
7.679314414716284176e+00,8.071284689234408116e-01,0.000000000000000000e+00
7.676549142595900932e+00,9.425617157232063503e-01,0.000000000000000000e+00
7.670537794505736251e+00,1.078023784256076700e+00,0.000000000000000000e+00
7.661259315657765079e+00,1.213424268891595048e+00,0.000000000000000000e+00
7.648717877924756436e+00,1.348675329705329551e+00,0.000000000000000000e+00
7.632919981922461794e+00,1.483689345709556795e+00,0.000000000000000000e+00
7.613874448600649991e+00,1.618378973781789520e+00,0.000000000000000000e+00
7.591592409411791920e+00,1.752657207323455646e+00,0.000000000000000000e+00
7.566087295065098139e+00,1.886437434615744202e+00,0.000000000000000000e+00
7.537374822874409297e+00,2.019633496839874365e+00,0.000000000000000000e+00
7.505472982709101792e+00,2.152159745729232299e+00,0.000000000000000000e+00
7.470402021558039785e+00,2.283931100821094073e+00,0.000000000000000000e+00
7.432184426717132197e+00,2.414863106275867199e+00,0.000000000000000000e+00
7.390844907611927361e+00,2.544871987232090849e+00,0.000000000000000000e+00
7.346410376267352937e+00,2.673874705665687745e+00,0.000000000000000000e+00
7.298909926437320728e+00,2.801789015722280229e+00,0.000000000000000000e+00
7.248374842587796074e+00,2.928533531089245745e+00,0.000000000000000000e+00
7.194838798649133338e+00,3.054027876714323853e+00,0.000000000000000000e+00
7.138337694966448765e+00,3.178192707218278290e+00,0.000000000000000000e+00
7.078909504388024132e+00,3.300949713282341325e+00,0.000000000000000000e+00
7.016594242811120097e+00,3.422221672962588279e+00,0.000000000000000000e+00
6.951433939373856674e+00,3.541932502590292131e+00,0.000000000000000000e+00
6.883472588756859523e+00,3.660007298025278022e+00,0.000000000000000000e+00
6.812753211576248802e+00,3.776370770490635742e+00,0.000000000000000000e+00
6.739314660263268308e+00,3.890945133256588750e+00,0.000000000000000000e+00
6.663197255762917770e+00,4.003652827800447511e+00,0.000000000000000000e+00
6.584443604746819112e+00,4.114417007981661101e+00,0.000000000000000000e+00
6.503098593288343388e+00,4.223161605793499973e+00,0.000000000000000000e+00
6.419213216475922579e+00,4.329813985940477394e+00,0.000000000000000000e+00
6.332852727365582801e+00,4.434311218073300864e+00,0.000000000000000000e+00
6.244086236294809744e+00,4.536594199201109845e+00,0.000000000000000000e+00
6.152984114410467775e+00,4.636606099632161637e+00,0.000000000000000000e+00
6.059617770533364478e+00,4.734292266242396963e+00,0.000000000000000000e+00
5.964057841729369258e+00,4.829598813283917380e+00,0.000000000000000000e+00
5.866374849812679315e+00,4.922472972825490345e+00,0.000000000000000000e+00
5.766640469297847460e+00,5.012864081714958786e+00,0.000000000000000000e+00
5.664925751193658598e+00,5.100722057021749301e+00,0.000000000000000000e+00
5.561281481890500089e+00,5.185978880120901913e+00,0.000000000000000000e+00
5.455746623483014091e+00,5.268553272489142181e+00,0.000000000000000000e+00
5.348363367825514025e+00,5.348363367825513137e+00,0.000000000000000000e+00
5.239187949714435355e+00,5.425337941575559597e+00,0.000000000000000000e+00
5.128328806704282705e+00,5.499459347027891631e+00,0.000000000000000000e+00
5.015908013051811665e+00,5.570730212527371883e+00,0.000000000000000000e+00
4.902044369352604569e+00,5.639156973298873332e+00,0.000000000000000000e+00
4.786820651128985027e+00,5.704710708087122661e+00,0.000000000000000000e+00
4.670281684896108843e+00,5.767317572895932720e+00,0.000000000000000000e+00
4.552473878008777675e+00,5.826900845934909867e+00,0.000000000000000000e+00
4.433454541805096127e+00,5.883392891591940455e+00,0.000000000000000000e+00
4.313304968859778654e+00,5.936754976617077517e+00,0.000000000000000000e+00
4.192111581003110210e+00,5.986955798450126487e+00,0.000000000000000000e+00
4.069986126037716367e+00,6.034002572851893120e+00,0.000000000000000000e+00
3.947186550693450258e+00,6.078134275052976321e+00,0.000000000000000000e+00
3.824008190762441473e+00,6.119692347012930966e+00,0.000000000000000000e+00
3.700709117445819096e+00,6.159014254312568326e+00,0.000000000000000000e+00
3.577389043165852822e+00,6.196219581203466831e+00,0.000000000000000000e+00
3.454059692928216574e+00,6.231288635600651382e+00,0.000000000000000000e+00
3.330734099191594133e+00,6.264199769381104232e+00,0.000000000000000000e+00
3.207438735889217796e+00,6.294952958820339006e+00,0.000000000000000000e+00
3.084210741610210693e+00,6.323569131763544071e+00,0.000000000000000000e+00
2.961086575626012074e+00,6.350070653657933661e+00,0.000000000000000000e+00
2.838100701007571836e+00,6.374478542506340162e+00,0.000000000000000000e+00
2.715285407368283721e+00,6.396811550835280968e+00,0.000000000000000000e+00
2.592672104389256216e+00,6.417088640793012111e+00,0.000000000000000000e+00
2.470288736361852866e+00,6.435322173732530793e+00,0.000000000000000000e+00
2.348157322344337494e+00,6.451509220468094163e+00,0.000000000000000000e+00
2.226299976991130691e+00,6.465644610147073479e+00,0.000000000000000000e+00
2.104742140252923832e+00,6.477730235055432217e+00,0.000000000000000000e+00
1.983518106772306888e+00,6.487795393346904582e+00,0.000000000000000000e+00
1.862662607390861425e+00,6.495876481017258008e+00,0.000000000000000000e+00
1.742207997591415758e+00,6.502008764364000548e+00,0.000000000000000000e+00
1.622181566288589227e+00,6.506214896803582448e+00,0.000000000000000000e+00
1.502608404123340735e+00,6.508512050956869466e+00,0.000000000000000000e+00
1.383513132825394676e+00,6.508917541549211094e+00,0.000000000000000000e+00
1.264919839331241080e+00,6.507448439312052635e+00,0.000000000000000000e+00
1.146852127256510201e+00,6.504121619099739959e+00,0.000000000000000000e+00
1.029333206690888902e+00,6.498954092849917430e+00,0.000000000000000000e+00
9.123858606082696499e-01,6.491962727703528557e+00,0.000000000000000000e+00
7.960324447750677379e-01,6.483163998155704988e+00,0.000000000000000000e+00
6.802949874712075351e-01,6.472574447181856705e+00,0.000000000000000000e+00
5.652024045873005331e-01,6.460293046079325308e+00,0.000000000000000000e+00
4.508059375938571756e-01,6.446825260073842045e+00,0.000000000000000000e+00
3.371289454618064951e-01,6.432803489746382830e+00,0.000000000000000000e+00
2.241509462860568347e-01,6.418843271452715271e+00,0.000000000000000000e+00
1.118030152145962769e-01,6.405190451847484034e+00,0.000000000000000000e+00
3.913812490002644296e-16,6.391740855775874586e+00,0.000000000000000000e+00
-1.113349204956594063e-01,6.378373323359991964e+00,0.000000000000000000e+00
-2.222704447545361950e-01,6.364992753297242345e+00,0.000000000000000000e+00
-3.328733593646600042e-01,6.351602069740376777e+00,0.000000000000000000e+00
-4.432117310408477118e-01,6.338223046674730021e+00,0.000000000000000000e+00
-5.533547546541407458e-01,6.324873787678495951e+00,0.000000000000000000e+00
-6.633712821043792340e-01,6.311556146405976619e+00,0.000000000000000000e+00
-7.733286941621617672e-01,6.298256787949866542e+00,0.000000000000000000e+00
-8.832933885171470045e-01,6.284959032637063459e+00,0.000000000000000000e+00
-9.933312412098818101e-01,6.271646628762924891e+00,0.000000000000000000e+00
-1.103509585771026202e+00,6.258313851557092633e+00,0.000000000000000000e+00
-1.213896363389016964e+00,6.244955411244722754e+00,0.000000000000000000e+00
-1.324559630457111004e+00,6.231563119248186844e+00,0.000000000000000000e+00
-1.435568272113447064e+00,6.218129336547193020e+00,0.000000000000000000e+00
-1.546992308205585864e+00,6.204647254077569229e+00,0.000000000000000000e+00
-1.658902138024234585e+00,6.191107063891080564e+00,0.000000000000000000e+00
-1.771368906318176561e+00,6.177497509264685327e+00,0.000000000000000000e+00
-1.884466393224895064e+00,6.163811836725014537e+00,0.000000000000000000e+00
-1.998269756571605216e+00,6.150041932635632591e+00,0.000000000000000000e+00
-2.112854973410174253e+00,6.136176396729295490e+00,0.000000000000000000e+00
-2.228300771551584791e+00,6.122206053591292552e+00,0.000000000000000000e+00
-2.344688825008106381e+00,6.108123218138376664e+00,0.000000000000000000e+00
-2.462102028368798656e+00,6.093916362185208158e+00,0.000000000000000000e+00
-2.580625806739353933e+00,6.079573412112740272e+00,0.000000000000000000e+00
-2.700350418429314558e+00,6.065086342219879967e+00,0.000000000000000000e+00
-2.821368216213771429e+00,6.050443664976144831e+00,0.000000000000000000e+00
-2.943773973744740147e+00,6.035631087109988968e+00,0.000000000000000000e+00
-3.067668814216874207e+00,6.020639042192565960e+00,0.000000000000000000e+00
-3.193157338697272696e+00,6.005455514902825698e+00,0.000000000000000000e+00
-3.320346840831521096e+00,5.990064264924670923e+00,0.000000000000000000e+00
-3.449352413548495200e+00,5.974453633476329628e+00,0.000000000000000000e+00
-3.580294253864974685e+00,5.958610267484933054e+00,0.000000000000000000e+00
-3.713295930295693825e+00,5.942515693799810705e+00,0.000000000000000000e+00
-3.848490852031840603e+00,5.926156226604763155e+00,0.000000000000000000e+00
-3.986018814031720314e+00,5.909515913440873902e+00,0.000000000000000000e+00
-4.126024433390924173e+00,5.892573570316516296e+00,0.000000000000000000e+00
-4.268665186996710936e+00,5.875313587926975778e+00,0.000000000000000000e+00
-4.414105248452757202e+00,5.857715512046703488e+00,0.000000000000000000e+00
-4.562517306377283255e+00,5.839755848033709285e+00,0.000000000000000000e+00
-4.714089631636513289e+00,5.821415881759300248e+00,0.000000000000000000e+00
-4.869017105583082206e+00,5.802668627981299565e+00,0.000000000000000000e+00
-5.027511043566092575e+00,5.783489871473158850e+00,0.000000000000000000e+00
-5.189796993634237410e+00,5.763853490553104919e+00,0.000000000000000000e+00
-5.356112542811096056e+00,5.743727498281358201e+00,0.000000000000000000e+00
-5.526718506529829433e+00,5.723084549298985912e+00,0.000000000000000000e+00
-5.701887416598469649e+00,5.701887416598470537e+00,0.000000000000000000e+00
-5.881919355133953253e+00,5.680103495573319172e+00,0.000000000000000000e+00
-6.067131358201031333e+00,5.657691521101344101e+00,0.000000000000000000e+00
-6.257870298829951494e+00,5.634611725757824097e+00,0.000000000000000000e+00
-6.454507132842635997e+00,5.610817449720341799e+00,0.000000000000000000e+00
-6.657447000183950081e+00,5.586261322436644861e+00,0.000000000000000000e+00
-6.867125720411433321e+00,5.560888762331942736e+00,0.000000000000000000e+00
-7.084021513346375976e+00,5.534644186241888697e+00,0.000000000000000000e+00
-7.308649535355170812e+00,5.507462458148792983e+00,0.000000000000000000e+00
-7.541578777836166481e+00,5.479277710400669577e+00,0.000000000000000000e+00
-7.783425109011272269e+00,5.450012934420428223e+00,0.000000000000000000e+00
-8.034868243405217214e+00,5.419587061883566648e+00,0.000000000000000000e+00
-8.296654446925051829e+00,5.387910395969019106e+00,0.000000000000000000e+00
-8.569602812070815645e+00,5.354882155299041990e+00,0.000000000000000000e+00
-8.854621588611079730e+00,5.320393408987655448e+00,0.000000000000000000e+00
-9.152715926242052547e+00,5.284323003832023247e+00,0.000000000000000000e+00
-9.465000544163384433e+00,5.246535473635148605e+00,0.000000000000000000e+00
-9.792717446567428041e+00,5.206880227935819505e+00,0.000000000000000000e+00
-1.013725580336318011e+01,5.165189819848632347e+00,0.000000000000000000e+00
-1.050016846065482135e+01,5.121274343692790332e+00,0.000000000000000000e+00
-1.088321925802525314e+01,5.074928485397137479e+00,0.000000000000000000e+00
-1.128833740971198729e+01,5.025891624245238276e+00,0.000000000000000000e+00
-1.171672001272947483e+01,4.973452573982748426e+00,0.000000000000000000e+00
-1.215932707388866341e+01,4.912687026358480757e+00,0.000000000000000000e+00
-1.261124441029366317e+01,4.841003166153157622e+00,0.000000000000000000e+00
-1.307399020145015278e+01,4.758543276415847956e+00,0.000000000000000000e+00
-1.354805769199082199e+01,4.664970369793896232e+00,0.000000000000000000e+00
-1.403368732162982901e+01,4.559821421571554012e+00,0.000000000000000000e+00
-1.452991310198856745e+01,4.442240234206086491e+00,0.000000000000000000e+00
-1.503344197139825766e+01,4.310770117371256482e+00,0.000000000000000000e+00
-1.554869201901413511e+01,4.166259469855084774e+00,0.000000000000000000e+00
-1.607531831544694612e+01,4.008027010658790523e+00,0.000000000000000000e+00
-1.660682807620384338e+01,3.833988358286392284e+00,0.000000000000000000e+00
-1.715024136706808022e+01,3.645396336794970438e+00,0.000000000000000000e+00
-1.769382004577695255e+01,3.439330210325287851e+00,0.000000000000000000e+00
-1.823080973580506381e+01,3.214583636584993354e+00,0.000000000000000000e+00
-1.876794320594422061e+01,2.972550180716161172e+00,0.000000000000000000e+00
-1.929215112967370871e+01,2.711335022969032948e+00,0.000000000000000000e+00
-1.981272324746896629e+01,2.432696524231248603e+00,0.000000000000000000e+00
-2.032992838145539949e+01,2.136761575538846714e+00,0.000000000000000000e+00
-2.083347180239146823e+01,1.822692604596262589e+00,0.000000000000000000e+00
-2.133136721542059178e+01,1.491634503770683962e+00,0.000000000000000000e+00
-2.182294764752528593e+01,1.143692223616867842e+00,0.000000000000000000e+00
-2.230589257240269063e+01,7.789389328285560854e-01,0.000000000000000000e+00
-2.277577705417963116e+01,3.975526672713119436e-01,0.000000000000000000e+00
-2.323763571700701647e+01,2.845789620058485468e-15,0.000000000000000000e+00
-2.369018985021188328e+01,-4.135138019972420809e-01,0.000000000000000000e+00
-2.413282076538883913e+01,-8.427366711338049043e-01,0.000000000000000000e+00
-2.456475321412859358e+01,-1.287384164588421864e+00,0.000000000000000000e+00
-2.498532994432077814e+01,-1.747144468363066583e+00,0.000000000000000000e+00
-2.539397326117083509e+01,-2.221684782232880462e+00,0.000000000000000000e+00
-2.579004314109250018e+01,-2.710642761813320867e+00,0.000000000000000000e+00
-2.617352238123739028e+01,-3.213704452862585992e+00,0.000000000000000000e+00
-2.654370241011981335e+01,-3.730474092810120545e+00,0.000000000000000000e+00
-2.690047382460267045e+01,-4.260616491174528342e+00,0.000000000000000000e+00
-2.724372120792259011e+01,-4.803803103856168377e+00,0.000000000000000000e+00
-2.757335499846737292e+01,-5.359717268566140724e+00,0.000000000000000000e+00
-2.788956038052699427e+01,-5.928109060973282496e+00,0.000000000000000000e+00
-2.819208667630433141e+01,-6.508656055013469555e+00,0.000000000000000000e+00
-2.847958304119574535e+01,-7.100757561467847090e+00,0.000000000000000000e+00
-2.875029619764298516e+01,-7.703618648314003003e+00,0.000000000000000000e+00
-2.900598729985302882e+01,-8.317333017611433732e+00,0.000000000000000000e+00
-2.924757376775060891e+01,-8.941880659026820055e+00,0.000000000000000000e+00
-2.947345685139264404e+01,-9.576506647088180557e+00,0.000000000000000000e+00
-2.968260238291827235e+01,-1.022053963473638305e+01,0.000000000000000000e+00
-2.987449883677364681e+01,-1.087342834020589066e+01,0.000000000000000000e+00
-3.004941500761138329e+01,-1.153488969527549202e+01,0.000000000000000000e+00
-3.020770639383915324e+01,-1.220470560543936678e+01,0.000000000000000000e+00
-3.034920554632969214e+01,-1.288247344638580572e+01,0.000000000000000000e+00
-3.047357322825668291e+01,-1.356770894507011072e+01,0.000000000000000000e+00
-3.058050992398105095e+01,-1.425992596783729027e+01,0.000000000000000000e+00
-3.066979738010741130e+01,-1.495865966699025051e+01,0.000000000000000000e+00
-3.074124068462191417e+01,-1.566344447784838145e+01,0.000000000000000000e+00
-3.079465707835286281e+01,-1.637380961334113749e+01,0.000000000000000000e+00
-3.082987609184539934e+01,-1.708927937287721832e+01,0.000000000000000000e+00
-3.084673967461728950e+01,-1.780937345476260703e+01,0.000000000000000000e+00
-3.084510792512375943e+01,-1.853361064186176677e+01,0.000000000000000000e+00
-3.082487441939726125e+01,-1.926151930113516642e+01,0.000000000000000000e+00
-3.078594531182692151e+01,-1.999262664926370547e+01,0.000000000000000000e+00
-3.072823719389903374e+01,-2.072645769483911593e+01,0.000000000000000000e+00
-3.065167826339823520e+01,-2.146253617881013298e+01,0.000000000000000000e+00
-3.055620833038675244e+01,-2.220038484661765565e+01,0.000000000000000000e+00
-3.044178987921052837e+01,-2.293953405585732597e+01,0.000000000000000000e+00
-3.030847051177654450e+01,-2.367957237225368416e+01,0.000000000000000000e+00
-3.015633759395726798e+01,-2.442012068322494045e+01,0.000000000000000000e+00
-2.998554842816554356e+01,-2.516086262672217444e+01,0.000000000000000000e+00
-2.979625565084676708e+01,-2.590148987386290358e+01,0.000000000000000000e+00
-2.958774015416159031e+01,-2.664092089644069006e+01,0.000000000000000000e+00
-2.935946935747734798e+01,-2.737814809684402206e+01,0.000000000000000000e+00
-2.911235785956722921e+01,-2.811347719315057603e+01,0.000000000000000000e+00
-2.884365188074744424e+01,-2.884365188074743713e+01,0.000000000000000000e+00
-2.854413176228425897e+01,-2.955831372067756035e+01,0.000000000000000000e+00
-2.820723620387267871e+01,-3.024855750130843290e+01,0.000000000000000000e+00
-2.783472356583649443e+01,-3.091359233902904791e+01,0.000000000000000000e+00
-2.742621513904028419e+01,-3.155025142559848206e+01,0.000000000000000000e+00
-2.698005881450155385e+01,-3.215358202058529713e+01,0.000000000000000000e+00
-2.650582027427179099e+01,-3.273196208832738563e+01,0.000000000000000000e+00
-2.599668437080406491e+01,-3.327423862517527198e+01,0.000000000000000000e+00
-2.545715817727496955e+01,-3.378278993232442673e+01,0.000000000000000000e+00
-2.489045596079931499e+01,-3.425877357672811740e+01,0.000000000000000000e+00
-2.429659684748120085e+01,-3.469913635834699051e+01,0.000000000000000000e+00
-2.367670891182270765e+01,-3.510216449550606654e+01,0.000000000000000000e+00
-2.303254336428866367e+01,-3.546700655420819004e+01,0.000000000000000000e+00
-2.236618855703324726e+01,-3.579338383086312803e+01,0.000000000000000000e+00
-2.167975861593135889e+01,-3.608117744680640016e+01,0.000000000000000000e+00
-2.097363562068179732e+01,-3.632740251445723345e+01,0.000000000000000000e+00
-2.024873894986399492e+01,-3.652969204957921079e+01,0.000000000000000000e+00
-1.951011153953063015e+01,-3.669318311425412560e+01,0.000000000000000000e+00
-1.875585907563931087e+01,-3.681044606162382138e+01,0.000000000000000000e+00
-1.799059860133102617e+01,-3.688619342462008177e+01,0.000000000000000000e+00
-1.721404176317538770e+01,-3.691563169107012499e+01,0.000000000000000000e+00
-1.643015553969221543e+01,-3.690273354311480603e+01,0.000000000000000000e+00
-1.563797028486424701e+01,-3.684074929227897854e+01,0.000000000000000000e+00
-1.484280351130679421e+01,-3.673722783867665242e+01,0.000000000000000000e+00
-1.404286152470796267e+01,-3.658290499502598436e+01,0.000000000000000000e+00
-1.324285490211047822e+01,-3.638444481266241581e+01,0.000000000000000000e+00
-1.244394957058583451e+01,-3.613985370414476961e+01,0.000000000000000000e+00
-1.164677481191721853e+01,-3.584508709982500818e+01,0.000000000000000000e+00
-1.085597499648155662e+01,-3.550829424344000529e+01,0.000000000000000000e+00
-1.006986398590824550e+01,-3.511778911196984865e+01,0.000000000000000000e+00
-9.293980253639386291e+00,-3.468560651112408522e+01,0.000000000000000000e+00
-8.527334892131868571e+00,-3.420127219923742956e+01,0.000000000000000000e+00
-7.774665448548948810e+00,-3.367577582102033062e+01,0.000000000000000000e+00
-7.034740518338932880e+00,-3.309585205494533966e+01,0.000000000000000000e+00
-6.312588617772243005e+00,-3.247545312472854562e+01,0.000000000000000000e+00
-5.608575311172141475e+00,-3.180781119620730735e+01,0.000000000000000000e+00
-4.924033951303830037e+00,-3.108912681835586511e+01,0.000000000000000000e+00
-4.262163004820464174e+00,-3.032686559636574231e+01,0.000000000000000000e+00
-3.624660792158294509e+00,-2.952049317523404071e+01,0.000000000000000000e+00
-3.013259156681849849e+00,-2.866924581169454456e+01,0.000000000000000000e+00
-2.429917167556243651e+00,-2.777408031654553966e+01,0.000000000000000000e+00
-1.876818407217664575e+00,-2.683975366607337421e+01,0.000000000000000000e+00
-1.355575449187245152e+00,-2.586592043647015515e+01,0.000000000000000000e+00
-8.670873257034761306e-01,-2.483013227725019334e+01,0.000000000000000000e+00
-4.151714616986976192e-01,-2.378515711090471285e+01,0.000000000000000000e+00
-4.166849960526530203e-15,-2.268327468473714958e+01,0.000000000000000000e+00
3.765045152121471728e-01,-2.156992923031206644e+01,0.000000000000000000e+00
7.179770841135246773e-01,-2.056017363200391301e+01,0.000000000000000000e+00
1.029270924165216927e+00,-1.963965919270079752e+01,0.000000000000000000e+00
1.314383764283057587e+00,-1.879656354625274517e+01,0.000000000000000000e+00
1.576638507935135936e+00,-1.802106060824626610e+01,0.000000000000000000e+00
1.818819930228249726e+00,-1.730491569279534403e+01,0.000000000000000000e+00
2.043279434325313115e+00,-1.664117556230128159e+01,0.000000000000000000e+00
2.252016265673332018e+00,-1.602392835108878089e+01,0.000000000000000000e+00
2.446741101926969808e+00,-1.544811533830911010e+01,0.000000000000000000e+00
2.628926412710382188e+00,-1.490938256951722529e+01,0.000000000000000000e+00
2.799846515958807291e+00,-1.440396163777640659e+01,0.000000000000000000e+00
2.960609930237652510e+00,-1.392857462021701842e+01,0.000000000000000000e+00
3.112185531031501640e+00,-1.348035654395917859e+01,0.000000000000000000e+00
3.255423908188037618e+00,-1.305679214153734158e+01,0.000000000000000000e+00
3.391074926000848588e+00,-1.265566391610801844e+01,0.000000000000000000e+00
3.519802297075342867e+00,-1.227500937028495009e+01,0.000000000000000000e+00
3.642195628353781078e+00,-1.191308510803245468e+01,0.000000000000000000e+00
3.758780446653844809e+00,-1.156833670052279217e+01,0.000000000000000000e+00
3.870026936916242555e+00,-1.123937432709061213e+01,0.000000000000000000e+00
3.976356796877764666e+00,-1.092495051111658988e+01,0.000000000000000000e+00
4.078149621538535996e+00,-1.062394298325522968e+01,0.000000000000000000e+00
4.175747982227068000e+00,-1.033533893398984560e+01,0.000000000000000000e+00
4.269461793687340467e+00,-1.005822166745245383e+01,0.000000000000000000e+00
4.359572249011980816e+00,-9.791759589773208816e+00,0.000000000000000000e+00
4.446335136521055276e+00,-9.535196471174209876e+00,0.000000000000000000e+00
4.529983630076190870e+00,-9.287842839036539289e+00,0.000000000000000000e+00
4.610730782380322523e+00,-9.049068671555605903e+00,0.000000000000000000e+00
4.688771697365165636e+00,-8.818297021201518149e+00,0.000000000000000000e+00
4.764285424633338373e+00,-8.594998425782149454e+00,0.000000000000000000e+00
4.837436618952260403e+00,-8.378686002419520662e+00,0.000000000000000000e+00
4.908376998351975828e+00,-8.168911129998415177e+00,0.000000000000000000e+00
4.977246626772929616e+00,-7.965259636377819419e+00,0.000000000000000000e+00
5.044175041384674429e+00,-7.767348417576242170e+00,0.000000000000000000e+00
5.109282251912542705e+00,-7.574822443800425020e+00,0.000000000000000000e+00
5.172679704067165929e+00,-7.387352208878914084e+00,0.000000000000000000e+00
5.234471074540347324e+00,-7.204631350226653907e+00,0.000000000000000000e+00
5.294752929771597394e+00,-7.026374457212899216e+00,0.000000000000000000e+00
5.353615305925813139e+00,-6.852315112800530628e+00,0.000000000000000000e+00
5.411142279958798262e+00,-6.682204215127714342e+00,0.000000000000000000e+00
5.467412778351149250e+00,-6.515808820795474965e+00,0.000000000000000000e+00
5.522500810567287033e+00,-6.352910461329028813e+00,0.000000000000000000e+00
5.576475670594591705e+00,-6.193303668402876383e+00,0.000000000000000000e+00
5.629402614609683830e+00,-6.036795220038569276e+00,0.000000000000000000e+00
5.681343420145421597e+00,-5.883203334615185298e+00,0.000000000000000000e+00
5.732356063337150864e+00,-5.732356063337153529e+00,0.000000000000000000e+00
5.782495352679605460e+00,-5.584090852456772502e+00,0.000000000000000000e+00
5.831813588263405457e+00,-5.438254150598233139e+00,0.000000000000000000e+00
5.880359888126226231e+00,-5.294699825195646525e+00,0.000000000000000000e+00
5.928181157048606487e+00,-5.153289259194408167e+00,0.000000000000000000e+00
5.975322229283153597e+00,-5.013890678756900421e+00,0.000000000000000000e+00
6.021825299707602497e+00,-4.876377978392960166e+00,0.000000000000000000e+00
6.067731330714138949e+00,-4.740631274191441591e+00,0.000000000000000000e+00
6.113079027721565417e+00,-4.606535459938036148e+00,0.000000000000000000e+00
6.157905631630071319e+00,-4.473980324822962373e+00,0.000000000000000000e+00
6.202247135464793892e+00,-4.342860198092031609e+00,0.000000000000000000e+00
6.246137624395101007e+00,-4.213073025024423934e+00,0.000000000000000000e+00
6.289610689203606775e+00,-4.084520939825049268e+00,0.000000000000000000e+00
6.332697999628801533e+00,-3.957108894865553061e+00,0.000000000000000000e+00
6.375430898894566489e+00,-3.830745356477228025e+00,0.000000000000000000e+00
6.417839256673691928e+00,-3.705341222456308259e+00,0.000000000000000000e+00
6.459952414677702315e+00,-3.580810095410020377e+00,0.000000000000000000e+00
6.501798858050461760e+00,-3.457067775591262659e+00,0.000000000000000000e+00
6.543406264244852721e+00,-3.334032018014021048e+00,0.000000000000000000e+00
6.584802025621200983e+00,-3.211622537149952272e+00,0.000000000000000000e+00
6.626012513866406550e+00,-3.089760378246764194e+00,0.000000000000000000e+00
6.667064259385164782e+00,-2.968368255073585704e+00,0.000000000000000000e+00
6.707982671528013974e+00,-2.847369711634075262e+00,0.000000000000000000e+00
6.748793638558817420e+00,-2.726689622727236806e+00,0.000000000000000000e+00
6.789521937109292971e+00,-2.606253286740249919e+00,0.000000000000000000e+00
6.830192965774393166e+00,-2.485986933836272339e+00,0.000000000000000000e+00
6.870831169140920736e+00,-2.365816897786540807e+00,0.000000000000000000e+00
6.911461843634066682e+00,-2.245670082758905561e+00,0.000000000000000000e+00
6.952109341351182081e+00,-2.125473126506411958e+00,0.000000000000000000e+00
6.992798316353824539e+00,-2.005152650756425015e+00,0.000000000000000000e+00
7.033553730889208211e+00,-1.884635042112672965e+00,0.000000000000000000e+00
7.074402682845715162e+00,-1.763846692222362567e+00,0.000000000000000000e+00
7.115368337715159086e+00,-1.642712217320406509e+00,0.000000000000000000e+00
7.156469668987979205e+00,-1.521154586535890196e+00,0.000000000000000000e+00
7.197743087355465974e+00,-1.399099526414030681e+00,0.000000000000000000e+00
7.239238345597907909e+00,-1.276473040108229151e+00,0.000000000000000000e+00
7.280929686274714818e+00,-1.153185973402924391e+00,0.000000000000000000e+00
7.322628308119933038e+00,-1.029128294638539165e+00,0.000000000000000000e+00
7.363225542782974031e+00,-9.040904150996634803e-01,0.000000000000000000e+00
7.401476244141604433e+00,-7.779265004775741676e-01,0.000000000000000000e+00
7.438317515909222521e+00,-6.507684583483699381e-01,0.000000000000000000e+00
7.475383091444263606e+00,-5.227297076411164811e-01,0.000000000000000000e+00
7.513031438391939432e+00,-3.937412933697984063e-01,0.000000000000000000e+00
7.551013490001531103e+00,-2.636872015134198999e-01,0.000000000000000000e+00
7.589201822175651202e+00,-1.324700105594303345e-01,0.000000000000000000e+00
7.627540682085459878e+00,-1.868208656336435573e-15,0.000000000000000000e+00
