7.023145021364922691e+00,0.000000000000000000e+00,0.000000000000000000e+00
6.993956612876305101e+00,1.220799667828926516e-01,0.000000000000000000e+00
6.964248527875819050e+00,2.431969175251949278e-01,0.000000000000000000e+00
6.933986730141493027e+00,3.633948461047919465e-01,0.000000000000000000e+00
6.903135141755220694e+00,4.827142328781554581e-01,0.000000000000000000e+00
6.871655808364516282e+00,6.011919828839643598e-01,0.000000000000000000e+00
6.839509066000073467e+00,7.188613699745987073e-01,0.000000000000000000e+00
6.806653709265741981e+00,8.357519869103208210e-01,0.000000000000000000e+00
6.773047160716924253e+00,9.518897014458188588e-01,0.000000000000000000e+00
6.738645641242752227e+00,1.067296618433609234e+00,0.000000000000000000e+00
6.703404341266987920e+00,1.181991047963624419e+00,0.000000000000000000e+00
6.667277592582320445e+00,1.295987479553134758e+00,0.000000000000000000e+00
6.630219040632496785e+00,1.409296562395956132e+00,0.000000000000000000e+00
6.592181817056782300e+00,1.521925091674727115e+00,0.000000000000000000e+00
6.553118712311261085e+00,1.633876000934842976e+00,0.000000000000000000e+00
6.512982348181798997e+00,1.745148360513469887e+00,0.000000000000000000e+00
6.471725350003803001e+00,1.855737382011896530e+00,0.000000000000000000e+00
6.429300518404521547e+00,1.965634428794332811e+00,0.000000000000000000e+00
6.385660294628635825e+00,2.074826803177267198e+00,0.000000000000000000e+00
6.340746294582554121e+00,2.183294038088899214e+00,0.000000000000000000e+00
6.294491969866432335e+00,2.291007716859014831e+00,0.000000000000000000e+00
6.246831937226759557e+00,2.397934113611967177e+00,0.000000000000000000e+00
6.197702477777855101e+00,2.504034340945786585e+00,0.000000000000000000e+00
6.147041765658602053e+00,2.609264423710698999e+00,0.000000000000000000e+00
6.094790093974022049e+00,2.713575380771542811e+00,0.000000000000000000e+00
6.040890097778605750e+00,2.816913314666862345e+00,0.000000000000000000e+00
5.985292215329190313e+00,2.919222065505605368e+00,0.000000000000000000e+00
5.928006034529046175e+00,3.020469939349098354e+00,0.000000000000000000e+00
5.869076313234352860e+00,3.120643230887684805e+00,0.000000000000000000e+00
5.808547776287746878e+00,3.219730608192151511e+00,0.000000000000000000e+00
5.746464518158825641e+00,3.317722836447630108e+00,0.000000000000000000e+00
5.682869920901572947e+00,3.414612738526022095e+00,0.000000000000000000e+00
5.617806454269638650e+00,3.510395078231506094e+00,0.000000000000000000e+00
5.551304642514151233e+00,3.605059387001281923e+00,0.000000000000000000e+00
5.483374826264730828e+00,3.698583021354923339e+00,0.000000000000000000e+00
5.414025766240329496e+00,3.790941653583077997e+00,0.000000000000000000e+00
5.343266808808367685e+00,3.882110575078768555e+00,0.000000000000000000e+00
5.271107910433088684e+00,3.972064714435730171e+00,0.000000000000000000e+00
5.197560534559436007e+00,4.060779338549856732e+00,0.000000000000000000e+00
5.122645983080298393e+00,4.148236924808966108e+00,0.000000000000000000e+00
5.046391183594040264e+00,4.234424980930035609e+00,0.000000000000000000e+00
4.968822906738249223e+00,4.319331855385033059e+00,0.000000000000000000e+00
4.889967660248845327e+00,4.402946657773706640e+00,0.000000000000000000e+00
4.809850810576529412e+00,4.485258442934073386e+00,0.000000000000000000e+00
4.728486465977424835e+00,4.566246302021570003e+00,0.000000000000000000e+00
4.645881605843086071e+00,4.645881605843085183e+00,0.000000000000000000e+00
4.562044077312267909e+00,4.724134934905580785e+00,0.000000000000000000e+00
4.476982797624847521e+00,4.800976267491652294e+00,0.000000000000000000e+00
4.390716344574395080e+00,4.876384521349409695e+00,0.000000000000000000e+00
4.303302012437556279e+00,4.950382681838757293e+00,0.000000000000000000e+00
4.214805151823638241e+00,5.023009181770404119e+00,0.000000000000000000e+00
4.125287494094076912e+00,5.094305796346382031e+00,0.000000000000000000e+00
4.034805496094244326e+00,5.164315532252472529e+00,0.000000000000000000e+00
3.943385797664396009e+00,5.233049702442007067e+00,0.000000000000000000e+00
3.851031882622126368e+00,5.300490658399160893e+00,0.000000000000000000e+00
3.757747184296140741e+00,5.366619151093327211e+00,0.000000000000000000e+00
3.663535945342305311e+00,5.431415399307926606e+00,0.000000000000000000e+00
3.568406943109804441e+00,5.494864828327485462e+00,0.000000000000000000e+00
3.472374564201792246e+00,5.556960912855998025e+00,0.000000000000000000e+00
3.375453390046175173e+00,5.617697820684348642e+00,0.000000000000000000e+00
3.277657749187051994e+00,5.677069751413819532e+00,0.000000000000000000e+00
3.179000748070880622e+00,5.735069163563448313e+00,0.000000000000000000e+00
3.079493909409126040e+00,5.791685695298582459e+00,0.000000000000000000e+00
2.979148732409547140e+00,5.846908599689329300e+00,0.000000000000000000e+00
2.877976926031626359e+00,5.900727147419217111e+00,0.000000000000000000e+00
2.775992763347012726e+00,5.953135692282121916e+00,0.000000000000000000e+00
2.673213008600286766e+00,6.004134721795371554e+00,0.000000000000000000e+00
2.569653918964673878e+00,6.053725264341202283e+00,0.000000000000000000e+00
2.465330306508010771e+00,6.101906630966746903e+00,0.000000000000000000e+00
2.360248048888028638e+00,6.148656382123083297e+00,0.000000000000000000e+00
2.254408892366511097e+00,6.193937525994694049e+00,0.000000000000000000e+00
2.147816492447600201e+00,6.237712020617849795e+00,0.000000000000000000e+00
2.040480182876347026e+00,6.279952266770883362e+00,0.000000000000000000e+00
1.932424365890746287e+00,6.320675297196301834e+00,0.000000000000000000e+00
1.823674861066693520e+00,6.359910051353550919e+00,0.000000000000000000e+00
1.714254581387739229e+00,6.397685194846761014e+00,0.000000000000000000e+00
1.604175268618756478e+00,6.433995581425846488e+00,0.000000000000000000e+00
1.493438604928089664e+00,6.468793286970608847e+00,0.000000000000000000e+00
1.382048489788238799e+00,6.502026937816969721e+00,0.000000000000000000e+00
1.270013805253241035e+00,6.533654622153292735e+00,0.000000000000000000e+00
1.157355050018847864e+00,6.563686654014634136e+00,0.000000000000000000e+00
1.044094081104972149e+00,6.592150586039763560e+00,0.000000000000000000e+00
9.302500485542604114e-01,6.619073029729412028e+00,0.000000000000000000e+00
8.158355800269572189e-01,6.644447592007129089e+00,0.000000000000000000e+00
7.008594992066128349e-01,6.668232706655639497e+00,0.000000000000000000e+00
5.853328214276449781e-01,6.690384763440849980e+00,0.000000000000000000e+00
4.692697903569708617e-01,6.710870656252199140e+00,0.000000000000000000e+00
3.526880460970582831e-01,6.729688815705738847e+00,0.000000000000000000e+00
2.356049655639947393e-01,6.746843468603141325e+00,0.000000000000000000e+00
1.180370422320471957e-01,6.762337620482367306e+00,0.000000000000000000e+00
4.149204150281515068e-16,6.776164610351902873e+00,0.000000000000000000e+00
-1.184904468264818128e-01,6.788313152300696984e+00,0.000000000000000000e+00
-2.374183465001585835e-01,6.798771904389607101e+00,0.000000000000000000e+00
-3.567675573408573553e-01,6.807530527367839923e+00,0.000000000000000000e+00
-4.765218316852460889e-01,6.814579678967756848e+00,0.000000000000000000e+00
-5.966648047319705883e-01,6.819909925303302423e+00,0.000000000000000000e+00
-7.171792740542163314e-01,6.823504992366602906e+00,0.000000000000000000e+00
-8.380458666853201066e-01,6.825335860817467015e+00,0.000000000000000000e+00
-9.592435090405720954e-01,6.825372220620874231e+00,0.000000000000000000e+00
-1.080750780790884269e+00,6.823591879204673027e+00,0.000000000000000000e+00
-1.202549976675470145e+00,6.819999819901295446e+00,0.000000000000000000e+00
-1.324625341988871163e+00,6.814606622784893375e+00,0.000000000000000000e+00
-1.446960770385545825e+00,6.807415207589986750e+00,0.000000000000000000e+00
-1.569530785731469757e+00,6.798384732342121595e+00,0.000000000000000000e+00
-1.692303580738510060e+00,6.787458935380452196e+00,0.000000000000000000e+00
-1.815247287933944076e+00,6.774595106871088568e+00,0.000000000000000000e+00
-1.938363755206927941e+00,6.759877757326346881e+00,0.000000000000000000e+00
-2.061683234156684197e+00,6.743462004926245257e+00,0.000000000000000000e+00
-2.185251265327690096e+00,6.725511843890425112e+00,0.000000000000000000e+00
-2.309194454076150649e+00,6.706387652196644567e+00,0.000000000000000000e+00
-2.433726643147804403e+00,6.686608997173689950e+00,0.000000000000000000e+00
-2.559097261824985203e+00,6.666676292268118864e+00,0.000000000000000000e+00
-2.685481994899674429e+00,6.646801180662351705e+00,0.000000000000000000e+00
-2.812940776961356804e+00,6.626873184326520061e+00,0.000000000000000000e+00
-2.941520955547910265e+00,6.606764237370478909e+00,0.000000000000000000e+00
-3.071292581895262330e+00,6.586408196784062419e+00,0.000000000000000000e+00
-3.202363686688593170e+00,6.565818568951658385e+00,0.000000000000000000e+00
-3.334848266957811891e+00,6.545008242997047532e+00,0.000000000000000000e+00
-3.468858159590645140e+00,6.523973345274701074e+00,0.000000000000000000e+00
-3.604500653084495188e+00,6.502691312071466001e+00,0.000000000000000000e+00
-3.741884366506339266e+00,6.481133838836663941e+00,0.000000000000000000e+00
-3.881127100251793305e+00,6.459280201343620575e+00,0.000000000000000000e+00
-4.022355742244712040e+00,6.437114782400758628e+00,0.000000000000000000e+00
-4.165700594805162638e+00,6.414616395682037897e+00,0.000000000000000000e+00
-4.311300346673006878e+00,6.391765617512848330e+00,0.000000000000000000e+00
-4.459299253636515026e+00,6.368539340547592076e+00,0.000000000000000000e+00
-4.609847653740936302e+00,6.344910966735485047e+00,0.000000000000000000e+00
-4.763108422521070473e+00,6.320858366923143734e+00,0.000000000000000000e+00
-4.919249902935274754e+00,6.296352749928620263e+00,0.000000000000000000e+00
-5.078452638399616248e+00,6.271366722757617751e+00,0.000000000000000000e+00
-5.240908239516666178e+00,6.245871222900582609e+00,0.000000000000000000e+00
-5.406817498042829406e+00,6.219832033358210666e+00,0.000000000000000000e+00
-5.576398829162148907e+00,6.193218327346340146e+00,0.000000000000000000e+00
-5.749879589640020328e+00,6.165990958339521377e+00,0.000000000000000000e+00
-5.927507810594683235e+00,6.138114023101168826e+00,0.000000000000000000e+00
-6.109544280108510250e+00,6.109544280108511138e+00,0.000000000000000000e+00
-6.296271781169815895e+00,6.080238982210230070e+00,0.000000000000000000e+00
-6.487991289639617243e+00,6.050149756318687899e+00,0.000000000000000000e+00
-6.685028181731451191e+00,6.019226411076037841e+00,0.000000000000000000e+00
-6.887731156739695493e+00,5.987413348197434537e+00,0.000000000000000000e+00
-7.096478330402042012e+00,5.954652349697916236e+00,0.000000000000000000e+00
-7.311675579108149137e+00,5.920878139863640754e+00,0.000000000000000000e+00
-7.533766216837701535e+00,5.886023258677187009e+00,0.000000000000000000e+00
-7.763226120724756818e+00,5.850010485135942240e+00,0.000000000000000000e+00
-8.000578010908716564e+00,5.812760173549722076e+00,0.000000000000000000e+00
-8.246386836486061966e+00,5.774182225900865717e+00,0.000000000000000000e+00
-8.501270850663292578e+00,5.734179592756654564e+00,0.000000000000000000e+00
-8.765907804950884952e+00,5.692647089804425242e+00,0.000000000000000000e+00
-9.041037780560156278e+00,5.649467418526370466e+00,0.000000000000000000e+00
-9.327475536736605122e+00,5.604512724967984916e+00,0.000000000000000000e+00
-9.626119280457304583e+00,5.557642557823469609e+00,0.000000000000000000e+00
-9.937960989348725960e+00,5.508701729380514500e+00,0.000000000000000000e+00
-1.026409654628007040e+01,5.457516941141127731e+00,0.000000000000000000e+00
-1.060574486696907393e+01,5.403896920565649076e+00,0.000000000000000000e+00
-1.096427256005404693e+01,5.347633037456802185e+00,0.000000000000000000e+00
-1.134110497238062898e+01,5.288444100560822037e+00,0.000000000000000000e+00
-1.173680991864775436e+01,5.225564449795730759e+00,0.000000000000000000e+00
-1.214473378087652833e+01,5.155133639552148317e+00,0.000000000000000000e+00
-1.256371803407495413e+01,5.076071579764402486e+00,0.000000000000000000e+00
-1.299311705064361533e+01,4.987590338747518004e+00,0.000000000000000000e+00
-1.343273550864778443e+01,4.889115889918471680e+00,0.000000000000000000e+00
-1.388311026142091897e+01,4.780338221352330663e+00,0.000000000000000000e+00
-1.434429847376894251e+01,4.660745102771148396e+00,0.000000000000000000e+00
-1.481631934154000874e+01,4.529803408998162695e+00,0.000000000000000000e+00
-1.529931800894814309e+01,4.387008844322521028e+00,0.000000000000000000e+00
-1.578914206565229605e+01,4.230687865671804992e+00,0.000000000000000000e+00
-1.628973286376266927e+01,4.061486561770873749e+00,0.000000000000000000e+00
-1.680151898887080719e+01,3.878936297122399512e+00,0.000000000000000000e+00
-1.731997828039175147e+01,3.681475031479532145e+00,0.000000000000000000e+00
-1.784707656017285871e+01,3.469120258970932902e+00,0.000000000000000000e+00
-1.838580756721532694e+01,3.241913936213925318e+00,0.000000000000000000e+00
-1.892770647516860549e+01,2.997854196696683182e+00,0.000000000000000000e+00
-1.948037231896070409e+01,2.737787786020104086e+00,0.000000000000000000e+00
-2.003390610896819624e+01,2.459854364759678891e+00,0.000000000000000000e+00
-2.057895157463936187e+01,2.162934967821863896e+00,0.000000000000000000e+00
-2.112022773126082242e+01,1.847780497571177127e+00,0.000000000000000000e+00
-2.164445845741675356e+01,1.513527976170909728e+00,0.000000000000000000e+00
-2.216352199173608284e+01,1.161540968677733821e+00,0.000000000000000000e+00
-2.267395003903407158e+01,7.917917827805071029e-01,0.000000000000000000e+00
-2.316771903948138345e+01,4.043940400728486262e-01,0.000000000000000000e+00
-2.365311430720118580e+01,2.896671072618040014e-15,0.000000000000000000e+00
-2.412810532914377504e+01,-4.211576451150695899e-01,0.000000000000000000e+00
-2.459212384328803225e+01,-8.587758880439729792e-01,0.000000000000000000e+00
-2.503926663551214205e+01,-1.312252359243131439e+00,0.000000000000000000e+00
-2.547428900113439454e+01,-1.781335816376948378e+00,0.000000000000000000e+00
-2.589635649100638304e+01,-2.265637619589029317e+00,0.000000000000000000e+00
-2.630495422933676508e+01,-2.764762097973050725e+00,0.000000000000000000e+00
-2.669948105657430659e+01,-3.278284057866903023e+00,0.000000000000000000e+00
-2.707953241943488720e+01,-3.805780089577851300e+00,0.000000000000000000e+00
-2.744479732924758864e+01,-4.346828864813203630e+00,0.000000000000000000e+00
-2.779514111620938266e+01,-4.901033311386917113e+00,0.000000000000000000e+00
-2.813042413653729668e+01,-5.468000539835254692e+00,0.000000000000000000e+00
-2.844938225442785296e+01,-6.047102873637318687e+00,0.000000000000000000e+00
-2.874984677726201809e+01,-6.637425120603581696e+00,0.000000000000000000e+00
-2.903510481992574555e+01,-7.239264697094489165e+00,0.000000000000000000e+00
-2.930459632737984776e+01,-7.852142920441460561e+00,0.000000000000000000e+00
-2.955591607200350523e+01,-8.475022555521590562e+00,0.000000000000000000e+00
-2.979100408851849480e+01,-9.108023981320485518e+00,0.000000000000000000e+00
-3.000926999394951267e+01,-9.750602890605355455e+00,0.000000000000000000e+00
-3.020866953842189417e+01,-1.040167908282102793e+01,0.000000000000000000e+00
-3.038931693819479918e+01,-1.106080680518462955e+01,0.000000000000000000e+00
-3.055185252309398081e+01,-1.172775738732181239e+01,0.000000000000000000e+00
-3.069629157974460654e+01,-1.240210683409971537e+01,0.000000000000000000e+00
-3.082244170429990504e+01,-1.308335027756395164e+01,0.000000000000000000e+00
-3.093010671690844049e+01,-1.377097075002185278e+01,0.000000000000000000e+00
-3.101906874138036585e+01,-1.446442930294199236e+01,0.000000000000000000e+00
-3.108912089008437718e+01,-1.516317740795783564e+01,0.000000000000000000e+00
-3.114007219200921739e+01,-1.586665928092243583e+01,0.000000000000000000e+00
-3.117174783496313495e+01,-1.657431232522318609e+01,0.000000000000000000e+00
-3.118398939597263109e+01,-1.728556758259479054e+01,0.000000000000000000e+00
-3.117670110096705116e+01,-1.799987677308783418e+01,0.000000000000000000e+00
-3.114994257936765720e+01,-1.871677378091181154e+01,0.000000000000000000e+00
-3.110366210029432565e+01,-1.943572517861761995e+01,0.000000000000000000e+00
-3.103778098000315566e+01,-2.015617064441532236e+01,0.000000000000000000e+00
-3.095223635128890649e+01,-2.087754703426411140e+01,0.000000000000000000e+00
-3.084698152931989057e+01,-2.159928899784544853e+01,0.000000000000000000e+00
-3.072215764618039913e+01,-2.232095408203512932e+01,0.000000000000000000e+00
-3.057837491866478885e+01,-2.304245826552153531e+01,0.000000000000000000e+00
-3.041604725884531391e+01,-2.376362053848486156e+01,0.000000000000000000e+00
-3.023369711190034437e+01,-2.448276518567091031e+01,0.000000000000000000e+00
-3.003013182375593360e+01,-2.519827253751870089e+01,0.000000000000000000e+00
-2.980827219654823779e+01,-2.591193569767555260e+01,0.000000000000000000e+00
-2.956862657936825656e+01,-2.662371095639578300e+01,0.000000000000000000e+00
-2.930904984463496632e+01,-2.733113114048278547e+01,0.000000000000000000e+00
-2.902964526373270715e+01,-2.803360256781802207e+01,0.000000000000000000e+00
-2.873035931912381713e+01,-2.873035931912381002e+01,0.000000000000000000e+00
-2.840285205695455772e+01,-2.941201430308525389e+01,0.000000000000000000e+00
-2.804234838836064370e+01,-3.007173696728900580e+01,0.000000000000000000e+00
-2.764409687760925394e+01,-3.070187995342342901e+01,0.000000000000000000e+00
-2.721381045652458397e+01,-3.130590778928661067e+01,0.000000000000000000e+00
-2.675641237980905984e+01,-3.188705057856962810e+01,0.000000000000000000e+00
-2.626266319019867268e+01,-3.243168809661413121e+01,0.000000000000000000e+00
-2.574371883321196464e+01,-3.295045750210104529e+01,0.000000000000000000e+00
-2.519820393006874681e+01,-3.343914603953278686e+01,0.000000000000000000e+00
-2.462304005551637331e+01,-3.389070715945025114e+01,0.000000000000000000e+00
-2.402377269162780138e+01,-3.430950308397386550e+01,0.000000000000000000e+00
-2.340151087007079411e+01,-3.469416662019353481e+01,0.000000000000000000e+00
-2.275751234769255760e+01,-3.504349592778954303e+01,0.000000000000000000e+00
-2.209328720710237448e+01,-3.535665037754682771e+01,0.000000000000000000e+00
-2.141019332947634979e+01,-3.563254547140539330e+01,0.000000000000000000e+00
-2.070785004675259344e+01,-3.586704839649300425e+01,0.000000000000000000e+00
-1.999023124486669190e+01,-3.606333180465846056e+01,0.000000000000000000e+00
-1.925964999526271626e+01,-3.622213345939794493e+01,0.000000000000000000e+00
-1.851542058254002754e+01,-3.633855894913933327e+01,0.000000000000000000e+00
-1.775992220867187754e+01,-3.641323673058937516e+01,0.000000000000000000e+00
-1.699671149197810038e+01,-3.644956542045132863e+01,0.000000000000000000e+00
-1.622356621342652616e+01,-3.643872631922596383e+01,0.000000000000000000e+00
-1.544671519756579059e+01,-3.639018054239107158e+01,0.000000000000000000e+00
-1.466363415993163777e+01,-3.629376813255287715e+01,0.000000000000000000e+00
-1.387998836635824240e+01,-3.615860591127697887e+01,0.000000000000000000e+00
-1.309391602267867150e+01,-3.597523860454465705e+01,0.000000000000000000e+00
-1.231055538172136465e+01,-3.575244884982583216e+01,0.000000000000000000e+00
-1.152852768386273041e+01,-3.548115986049345594e+01,0.000000000000000000e+00
-1.075244070525735296e+01,-3.516964883588642010e+01,0.000000000000000000e+00
-9.981814382990483736e+00,-3.481072365497998078e+01,0.000000000000000000e+00
-9.219893727725722243e+00,-3.440911183225802716e+01,0.000000000000000000e+00
-8.468415017119708565e+00,-3.396495748793234526e+01,0.000000000000000000e+00
-7.727608941481856952e+00,-3.347195169593114628e+01,0.000000000000000000e+00
-7.001509883284499303e+00,-3.293951420871115943e+01,0.000000000000000000e+00
-6.291118947238351744e+00,-3.236500124496186004e+01,0.000000000000000000e+00
-5.596777461416412081e+00,-3.174090226537705561e+01,0.000000000000000000e+00
-4.921783963325153444e+00,-3.107492095334748683e+01,0.000000000000000000e+00
-4.267853384141749196e+00,-3.036735474909729504e+01,0.000000000000000000e+00
-3.636634655519725978e+00,-2.961801246653077513e+01,0.000000000000000000e+00
-3.029901681099000044e+00,-2.882758885443760732e+01,0.000000000000000000e+00
-2.449573568760166076e+00,-2.799875401039043510e+01,0.000000000000000000e+00
-1.897304821004659248e+00,-2.713272303243808281e+01,0.000000000000000000e+00
-1.373605487433028793e+00,-2.620995406072292155e+01,0.000000000000000000e+00
-8.822751664380151793e-01,-2.526505513134502934e+01,0.000000000000000000e+00
-4.236314374430606433e-01,-2.426982879669642656e+01,0.000000000000000000e+00
-4.272601293172810997e-15,-2.325895812652574435e+01,0.000000000000000000e+00
3.874554688198856844e-01,-2.219730894231964058e+01,0.000000000000000000e+00
7.382343017689124709e-01,-2.114026444759074153e+01,0.000000000000000000e+00
1.057494607140075260e+00,-2.017819914537517434e+01,0.000000000000000000e+00
1.349471985719318923e+00,-1.929834849055432855e+01,0.000000000000000000e+00
1.617677085622967414e+00,-1.849013369764911729e+01,0.000000000000000000e+00
1.865044380075236097e+00,-1.774471195533550372e+01,0.000000000000000000e+00
2.094045793944415923e+00,-1.705463438192639813e+01,0.000000000000000000e+00
2.306778436942867216e+00,-1.641358144647204398e+01,0.000000000000000000e+00
2.505033122200355677e+00,-1.581615666960366973e+01,0.000000000000000000e+00
2.690348374593555913e+00,-1.525772382527052251e+01,0.000000000000000000e+00
2.864053416550617737e+00,-1.473427750606901299e+01,0.000000000000000000e+00
3.027302603519337332e+00,-1.424233897901964596e+01,0.000000000000000000e+00
3.181103380473659925e+00,-1.377887254612543266e+01,0.000000000000000000e+00
3.326338929891010654e+00,-1.334121675848490796e+01,0.000000000000000000e+00
3.463786826609819069e+00,-1.292702842349559411e+01,0.000000000000000000e+00
3.594134416055931425e+00,-1.253423627565915588e+01,0.000000000000000000e+00
3.717991582234143610e+00,-1.216100250225254165e+01,0.000000000000000000e+00
3.835901413187690512e+00,-1.180569062959505366e+01,0.000000000000000000e+00
3.948349109345166141e+00,-1.146683843222189125e+01,0.000000000000000000e+00
4.055769571101316195e+00,-1.114313531511204580e+01,0.000000000000000000e+00
4.158553846137232668e+00,-1.083340314951248295e+01,0.000000000000000000e+00
4.257054413605001031e+00,-1.053657941339155713e+01,0.000000000000000000e+00
4.351590063432511535e+00,-1.025170374603262502e+01,0.000000000000000000e+00
4.442449725728353727e+00,-9.977905450206572269e+00,0.000000000000000000e+00
4.529895924150164177e+00,-9.714393158528064731e+00,0.000000000000000000e+00
4.614167905419163773e+00,-9.460446182172807639e+00,0.000000000000000000e+00
4.695484081702736567e+00,-9.215406387181998227e+00,0.000000000000000000e+00
4.774044302352162816e+00,-8.978671466169588555e+00,0.000000000000000000e+00
4.850031846630876942e+00,-8.749689065909365127e+00,0.000000000000000000e+00
4.923615153928619037e+00,-8.527951603520424584e+00,0.000000000000000000e+00
4.994949335360593601e+00,-8.312991694220993821e+00,0.000000000000000000e+00
5.064177498671657673e+00,-8.104378112316998894e+00,0.000000000000000000e+00
5.131431926489270268e+00,-7.901712237800404104e+00,0.000000000000000000e+00
5.196835121550569703e+00,-7.704624911007047494e+00,0.000000000000000000e+00
5.260500732746050012e+00,-7.512773635936704331e+00,0.000000000000000000e+00
5.322534384433595278e+00,-7.325840097820572439e+00,0.000000000000000000e+00
5.383034420663664221e+00,-7.143527952546147475e+00,0.000000000000000000e+00
5.442092565166276152e+00,-6.965560840404738663e+00,0.000000000000000000e+00
5.499794508733409693e+00,-6.791680600361975628e+00,0.000000000000000000e+00
5.556220429379582271e+00,-6.621645657958462827e+00,0.000000000000000000e+00
5.611445451096021664e+00,-6.455229565784913248e+00,0.000000000000000000e+00
5.665540060573666992e+00,-6.292219694539265440e+00,0.000000000000000000e+00
5.718570608379669018e+00,-6.132416186493176546e+00,0.000000000000000000e+00
5.770599633619946545e+00,-5.975630849362219443e+00,0.000000000000000000e+00
5.821686079195689700e+00,-5.821686079195692365e+00,0.000000000000000000e+00
5.871885542756002607e+00,-5.670413955591419253e+00,0.000000000000000000e+00
5.921250745705156859e+00,-5.521655649173934144e+00,0.000000000000000000e+00
5.969831770730014142e+00,-5.375260670143037878e+00,0.000000000000000000e+00
6.017676027046394260e+00,-5.231085962786073296e+00,0.000000000000000000e+00
6.064828541472373047e+00,-5.088995392302913423e+00,0.000000000000000000e+00
6.111332481101739766e+00,-4.948859464742221270e+00,0.000000000000000000e+00
6.157228904153119409e+00,-4.810554441926546687e+00,0.000000000000000000e+00
6.202556911337706147e+00,-4.673961881531606188e+00,0.000000000000000000e+00
6.247354282224325317e+00,-4.538968573552381258e+00,0.000000000000000000e+00
6.291657101109455752e+00,-4.405465730027494864e+00,0.000000000000000000e+00
6.335499916548661403e+00,-4.273348652166562012e+00,0.000000000000000000e+00
6.378916370015999426e+00,-4.142516727060289838e+00,0.000000000000000000e+00
6.421938630035059603e+00,-4.012872629751491615e+00,0.000000000000000000e+00
6.464597840703401488e+00,-3.884322260329279519e+00,0.000000000000000000e+00
6.506924468415962615e+00,-3.756774593436523535e+00,0.000000000000000000e+00
6.548947668003996192e+00,-3.630140969865117029e+00,0.000000000000000000e+00
6.590696011959813028e+00,-3.504335230772727350e+00,0.000000000000000000e+00
6.632197683928160892e+00,-3.379273506039407238e+00,0.000000000000000000e+00
6.673480129302786779e+00,-3.254873738207684220e+00,0.000000000000000000e+00
6.714568374514953142e+00,-3.131054654241688606e+00,0.000000000000000000e+00
6.755489373860593894e+00,-3.007737652539738349e+00,0.000000000000000000e+00
6.796277143105543317e+00,-2.884848491229271339e+00,0.000000000000000000e+00
6.836942212520902729e+00,-2.762303958377889224e+00,0.000000000000000000e+00
6.877489344771523072e+00,-2.640020810797079065e+00,0.000000000000000000e+00
6.918039921165506811e+00,-2.517960610769548691e+00,0.000000000000000000e+00
6.958236812901752444e+00,-2.395913074490754191e+00,0.000000000000000000e+00
6.996347637947772924e+00,-2.273251149261803938e+00,0.000000000000000000e+00
7.031205117923430059e+00,-2.149655132178346584e+00,0.000000000000000000e+00
7.062660496104768981e+00,-2.025185308439060972e+00,0.000000000000000000e+00
7.090647635780555014e+00,-1.899933307821048523e+00,0.000000000000000000e+00
7.115122689519357557e+00,-1.773999330162062904e+00,0.000000000000000000e+00
7.136047973823966828e+00,-1.647486487501981900e+00,0.000000000000000000e+00
7.153402700513957768e+00,-1.520502682262302008e+00,0.000000000000000000e+00
7.167174473453489902e+00,-1.393157589793853068e+00,0.000000000000000000e+00
7.177354065913139181e+00,-1.265561171918095473e+00,0.000000000000000000e+00
7.183935416281815201e+00,-1.137823590235411908e+00,0.000000000000000000e+00
7.186915631219420675e+00,-1.010055121747245099e+00,0.000000000000000000e+00
7.186297939420570380e+00,-8.823664370092074716e-01,0.000000000000000000e+00
7.182100595733993842e+00,-7.548691907157804026e-01,0.000000000000000000e+00
7.174348077772349619e+00,-6.276741249940858136e-01,0.000000000000000000e+00
7.163068088197203309e+00,-5.008905151419226209e-01,0.000000000000000000e+00
7.148291493026161625e+00,-3.746260828173600399e-01,0.000000000000000000e+00
7.130052257754741163e+00,-2.489869113571677173e-01,0.000000000000000000e+00
7.108387381357808010e+00,-1.240773632765297535e-01,0.000000000000000000e+00
7.083336828236516780e+00,-1.734917154796483074e-15,0.000000000000000000e+00
