6.931908717084456661e+00,0.000000000000000000e+00,0.000000000000000000e+00
6.913643398849731447e+00,1.206780944174649650e-01,0.000000000000000000e+00
6.894839737811642166e+00,2.407731091666626966e-01,0.000000000000000000e+00
6.875442611178423036e+00,3.603266788398551967e-01,0.000000000000000000e+00
6.855394970519709474e+00,4.793759149020189181e-01,0.000000000000000000e+00
6.834638046028843839e+00,5.979533483304960706e-01,0.000000000000000000e+00
6.813111552192840925e+00,7.160868794729743358e-01,0.000000000000000000e+00
6.790753894648425160e+00,8.337997351540961111e-01,0.000000000000000000e+00
6.767502378001851504e+00,9.511104330547991426e-01,0.000000000000000000e+00
6.743293414389888163e+00,1.068032753382273770e+00,0.000000000000000000e+00
6.718062732559077155e+00,1.184575717842201614e+00,0.000000000000000000e+00
6.691745587240228943e+00,1.300743575918719142e+00,0.000000000000000000e+00
6.664276968595257422e+00,1.416535798461325824e+00,0.000000000000000000e+00
6.635591811513671168e+00,1.531947078571759713e+00,0.000000000000000000e+00
6.605625204536398343e+00,1.646967339777637207e+00,0.000000000000000000e+00
6.574312598185241718e+00,1.761581751473491497e+00,0.000000000000000000e+00
6.541590012476881988e+00,1.875770751603648812e+00,0.000000000000000000e+00
6.507394243401378731e+00,1.989510076555267126e+00,0.000000000000000000e+00
6.471663068145987907e+00,2.102770798223712934e+00,0.000000000000000000e+00
6.434335448846444372e+00,2.215519368206382733e+00,0.000000000000000000e+00
6.395351734649131537e+00,2.327717669075007656e+00,0.000000000000000000e+00
6.354653861869158149e+00,2.439323072670482873e+00,0.000000000000000000e+00
6.312185552030944002e+00,2.550288505358268232e+00,0.000000000000000000e+00
6.267892507579793104e+00,2.660562520176490864e+00,0.000000000000000000e+00
6.221722605054958777e+00,2.770089375803019838e+00,0.000000000000000000e+00
6.173626085516731088e+00,2.878809122261917874e+00,0.000000000000000000e+00
6.123555742022459114e+00,2.986657693283958803e+00,0.000000000000000000e+00
6.071480922699538318e+00,3.093574046235331387e+00,0.000000000000000000e+00
6.017431261941623255e+00,3.199524956348995364e+00,0.000000000000000000e+00
5.961451903663790297e+00,3.304486750001179196e+00,0.000000000000000000e+00
5.903587724714991936e+00,3.408437962048770142e+00,0.000000000000000000e+00
5.843883247582793317e+00,3.511359305667386188e+00,0.000000000000000000e+00
5.782382554487470294e+00,3.613233639314387347e+00,0.000000000000000000e+00
5.719129065820833802e+00,3.714045841820635019e+00,0.000000000000000000e+00
5.654153801857742856e+00,3.813774894890033629e+00,0.000000000000000000e+00
5.587467125920064781e+00,3.912386601068170489e+00,0.000000000000000000e+00
5.519078189558967118e+00,4.009845020101422186e+00,0.000000000000000000e+00
5.448997121547113132e+00,4.106113849940293825e+00,0.000000000000000000e+00
5.377235052052580677e+00,4.201156456516780047e+00,0.000000000000000000e+00
5.303804844482836067e+00,4.294936478244527400e+00,0.000000000000000000e+00
5.228728820008770484e+00,4.387424424395373279e+00,0.000000000000000000e+00
5.152035356517402853e+00,4.478596008180872445e+00,0.000000000000000000e+00
5.073753109521937255e+00,4.568427819582293381e+00,0.000000000000000000e+00
4.993910884054741040e+00,4.656897238208112633e+00,0.000000000000000000e+00
4.912536197231235136e+00,4.743981061499632723e+00,0.000000000000000000e+00
4.829640570665040045e+00,4.829640570665039156e+00,0.000000000000000000e+00
4.745226564044846995e+00,4.913825952872705294e+00,0.000000000000000000e+00
4.659298667894477219e+00,4.996486102109722438e+00,0.000000000000000000e+00
4.571863550950546973e+00,5.077568875777110691e+00,0.000000000000000000e+00
4.482936200506680180e+00,5.157028176650274354e+00,0.000000000000000000e+00
4.392550552628114779e+00,5.234837901746237421e+00,0.000000000000000000e+00
4.300743930225826794e+00,5.310976450421254214e+00,0.000000000000000000e+00
4.207553761309841711e+00,5.385423228791045958e+00,0.000000000000000000e+00
4.113017006294966471e+00,5.458157919440417061e+00,0.000000000000000000e+00
4.017167683764885311e+00,5.529156971435049250e+00,0.000000000000000000e+00
3.920039124832291222e+00,5.598396062480341051e+00,0.000000000000000000e+00
3.821665114663680196e+00,5.665851533727138900e+00,0.000000000000000000e+00
3.722079043387477970e+00,5.731499111460875540e+00,0.000000000000000000e+00
3.621310336588697165e+00,5.795307972016161102e+00,0.000000000000000000e+00
3.519387938733146814e+00,5.857245136865456558e+00,0.000000000000000000e+00
3.416341982013130441e+00,5.917277888877299219e+00,0.000000000000000000e+00
3.312208245580543498e+00,5.975381850431078945e+00,0.000000000000000000e+00
3.207036237666169853e+00,6.031557927503492955e+00,0.000000000000000000e+00
3.100876752749407661e+00,6.085813291222684995e+00,0.000000000000000000e+00
2.993778659147880550e+00,6.138155885689013047e+00,0.000000000000000000e+00
2.885776015307985443e+00,6.188566635868473220e+00,0.000000000000000000e+00
2.776888232488079034e+00,6.236993087190105811e+00,0.000000000000000000e+00
2.667136731237012004e+00,6.283380378260141619e+00,0.000000000000000000e+00
2.556549987934662038e+00,6.327683265238673194e+00,0.000000000000000000e+00
2.445180110666995255e+00,6.369911967505367478e+00,0.000000000000000000e+00
2.333084645364063903e+00,6.410097380814058887e+00,0.000000000000000000e+00
2.220317784104073322e+00,6.448271060492126061e+00,0.000000000000000000e+00
2.106917528218217761e+00,6.484425390783184362e+00,0.000000000000000000e+00
1.992907148723681354e+00,6.518505565798614398e+00,0.000000000000000000e+00
1.878312410764634066e+00,6.550453831346223055e+00,0.000000000000000000e+00
1.763166726953971475e+00,6.580227807207144508e+00,0.000000000000000000e+00
1.647519008618255620e+00,6.607837827403971964e+00,0.000000000000000000e+00
1.531419482459540182e+00,6.633306541682228108e+00,0.000000000000000000e+00
1.414915835356059581e+00,6.656655641393973255e+00,0.000000000000000000e+00
1.298049567938813542e+00,6.677886117668146326e+00,0.000000000000000000e+00
1.180859636696427684e+00,6.696987789116819911e+00,0.000000000000000000e+00
1.063385384576073900e+00,6.713951082550487115e+00,0.000000000000000000e+00
9.456666380818370410e-01,6.728767764076356350e+00,0.000000000000000000e+00
8.277436544342143820e-01,6.741431075269930240e+00,0.000000000000000000e+00
7.096569702429552651e-01,6.751935052370868995e+00,0.000000000000000000e+00
5.914469747941379918e-01,6.760269856206969408e+00,0.000000000000000000e+00
4.731538268858733742e-01,6.766414966380911444e+00,0.000000000000000000e+00
3.548189493575641951e-01,6.770348872087778247e+00,0.000000000000000000e+00
2.364855795108758707e-01,6.772060952630497788e+00,0.000000000000000000e+00
1.181986246465254742e-01,6.771594670808031680e+00,0.000000000000000000e+00
4.144824367452708747e-16,6.769011882182677908e+00,0.000000000000000000e+00
-1.180724377580818635e-01,6.764365428810753755e+00,0.000000000000000000e+00
-2.359801715601544669e-01,6.757587962542506155e+00,0.000000000000000000e+00
-3.536755642148962098e-01,6.748531783893858105e+00,0.000000000000000000e+00
-4.711008553006918453e-01,6.737056104906729459e+00,0.000000000000000000e+00
-5.882150193345817568e-01,6.723328436264039532e+00,0.000000000000000000e+00
-7.050323678831869056e-01,6.707934900064182138e+00,0.000000000000000000e+00
-8.216114273638285281e-01,6.691488093633711109e+00,0.000000000000000000e+00
-9.380408646710796106e-01,6.674507566839707806e+00,0.000000000000000000e+00
-1.054402546828125065e+00,6.657235677113289007e+00,0.000000000000000000e+00
-1.170786042615144851e+00,6.639857598145435524e+00,0.000000000000000000e+00
-1.287290451200983510e+00,6.622535260446252181e+00,0.000000000000000000e+00
-1.403995634924726454e+00,6.605280137643194216e+00,0.000000000000000000e+00
-1.520966729906012560e+00,6.588030696176764955e+00,0.000000000000000000e+00
-1.638265443363552620e+00,6.570723804313182370e+00,0.000000000000000000e+00
-1.755959211250221585e+00,6.553328992404396480e+00,0.000000000000000000e+00
-1.874124782058502303e+00,6.535849834511019196e+00,0.000000000000000000e+00
-1.992840635252223658e+00,6.518288010036337177e+00,0.000000000000000000e+00
-2.112185824313204119e+00,6.500639538943692841e+00,0.000000000000000000e+00
-2.232238937348217878e+00,6.482892603418219046e+00,0.000000000000000000e+00
-2.353078891559236663e+00,6.465031120754314742e+00,0.000000000000000000e+00
-2.474786026168375397e+00,6.447038014228263059e+00,0.000000000000000000e+00
-2.597445513885546564e+00,6.428903243883251406e+00,0.000000000000000000e+00
-2.721144712847776148e+00,6.410615209511232315e+00,0.000000000000000000e+00
-2.845972623180998973e+00,6.392159169189172374e+00,0.000000000000000000e+00
-2.972022749754839932e+00,6.373523354761103654e+00,0.000000000000000000e+00
-3.099391319621827456e+00,6.354693929178155898e+00,0.000000000000000000e+00
-3.228176626339755106e+00,6.335653360480578478e+00,0.000000000000000000e+00
-3.358483165350822031e+00,6.316388172495416953e+00,0.000000000000000000e+00
-3.490419360706628282e+00,6.296883212638712202e+00,0.000000000000000000e+00
-3.624096448425949024e+00,6.277119180203666993e+00,0.000000000000000000e+00
-3.759633500348953827e+00,6.257080895788421415e+00,0.000000000000000000e+00
-3.897154131343137706e+00,6.236750321383405904e+00,0.000000000000000000e+00
-4.036786249623958156e+00,6.216105712204401001e+00,0.000000000000000000e+00
-4.178667852228246993e+00,6.195129858092563779e+00,0.000000000000000000e+00
-4.322941586916443590e+00,6.173800410617316992e+00,0.000000000000000000e+00
-4.469757761260720663e+00,6.152093771484965501e+00,0.000000000000000000e+00
-4.619278147313344185e+00,6.129989145016492280e+00,0.000000000000000000e+00
-4.771669600743831730e+00,6.107458577062156557e+00,0.000000000000000000e+00
-4.927112610839726514e+00,6.084477353053974191e+00,0.000000000000000000e+00
-5.085797566594531638e+00,6.061017521195922519e+00,0.000000000000000000e+00
-5.247925074725510619e+00,6.037047209427180761e+00,0.000000000000000000e+00
-5.413713155669722887e+00,6.012537582382237566e+00,0.000000000000000000e+00
-5.583388722333582521e+00,5.987451361735226740e+00,0.000000000000000000e+00
-5.757200069224757577e+00,5.961755194239406030e+00,0.000000000000000000e+00
-5.935407980451204324e+00,5.935407980451205212e+00,0.000000000000000000e+00
-6.118295767518018735e+00,5.908369543641779131e+00,0.000000000000000000e+00
-6.306165246674764191e+00,5.880594228201247553e+00,0.000000000000000000e+00
-6.499342648796244681e+00,5.852034406253578069e+00,0.000000000000000000e+00
-6.698178548796146714e+00,5.822637779993629081e+00,0.000000000000000000e+00
-6.903052552649654672e+00,5.792348850925709058e+00,0.000000000000000000e+00
-7.114373574258303634e+00,5.761106126618870782e+00,0.000000000000000000e+00
-7.332587627287624699e+00,5.728845318300817446e+00,0.000000000000000000e+00
-7.558174717329833925e+00,5.695493169628435659e+00,0.000000000000000000e+00
-7.791662551890820687e+00,5.660974207815460346e+00,0.000000000000000000e+00
-8.033621128620872298e+00,5.625202073381133872e+00,0.000000000000000000e+00
-8.284676767089251825e+00,5.588085038688282324e+00,0.000000000000000000e+00
-8.545515141487298294e+00,5.549522420666147760e+00,0.000000000000000000e+00
-8.816886097570174385e+00,5.509401901647034805e+00,0.000000000000000000e+00
-9.099617477269246635e+00,5.467601790306009235e+00,0.000000000000000000e+00
-9.394622049662324059e+00,5.423987569307335832e+00,0.000000000000000000e+00
-9.702908339079776567e+00,5.378409917768474102e+00,0.000000000000000000e+00
-1.002559436215451782e+01,5.330703080369708857e+00,0.000000000000000000e+00
-1.036392355733428516e+01,5.280682809076652440e+00,0.000000000000000000e+00
-1.071928917570632578e+01,5.228146657253263108e+00,0.000000000000000000e+00
-1.109322344181218689e+01,5.172855044541575076e+00,0.000000000000000000e+00
-1.148754407460811855e+01,5.114584145761641665e+00,0.000000000000000000e+00
-1.190397727154011953e+01,5.052938564500310648e+00,0.000000000000000000e+00
-1.234478161013582032e+01,4.987615522702428805e+00,0.000000000000000000e+00
-1.279982224160410453e+01,4.913391413398212393e+00,0.000000000000000000e+00
-1.326599319738122240e+01,4.828426651824693216e+00,0.000000000000000000e+00
-1.374443221866517284e+01,4.732587541874563541e+00,0.000000000000000000e+00
-1.423561078596042329e+01,4.625430332264146571e+00,0.000000000000000000e+00
-1.473693356062322302e+01,4.505532740100345102e+00,0.000000000000000000e+00
-1.524778119688352085e+01,4.372230901266271452e+00,0.000000000000000000e+00
-1.577201639081558149e+01,4.226099054929470356e+00,0.000000000000000000e+00
-1.630498079690489632e+01,4.065288298488711760e+00,0.000000000000000000e+00
-1.684753577500473654e+01,3.889560109298552337e+00,0.000000000000000000e+00
-1.740289457905898018e+01,3.699099434830643407e+00,0.000000000000000000e+00
-1.795779789840889862e+01,3.490642306925396454e+00,0.000000000000000000e+00
-1.851617916642755546e+01,3.264901966673151357e+00,0.000000000000000000e+00
-1.906056123681920411e+01,3.018896323765162926e+00,0.000000000000000000e+00
-1.960374463327657324e+01,2.755126634053222556e+00,0.000000000000000000e+00
-2.013881662453675148e+01,2.472735756347861802e+00,0.000000000000000000e+00
-2.066372571988766182e+01,2.171845089528487982e+00,0.000000000000000000e+00
-2.118560769168271563e+01,1.853500502929866567e+00,0.000000000000000000e+00
-2.169501387831240891e+01,1.517063155580605116e+00,0.000000000000000000e+00
-2.219532938993481253e+01,1.163207923782100695e+00,0.000000000000000000e+00
-2.268897098438112536e+01,7.923163257505196899e-01,0.000000000000000000e+00
-2.317332420607761989e+01,4.044918786197193583e-01,0.000000000000000000e+00
-2.364308679818762826e+01,2.895443056936352386e-15,0.000000000000000000e+00
-2.410398315693089089e+01,-4.207365910328840219e-01,0.000000000000000000e+00
-2.455459609247210651e+01,-8.574653901081862317e-01,0.000000000000000000e+00
-2.499426717123575159e+01,-1.309894037251479348e+00,0.000000000000000000e+00
-2.542216233396072411e+01,-1.777690764724253469e+00,0.000000000000000000e+00
-2.583760528516510036e+01,-2.260497555109439283e+00,0.000000000000000000e+00
-2.623982921506598842e+01,-2.757917183151454843e+00,0.000000000000000000e+00
-2.662843555502797344e+01,-3.269560767155409664e+00,0.000000000000000000e+00
-2.700374662186783326e+01,-3.795129090329190991e+00,0.000000000000000000e+00
-2.736447164191549675e+01,-4.334106525781426633e+00,0.000000000000000000e+00
-2.771079900943687235e+01,-4.886161522353129172e+00,0.000000000000000000e+00
-2.804277670015602553e+01,-5.450963604056334511e+00,0.000000000000000000e+00
-2.836014446139279244e+01,-6.028134795178765160e+00,0.000000000000000000e+00
-2.866396266198794862e+01,-6.617597210263837404e+00,0.000000000000000000e+00
-2.895272088650036579e+01,-7.218724075507174653e+00,0.000000000000000000e+00
-2.922277032480250725e+01,-7.830217709130995907e+00,0.000000000000000000e+00
-2.947853187678482101e+01,-8.452832994611972239e+00,0.000000000000000000e+00
-2.971932711145084482e+01,-9.086110130276695784e+00,0.000000000000000000e+00
-2.994132965406190294e+01,-9.728527736007112736e+00,0.000000000000000000e+00
-3.014625580997521936e+01,-1.038018831266847464e+01,0.000000000000000000e+00
-3.033543414011669270e+01,-1.104119507054522487e+01,0.000000000000000000e+00
-3.050751754274031669e+01,-1.171073878287003822e+01,0.000000000000000000e+00
-3.066145800196940030e+01,-1.238803315513886361e+01,0.000000000000000000e+00
-3.079742985452920934e+01,-1.307273337722947204e+01,0.000000000000000000e+00
-3.091575830857598106e+01,-1.376458242704372203e+01,0.000000000000000000e+00
-3.101646014263754125e+01,-1.446321289337115701e+01,0.000000000000000000e+00
-3.109924391856182524e+01,-1.516811473884127004e+01,0.000000000000000000e+00
-3.116381913370044643e+01,-1.587875895206177645e+01,0.000000000000000000e+00
-3.120991153476582269e+01,-1.659460432435536958e+01,0.000000000000000000e+00
-3.123726356170305962e+01,-1.731509793486776161e+01,0.000000000000000000e+00
-3.124563477778320930e+01,-1.803967564995387463e+01,0.000000000000000000e+00
-3.123483563345863701e+01,-1.876778267394405830e+01,0.000000000000000000e+00
-3.120483085743161666e+01,-1.949894243432347096e+01,0.000000000000000000e+00
-3.115565140155583990e+01,-2.023271659118502441e+01,0.000000000000000000e+00
-3.108734189353928912e+01,-2.096867687318460938e+01,0.000000000000000000e+00
-3.099995439934756547e+01,-2.170640175458040488e+01,0.000000000000000000e+00
-3.089354795988551672e+01,-2.244547643383007696e+01,0.000000000000000000e+00
-3.076816809917417928e+01,-2.318547768537627718e+01,0.000000000000000000e+00
-3.062382638853705430e+01,-2.392595538600109251e+01,0.000000000000000000e+00
-3.046040876492506655e+01,-2.466635266242957414e+01,0.000000000000000000e+00
-3.027706018417674372e+01,-2.540547003367501233e+01,0.000000000000000000e+00
-3.007343125142266160e+01,-2.614243494748977525e+01,0.000000000000000000e+00
-2.985147359034357351e+01,-2.687838754899551219e+01,0.000000000000000000e+00
-2.961146008180331179e+01,-2.761313324884473630e+01,0.000000000000000000e+00
-2.935215874269493597e+01,-2.834505021417582427e+01,0.000000000000000000e+00
-2.907168124256759967e+01,-2.907168124256758901e+01,0.000000000000000000e+00
-2.876228734296278589e+01,-2.978422043759276150e+01,0.000000000000000000e+00
-2.841767384244175076e+01,-3.047422424032138721e+01,0.000000000000000000e+00
-2.803459752871922106e+01,-3.113557486359511017e+01,0.000000000000000000e+00
-2.761533421414624456e+01,-3.176780803480323812e+01,0.000000000000000000e+00
-2.716735927985212484e+01,-3.237679802306140431e+01,0.000000000000000000e+00
-2.668163930637951253e+01,-3.294908051114195047e+01,0.000000000000000000e+00
-2.617057419961644626e+01,-3.349680745648716851e+01,0.000000000000000000e+00
-2.562543901526619194e+01,-3.400610614695862211e+01,0.000000000000000000e+00
-2.505262473109621624e+01,-3.448197974022981782e+01,0.000000000000000000e+00
-2.445401146104720169e+01,-3.492394772494336053e+01,0.000000000000000000e+00
-2.383030626255168372e+01,-3.532988193256380782e+01,0.000000000000000000e+00
-2.318288823476167337e+01,-3.569851735273881843e+01,0.000000000000000000e+00
-2.251355926905712934e+01,-3.602922626988430466e+01,0.000000000000000000e+00
-2.182421478231489687e+01,-3.632159288061753699e+01,0.000000000000000000e+00
-2.111569846184221788e+01,-3.657346257321467675e+01,0.000000000000000000e+00
-2.038836319575513656e+01,-3.678158085696059487e+01,0.000000000000000000e+00
-1.964696993411310189e+01,-3.695057631895019767e+01,0.000000000000000000e+00
-1.889207074689456078e+01,-3.707777651860178025e+01,0.000000000000000000e+00
-1.812370626512623062e+01,-3.715910457904303144e+01,0.000000000000000000e+00
-1.734718265764483291e+01,-3.720115326066268580e+01,0.000000000000000000e+00
-1.655968024015180617e+01,-3.719365078347596665e+01,0.000000000000000000e+00
-1.576790166759193745e+01,-3.714684844767275962e+01,0.000000000000000000e+00
-1.496896481262628420e+01,-3.704948801698241567e+01,0.000000000000000000e+00
-1.416899734041711412e+01,-3.691150002919612660e+01,0.000000000000000000e+00
-1.336627008918649828e+01,-3.672352525237154452e+01,0.000000000000000000e+00
-1.256546927605205966e+01,-3.649277255461174718e+01,0.000000000000000000e+00
-1.176647582885460253e+01,-3.621348894903633919e+01,0.000000000000000000e+00
-1.097246706479281819e+01,-3.588932263010853774e+01,0.000000000000000000e+00
-1.018451665189038735e+01,-3.551763047534083029e+01,0.000000000000000000e+00
-9.405225518729498191e+00,-3.510077949254185370e+01,0.000000000000000000e+00
-8.635509153880805755e+00,-3.463513546575938307e+01,0.000000000000000000e+00
-7.879173663696658281e+00,-3.412845063359713293e+01,0.000000000000000000e+00
-7.135036768928109119e+00,-3.356770881533497430e+01,0.000000000000000000e+00
-6.407853441300734865e+00,-3.296554815519274229e+01,0.000000000000000000e+00
-5.699061283390437715e+00,-3.232098264537936672e+01,0.000000000000000000e+00
-5.009155273215212922e+00,-3.162656169350499269e+01,0.000000000000000000e+00
-4.340737886512393118e+00,-3.088595493049641760e+01,0.000000000000000000e+00
-3.696079892469941619e+00,-3.010215506974637023e+01,0.000000000000000000e+00
-3.077029098572628296e+00,-2.927597628006800790e+01,0.000000000000000000e+00
-2.485508746924128154e+00,-2.840949497631356735e+01,0.000000000000000000e+00
-1.922825630276340236e+00,-2.749768760843359061e+01,0.000000000000000000e+00
-1.390564030205078350e+00,-2.653354233338108159e+01,0.000000000000000000e+00
-8.920827291871274989e-01,-2.554590698231669421e+01,0.000000000000000000e+00
-4.276875718764989731e-01,-2.450220458275731161e+01,0.000000000000000000e+00
-4.306548104972809624e-15,-2.344375596278696605e+01,0.000000000000000000e+00
3.897956320223729398e-01,-2.233137680239985556e+01,0.000000000000000000e+00
7.400265216118535605e-01,-2.119158690895186936e+01,0.000000000000000000e+00
1.056609146756007478e+00,-2.016130355475521085e+01,0.000000000000000000e+00
1.344337526700990493e+00,-1.922492230572444782e+01,0.000000000000000000e+00
1.607137651297140035e+00,-1.836966741206338938e+01,0.000000000000000000e+00
1.848255402340662990e+00,-1.758497550235494700e+01,0.000000000000000000e+00
2.070397789961206492e+00,-1.686203684515701795e+01,0.000000000000000000e+00
2.275840398200447812e+00,-1.619344586233428629e+01,0.000000000000000000e+00
2.466510081372931484e+00,-1.557293176222962572e+01,0.000000000000000000e+00
2.644049372607750747e+00,-1.499514913704198271e+01,0.000000000000000000e+00
2.809867103825915535e+00,-1.445551309333052181e+01,0.000000000000000000e+00
2.965178589219445549e+00,-1.395006847082270163e+01,0.000000000000000000e+00
3.111037806973751429e+00,-1.347538520489269764e+01,0.000000000000000000e+00
3.248363365822803939e+00,-1.302847385283844162e+01,0.000000000000000000e+00
3.377959587380741535e+00,-1.260671680601930866e+01,0.000000000000000000e+00
3.500533802829643548e+00,-1.220781214514143187e+01,0.000000000000000000e+00
3.616710587800255450e+00,-1.182972729640578180e+01,0.000000000000000000e+00
3.727043528510956882e+00,-1.147066051003374731e+01,0.000000000000000000e+00
3.832025127207077109e+00,-1.112900905796188589e+01,0.000000000000000000e+00
3.932095041705841787e+00,-1.080334233823630186e+01,0.000000000000000000e+00
4.027646903155183367e+00,-1.049237890385744976e+01,0.000000000000000000e+00
4.119034439798517688e+00,-1.019496799071426985e+01,0.000000000000000000e+00
4.206576249069867046e+00,-9.910072608389263848e+00,0.000000000000000000e+00
4.290560143250026215e+00,-9.636755862387289540e+00,0.000000000000000000e+00
4.371246936261585780e+00,-9.374169306069171981e+00,0.000000000000000000e+00
4.448873428181457257e+00,-9.121542280500495536e+00,0.000000000000000000e+00
4.523655174567886128e+00,-8.878173168889672340e+00,0.000000000000000000e+00
4.595788877164551423e+00,-8.643421770427682560e+00,0.000000000000000000e+00
4.665454444090135766e+00,-8.416702617181909929e+00,0.000000000000000000e+00
4.732816772216845713e+00,-8.197479112393713407e+00,0.000000000000000000e+00
4.798027307821895349e+00,-7.985258404165474388e+00,0.000000000000000000e+00
4.861225427261949505e+00,-7.779586904699636207e+00,0.000000000000000000e+00
4.922539649739194445e+00,-7.580046339621503648e+00,0.000000000000000000e+00
4.982088707754843249e+00,-7.386250259785418493e+00,0.000000000000000000e+00
5.039982508205068434e+00,-7.197840973108191598e+00,0.000000000000000000e+00
5.096322980099547983e+00,-7.014486810690793384e+00,0.000000000000000000e+00
5.151204820971805987e+00,-6.835879682776732302e+00,0.000000000000000000e+00
5.204716151499460430e+00,-6.661732886051894731e+00,0.000000000000000000e+00
5.256939084538893248e+00,-6.491779127575054709e+00,0.000000000000000000e+00
5.307950229852323787e+00,-6.325768755737770199e+00,0.000000000000000000e+00
5.357821324619527203e+00,-6.163468383377328941e+00,0.000000000000000000e+00
5.406619655873054597e+00,-6.004659452734125047e+00,0.000000000000000000e+00
5.454408275592064648e+00,-5.849136766444622992e+00,0.000000000000000000e+00
5.501246300088652674e+00,-5.696707307370021844e+00,0.000000000000000000e+00
5.547189586128667749e+00,-5.547189586128670413e+00,0.000000000000000000e+00
5.592290869970963030e+00,-5.400412518587049959e+00,0.000000000000000000e+00
5.636599689713247763e+00,-5.256214245176463962e+00,0.000000000000000000e+00
5.680163022868446987e+00,-5.114441758061792243e+00,0.000000000000000000e+00
5.723025620002572644e+00,-4.974950271650724787e+00,0.000000000000000000e+00
5.765229572067876340e+00,-4.837602007574506757e+00,0.000000000000000000e+00
5.806815094745442885e+00,-4.702266147440616884e+00,0.000000000000000000e+00
5.847820667681930651e+00,-4.568818234048814375e+00,0.000000000000000000e+00
5.888282538640830843e+00,-4.437139155142360458e+00,0.000000000000000000e+00
5.928235834391228920e+00,-4.307115449730575918e+00,0.000000000000000000e+00
5.967713963953109158e+00,-4.178638303439319301e+00,0.000000000000000000e+00
6.006748817225968651e+00,-4.051603235752094356e+00,0.000000000000000000e+00
6.045371506683621554e+00,-3.925910160140217542e+00,0.000000000000000000e+00
6.083611386573703150e+00,-3.801462304396523884e+00,0.000000000000000000e+00
6.121497323613922958e+00,-3.678166671242219188e+00,0.000000000000000000e+00
6.159056883046127417e+00,-3.555933149380902769e+00,0.000000000000000000e+00
6.196316831553505544e+00,-3.434674505399248456e+00,0.000000000000000000e+00
6.233303330672418596e+00,-3.314306171325434036e+00,0.000000000000000000e+00
6.270041368352568867e+00,-3.194745646558507346e+00,0.000000000000000000e+00
6.306556098600955451e+00,-3.075912930906460563e+00,0.000000000000000000e+00
6.342871261180671461e+00,-2.957729443779805845e+00,0.000000000000000000e+00
6.379010077442003990e+00,-2.840118270349406338e+00,0.000000000000000000e+00
6.414995956478782624e+00,-2.723004229611696747e+00,0.000000000000000000e+00
6.450854374986709772e+00,-2.606314346538092241e+00,0.000000000000000000e+00
6.486604029879098121e+00,-2.489973996586383631e+00,0.000000000000000000e+00
6.522258213020292850e+00,-2.373907849737657116e+00,0.000000000000000000e+00
6.557859485487257167e+00,-2.258052104926826065e+00,0.000000000000000000e+00
6.593455769949957634e+00,-2.142343645897245352e+00,0.000000000000000000e+00
6.628969736796755718e+00,-2.026679434999705265e+00,0.000000000000000000e+00
6.664364753203103398e+00,-1.910975841994630997e+00,0.000000000000000000e+00
6.700109439275172107e+00,-1.795288913453924273e+00,0.000000000000000000e+00
6.736222317555104588e+00,-1.679528857143677278e+00,0.000000000000000000e+00
6.770824114506825531e+00,-1.563167915745535819e+00,0.000000000000000000e+00
6.802126582839705726e+00,-1.445836638492668635e+00,0.000000000000000000e+00
6.829293425070647849e+00,-1.327480167157419677e+00,0.000000000000000000e+00
6.851739247951737610e+00,-1.208146494193024889e+00,0.000000000000000000e+00
6.869391069566265884e+00,-1.088004659923622608e+00,0.000000000000000000e+00
6.882296667953507807e+00,-9.672437183836763985e-01,0.000000000000000000e+00
6.890510115330449992e+00,-8.460482589078762716e-01,0.000000000000000000e+00
6.894091568733546005e+00,-7.245982221832867332e-01,0.000000000000000000e+00
6.893099668218346743e+00,-6.030680775234142921e-01,0.000000000000000000e+00
6.887569074070929886e+00,-4.816257473904922981e-01,0.000000000000000000e+00
6.877532324761283178e+00,-3.604361960880743121e-01,0.000000000000000000e+00
6.863027105238804104e+00,-2.396621875576599725e-01,0.000000000000000000e+00
6.844096151004740669e+00,-1.194641426907582238e-01,0.000000000000000000e+00
6.820787148548296486e+00,-1.670611029827014593e-15,0.000000000000000000e+00
