7.325042691724116040e+00,0.000000000000000000e+00,0.000000000000000000e+00
7.290232889366512481e+00,1.272514884257197609e-01,0.000000000000000000e+00
7.255731332913943454e+00,2.533757213707393263e-01,0.000000000000000000e+00
7.221513307476280730e+00,3.784634755077618262e-01,0.000000000000000000e+00
7.187554730311763507e+00,5.026027879601995263e-01,0.000000000000000000e+00
7.153832196505976349e+00,6.258792179610331852e-01,0.000000000000000000e+00
7.120322911249989062e+00,7.483760944316050212e-01,0.000000000000000000e+00
7.087004625537654867e+00,8.701747510634946225e-01,0.000000000000000000e+00
7.053855574877363921e+00,9.913547503633819424e-01,0.000000000000000000e+00
7.020854420649273564e+00,1.111994098014581711e+00,0.000000000000000000e+00
6.987980193763684511e+00,1.232169448816904378e+00,0.000000000000000000e+00
6.955212240304748939e+00,1.351956305388880564e+00,0.000000000000000000e+00
6.922530168877299772e+00,1.471429210753556038e+00,0.000000000000000000e+00
6.889913799289421270e+00,1.590661935853004527e+00,0.000000000000000000e+00
6.857343112346407032e+00,1.709727663011770593e+00,0.000000000000000000e+00
6.824798200534575088e+00,1.828699166338618731e+00,0.000000000000000000e+00
6.792259230386812341e+00,1.947648993191090305e+00,0.000000000000000000e+00
6.759648874859613521e+00,2.066632056932096617e+00,0.000000000000000000e+00
6.725353107274443687e+00,2.185199688674644758e+00,0.000000000000000000e+00
6.688684984628155306e+00,2.303098936803433361e+00,0.000000000000000000e+00
6.649669439605379928e+00,2.420281743725976487e+00,0.000000000000000000e+00
6.608332312020420929e+00,2.536701106147076779e+00,0.000000000000000000e+00
6.564700309793852107e+00,2.652311089904894281e+00,0.000000000000000000e+00
6.518800969751307406e+00,2.767066843542178578e+00,0.000000000000000000e+00
6.470662618281567191e+00,2.880924610612592307e+00,0.000000000000000000e+00
6.420314331890898174e+00,2.993841740723019118e+00,0.000000000000000000e+00
6.367785897499095071e+00,3.105776699220420767e+00,0.000000000000000000e+00
6.313105947456398859e+00,3.216688145583673553e+00,0.000000000000000000e+00
6.256297568235805073e+00,3.326532424311751335e+00,0.000000000000000000e+00
6.197383412281102011e+00,3.435265720750662499e+00,0.000000000000000000e+00
6.136387068420883217e+00,3.542844725804534800e+00,0.000000000000000000e+00
6.073333050356172436e+00,3.649226656197551044e+00,0.000000000000000000e+00
6.008246784710732591e+00,3.754369274473495555e+00,0.000000000000000000e+00
5.941154396672786220e+00,3.858230777558082192e+00,0.000000000000000000e+00
5.872079830736196548e+00,3.960767857410199877e+00,0.000000000000000000e+00
5.801045675151837777e+00,4.061935911240150965e+00,0.000000000000000000e+00
5.728075600373970566e+00,4.161690527301529663e+00,0.000000000000000000e+00
5.653194428427928742e+00,4.259987557560416249e+00,0.000000000000000000e+00
5.576428152365319413e+00,4.356783162690434530e+00,0.000000000000000000e+00
5.497807583334428649e+00,4.452036798562648556e+00,0.000000000000000000e+00
5.417372553454420370e+00,4.545715311553523819e+00,0.000000000000000000e+00
5.335164429520178331e+00,4.637787682650764687e+00,0.000000000000000000e+00
5.251224931243026361e+00,4.728224165608867047e+00,0.000000000000000000e+00
5.165595969760575557e+00,4.816996170693641055e+00,0.000000000000000000e+00
5.078315794499744129e+00,4.904072557673869959e+00,0.000000000000000000e+00
4.989418508135979202e+00,4.989418508135979202e+00,0.000000000000000000e+00
4.898938756475370582e+00,5.072999587733721505e+00,0.000000000000000000e+00
4.806912005732040249e+00,5.154782026789026972e+00,0.000000000000000000e+00
4.713368904435627726e+00,5.234726492272970155e+00,0.000000000000000000e+00
4.618323377694301790e+00,5.312773308029747454e+00,0.000000000000000000e+00
4.521788470785105929e+00,5.388857655009228864e+00,0.000000000000000000e+00
4.423780279407731442e+00,5.462913688176441518e+00,0.000000000000000000e+00
4.324321887112133389e+00,5.534879614318558794e+00,0.000000000000000000e+00
4.223454233057113427e+00,5.604713069329243069e+00,0.000000000000000000e+00
4.121223365211902134e+00,5.672377330101030068e+00,0.000000000000000000e+00
4.017676455972366334e+00,5.737836622331657921e+00,0.000000000000000000e+00
3.912866628712932560e+00,5.801063338725827023e+00,0.000000000000000000e+00
3.806859261229827318e+00,5.862049198540877804e+00,0.000000000000000000e+00
3.699720727270536802e+00,5.920790827659907940e+00,0.000000000000000000e+00
3.591515562894484148e+00,5.977285661867859368e+00,0.000000000000000000e+00
3.482288190651806392e+00,6.031500072806023738e+00,0.000000000000000000e+00
3.372065640569466893e+00,6.083367449497242063e+00,0.000000000000000000e+00
3.260877801725500458e+00,6.132819181965516009e+00,0.000000000000000000e+00
3.148765860784742632e+00,6.179800957752103585e+00,0.000000000000000000e+00
3.035806637802508146e+00,6.224326011778408052e+00,0.000000000000000000e+00
2.922084034861750723e+00,6.266429435071518839e+00,0.000000000000000000e+00
2.807677689965568213e+00,6.306147340933106804e+00,0.000000000000000000e+00
2.692644617838572785e+00,6.343473193257593401e+00,0.000000000000000000e+00
2.577023912809668804e+00,6.378358007534634666e+00,0.000000000000000000e+00
2.460856855558457568e+00,6.410751284192110155e+00,0.000000000000000000e+00
2.344192194696601561e+00,6.440615121790683517e+00,0.000000000000000000e+00
2.227091956315673915e+00,6.467944685116306047e+00,0.000000000000000000e+00
2.109619748232899994e+00,6.492741968836199362e+00,0.000000000000000000e+00
1.991838727595049541e+00,6.515010917752385389e+00,0.000000000000000000e+00
1.873811981951155392e+00,6.534758970898620234e+00,0.000000000000000000e+00
1.755602042427548248e+00,6.551996020211301897e+00,0.000000000000000000e+00
1.637270416627988556e+00,6.566732970053820395e+00,0.000000000000000000e+00
1.518874656821471492e+00,6.578968932083832044e+00,0.000000000000000000e+00
1.400469650850501457e+00,6.588691686802041758e+00,0.000000000000000000e+00
1.282111089963458017e+00,6.595889756791575742e+00,0.000000000000000000e+00
1.163857127788029411e+00,6.600561769456733785e+00,0.000000000000000000e+00
1.045769031915831482e+00,6.602725809258832790e+00,0.000000000000000000e+00
9.279073294125191884e-01,6.602403716880218099e+00,0.000000000000000000e+00
8.103290229291908453e-01,6.599600283377497156e+00,0.000000000000000000e+00
6.930816797873720070e-01,6.594231698041852496e+00,0.000000000000000000e+00
5.762167617063136404e-01,6.586187724030937218e+00,0.000000000000000000e+00
4.597959617981929870e-01,6.575388595859809726e+00,0.000000000000000000e+00
3.439090389923784019e-01,6.562175381158805720e+00,0.000000000000000000e+00
2.286333779796523302e-01,6.547203320753883560e+00,0.000000000000000000e+00
1.140014108590507863e-01,6.531136453967511635e+00,0.000000000000000000e+00
3.988986320650464856e-16,6.514509037916487166e+00,0.000000000000000000e+00
-1.134159789167276527e-01,6.497597080454361240e+00,0.000000000000000000e+00
-2.263090768399301511e-01,6.480644044611094223e+00,0.000000000000000000e+00
-3.387566742741179304e-01,6.463862405704692726e+00,0.000000000000000000e+00
-4.508366478857436799e-01,6.447264437708768448e+00,0.000000000000000000e+00
-5.626198626928484714e-01,6.430774457151659185e+00,0.000000000000000000e+00
-6.741715970922234069e-01,6.414314279420729292e+00,0.000000000000000000e+00
-7.855557830588900670e-01,6.397838435730462514e+00,0.000000000000000000e+00
-8.968406501619063942e-01,6.381352807965401830e+00,0.000000000000000000e+00
-1.008095552495753111e+00,6.364864821507228321e+00,0.000000000000000000e+00
-1.119390259866829496e+00,6.348377629839895064e+00,0.000000000000000000e+00
-1.230793500283783093e+00,6.331883644715092352e+00,0.000000000000000000e+00
-1.342373165065005702e+00,6.315369210520723975e+00,0.000000000000000000e+00
-1.454196672307665583e+00,6.298817802564960822e+00,0.000000000000000000e+00
-1.566332406077304285e+00,6.282216149874175315e+00,0.000000000000000000e+00
-1.678850971773359513e+00,6.265557124994558968e+00,0.000000000000000000e+00
-1.791823485739105548e+00,6.248831104979924334e+00,0.000000000000000000e+00
-1.905321641800000743e+00,6.232026281136036516e+00,0.000000000000000000e+00
-2.019419324889267564e+00,6.215133610865264835e+00,0.000000000000000000e+00
-2.134191669888406917e+00,6.198142662735046216e+00,0.000000000000000000e+00
-2.249714449307138153e+00,6.181039649692153581e+00,0.000000000000000000e+00
-2.366066068836059522e+00,6.163812842267870629e+00,0.000000000000000000e+00
-2.483328035758595842e+00,6.146452574026212368e+00,0.000000000000000000e+00
-2.601582973309489066e+00,6.128945402557955724e+00,0.000000000000000000e+00
-2.720915828667311409e+00,6.111277009884847011e+00,0.000000000000000000e+00
-2.841416304620326905e+00,6.093436929306990102e+00,0.000000000000000000e+00
-2.963176083086911827e+00,6.075411306428986080e+00,0.000000000000000000e+00
-3.086289101758985964e+00,6.057183414138242128e+00,0.000000000000000000e+00
-3.210855556759501628e+00,6.038741022001929970e+00,0.000000000000000000e+00
-3.336978978558885256e+00,6.020069435657086743e+00,0.000000000000000000e+00
-3.464765434944383493e+00,6.001149769632154296e+00,0.000000000000000000e+00
-3.594328674944288426e+00,5.981967466533903099e+00,0.000000000000000000e+00
-3.725787289774886268e+00,5.962506047689026367e+00,0.000000000000000000e+00
-3.859263095059808801e+00,5.942744026225226683e+00,0.000000000000000000e+00
-3.994887625011487753e+00,5.922664466436593500e+00,0.000000000000000000e+00
-4.132798391058989829e+00,5.902247784457918200e+00,0.000000000000000000e+00
-4.273137627349643530e+00,5.881469373969138381e+00,0.000000000000000000e+00
-4.416060187812287374e+00,5.860309804200349859e+00,0.000000000000000000e+00
-4.561727086772135564e+00,5.838744413062505245e+00,0.000000000000000000e+00
-4.710307865968494490e+00,5.816745790089182577e+00,0.000000000000000000e+00
-4.861987050056159276e+00,5.794290534050952957e+00,0.000000000000000000e+00
-5.016955331323780243e+00,5.771346913593886185e+00,0.000000000000000000e+00
-5.175419718217352916e+00,5.747885908545968370e+00,0.000000000000000000e+00
-5.337600495869799566e+00,5.723875758383004886e+00,0.000000000000000000e+00
-5.503729870426499637e+00,5.699279119741287758e+00,0.000000000000000000e+00
-5.674062365147337417e+00,5.674062365147338305e+00,0.000000000000000000e+00
-5.848863614740124284e+00,5.648181938132062818e+00,0.000000000000000000e+00
-6.028426130074772793e+00,5.621598311961207628e+00,0.000000000000000000e+00
-6.213058294634199008e+00,5.594262815946876799e+00,0.000000000000000000e+00
-6.403097579259614314e+00,5.566127806593567762e+00,0.000000000000000000e+00
-6.598904214837227222e+00,5.537138092844117843e+00,0.000000000000000000e+00
-6.800871488358905204e+00,5.507237143084209308e+00,0.000000000000000000e+00
-7.009421887117101235e+00,5.476360570526183302e+00,0.000000000000000000e+00
-7.225018603456757837e+00,5.444442030702872692e+00,0.000000000000000000e+00
-7.448160016482518131e+00,5.411405007363660147e+00,0.000000000000000000e+00
-7.679396108079656891e+00,5.377171043775685888e+00,0.000000000000000000e+00
-7.919321125874656531e+00,5.341649547012611521e+00,0.000000000000000000e+00
-8.168590792604851103e+00,5.304744886440859730e+00,0.000000000000000000e+00
-8.427923440162210511e+00,5.266351057995591667e+00,0.000000000000000000e+00
-8.698106727995929432e+00,5.226349792951425322e+00,0.000000000000000000e+00
-8.980013371817507917e+00,5.184613137545276196e+00,0.000000000000000000e+00
-9.274607095086800257e+00,5.140998661474686315e+00,0.000000000000000000e+00
-9.582955220741160574e+00,5.095347674057687293e+00,0.000000000000000000e+00
-9.906245327168923254e+00,5.047484103127831467e+00,0.000000000000000000e+00
-1.024580357799570507e+01,4.997212301033208348e+00,0.000000000000000000e+00
-1.060311094374646856e+01,4.944311833336053397e+00,0.000000000000000000e+00
-1.097983948533252629e+01,4.888539498953358375e+00,0.000000000000000000e+00
-1.137783987703565103e+01,4.829606490667026186e+00,0.000000000000000000e+00
-1.179932052273282750e+01,4.767234938219056417e+00,0.000000000000000000e+00
-1.224642744423076124e+01,4.700963053510873735e+00,0.000000000000000000e+00
-1.272221023226557080e+01,4.630505838621579606e+00,0.000000000000000000e+00
-1.321685587463432476e+01,4.550928438506333329e+00,0.000000000000000000e+00
-1.372547126885895352e+01,4.459675955331135810e+00,0.000000000000000000e+00
-1.424895650694696592e+01,4.356343182943713366e+00,0.000000000000000000e+00
-1.477977240104034884e+01,4.238031538563705958e+00,0.000000000000000000e+00
-1.532501713369245877e+01,4.106325964966017317e+00,0.000000000000000000e+00
-1.588190583953683443e+01,3.959803864315167843e+00,0.000000000000000000e+00
-1.644763379378256118e+01,3.797235462266259187e+00,0.000000000000000000e+00
-1.702765057553483175e+01,3.619338859654257057e+00,0.000000000000000000e+00
-1.761252761530685973e+01,3.423528562559954302e+00,0.000000000000000000e+00
-1.820330609353016627e+01,3.209734002384175167e+00,0.000000000000000000e+00
-1.878224061038086035e+01,2.974814667115951661e+00,0.000000000000000000e+00
-1.936072058092757686e+01,2.720971830883336828e+00,0.000000000000000000e+00
-1.992473572100324120e+01,2.446449926609802539e+00,0.000000000000000000e+00
-2.048951792671311978e+01,2.153535112649556549e+00,0.000000000000000000e+00
-2.103623761662479552e+01,1.840432314692282079e+00,0.000000000000000000e+00
-2.158080978248636228e+01,1.509077227248598829e+00,0.000000000000000000e+00
-2.211404485604656500e+01,1.158947981870960708e+00,0.000000000000000000e+00
-2.263507718314395234e+01,7.904343127404822589e-01,0.000000000000000000e+00
-2.314998816138830406e+01,4.040845464444995927e-01,0.000000000000000000e+00
-2.365232758492575371e+01,2.896574726926397135e-15,0.000000000000000000e+00
-2.414068952161483494e+01,-4.213773030117211049e-01,0.000000000000000000e+00
-2.461964643259165797e+01,-8.597369980408609003e-01,0.000000000000000000e+00
-2.508752023775258877e+01,-1.314781223378960417e+00,0.000000000000000000e+00
-2.554361416577646793e+01,-1.786183504127827559e+00,0.000000000000000000e+00
-2.598326096654940187e+01,-2.273240776008709663e+00,0.000000000000000000e+00
-2.640985603387080971e+01,-2.775787721916591622e+00,0.000000000000000000e+00
-2.682305351428382423e+01,-3.293456847826458755e+00,0.000000000000000000e+00
-2.722233797536636857e+01,-3.825850101608601062e+00,0.000000000000000000e+00
-2.760724547743357959e+01,-4.372558123845399436e+00,0.000000000000000000e+00
-2.797737073054943835e+01,-4.933165309079166505e+00,0.000000000000000000e+00
-2.833273588112641761e+01,-5.507325959290678696e+00,0.000000000000000000e+00
-2.867283569914048158e+01,-6.094599369538758360e+00,0.000000000000000000e+00
-2.899438996936959612e+01,-6.693882365017529423e+00,0.000000000000000000e+00
-2.929938675986237584e+01,-7.305157585366409911e+00,0.000000000000000000e+00
-2.958995047282618529e+01,-7.928603333270679343e+00,0.000000000000000000e+00
-2.986410343114675214e+01,-8.563393858705110162e+00,0.000000000000000000e+00
-3.011872205082315546e+01,-9.208217417262131832e+00,0.000000000000000000e+00
-3.035680309207112515e+01,-9.863523239277911969e+00,0.000000000000000000e+00
-3.057859599359099434e+01,-1.052905497622210973e+01,0.000000000000000000e+00
-3.078161801377749285e+01,-1.120359271956734482e+01,0.000000000000000000e+00
-3.096574761523348940e+01,-1.188663682747183792e+01,0.000000000000000000e+00
-3.113170125436919733e+01,-1.257802376163040314e+01,0.000000000000000000e+00
-3.127941761512610697e+01,-1.327732504332412056e+01,0.000000000000000000e+00
-3.140850257819199953e+01,-1.398396631039817706e+01,0.000000000000000000e+00
-3.151862614262054052e+01,-1.469737674482829348e+01,0.000000000000000000e+00
-3.160959391865201340e+01,-1.541702906545984320e+01,0.000000000000000000e+00
-3.168124396444534696e+01,-1.614240007152665513e+01,0.000000000000000000e+00
-3.173342811715686906e+01,-1.687296302884387345e+01,0.000000000000000000e+00
-3.176601206609814554e+01,-1.760818801679607049e+01,0.000000000000000000e+00
-3.177887541750231648e+01,-1.834754227683854566e+01,0.000000000000000000e+00
-3.177190341028678233e+01,-1.909048555078877385e+01,0.000000000000000000e+00
-3.174497861678254296e+01,-1.983646421464435505e+01,0.000000000000000000e+00
-3.169805379588638061e+01,-2.058495682463178866e+01,0.000000000000000000e+00
-3.163111008806978575e+01,-2.133545315158345801e+01,0.000000000000000000e+00
-3.154414059514538238e+01,-2.208744503106770196e+01,0.000000000000000000e+00
-3.143715043143392762e+01,-2.284042674773882098e+01,0.000000000000000000e+00
-3.131022500322651325e+01,-2.359394686081109427e+01,0.000000000000000000e+00
-3.116362847001734693e+01,-2.434769499342005261e+01,0.000000000000000000e+00
-3.099746919284900670e+01,-2.510125562182326320e+01,0.000000000000000000e+00
-3.081070885704438922e+01,-2.585325443825649927e+01,0.000000000000000000e+00
-3.060274206485390991e+01,-2.660255781778827711e+01,0.000000000000000000e+00
-3.037560674097231939e+01,-2.735031915757220844e+01,0.000000000000000000e+00
-3.012980733057039373e+01,-2.809649987817799044e+01,0.000000000000000000e+00
-2.986439973074357113e+01,-2.883971558633047394e+01,0.000000000000000000e+00
-2.957635919028441052e+01,-2.957635919028439986e+01,0.000000000000000000e+00
-2.925491655416611891e+01,-3.029435291925254603e+01,0.000000000000000000e+00
-2.889472095057177370e+01,-3.098579463228778508e+01,0.000000000000000000e+00
-2.849569910549672969e+01,-3.164768004537168267e+01,0.000000000000000000e+00
-2.806410860098580073e+01,-3.228406391139343867e+01,0.000000000000000000e+00
-2.759884513133535222e+01,-3.289102283672011851e+01,0.000000000000000000e+00
-2.709916265088584808e+01,-3.346467890205983764e+01,0.000000000000000000e+00
-2.656740558134717389e+01,-3.400472846292503704e+01,0.000000000000000000e+00
-2.600809568165077934e+01,-3.451390869454281329e+01,0.000000000000000000e+00
-2.542000380246755498e+01,-3.498763365202481168e+01,0.000000000000000000e+00
-2.480404448336865997e+01,-3.542384668806565884e+01,0.000000000000000000e+00
-2.416201480631641019e+01,-3.582166007247158035e+01,0.000000000000000000e+00
-2.349567878639672003e+01,-3.618017256421386207e+01,0.000000000000000000e+00
-2.280694372103542378e+01,-3.649873953866895704e+01,0.000000000000000000e+00
-2.209819355317716472e+01,-3.677757012756322297e+01,0.000000000000000000e+00
-2.137175828256462395e+01,-3.701697119248285617e+01,0.000000000000000000e+00
-2.062710381214829880e+01,-3.721228033005678526e+01,0.000000000000000000e+00
-1.986658048440031976e+01,-3.736360369294463624e+01,0.000000000000000000e+00
-1.909431445608145239e+01,-3.747470214692430801e+01,0.000000000000000000e+00
-1.830765981669518183e+01,-3.753626525249701018e+01,0.000000000000000000e+00
-1.751356772593256039e+01,-3.755796719107517134e+01,0.000000000000000000e+00
-1.670883244344879870e+01,-3.752865211698985348e+01,0.000000000000000000e+00
-1.589985452559980494e+01,-3.745770990038779047e+01,0.000000000000000000e+00
-1.508507626174081118e+01,-3.733687393821688971e+01,0.000000000000000000e+00
-1.426853122387317008e+01,-3.717079466055400871e+01,0.000000000000000000e+00
-1.345166369595926881e+01,-3.695814225874552506e+01,0.000000000000000000e+00
-1.263521300096867961e+01,-3.669532303916421512e+01,0.000000000000000000e+00
-1.182377475871465755e+01,-3.638983692216439181e+01,0.000000000000000000e+00
-1.101538852015718462e+01,-3.602971238477621796e+01,0.000000000000000000e+00
-1.021624357219851653e+01,-3.562827539548199240e+01,0.000000000000000000e+00
-9.424486391899625559e+00,-3.517266204981090993e+01,0.000000000000000000e+00
-8.645807830402052474e+00,-3.467644120119145157e+01,0.000000000000000000e+00
-7.878195564662892281e+00,-3.412421402122971159e+01,0.000000000000000000e+00
-7.127222301109317648e+00,-3.353094463474513987e+01,0.000000000000000000e+00
-6.392987662145965366e+00,-3.288907035134155166e+01,0.000000000000000000e+00
-5.677029988386721016e+00,-3.219603696256214675e+01,0.000000000000000000e+00
-4.982672171023943442e+00,-3.145935396693157315e+01,0.000000000000000000e+00
-4.311515593109202626e+00,-3.067802750879672757e+01,0.000000000000000000e+00
-3.665186915359974318e+00,-2.985055196197130911e+01,0.000000000000000000e+00
-3.045528638328713456e+00,-2.897626942083165247e+01,0.000000000000000000e+00
-2.454598931057201838e+00,-2.805619416428588053e+01,0.000000000000000000e+00
-1.894737889440263778e+00,-2.709601420083184564e+01,0.000000000000000000e+00
-1.368074228365512068e+00,-2.610441135040039740e+01,0.000000000000000000e+00
-8.744707592282369157e-01,-2.504156614976281148e+01,0.000000000000000000e+00
-4.184504846103482834e-01,-2.397301220769956132e+01,0.000000000000000000e+00
-4.196845004764352714e-15,-2.284656010035633500e+01,0.000000000000000000e+00
3.788032726949221440e-01,-2.170162495829866600e+01,0.000000000000000000e+00
7.216505500830623365e-01,-2.066536793393376570e+01,0.000000000000000000e+00
1.033610695119943301e+00,-1.972246695548136586e+01,0.000000000000000000e+00
1.318844003653873997e+00,-1.886034794091984068e+01,0.000000000000000000e+00
1.580797095349891324e+00,-1.806859347990252829e+01,0.000000000000000000e+00
1.822349731279027996e+00,-1.733849950644334470e+01,0.000000000000000000e+00
2.045926813010876089e+00,-1.666273673144254630e+01,0.000000000000000000e+00
2.253584842513274733e+00,-1.603508935524293832e+01,0.000000000000000000e+00
2.447079392859513369e+00,-1.545025122319685451e+01,0.000000000000000000e+00
2.627918235740604569e+00,-1.490366491379757008e+01,0.000000000000000000e+00
2.797403688654101828e+00,-1.439139438075566346e+01,0.000000000000000000e+00
2.956666445519804842e+00,-1.391002198327716677e+01,0.000000000000000000e+00
3.106693033513828528e+00,-1.345656592347181224e+01,0.000000000000000000e+00
3.248348126570097527e+00,-1.302841273153424417e+01,0.000000000000000000e+00
3.382392835157119748e+00,-1.262326191196329361e+01,0.000000000000000000e+00
3.509499827959377427e+00,-1.223908039068270526e+01,0.000000000000000000e+00
3.630265862121804243e+00,-1.187406460091469107e+01,0.000000000000000000e+00
3.745222151363168273e+00,-1.152660855831451769e+01,0.000000000000000000e+00
3.854843366191418763e+00,-1.119527803582961845e+01,0.000000000000000000e+00
3.959554745725977210e+00,-1.087878725497652965e+01,0.000000000000000000e+00
4.059738704055226854e+00,-1.057598090344848174e+01,0.000000000000000000e+00
4.155739832485523699e+00,-1.028581702560336097e+01,0.000000000000000000e+00
4.247869710609623262e+00,-1.000735390745075115e+01,0.000000000000000000e+00
4.336410785240258470e+00,-9.739738090404470583e+00,0.000000000000000000e+00
4.421619656538819498e+00,-9.482193953308591716e+00,0.000000000000000000e+00
4.503730041173606757e+00,-9.234015004854329689e+00,0.000000000000000000e+00
4.582955322009364174e+00,-8.994556261236320793e+00,0.000000000000000000e+00
4.659490753111059647e+00,-8.763227574412489673e+00,0.000000000000000000e+00
4.733515379725944605e+00,-8.539487795337363352e+00,0.000000000000000000e+00
4.805193720788548895e+00,-8.322839664616703104e+00,0.000000000000000000e+00
4.874677251068640693e+00,-8.112825332034363512e+00,0.000000000000000000e+00
4.942105711384092714e+00,-7.909022416098953734e+00,0.000000000000000000e+00
5.007608268321448897e+00,-7.711040524896421999e+00,0.000000000000000000e+00
5.071304539596581229e+00,-7.518518169847375532e+00,0.000000000000000000e+00
5.133305497446936094e+00,-7.331120014177182398e+00,0.000000000000000000e+00
5.193714260124547621e+00,-7.148534407728748263e+00,0.000000000000000000e+00
5.252626780455257105e+00,-6.970471168907841353e+00,0.000000000000000000e+00
5.310132505134853353e+00,-6.796659665783822746e+00,0.000000000000000000e+00
5.366315118571311160e+00,-6.626847280994767608e+00,0.000000000000000000e+00
5.421252922756516490e+00,-6.460797647056941706e+00,0.000000000000000000e+00
5.475019182743569246e+00,-6.298289096757197392e+00,0.000000000000000000e+00
5.527682585465260701e+00,-6.139113457421114362e+00,0.000000000000000000e+00
5.579307997659669560e+00,-5.983075320280700993e+00,0.000000000000000000e+00
5.629956419688676661e+00,-5.829990537907456805e+00,0.000000000000000000e+00
5.679685125460312456e+00,-5.679685125460315120e+00,0.000000000000000000e+00
5.728548552249389303e+00,-5.531995032844555737e+00,0.000000000000000000e+00
5.776598229895653525e+00,-5.386764995933806865e+00,0.000000000000000000e+00
5.823882620469479576e+00,-5.243847464986619578e+00,0.000000000000000000e+00
5.870448194156721478e+00,-5.103102760217655742e+00,0.000000000000000000e+00
5.916339002317899443e+00,-4.964397874764710394e+00,0.000000000000000000e+00
5.961596724109051948e+00,-4.827605839531175391e+00,0.000000000000000000e+00
6.006261713894325283e+00,-4.692605946103245884e+00,0.000000000000000000e+00
6.050372001411282952e+00,-4.559282326292020571e+00,0.000000000000000000e+00
6.093964312613843859e+00,-4.427524237260915818e+00,0.000000000000000000e+00
6.137073954151266442e+00,-4.297225445247191189e+00,0.000000000000000000e+00
6.179734456504561990e+00,-4.168283522736937030e+00,0.000000000000000000e+00
6.221978760717862933e+00,-4.040600251923816444e+00,0.000000000000000000e+00
6.263837958594302258e+00,-3.914080365651875226e+00,0.000000000000000000e+00
6.305342730663945794e+00,-3.788632136327669375e+00,0.000000000000000000e+00
6.346522389647152096e+00,-3.664166410080775371e+00,0.000000000000000000e+00
6.387405566443876026e+00,-3.540596720779639828e+00,0.000000000000000000e+00
6.428020211576082055e+00,-3.417838973405616709e+00,0.000000000000000000e+00
6.468393260577252946e+00,-3.295810983602360356e+00,0.000000000000000000e+00
6.508551549287229676e+00,-3.174432694948205569e+00,0.000000000000000000e+00
6.548520708413383851e+00,-3.053625355919762363e+00,0.000000000000000000e+00
6.588326670870318758e+00,-2.933312022054757051e+00,0.000000000000000000e+00
6.627994163546968132e+00,-2.813416604409940458e+00,0.000000000000000000e+00
6.667548234683914110e+00,-2.693864348833206801e+00,0.000000000000000000e+00
6.707013094897002148e+00,-2.574581109642539722e+00,0.000000000000000000e+00
6.746413643732844356e+00,-2.455493754366146142e+00,0.000000000000000000e+00
6.785773472995502154e+00,-2.336529184280871085e+00,0.000000000000000000e+00
6.825115389655498355e+00,-2.217614419161400452e+00,0.000000000000000000e+00
6.864465191218327433e+00,-2.098677620760428741e+00,0.000000000000000000e+00
6.903851625578441897e+00,-1.979647597598068520e+00,0.000000000000000000e+00
6.943289259404611613e+00,-1.860448749873153229e+00,0.000000000000000000e+00
6.982786322980229166e+00,-1.741004168189338897e+00,0.000000000000000000e+00
7.022413445481546113e+00,-1.621251889494160547e+00,0.000000000000000000e+00
7.062239973968416962e+00,-1.501125446555317211e+00,0.000000000000000000e+00
7.102079249882787160e+00,-1.380504360112790874e+00,0.000000000000000000e+00
7.141339325690870155e+00,-1.259210801513703348e+00,0.000000000000000000e+00
7.178142273473011592e+00,-1.136906046553919358e+00,0.000000000000000000e+00
7.210665739250157635e+00,-1.013392981754156708e+00,0.000000000000000000e+00
7.238613446124664286e+00,-8.887899735282827063e-01,0.000000000000000000e+00
7.262043500973302201e+00,-7.632715286358742190e-01,0.000000000000000000e+00
7.281019735566325757e+00,-6.370066857705755092e-01,0.000000000000000000e+00
7.295611451112832491e+00,-5.101588499548841416e-01,0.000000000000000000e+00
7.305893158438522939e+00,-3.828856361129308605e-01,0.000000000000000000e+00
7.311944314080636609e+00,-2.553387219285042642e-01,0.000000000000000000e+00
7.313849052587298338e+00,-1.276637100881008180e-01,0.000000000000000000e+00
7.311695915310827409e+00,-1.790848999804836289e-15,0.000000000000000000e+00
