7.003995363597425694e+00,0.000000000000000000e+00,0.000000000000000000e+00
6.986672111491841974e+00,1.219528153382571506e-01,0.000000000000000000e+00
6.968580566714355662e+00,2.433481956549047587e-01,0.000000000000000000e+00
6.949676886590553160e+00,3.642171323608906497e-01,0.000000000000000000e+00
6.929915638846200210e+00,4.845869076619901406e-01,0.000000000000000000e+00
6.909249970131690510e+00,6.044810458533518283e-01,0.000000000000000000e+00
6.887631775761303921e+00,7.239192705829650132e-01,0.000000000000000000e+00
6.865011870483765044e+00,8.429174681105768840e-01,0.000000000000000000e+00
6.841340160100119583e+00,9.614876565834629130e-01,0.000000000000000000e+00
6.816565813744556834e+00,1.079637961345298880e+00,0.000000000000000000e+00
6.790637436643526925e+00,1.197372596289223212e+00,0.000000000000000000e+00
6.763503243168396573e+00,1.314691851261034383e+00,0.000000000000000000e+00
6.735111229996916471e+00,1.431592085513297974e+00,0.000000000000000000e+00
6.705409349198991897e+00,1.548065727206010544e+00,0.000000000000000000e+00
6.674345681062370694e+00,1.664101278944289497e+00,0.000000000000000000e+00
6.641868606474513825e+00,1.779683329338472175e+00,0.000000000000000000e+00
6.607926978677268970e+00,1.894792570566847356e+00,0.000000000000000000e+00
6.572470294211788300e+00,2.009405821916172563e+00,0.000000000000000000e+00
6.535448862871919395e+00,2.123496059270037151e+00,0.000000000000000000e+00
6.496813976485247721e+00,2.237032450510104464e+00,0.000000000000000000e+00
6.456518076342051771e+00,2.349980396790186887e+00,0.000000000000000000e+00
6.414514919093698531e+00,2.462301579638180637e+00,0.000000000000000000e+00
6.370759740943307214e+00,2.573954013835885402e+00,0.000000000000000000e+00
6.325209419952992462e+00,2.684892106021806502e+00,0.000000000000000000e+00
6.277822636293687530e+00,2.795066718957206930e+00,0.000000000000000000e+00
6.228560030265130720e+00,2.904425241390760082e+00,0.000000000000000000e+00
6.177384357915626900e+00,3.012911663452451094e+00,0.000000000000000000e+00
6.124260644093060257e+00,3.120466657502556806e+00,0.000000000000000000e+00
6.069156332760807793e+00,3.227027664356913572e+00,0.000000000000000000e+00
6.012045937601960155e+00,3.332531480962615866e+00,0.000000000000000000e+00
5.952947960172790154e+00,3.436936107277593244e+00,0.000000000000000000e+00
5.891904156919018476e+00,3.540213178977416941e+00,0.000000000000000000e+00
5.828956520181725054e+00,3.642336283073603020e+00,0.000000000000000000e+00
5.764146980652155250e+00,3.743280817542013583e+00,0.000000000000000000e+00
5.697517339330277153e+00,3.843023970235674547e+00,0.000000000000000000e+00
5.629109047750922024e+00,3.941544588639676938e+00,0.000000000000000000e+00
5.558953395988085688e+00,4.038816053385168914e+00,0.000000000000000000e+00
5.487066197861965478e+00,4.134800956581023534e+00,0.000000000000000000e+00
5.413462866248965000e+00,4.229460727028172329e+00,0.000000000000000000e+00
5.338159893658680488e+00,4.322756648526755896e+00,0.000000000000000000e+00
5.261174869600778514e+00,4.414649892641187456e+00,0.000000000000000000e+00
5.182528640546624210e+00,4.505103415579937653e+00,0.000000000000000000e+00
5.102256867922002392e+00,4.594092718923400653e+00,0.000000000000000000e+00
5.020400811931169827e+00,4.681599495583579795e+00,0.000000000000000000e+00
4.937001482079044656e+00,4.767606912449620538e+00,0.000000000000000000e+00
4.852099571279453016e+00,4.852099571279452128e+00,0.000000000000000000e+00
4.765735565402644980e+00,4.935063645484277117e+00,0.000000000000000000e+00
4.677950300694154961e+00,5.016487529514966681e+00,0.000000000000000000e+00
4.588784318568501774e+00,5.096361292054128356e+00,0.000000000000000000e+00
4.498277562429543686e+00,5.174676394730080453e+00,0.000000000000000000e+00
4.406469110523135946e+00,5.251425393121359697e+00,0.000000000000000000e+00
4.313388924710011452e+00,5.326591718154174870e+00,0.000000000000000000e+00
4.219056198989089346e+00,5.400145677648422904e+00,0.000000000000000000e+00
4.123490385334266151e+00,5.472056562859386908e+00,0.000000000000000000e+00
4.026711988928693309e+00,5.542293580505972983e+00,0.000000000000000000e+00
3.928744742886163710e+00,5.610828973551436505e+00,0.000000000000000000e+00
3.829618799226462311e+00,5.677643356015781961e+00,0.000000000000000000e+00
3.729365482036898438e+00,5.742719243048102662e+00,0.000000000000000000e+00
3.628016301233713214e+00,5.806039758788108962e+00,0.000000000000000000e+00
3.525602699488874059e+00,5.867588235678930175e+00,0.000000000000000000e+00
3.422155605999608330e+00,5.927347380997979975e+00,0.000000000000000000e+00
3.317706084702782388e+00,5.985300214758397352e+00,0.000000000000000000e+00
3.212285475203326968e+00,6.041430307462513305e+00,0.000000000000000000e+00
3.105926556646767978e+00,6.095724089402383861e+00,0.000000000000000000e+00
2.998664631444925011e+00,6.148173613459492870e+00,0.000000000000000000e+00
2.890535027834521209e+00,6.198772371166420214e+00,0.000000000000000000e+00
2.781572563578215362e+00,6.247514267079694150e+00,0.000000000000000000e+00
2.671807311511692262e+00,6.294383575850017287e+00,0.000000000000000000e+00
2.561265091385291015e+00,6.339353555801822360e+00,0.000000000000000000e+00
2.449972669101004197e+00,6.382397009073708993e+00,0.000000000000000000e+00
2.337958914442430203e+00,6.423489325043215459e+00,0.000000000000000000e+00
2.225259613329671371e+00,6.462623174684724248e+00,0.000000000000000000e+00
2.111912787690452209e+00,6.499799218624800368e+00,0.000000000000000000e+00
1.997955794705930099e+00,6.535018942729452718e+00,0.000000000000000000e+00
1.883423338934897995e+00,6.568277756068634510e+00,0.000000000000000000e+00
1.768346347902345350e+00,6.599558415750424345e+00,0.000000000000000000e+00
1.652756078024941511e+00,6.628842565527912178e+00,0.000000000000000000e+00
1.536685013229827090e+00,6.656114061179026820e+00,0.000000000000000000e+00
1.420169630611056277e+00,6.681372804739664772e+00,0.000000000000000000e+00
1.303247539445211212e+00,6.704627362856282247e+00,0.000000000000000000e+00
1.185955338219817801e+00,6.725886948524622433e+00,0.000000000000000000e+00
1.068326155502233865e+00,6.745145882469192777e+00,0.000000000000000000e+00
9.503895041577444802e-01,6.762372702355744281e+00,0.000000000000000000e+00
8.321765011762365383e-01,6.777533714799076847e+00,0.000000000000000000e+00
7.137211788745402297e-01,6.790603414509765123e+00,0.000000000000000000e+00
5.950629678280169310e-01,6.801600845710626508e+00,0.000000000000000000e+00
4.762408349258375195e-01,6.810561238092224023e+00,0.000000000000000000e+00
3.572910379572654116e-01,6.817519132562852135e+00,0.000000000000000000e+00
2.382460533142001791e-01,6.822474326360429053e+00,0.000000000000000000e+00
1.191376471194968700e-01,6.825391232254985674e+00,0.000000000000000000e+00
4.179862292519399692e-16,6.826233156253024070e+00,0.000000000000000000e+00
-1.191304081068062931e-01,6.824976509495658483e+00,0.000000000000000000e+00
-2.382167133309733287e-01,6.821634139169496791e+00,0.000000000000000000e+00
-3.572232607101106239e-01,6.816225865645619386e+00,0.000000000000000000e+00
-4.761156906801373156e-01,6.808771592000530504e+00,0.000000000000000000e+00
-5.948605553551581382e-01,6.799287260559111701e+00,0.000000000000000000e+00
-7.134251490909291338e-01,6.787786879259193995e+00,0.000000000000000000e+00
-8.317775511939046185e-01,6.774284527935539479e+00,0.000000000000000000e+00
-9.498836559096295318e-01,6.758773405047002747e+00,0.000000000000000000e+00
-1.067703521810363654e+00,6.741214728054054639e+00,0.000000000000000000e+00
-1.185193789079359128e+00,6.721567988729598042e+00,0.000000000000000000e+00
-1.302311533799522358e+00,6.699812031252787570e+00,0.000000000000000000e+00
-1.419031614393856833e+00,6.676018859379166059e+00,0.000000000000000000e+00
-1.535340265956968375e+00,6.650289320809632976e+00,0.000000000000000000e+00
-1.651232534177162981e+00,6.622731964911838354e+00,0.000000000000000000e+00
-1.766773205620597365e+00,6.593687368827402473e+00,0.000000000000000000e+00
-1.882123227477752847e+00,6.563743728594386262e+00,0.000000000000000000e+00
-1.997488224575632243e+00,6.533489589744445603e+00,0.000000000000000000e+00
-2.113079501755259937e+00,6.503389995294654113e+00,0.000000000000000000e+00
-2.228982052250039203e+00,6.473433922288748477e+00,0.000000000000000000e+00
-2.345236386857679545e+00,6.443484016174820361e+00,0.000000000000000000e+00
-2.461875789390831848e+00,6.413405697576476605e+00,0.000000000000000000e+00
-2.578955843608650156e+00,6.383139704056902453e+00,0.000000000000000000e+00
-2.696560447812101469e+00,6.352698310564900197e+00,0.000000000000000000e+00
-2.814776940154835483e+00,6.322092517925351096e+00,0.000000000000000000e+00
-2.933692095344127004e+00,6.291323001109669910e+00,0.000000000000000000e+00
-3.053385437927039092e+00,6.260367893204088041e+00,0.000000000000000000e+00
-3.173934838884373111e+00,6.229197858583269465e+00,0.000000000000000000e+00
-3.295418681045001907e+00,6.197781127838041471e+00,0.000000000000000000e+00
-3.417922598863520456e+00,6.166095592171205730e+00,0.000000000000000000e+00
-3.541537116092034587e+00,6.134122221962363675e+00,0.000000000000000000e+00
-3.666353793751340628e+00,6.101837393978338575e+00,0.000000000000000000e+00
-3.792467879943400622e+00,6.069217298552534778e+00,0.000000000000000000e+00
-3.919979015289257518e+00,6.036238344532315558e+00,0.000000000000000000e+00
-4.048988138679016302e+00,6.002871776376561108e+00,0.000000000000000000e+00
-4.179600717241297225e+00,5.969088433306074748e+00,0.000000000000000000e+00
-4.311930045814940549e+00,5.934862557396123783e+00,0.000000000000000000e+00
-4.446091627314003425e+00,5.900162870476908239e+00,0.000000000000000000e+00
-4.582206060507020062e+00,5.864956304130372722e+00,0.000000000000000000e+00
-4.720403507111534225e+00,5.829212868630120781e+00,0.000000000000000000e+00
-4.860817029357535013e+00,5.792896157679956914e+00,0.000000000000000000e+00
-5.003586893393229929e+00,5.755968284944686708e+00,0.000000000000000000e+00
-5.148864891544717715e+00,5.718393785714217969e+00,0.000000000000000000e+00
-5.296806335253707587e+00,5.680129376986586820e+00,0.000000000000000000e+00
-5.447578087355025467e+00,5.641132246197384070e+00,0.000000000000000000e+00
-5.601358882228770320e+00,5.601358882228771208e+00,0.000000000000000000e+00
-5.758332791240998283e+00,5.560757338104917125e+00,0.000000000000000000e+00
-5.918702030360203814e+00,5.519278933664498510e+00,0.000000000000000000e+00
-6.082677971658132954e+00,5.476867845842368077e+00,0.000000000000000000e+00
-6.250485682032596024e+00,5.433464308301148016e+00,0.000000000000000000e+00
-6.422370201287913360e+00,5.389008467184644324e+00,0.000000000000000000e+00
-6.598586363960954770e+00,5.343429879193882570e+00,0.000000000000000000e+00
-6.779415862750168387e+00,5.296660169678345298e+00,0.000000000000000000e+00
-6.965153246538288379e+00,5.248619438515550684e+00,0.000000000000000000e+00
-7.156121849114560618e+00,5.199226858970092735e+00,0.000000000000000000e+00
-7.352665175777476136e+00,5.148391582011412559e+00,0.000000000000000000e+00
-7.555157720632518448e+00,5.096018228654449977e+00,0.000000000000000000e+00
-7.764001471732449922e+00,5.042001509339698373e+00,0.000000000000000000e+00
-7.979635161832985268e+00,4.986229452047459709e+00,0.000000000000000000e+00
-8.202531101864552809e+00,4.928577915459153580e+00,0.000000000000000000e+00
-8.433208523928337641e+00,4.868915211422271128e+00,0.000000000000000000e+00
-8.672226460442935547e+00,4.807093623271729399e+00,0.000000000000000000e+00
-8.920203219075721890e+00,4.742956183919648794e+00,0.000000000000000000e+00
-9.177809697405457712e+00,4.676327611444844656e+00,0.000000000000000000e+00
-9.445784342767639785e+00,4.607016848532944131e+00,0.000000000000000000e+00
-9.724941524287853412e+00,4.534814707884971874e+00,0.000000000000000000e+00
-1.001617553634498314e+01,4.459488665866402357e+00,0.000000000000000000e+00
-1.032047648228403425e+01,4.380782358013068922e+00,0.000000000000000000e+00
-1.063894380372627957e+01,4.298412311891858018e+00,0.000000000000000000e+00
-1.097279843963873347e+01,4.212062684670038415e+00,0.000000000000000000e+00
-1.132340161156824898e+01,4.121381137252790872e+00,0.000000000000000000e+00
-1.169227638760457211e+01,4.025973622466995749e+00,0.000000000000000000e+00
-1.208113259867288392e+01,3.925397934110256948e+00,0.000000000000000000e+00
-1.249189627354562937e+01,3.819155960422009333e+00,0.000000000000000000e+00
-1.292674496533412665e+01,3.706684471690469884e+00,0.000000000000000000e+00
-1.338815052201804079e+01,3.587344120521051671e+00,0.000000000000000000e+00
-1.387893097949623211e+01,3.460406142716144995e+00,0.000000000000000000e+00
-1.440231346975208915e+01,3.325036058784994086e+00,0.000000000000000000e+00
-1.496201002447767259e+01,3.180273406475377040e+00,0.000000000000000000e+00
-1.556231372832324844e+01,3.025007353409635780e+00,0.000000000000000000e+00
-1.620821557268265778e+01,2.857945714603055354e+00,0.000000000000000000e+00
-1.690557184632375964e+01,2.677579535246228382e+00,0.000000000000000000e+00
-1.766090676101815760e+01,2.482078577794606389e+00,0.000000000000000000e+00
-1.846496344914650933e+01,2.267212429191638012e+00,0.000000000000000000e+00
-1.925615412113414848e+01,2.023903353059814059e+00,0.000000000000000000e+00
-2.003054368080188397e+01,1.752445496331008767e+00,0.000000000000000000e+00
-2.078770627133221893e+01,1.453618027172385085e+00,0.000000000000000000e+00
-2.152803808681939302e+01,1.128236668450934621e+00,0.000000000000000000e+00
-2.225248359307254731e+01,7.770738501725785730e-01,0.000000000000000000e+00
-2.296098053992928456e+01,4.007854061400044077e-01,0.000000000000000000e+00
-2.364096029806333732e+01,2.895182635779292575e-15,0.000000000000000000e+00
-2.430288137368605206e+01,-4.242083723204519985e-01,0.000000000000000000e+00
-2.495222049184280166e+01,-8.713507401029048083e-01,0.000000000000000000e+00
-2.556626290680037172e+01,-1.339871063511790528e+00,0.000000000000000000e+00
-2.617204886573500033e+01,-1.830127939210604016e+00,0.000000000000000000e+00
-2.674249251435286467e+01,-2.339664929432752949e+00,0.000000000000000000e+00
-2.729921927901384038e+01,-2.869263565670749472e+00,0.000000000000000000e+00
-2.782949114705989757e+01,-3.417031850643027724e+00,0.000000000000000000e+00
-2.833244764865693099e+01,-3.981865841704055775e+00,0.000000000000000000e+00
-2.881402051176428714e+01,-4.563692512255490996e+00,0.000000000000000000e+00
-2.927156259703567187e+01,-5.161366253354137790e+00,0.000000000000000000e+00
-2.970381718539866256e+01,-5.773837167068064602e+00,0.000000000000000000e+00
-3.010987190582756057e+01,-6.400050844627494406e+00,0.000000000000000000e+00
-3.048945933845374157e+01,-7.039046325865221831e+00,0.000000000000000000e+00
-3.084263954149745857e+01,-7.689933719293668979e+00,0.000000000000000000e+00
-3.117059044081335983e+01,-8.352134536217198146e+00,0.000000000000000000e+00
-3.147272673072161453e+01,-9.024659167282308658e+00,0.000000000000000000e+00
-3.174767061523055389e+01,-9.706236971919512513e+00,0.000000000000000000e+00
-3.199626073470443544e+01,-1.039621531850904468e+01,0.000000000000000000e+00
-3.221773131785933941e+01,-1.109345453028621087e+01,0.000000000000000000e+00
-3.241102463762176455e+01,-1.179664823016284636e+01,0.000000000000000000e+00
-3.257674115361806599e+01,-1.250503930753212600e+01,0.000000000000000000e+00
-3.271570976022782418e+01,-1.321800473994325031e+01,0.000000000000000000e+00
-3.282803288032445010e+01,-1.393467322339857617e+01,0.000000000000000000e+00
-3.291352241448342397e+01,-1.465404431347347192e+01,0.000000000000000000e+00
-3.297202240486750924e+01,-1.537510655224790668e+01,0.000000000000000000e+00
-3.300341078346749413e+01,-1.609683897292304877e+01,0.000000000000000000e+00
-3.300759979695559565e+01,-1.681821212327599113e+01,0.000000000000000000e+00
-3.298455709540333203e+01,-1.753820010680250618e+01,0.000000000000000000e+00
-3.293443818890904140e+01,-1.825585719262401696e+01,0.000000000000000000e+00
-3.285773090101599081e+01,-1.897041978066187085e+01,0.000000000000000000e+00
-3.275500909228344426e+01,-1.968119503944279458e+01,0.000000000000000000e+00
-3.262685821438576994e+01,-2.038752374726074379e+01,0.000000000000000000e+00
-3.247342065233981856e+01,-2.108848594872633342e+01,0.000000000000000000e+00
-3.229344058238292803e+01,-2.178220071096212607e+01,0.000000000000000000e+00
-3.208655317577465382e+01,-2.246724640884410107e+01,0.000000000000000000e+00
-3.185679333008836878e+01,-2.314531516018671553e+01,0.000000000000000000e+00
-3.160435212747187705e+01,-2.381558754653127252e+01,0.000000000000000000e+00
-3.132480739058221531e+01,-2.447362176735325079e+01,0.000000000000000000e+00
-3.102204483226169174e+01,-2.512115658222521120e+01,0.000000000000000000e+00
-3.069690129868131834e+01,-2.575775855800885950e+01,0.000000000000000000e+00
-3.034904299305129172e+01,-2.638202057927397348e+01,0.000000000000000000e+00
-2.997915813248072325e+01,-2.699335522713012026e+01,0.000000000000000000e+00
-2.958779620581219660e+01,-2.759106632748653354e+01,0.000000000000000000e+00
-2.917616052373809055e+01,-2.817509070974316288e+01,0.000000000000000000e+00
-2.874057833291507080e+01,-2.874057833291506014e+01,0.000000000000000000e+00
-2.828177059000374882e+01,-2.928663077361946421e+01,0.000000000000000000e+00
-2.780202437365966261e+01,-2.981402101365616275e+01,0.000000000000000000e+00
-2.729391296992145755e+01,-3.031296132305357460e+01,0.000000000000000000e+00
-2.676761731357342100e+01,-3.079262129411694815e+01,0.000000000000000000e+00
-2.621531850583971490e+01,-3.124220001033594585e+01,0.000000000000000000e+00
-2.564612920208241320e+01,-3.167033202778214829e+01,0.000000000000000000e+00
-2.505562787057718310e+01,-3.206974123228897611e+01,0.000000000000000000e+00
-2.444530749350537491e+01,-3.244001872217491211e+01,0.000000000000000000e+00
-2.381866993056524962e+01,-3.278358666210037597e+01,0.000000000000000000e+00
-2.317611800584505843e+01,-3.309892673406762498e+01,0.000000000000000000e+00
-2.251824135568199026e+01,-3.338466571348349277e+01,0.000000000000000000e+00
-2.184598046258030379e+01,-3.363985991450532254e+01,0.000000000000000000e+00
-2.116048778655483531e+01,-3.386385925617511816e+01,0.000000000000000000e+00
-2.046299048851541258e+01,-3.405613521756998097e+01,0.000000000000000000e+00
-1.975473238614067739e+01,-3.421620018272197683e+01,0.000000000000000000e+00
-1.903697789549634578e+01,-3.434361723952191880e+01,0.000000000000000000e+00
-1.831103381211210746e+01,-3.443804589829078111e+01,0.000000000000000000e+00
-1.757825433325293574e+01,-3.449926662288363133e+01,0.000000000000000000e+00
-1.684001649415609947e+01,-3.452715051022693160e+01,0.000000000000000000e+00
-1.609767308550985376e+01,-3.452157133597628302e+01,0.000000000000000000e+00
-1.535250124490755752e+01,-3.448228236747264219e+01,0.000000000000000000e+00
-1.460567172000863678e+01,-3.440880627602741981e+01,0.000000000000000000e+00
-1.385756723708519900e+01,-3.429868248884192639e+01,0.000000000000000000e+00
-1.311011375686321756e+01,-3.415301398489609142e+01,0.000000000000000000e+00
-1.236507546888721976e+01,-3.397276564061984061e+01,0.000000000000000000e+00
-1.162383124716155791e+01,-3.375805714827473025e+01,0.000000000000000000e+00
-1.088766200373922644e+01,-3.350877810723673633e+01,0.000000000000000000e+00
-1.015780886515603143e+01,-3.322469572465697496e+01,0.000000000000000000e+00
-9.435522948406749322e+00,-3.290557901546608832e+01,0.000000000000000000e+00
-8.722092503669051311e+00,-3.255129237200855385e+01,0.000000000000000000e+00
-8.018842039095513741e+00,-3.216181875943997426e+01,0.000000000000000000e+00
-7.327112178393064390e+00,-3.173720962888314290e+01,0.000000000000000000e+00
-6.648242449035756785e+00,-3.127752160084632749e+01,0.000000000000000000e+00
-5.983583893355094219e+00,-3.078287054845510440e+01,0.000000000000000000e+00
-5.334553626224105116e+00,-3.025375699618049552e+01,0.000000000000000000e+00
-4.702698452903494974e+00,-2.969166948007939055e+01,0.000000000000000000e+00
-4.089655405761097207e+00,-2.909941024913752017e+01,0.000000000000000000e+00
-3.496542462058132017e+00,-2.847705311112471094e+01,0.000000000000000000e+00
-2.923030323257217233e+00,-2.781077580621325041e+01,0.000000000000000000e+00
-2.372970547677891950e+00,-2.712317747287051262e+01,0.000000000000000000e+00
-1.845984018102576396e+00,-2.639880135810890849e+01,0.000000000000000000e+00
-1.344190659081846873e+00,-2.564868570030796135e+01,0.000000000000000000e+00
-8.681423021420665576e-01,-2.486034284975318087e+01,0.000000000000000000e+00
-4.198442249702852846e-01,-2.405285953944359179e+01,0.000000000000000000e+00
-4.264821870095233858e-15,-2.321660891975585272e+01,0.000000000000000000e+00
3.900034019435147381e-01,-2.234327993321009487e+01,0.000000000000000000e+00
7.489111397640595413e-01,-2.144600908468042633e+01,0.000000000000000000e+00
1.075959981528753051e+00,-2.053053947807561386e+01,0.000000000000000000e+00
1.372336264411364359e+00,-1.962532290932972145e+01,0.000000000000000000e+00
1.639490767751542011e+00,-1.873946522529453773e+01,0.000000000000000000e+00
1.882430146842879681e+00,-1.791012647667897895e+01,0.000000000000000000e+00
2.105560198045651088e+00,-1.714841167783854559e+01,0.000000000000000000e+00
2.311329384902067297e+00,-1.644596312378908465e+01,0.000000000000000000e+00
2.501799673757805653e+00,-1.579574147960189556e+01,0.000000000000000000e+00
2.678720028049901281e+00,-1.519177619492528208e+01,0.000000000000000000e+00
2.843583665889821255e+00,-1.462896976810110239e+01,0.000000000000000000e+00
2.997673203984628554e+00,-1.410294361384288564e+01,0.000000000000000000e+00
3.142096575713837936e+00,-1.360991551237535191e+01,0.000000000000000000e+00
3.277815841151807685e+00,-1.314660127933344391e+01,0.000000000000000000e+00
3.405670440604177784e+00,-1.271013511817025510e+01,0.000000000000000000e+00
3.526396228840794844e+00,-1.229800514316548821e+01,0.000000000000000000e+00
3.640640957965077362e+00,-1.190800001032068423e+01,0.000000000000000000e+00
3.748977147562572831e+00,-1.153816524829957757e+01,0.000000000000000000e+00
3.851912739051366774e+00,-1.118676687661106683e+01,0.000000000000000000e+00
3.949899980626742746e+00,-1.085226100587624387e+01,0.000000000000000000e+00
4.043342901565806002e+00,-1.053326837767641067e+01,0.000000000000000000e+00
4.132603621045660702e+00,-1.022855289283069702e+01,0.000000000000000000e+00
4.218007645083575952e+00,-9.937003289732828648e+00,0.000000000000000000e+00
4.299848420947476768e+00,-9.657617675661999357e+00,0.000000000000000000e+00
4.378391308281056382e+00,-9.389490461307621771e+00,0.000000000000000000e+00
4.453876727411230085e+00,-9.131800564131868470e+00,0.000000000000000000e+00
4.526523255403582802e+00,-8.883802094468448374e+00,0.000000000000000000e+00
4.596529935805385492e+00,-8.644815499025872541e+00,0.000000000000000000e+00
4.664078468066391814e+00,-8.414220290724966134e+00,0.000000000000000000e+00
4.729335196478642978e+00,-8.191448846324746569e+00,0.000000000000000000e+00
4.792452622805189577e+00,-7.975980570271603121e+00,0.000000000000000000e+00
4.853570865580873139e+00,-7.767337045336735635e+00,0.000000000000000000e+00
4.912818945354588962e+00,-7.565077767516050322e+00,0.000000000000000000e+00
4.970315907810717526e+00,-7.368796366098148809e+00,0.000000000000000000e+00
5.026171792795548932e+00,-7.178117227424404057e+00,0.000000000000000000e+00
5.080488495969248675e+00,-6.992692513013862410e+00,0.000000000000000000e+00
5.133360544916152790e+00,-6.812199528641514235e+00,0.000000000000000000e+00
5.184875788346015035e+00,-6.636338379253971631e+00,0.000000000000000000e+00
5.235116009787070368e+00,-6.464829874617175953e+00,0.000000000000000000e+00
5.284157475325764963e+00,-6.297413655053032855e+00,0.000000000000000000e+00
5.332071423122651588e+00,-6.133846510206270253e+00,0.000000000000000000e+00
5.378924504056429967e+00,-5.973900870526486884e+00,0.000000000000000000e+00
5.424779192908724568e+00,-5.817363465268274858e+00,0.000000000000000000e+00
5.469694147243725268e+00,-5.664034096633746351e+00,0.000000000000000000e+00
5.513724525028786516e+00,-5.513724525028789181e+00,0.000000000000000000e+00
5.556922269676946691e+00,-5.366257458302480465e+00,0.000000000000000000e+00
5.599336363359051383e+00,-5.221465631191504642e+00,0.000000000000000000e+00
5.641013059219849524e+00,-5.079190972458481390e+00,0.000000000000000000e+00
5.681996180344976111e+00,-4.939283923896345740e+00,0.000000000000000000e+00
5.722327309853865174e+00,-4.801602735174058445e+00,0.000000000000000000e+00
5.762045897651391080e+00,-4.666012766454894489e+00,0.000000000000000000e+00
5.801189402693224473e+00,-4.532385896967311645e+00,0.000000000000000000e+00
5.839793553161790385e+00,-4.400600083749254487e+00,0.000000000000000000e+00
5.877892547913313059e+00,-4.270538911104812207e+00,0.000000000000000000e+00
5.915519009383519489e+00,-4.142091002793179655e+00,0.000000000000000000e+00
5.952704094970224347e+00,-4.015149610300210448e+00,0.000000000000000000e+00
5.989477850347698862e+00,-3.889612395304097969e+00,0.000000000000000000e+00
6.025869169819904947e+00,-3.765380962835769729e+00,0.000000000000000000e+00
6.061905737025558238e+00,-3.642360433635899231e+00,0.000000000000000000e+00
6.097614360508307740e+00,-3.520459292454003464e+00,0.000000000000000000e+00
6.133021064960762381e+00,-3.399589089058249858e+00,0.000000000000000000e+00
6.168150887589596287e+00,-3.279664002842510140e+00,0.000000000000000000e+00
6.203028207275918859e+00,-3.160600735538884987e+00,0.000000000000000000e+00
6.237676878299314609e+00,-3.042318290490343191e+00,0.000000000000000000e+00
6.272119956249819772e+00,-2.924737568466090565e+00,0.000000000000000000e+00
6.306380070871633770e+00,-2.807781308010130594e+00,0.000000000000000000e+00
6.340479503243336978e+00,-2.691373871819989549e+00,0.000000000000000000e+00
6.374439893459764583e+00,-2.575440891967609947e+00,0.000000000000000000e+00
6.408282677926156801e+00,-2.459909246396298155e+00,0.000000000000000000e+00
6.442029148834238050e+00,-2.344706858450900544e+00,0.000000000000000000e+00
6.475700061841566324e+00,-2.229762346673650697e+00,0.000000000000000000e+00
6.509315723368850115e+00,-2.115004887521089394e+00,0.000000000000000000e+00
6.542897698316213706e+00,-2.000364572020512988e+00,0.000000000000000000e+00
6.576467196324836451e+00,-1.885771623140315878e+00,0.000000000000000000e+00
6.610037832285682313e+00,-1.771154299100116791e+00,0.000000000000000000e+00
6.643639020061073985e+00,-1.656445248482854682e+00,0.000000000000000000e+00
6.677146039652733123e+00,-1.541540628055846573e+00,0.000000000000000000e+00
6.709107093516873732e+00,-1.426064735673906014e+00,0.000000000000000000e+00
6.738087810715928327e+00,-1.309751591644053859e+00,0.000000000000000000e+00
6.764064038448082350e+00,-1.192686989218263216e+00,0.000000000000000000e+00
6.787104189227811446e+00,-1.074971698435164491e+00,0.000000000000000000e+00
6.807113597010648220e+00,-9.566774268378779311e-01,0.000000000000000000e+00
6.823998360290594256e+00,-8.378816422704259415e-01,0.000000000000000000e+00
6.837735561544283414e+00,-7.186749671450323174e-01,0.000000000000000000e+00
6.848326612088020404e+00,-5.991509426806008731e-01,0.000000000000000000e+00
6.855775596110794012e+00,-4.794025308361438142e-01,0.000000000000000000e+00
6.860089231879723748e+00,-3.595220423263239540e-01,0.000000000000000000e+00
6.861276839207882894e+00,-2.396010669210449084e-01,0.000000000000000000e+00
6.859350742423448999e+00,-1.197304125744252379e-01,0.000000000000000000e+00
6.854327546646450386e+00,-1.678826058061621265e-15,0.000000000000000000e+00
