7.062806162556814371e+00,0.000000000000000000e+00,0.000000000000000000e+00
7.040873308878557779e+00,1.228989007578294157e-01,0.000000000000000000e+00
7.018304481278510920e+00,2.450845930136269779e-01,0.000000000000000000e+00
6.995054562090055050e+00,3.665952755628460458e-01,0.000000000000000000e+00
6.971076600536537882e+00,4.874651624895243729e-01,0.000000000000000000e+00
6.946321995269958194e+00,6.077244277868985023e-01,0.000000000000000000e+00
6.920740678285384639e+00,7.273991564632442675e-01,0.000000000000000000e+00
6.894281300011392055e+00,8.465113021630049639e-01,0.000000000000000000e+00
6.866891415376346508e+00,9.650786513276778944e-01,0.000000000000000000e+00
6.838517670649771674e+00,1.083114793915315621e+00,0.000000000000000000e+00
6.809105990857879043e+00,1.200629100691890550e+00,0.000000000000000000e+00
6.778601767572109082e+00,1.317626707102151240e+00,0.000000000000000000e+00
6.746950046869516271e+00,1.434108503721978733e+00,0.000000000000000000e+00
6.714095717264104479e+00,1.550071133288654091e+00,0.000000000000000000e+00
6.679983697408322207e+00,1.665506994299823074e+00,0.000000000000000000e+00
6.644559123364538245e+00,1.780404251166376461e+00,0.000000000000000000e+00
6.607767535246773072e+00,1.894746850898863189e+00,0.000000000000000000e+00
6.569555063033803322e+00,2.008514546301517267e+00,0.000000000000000000e+00
6.529868611355557739e+00,2.121682925642437212e+00,0.000000000000000000e+00
6.488656043055723188e+00,2.234223448762940212e+00,0.000000000000000000e+00
6.445866361334764427e+00,2.346103489583647672e+00,0.000000000000000000e+00
6.401449889551027006e+00,2.457286384680073876e+00,0.000000000000000000e+00
6.355358434656602995e+00,2.567731482183937430e+00,0.000000000000000000e+00
6.307545464817706282e+00,2.677394201912221217e+00,0.000000000000000000e+00
6.257966299421776846e+00,2.786226108196682816e+00,0.000000000000000000e+00
6.206578282001355085e+00,2.894174983835726689e+00,0.000000000000000000e+00
6.153340949926342951e+00,3.001184909835891812e+00,0.000000000000000000e+00
6.098216201348226839e+00,3.107196351106163323e+00,0.000000000000000000e+00
6.041168469440893141e+00,3.212146253457662581e+00,0.000000000000000000e+00
5.982181597887019642e+00,3.315977407142964406e+00,0.000000000000000000e+00
5.921291940550660549e+00,3.418659495827284900e+00,0.000000000000000000e+00
5.858545507966665511e+00,3.520169280517983612e+00,0.000000000000000000e+00
5.793988089113718765e+00,3.620485582214851839e+00,0.000000000000000000e+00
5.727665172881798661e+00,3.719589254562372105e+00,0.000000000000000000e+00
5.659621856703428655e+00,3.817463144454011026e+00,0.000000000000000000e+00
5.589894416838246727e+00,3.914086208466509564e+00,0.000000000000000000e+00
5.518496759756714276e+00,4.009422586623036189e+00,0.000000000000000000e+00
5.445440111976918018e+00,4.103433450972419294e+00,0.000000000000000000e+00
5.370736895423188884e+00,4.196079540143447417e+00,0.000000000000000000e+00
5.294400757204684282e+00,4.287321198519909338e+00,0.000000000000000000e+00
5.216450307592729096e+00,4.377121529155667545e+00,0.000000000000000000e+00
5.136921815233455035e+00,4.465458007181299038e+00,0.000000000000000000e+00
5.055856244771387509e+00,4.552313410180646613e+00,0.000000000000000000e+00
4.973294290031416764e+00,4.637671953256586654e+00,0.000000000000000000e+00
4.889276232448060533e+00,4.721519174606114255e+00,0.000000000000000000e+00
4.803834127451517944e+00,4.803834127451517055e+00,0.000000000000000000e+00
4.716986573328362908e+00,4.884582586424621731e+00,0.000000000000000000e+00
4.628751924221223391e+00,4.963728730001380818e+00,0.000000000000000000e+00
4.539149769665473677e+00,5.041236540874523442e+00,0.000000000000000000e+00
4.448207778169310345e+00,5.117077696760735428e+00,0.000000000000000000e+00
4.355984270788928470e+00,5.191259903996575886e+00,0.000000000000000000e+00
4.262543981770352985e+00,5.263803442693803625e+00,0.000000000000000000e+00
4.167949058684918384e+00,5.334731521070781746e+00,0.000000000000000000e+00
4.072253031961303726e+00,5.404062298392262598e+00,0.000000000000000000e+00
3.975475552111693123e+00,5.471772675201690639e+00,0.000000000000000000e+00
3.877626484693265319e+00,5.537824535005119841e+00,0.000000000000000000e+00
3.778717468450218941e+00,5.602179029761567008e+00,0.000000000000000000e+00
3.678766617032101394e+00,5.664803823618432155e+00,0.000000000000000000e+00
3.577810619346669885e+00,5.725693872510221993e+00,0.000000000000000000e+00
3.475889594779726366e+00,5.784851735507554160e+00,0.000000000000000000e+00
3.373042568525713936e+00,5.842281104779161183e+00,0.000000000000000000e+00
3.269303072385678632e+00,5.897978869039350869e+00,0.000000000000000000e+00
3.164696579410625876e+00,5.951928611688572346e+00,0.000000000000000000e+00
3.059248242808873197e+00,6.004112740284866412e+00,0.000000000000000000e+00
2.952983685783895584e+00,6.054513795083710015e+00,0.000000000000000000e+00
2.845928553391029681e+00,6.103113478022820004e+00,0.000000000000000000e+00
2.738108789743381344e+00,6.149893032714001784e+00,0.000000000000000000e+00
2.629550992310179414e+00,6.194833926288128900e+00,0.000000000000000000e+00
2.520283617149883693e+00,6.237920847688147141e+00,0.000000000000000000e+00
2.410338416945054796e+00,6.279146252194927946e+00,0.000000000000000000e+00
2.299747488121952177e+00,6.318504294062547544e+00,0.000000000000000000e+00
2.188542985558733722e+00,6.355990344920794399e+00,0.000000000000000000e+00
2.076758783466670533e+00,6.391606318559477806e+00,0.000000000000000000e+00
1.964429111702010733e+00,6.425358103836995127e+00,0.000000000000000000e+00
1.851587218208717633e+00,6.457252008812290889e+00,0.000000000000000000e+00
1.738260587893012410e+00,6.487276830811269157e+00,0.000000000000000000e+00
1.624470441954567246e+00,6.515395075683920290e+00,0.000000000000000000e+00
1.510239747396803001e+00,6.541567030234251234e+00,0.000000000000000000e+00
1.395596240434956226e+00,6.565764093425223713e+00,0.000000000000000000e+00
1.280577132641592453e+00,6.587998230491046492e+00,0.000000000000000000e+00
1.165220056520773761e+00,6.608291322400180690e+00,0.000000000000000000e+00
1.049560436154185927e+00,6.626663793511487377e+00,0.000000000000000000e+00
9.336291769259043027e-01,6.643116777433056619e+00,0.000000000000000000e+00
8.174556011907175845e-01,6.657641605585443934e+00,0.000000000000000000e+00
7.010694208895417168e-01,6.670229978053868969e+00,0.000000000000000000e+00
5.845008684882653238e-01,6.680875497830304433e+00,0.000000000000000000e+00
4.677805628916889558e-01,6.689573711290872637e+00,0.000000000000000000e+00
3.509392979051734751e-01,6.696320712423967869e+00,0.000000000000000000e+00
2.340081612159551905e-01,6.701116974849419705e+00,0.000000000000000000e+00
1.170182471724853790e-01,6.703970890610462696e+00,0.000000000000000000e+00
4.105562353238610238e-16,6.704892147020777848e+00,0.000000000000000000e+00
-1.170164722456512041e-01,6.703869205120196462e+00,0.000000000000000000e+00
-2.339975023368449647e-01,6.700811744487574551e+00,0.000000000000000000e+00
-3.509021590665320489e-01,6.695612061167471651e+00,0.000000000000000000e+00
-4.676862512035949715e-01,6.688224991315345314e+00,0.000000000000000000e+00
-5.843419797614076705e-01,6.679059391371994892e+00,0.000000000000000000e+00
-7.009112076176444717e-01,6.668724679323551285e+00,0.000000000000000000e+00
-8.174765380111774782e-01,6.657812122304377134e+00,0.000000000000000000e+00
-9.341265579915052353e-01,6.646655827607737876e+00,0.000000000000000000e+00
-1.050939661399376446e+00,6.635371878992383010e+00,0.000000000000000000e+00
-1.168001331031655265e+00,6.624064713969114671e+00,0.000000000000000000e+00
-1.285395343639848198e+00,6.612785777231918516e+00,0.000000000000000000e+00
-1.403193480686110828e+00,6.601506298659757910e+00,0.000000000000000000e+00
-1.521464732767317196e+00,6.590187783555829348e+00,0.000000000000000000e+00
-1.640279119173934319e+00,6.578800216859783667e+00,0.000000000000000000e+00
-1.759714086595606908e+00,6.567342377969461964e+00,0.000000000000000000e+00
-1.879849677253112583e+00,6.555814916702178863e+00,0.000000000000000000e+00
-2.000767252417374298e+00,6.544214806546691854e+00,0.000000000000000000e+00
-2.122549542734665007e+00,6.532535784513343380e+00,0.000000000000000000e+00
-2.245280409841576841e+00,6.520767789694342120e+00,0.000000000000000000e+00
-2.369045243857485605e+00,6.508898313164810823e+00,0.000000000000000000e+00
-2.493934116077749952e+00,6.496920493860948831e+00,0.000000000000000000e+00
-2.620040043004435937e+00,6.484826665864544815e+00,0.000000000000000000e+00
-2.747458137001696610e+00,6.472605752057170925e+00,0.000000000000000000e+00
-2.876288659182232088e+00,6.460250100886946178e+00,0.000000000000000000e+00
-3.006635273717971568e+00,6.447750151936343599e+00,0.000000000000000000e+00
-3.138604519894638845e+00,6.435092904338118203e+00,0.000000000000000000e+00
-3.272309945777413187e+00,6.422269876851741444e+00,0.000000000000000000e+00
-3.407869177255949289e+00,6.409269752103299744e+00,0.000000000000000000e+00
-3.545404215027020189e+00,6.396078515649342044e+00,0.000000000000000000e+00
-3.685045835428401251e+00,6.382686615182094236e+00,0.000000000000000000e+00
-3.826929065316854395e+00,6.369079523817686272e+00,0.000000000000000000e+00
-3.971196456195906332e+00,6.355242810455766111e+00,0.000000000000000000e+00
-4.118000349072552524e+00,6.341164458513044444e+00,0.000000000000000000e+00
-4.267498158763249450e+00,6.326826203382380776e+00,0.000000000000000000e+00
-4.419859849727187040e+00,6.312214034467388046e+00,0.000000000000000000e+00
-4.575263841569153556e+00,6.297310432921272572e+00,0.000000000000000000e+00
-4.733898730698435919e+00,6.282095796648789587e+00,0.000000000000000000e+00
-4.895968123516042603e+00,6.266553431178409461e+00,0.000000000000000000e+00
-5.061684288796150177e+00,6.250659535512513187e+00,0.000000000000000000e+00
-5.231278739599668270e+00,6.234395231779615187e+00,0.000000000000000000e+00
-5.404994175694710634e+00,6.217734540932754683e+00,0.000000000000000000e+00
-5.583094088469730210e+00,6.200654166123366728e+00,0.000000000000000000e+00
-5.765858234170691432e+00,6.183125956762820508e+00,0.000000000000000000e+00
-5.953588898132743168e+00,6.165121779863454776e+00,0.000000000000000000e+00
-6.146609926841279048e+00,6.146609926841279936e+00,0.000000000000000000e+00
-6.345271551296883139e+00,6.127557510190066559e+00,0.000000000000000000e+00
-6.549950257105505713e+00,6.107927428202141407e+00,0.000000000000000000e+00
-6.761055688279943077e+00,6.087681885450180630e+00,0.000000000000000000e+00
-6.979028127621022648e+00,6.066776594187365923e+00,0.000000000000000000e+00
-7.204350277493535515e+00,6.045167660716763258e+00,0.000000000000000000e+00
-7.437542280389138227e+00,6.022802984871911569e+00,0.000000000000000000e+00
-7.679175061624157195e+00,5.999629099075790784e+00,0.000000000000000000e+00
-7.929871178630724771e+00,5.975586543450598143e+00,0.000000000000000000e+00
-8.190310279553358441e+00,5.950608735654992820e+00,0.000000000000000000e+00
-8.461241231015270259e+00,5.924624892567701195e+00,0.000000000000000000e+00
-8.743487119103621197e+00,5.897556528737446513e+00,0.000000000000000000e+00
-9.037953734701831721e+00,5.869315782283166527e+00,0.000000000000000000e+00
-9.345642938501420360e+00,5.839805846157366531e+00,0.000000000000000000e+00
-9.667673986840096489e+00,5.808924576289386188e+00,0.000000000000000000e+00
-1.000525696311732027e+01,5.776537800967161296e+00,0.000000000000000000e+00
-1.035985857404372190e+01,5.742563379363012643e+00,0.000000000000000000e+00
-1.073257993865052207e+01,5.706613979441262252e+00,0.000000000000000000e+00
-1.112126322465589645e+01,5.666566643488656574e+00,0.000000000000000000e+00
-1.152155614100589709e+01,5.619438400959701596e+00,0.000000000000000000e+00
-1.193211320281047172e+01,5.564035764442891718e+00,0.000000000000000000e+00
-1.235314743604693710e+01,5.499975592373695932e+00,0.000000000000000000e+00
-1.278462030769207480e+01,5.426749355417181064e+00,0.000000000000000000e+00
-1.322628163112405097e+01,5.343764649255916765e+00,0.000000000000000000e+00
-1.367603846046678839e+01,5.249739306734316990e+00,0.000000000000000000e+00
-1.413602336583643115e+01,5.145091736055999121e+00,0.000000000000000000e+00
-1.460612591763587886e+01,5.029292476627889030e+00,0.000000000000000000e+00
-1.508694803599578016e+01,4.902046572937392988e+00,0.000000000000000000e+00
-1.557403706904930729e+01,4.761460966182887944e+00,0.000000000000000000e+00
-1.607057116216212833e+01,4.608162127258563778e+00,0.000000000000000000e+00
-1.657790948768391104e+01,4.442037459421157131e+00,0.000000000000000000e+00
-1.709087084953719327e+01,4.261232695765843737e+00,0.000000000000000000e+00
-1.761165029795472847e+01,4.065969847024788919e+00,0.000000000000000000e+00
-1.813928586313171465e+01,3.855624234216915802e+00,0.000000000000000000e+00
-1.865520174835222633e+01,3.626203882871215534e+00,0.000000000000000000e+00
-1.916989423398879921e+01,3.380169570779856247e+00,0.000000000000000000e+00
-1.967782025050837547e+01,3.116660547183597973e+00,0.000000000000000000e+00
-2.017486724529716113e+01,2.835392682664005459e+00,0.000000000000000000e+00
-2.066754720476605200e+01,2.537655708477254191e+00,0.000000000000000000e+00
-2.115405178743207415e+01,2.223380435888570261e+00,0.000000000000000000e+00
-2.162668821752143344e+01,1.892090048642807831e+00,0.000000000000000000e+00
-2.209262366042896986e+01,1.544866740041570319e+00,0.000000000000000000e+00
-2.255034900345696158e+01,1.181813713328719873e+00,0.000000000000000000e+00
-2.299934877440919578e+01,8.031549570114479009e-01,0.000000000000000000e+00
-2.343689330646997959e+01,4.090924943801398372e-01,0.000000000000000000e+00
-2.386222174569539334e+01,2.922279348141023192e-15,0.000000000000000000e+00
-2.427731203474889199e+01,-4.237620578491323453e-01,0.000000000000000000e+00
-2.468138224349660348e+01,-8.618928600628584791e-01,0.000000000000000000e+00
-2.507396533418809526e+01,-1.314070840984749688e+00,0.000000000000000000e+00
-2.545458179531062370e+01,-1.779957754301377593e+00,0.000000000000000000e+00
-2.582287175764087550e+01,-2.259208538477321948e+00,0.000000000000000000e+00
-2.617853009288280930e+01,-2.751474385791934818e+00,0.000000000000000000e+00
-2.652142025758798027e+01,-3.256420940849346302e+00,0.000000000000000000e+00
-2.685128917203749310e+01,-3.773702593073437139e+00,0.000000000000000000e+00
-2.716686968032823657e+01,-4.302809449688397514e+00,0.000000000000000000e+00
-2.746670632567468218e+01,-4.843121396412316315e+00,0.000000000000000000e+00
-2.775294319407325361e+01,-5.394625677545496600e+00,0.000000000000000000e+00
-2.802583635140255680e+01,-5.957075412780837631e+00,0.000000000000000000e+00
-2.828384543693989173e+01,-6.529840234101323304e+00,0.000000000000000000e+00
-2.852604339307896453e+01,-7.112341428214281613e+00,0.000000000000000000e+00
-2.875244049254158085e+01,-7.704193210400415381e+00,0.000000000000000000e+00
-2.896329930722627566e+01,-8.305092432698408800e+00,0.000000000000000000e+00
-2.915867553849941629e+01,-8.914701742817387142e+00,0.000000000000000000e+00
-2.933830459447624506e+01,-9.532593016825710919e+00,0.000000000000000000e+00
-2.950156684574180588e+01,-1.015820410029979648e+01,0.000000000000000000e+00
-2.964808004944130460e+01,-1.079101864113826892e+01,0.000000000000000000e+00
-2.977789521629512137e+01,-1.143066301258885709e+01,0.000000000000000000e+00
-2.989110247514554075e+01,-1.207678931908496622e+01,0.000000000000000000e+00
-2.998761792155704597e+01,-1.272898860581677027e+01,0.000000000000000000e+00
-3.006719966617843554e+01,-1.338677977828186627e+01,0.000000000000000000e+00
-3.012961346100026461e+01,-1.404966949411434918e+01,0.000000000000000000e+00
-3.017463970370507909e+01,-1.471715513173028178e+01,0.000000000000000000e+00
-3.020207376680884082e+01,-1.538872521169714780e+01,0.000000000000000000e+00
-3.021172631521590546e+01,-1.606385982857559824e+01,0.000000000000000000e+00
-3.020352149824293164e+01,-1.674208535222435046e+01,0.000000000000000000e+00
-3.017767778954284452e+01,-1.742309039531035708e+01,0.000000000000000000e+00
-3.013409271869490880e+01,-1.810638960478891946e+01,0.000000000000000000e+00
-3.007257387275273075e+01,-1.879142974611236383e+01,0.000000000000000000e+00
-2.999294679969334965e+01,-1.947764739408983559e+01,0.000000000000000000e+00
-2.989505542240177149e+01,-2.016446949388635446e+01,0.000000000000000000e+00
-2.977889893238328156e+01,-2.085140951203984017e+01,0.000000000000000000e+00
-2.964497936758488450e+01,-2.153833825239188116e+01,0.000000000000000000e+00
-2.949382596022595848e+01,-2.222519200535518991e+01,0.000000000000000000e+00
-2.932508301241643878e+01,-2.291126585371724644e+01,0.000000000000000000e+00
-2.913801704394410308e+01,-2.359550096114992712e+01,0.000000000000000000e+00
-2.893324111720657754e+01,-2.427787195021134892e+01,0.000000000000000000e+00
-2.871100691948111461e+01,-2.495809754445485851e+01,0.000000000000000000e+00
-2.847013558429002700e+01,-2.563462522180258674e+01,0.000000000000000000e+00
-2.821171703086107385e+01,-2.630785173712474645e+01,0.000000000000000000e+00
-2.793644790995930549e+01,-2.697791415463025189e+01,0.000000000000000000e+00
-2.763963703709531927e+01,-2.763963703709531217e+01,0.000000000000000000e+00
-2.731336508688348630e+01,-2.828381751909682151e+01,0.000000000000000000e+00
-2.695489313736834447e+01,-2.890558398257282491e+01,0.000000000000000000e+00
-2.656724435191895139e+01,-2.950591406176636156e+01,0.000000000000000000e+00
-2.614477831538224351e+01,-3.007612698781263560e+01,0.000000000000000000e+00
-2.569594905510953708e+01,-3.062323960154457581e+01,0.000000000000000000e+00
-2.521732438803099896e+01,-3.114080218220151508e+01,0.000000000000000000e+00
-2.471538036739836386e+01,-3.163424428772065156e+01,0.000000000000000000e+00
-2.418326719392907265e+01,-3.209227949956631676e+01,0.000000000000000000e+00
-2.362811619613516356e+01,-3.252131194715254736e+01,0.000000000000000000e+00
-2.305056659710179545e+01,-3.291962073992727511e+01,0.000000000000000000e+00
-2.245129981600862834e+01,-3.328542079959162692e+01,0.000000000000000000e+00
-2.183151189921183288e+01,-3.361758028069747439e+01,0.000000000000000000e+00
-2.119272779828699527e+01,-3.391545406016679465e+01,0.000000000000000000e+00
-2.053664025772213719e+01,-3.417870901734058720e+01,0.000000000000000000e+00
-1.986484391127022420e+01,-3.440691893874524254e+01,0.000000000000000000e+00
-1.917740401131498018e+01,-3.459695265854600166e+01,0.000000000000000000e+00
-1.847609568119309742e+01,-3.474848212389093050e+01,0.000000000000000000e+00
-1.776436766733434069e+01,-3.486453460756639089e+01,0.000000000000000000e+00
-1.704230322408587384e+01,-3.494189976970245937e+01,0.000000000000000000e+00
-1.631060805818786363e+01,-3.497821185850279591e+01,0.000000000000000000e+00
-1.557361494573908978e+01,-3.497891187075431674e+01,0.000000000000000000e+00
-1.482917590241624417e+01,-3.493534913292388211e+01,0.000000000000000000e+00
-1.408236114623804980e+01,-3.485506693811420575e+01,0.000000000000000000e+00
-1.333239234560179298e+01,-3.473206950573452190e+01,0.000000000000000000e+00
-1.258231098451235930e+01,-3.456961531450349412e+01,0.000000000000000000e+00
-1.183319038193095274e+01,-3.436608022481279789e+01,0.000000000000000000e+00
-1.108639716321181901e+01,-3.412042203580342914e+01,0.000000000000000000e+00
-1.034480394454910801e+01,-3.383632906973347332e+01,0.000000000000000000e+00
-9.607840312629745583e+00,-3.350652108038197241e+01,0.000000000000000000e+00
-8.879941685592756428e+00,-3.314039353888099981e+01,0.000000000000000000e+00
-8.160290817219266302e+00,-3.272913882181066469e+01,0.000000000000000000e+00
-7.451749468436730695e+00,-3.227707304374344233e+01,0.000000000000000000e+00
-6.756671891716355738e+00,-3.178764202163544184e+01,0.000000000000000000e+00
-6.075564874671115945e+00,-3.125607167527733665e+01,0.000000000000000000e+00
-5.409823406122233891e+00,-3.068063313048338259e+01,0.000000000000000000e+00
-4.762007773028003932e+00,-3.006613378984985374e+01,0.000000000000000000e+00
-4.133679235124014362e+00,-2.941265607164983109e+01,0.000000000000000000e+00
-3.526391981550519805e+00,-2.872015793857930177e+01,0.000000000000000000e+00
-2.941815262360539585e+00,-2.798950256309263906e+01,0.000000000000000000e+00
-2.381725876902375028e+00,-2.722325134383424228e+01,0.000000000000000000e+00
-1.847469085018483836e+00,-2.642003880444218566e+01,0.000000000000000000e+00
-1.339891948621168449e+00,-2.556666141842678996e+01,0.000000000000000000e+00
-8.622902171519085668e-01,-2.469276106174186936e+01,0.000000000000000000e+00
-4.149119412097234116e-01,-2.377028919204898472e+01,0.000000000000000000e+00
-4.194408439082318639e-15,-2.283329605457197431e+01,0.000000000000000000e+00
3.813832204776917978e-01,-2.184943006778290453e+01,0.000000000000000000e+00
7.274991204036778125e-01,-2.083284907497784744e+01,0.000000000000000000e+00
1.041028261343778238e+00,-1.986400255048863528e+01,0.000000000000000000e+00
1.327180141302792382e+00,-1.897956026330703594e+01,0.000000000000000000e+00
1.589549140056730980e+00,-1.816862980865780841e+01,0.000000000000000000e+00
1.831123115937885570e+00,-1.742197268558480516e+01,0.000000000000000000e+00
2.054410937666031778e+00,-1.673183438177224858e+01,0.000000000000000000e+00
2.261534745416224901e+00,-1.609165585365448337e+01,0.000000000000000000e+00
2.454301748485408385e+00,-1.549585138196937528e+01,0.000000000000000000e+00
2.634260609757652638e+00,-1.493963430425366923e+01,0.000000000000000000e+00
2.802746151581316791e+00,-1.441887896986304085e+01,0.000000000000000000e+00
2.960915077472473289e+00,-1.393001022508578046e+01,0.000000000000000000e+00
3.109774787504215432e+00,-1.346991446653165170e+01,0.000000000000000000e+00
3.250206739520701937e+00,-1.303586722091935002e+01,0.000000000000000000e+00
3.382985598726463650e+00,-1.262547413572096211e+01,0.000000000000000000e+00
3.508794982296377540e+00,-1.223662230173688137e+01,0.000000000000000000e+00
3.628240506194899240e+00,-1.186743996017781022e+01,0.000000000000000000e+00
3.741860620321891151e+00,-1.151626282956907410e+01,0.000000000000000000e+00
3.850135696472797964e+00,-1.118160597022429315e+01,0.000000000000000000e+00
3.953495821279548128e+00,-1.086214049687378846e+01,0.000000000000000000e+00
4.052327011988596794e+00,-1.055667278549482546e+01,0.000000000000000000e+00
4.146977057714024362e+00,-1.026412839696697432e+01,0.000000000000000000e+00
4.237759900459259654e+00,-9.983536687289987555e+00,0.000000000000000000e+00
4.324959846177510059e+00,-9.714018860173798231e+00,0.000000000000000000e+00
4.408835051003468841e+00,-9.454777278262046281e+00,0.000000000000000000e+00
4.489620391248493547e+00,-9.205085935409529796e+00,0.000000000000000000e+00
4.567530103602318370e+00,-8.964282565540944603e+00,0.000000000000000000e+00
4.642760061954240847e+00,-8.731761720770323976e+00,0.000000000000000000e+00
4.715489747682513944e+00,-8.506968694312064372e+00,0.000000000000000000e+00
4.785883956307591447e+00,-8.289394171453496440e+00,0.000000000000000000e+00
4.854094302169040809e+00,-8.078569552494490935e+00,0.000000000000000000e+00
4.920260550222968376e+00,-7.874062850400338043e+00,0.000000000000000000e+00
4.984511788349710315e+00,-7.675475064600496999e+00,0.000000000000000000e+00
5.046967462475075550e+00,-7.482436969219347311e+00,0.000000000000000000e+00
5.107738307062435368e+00,-7.294606282191559821e+00,0.000000000000000000e+00
5.166927173155323239e+00,-7.111665145522219511e+00,0.000000000000000000e+00
5.224629756138167380e+00,-6.933317862767067297e+00,0.000000000000000000e+00
5.280935238118551922e+00,-6.759288868183400467e+00,0.000000000000000000e+00
5.335926850042033820e+00,-6.589320894595940281e+00,0.000000000000000000e+00
5.389682363081994332e+00,-6.423173319144618532e+00,0.000000000000000000e+00
5.442274646804811766e+00,-6.260620817104137537e+00,0.000000000000000000e+00
5.493772174502010053e+00,-6.101452130622327275e+00,0.000000000000000000e+00
5.544239236864491716e+00,-5.945468678504612470e+00,0.000000000000000000e+00
5.593736209842625762e+00,-5.792483412640015317e+00,0.000000000000000000e+00
5.642320079694654211e+00,-5.642320079694655988e+00,0.000000000000000000e+00
5.690044837148808377e+00,-5.494812427383554798e+00,0.000000000000000000e+00
5.736961353433286170e+00,-5.349803010665274527e+00,0.000000000000000000e+00
5.783117719789654387e+00,-5.207142583549104309e+00,0.000000000000000000e+00
5.828559915503787714e+00,-5.066689835114710938e+00,0.000000000000000000e+00
5.873331421525357143e+00,-4.928310229583861002e+00,0.000000000000000000e+00
5.917473497209475575e+00,-4.791875554894857281e+00,0.000000000000000000e+00
5.961025904955060462e+00,-4.657263858775593235e+00,0.000000000000000000e+00
6.004026282626004907e+00,-4.524358322196449400e+00,0.000000000000000000e+00
6.046510705506042527e+00,-4.393047173589840426e+00,0.000000000000000000e+00
6.088514059974301951e+00,-4.263223441289815341e+00,0.000000000000000000e+00
6.130069380219417496e+00,-4.134784005792979222e+00,0.000000000000000000e+00
6.171208906942164951e+00,-4.007629923376351044e+00,0.000000000000000000e+00
6.211963535429740446e+00,-3.881665628468365714e+00,0.000000000000000000e+00
6.252362987919712900e+00,-3.756798695306448721e+00,0.000000000000000000e+00
6.292436451155882793e+00,-3.632939878933466815e+00,0.000000000000000000e+00
6.332211692978994222e+00,-3.510002257133317372e+00,0.000000000000000000e+00
6.371716261317896368e+00,-3.387901632013540887e+00,0.000000000000000000e+00
6.410976599176253288e+00,-3.266555733393546657e+00,0.000000000000000000e+00
6.450018661440334533e+00,-3.145884298042403326e+00,0.000000000000000000e+00
6.488868032962255228e+00,-3.025808856527466340e+00,0.000000000000000000e+00
6.527549466679240631e+00,-2.906252267336034478e+00,0.000000000000000000e+00
6.566087505070479224e+00,-2.787138786930981826e+00,0.000000000000000000e+00
6.604505977970942077e+00,-2.668393623785333624e+00,0.000000000000000000e+00
6.642830215789160775e+00,-2.549943610688012896e+00,0.000000000000000000e+00
6.681082740152262112e+00,-2.431715250085098923e+00,0.000000000000000000e+00
6.719282579352385376e+00,-2.313634533567239693e+00,0.000000000000000000e+00
6.757460326753404800e+00,-2.195631956674633845e+00,0.000000000000000000e+00
6.795653819823431085e+00,-2.077639873291762473e+00,0.000000000000000000e+00
6.833844501258341531e+00,-1.959573377729036503e+00,0.000000000000000000e+00
6.872021880370540181e+00,-1.841352713214290837e+00,0.000000000000000000e+00
6.910417850829416508e+00,-1.722960681559164486e+00,0.000000000000000000e+00
6.949041613468360801e+00,-1.604312667357707500e+00,0.000000000000000000e+00
6.986981727892199068e+00,-1.485128812532039655e+00,0.000000000000000000e+00
7.023071850494535973e+00,-1.365146877395535308e+00,0.000000000000000000e+00
7.056029067737389582e+00,-1.244168301305305757e+00,0.000000000000000000e+00
7.085106182944759468e+00,-1.122170577425618987e+00,0.000000000000000000e+00
7.110317793469377534e+00,-9.992899976934556117e-01,0.000000000000000000e+00
7.131725278541669155e+00,-8.756657568058883179e-01,0.000000000000000000e+00
7.149325856052917594e+00,-7.514244267655693088e-01,0.000000000000000000e+00
7.163097532598988515e+00,-6.266898298329304229e-01,0.000000000000000000e+00
7.173021956627715134e+00,-5.015865574277734718e-01,0.000000000000000000e+00
7.179084459639263116e+00,-3.762398738150894428e-01,0.000000000000000000e+00
7.181274078477022371e+00,-2.507756167515581280e-01,0.000000000000000000e+00
7.179588231418996713e+00,-1.253201787372921761e-01,0.000000000000000000e+00
7.174046710025610452e+00,-1.757134668073292598e-15,0.000000000000000000e+00
