5.645629807497881814e+01,0.000000000000000000e+00,0.000000000000000000e+00
5.577160426090055978e+01,9.734969735248758527e-01,0.000000000000000000e+00
5.501555344419998761e+01,1.921185460285835589e+00,0.000000000000000000e+00
5.418179184282359984e+01,2.839547388058381472e+00,0.000000000000000000e+00
5.327610888535762967e+01,3.725428447108387608e+00,0.000000000000000000e+00
5.229610691871204864e+01,4.575316501926943502e+00,0.000000000000000000e+00
5.124581486245884321e+01,5.386152181685172735e+00,0.000000000000000000e+00
5.012365973036003197e+01,6.154411550838857714e+00,0.000000000000000000e+00
4.893689941525377662e+01,6.877632691566736511e+00,0.000000000000000000e+00
4.767523934182333534e+01,7.551016100493002980e+00,0.000000000000000000e+00
4.635023927296501967e+01,8.172797746116838624e+00,0.000000000000000000e+00
4.496266892265995097e+01,8.739857484843529534e+00,0.000000000000000000e+00
4.351589541998678357e+01,9.249589108464652654e+00,0.000000000000000000e+00
4.207029430828524852e+01,9.712692747073887745e+00,0.000000000000000000e+00
4.064814437582229800e+01,1.013472065650504206e+01,0.000000000000000000e+00
3.924631971569165501e+01,1.051601967371322743e+01,0.000000000000000000e+00
3.786782720821538106e+01,1.085842472066760145e+01,0.000000000000000000e+00
3.651401171749478181e+01,1.116345368517919212e+01,0.000000000000000000e+00
3.518534802225303793e+01,1.143241259123954734e+01,0.000000000000000000e+00
3.388270087883584125e+01,1.166674952541718646e+01,0.000000000000000000e+00
3.260711658158861326e+01,1.186801986094617689e+01,0.000000000000000000e+00
3.135709287753826047e+01,1.203686019895213377e+01,0.000000000000000000e+00
3.012913701621580032e+01,1.217296151633198775e+01,0.000000000000000000e+00
2.894171997486960635e+01,1.228503126712262095e+01,0.000000000000000000e+00
2.782460791005113876e+01,1.238831359901756279e+01,0.000000000000000000e+00
2.677451599311600106e+01,1.248516185098347897e+01,0.000000000000000000e+00
2.578548358956788888e+01,1.257642065856248692e+01,0.000000000000000000e+00
2.485171986757952922e+01,1.266258373623808531e+01,0.000000000000000000e+00
2.396818458540770891e+01,1.274410980386454817e+01,0.000000000000000000e+00
2.313043847762847705e+01,1.282141141222087377e+01,0.000000000000000000e+00
2.233453812745101885e+01,1.289485160010980280e+01,0.000000000000000000e+00
2.157697455321167368e+01,1.296475428678468234e+01,0.000000000000000000e+00
2.085461323739565387e+01,1.303140865797110237e+01,0.000000000000000000e+00
2.016464548062871742e+01,1.309507388925615246e+01,0.000000000000000000e+00
1.950454690115532586e+01,1.315598300198182713e+01,0.000000000000000000e+00
1.887204214390146717e+01,1.321434617057113847e+01,0.000000000000000000e+00
1.826507440618717837e+01,1.327035333327724587e+01,0.000000000000000000e+00
1.768177880538956259e+01,1.332417603182305044e+01,0.000000000000000000e+00
1.712046077485488738e+01,1.337596992256617767e+01,0.000000000000000000e+00
1.657957924177858189e+01,1.342587854708367523e+01,0.000000000000000000e+00
1.605772637108328382e+01,1.347403227552166527e+01,0.000000000000000000e+00
1.555361123002311174e+01,1.352054796740861775e+01,0.000000000000000000e+00
1.506605409872827650e+01,1.356553604210498776e+01,0.000000000000000000e+00
1.459397041650312232e+01,1.360909758003589332e+01,0.000000000000000000e+00
1.413635758919805241e+01,1.365132184054734843e+01,0.000000000000000000e+00
1.369229731066392475e+01,1.369229731066392297e+01,0.000000000000000000e+00
1.326093493468061624e+01,1.373210011406614051e+01,0.000000000000000000e+00
1.284148259163472616e+01,1.377080412159575040e+01,0.000000000000000000e+00
1.243320874970081924e+01,1.380847723690155426e+01,0.000000000000000000e+00
1.203543191776187626e+01,1.384518064545262916e+01,0.000000000000000000e+00
1.164752111696357240e+01,1.388097513595826094e+01,0.000000000000000000e+00
1.126888361699526975e+01,1.391591233595188015e+01,0.000000000000000000e+00
1.089897050805643275e+01,1.395004610130597911e+01,0.000000000000000000e+00
1.053726370715357241e+01,1.398342123662683179e+01,0.000000000000000000e+00
1.018328155514342193e+01,1.401608462356698048e+01,0.000000000000000000e+00
9.836569247862044563e+00,1.404807676451495979e+01,0.000000000000000000e+00
9.496700262387623326e+00,1.407943713868059099e+01,0.000000000000000000e+00
9.163273804281548252e+00,1.411020428505312196e+01,0.000000000000000000e+00
8.835908850932755243e+00,1.414041002960711779e+01,0.000000000000000000e+00
8.514250197911955809e+00,1.417009191198370210e+01,0.000000000000000000e+00
8.197955838331751011e+00,1.419927603019649887e+01,0.000000000000000000e+00
7.886707284714475463e+00,1.422799657347193403e+01,0.000000000000000000e+00
7.580198100734129696e+00,1.425627918061867661e+01,0.000000000000000000e+00
7.278138127110246103e+00,1.428415034878414858e+01,0.000000000000000000e+00
6.980252528835239723e+00,1.431163857506448700e+01,0.000000000000000000e+00
6.686275215134047656e+00,1.433876347128650330e+01,0.000000000000000000e+00
6.395956073309817747e+00,1.436555254492986045e+01,0.000000000000000000e+00
6.109052826334190556e+00,1.439202655386167962e+01,0.000000000000000000e+00
5.825332971486095524e+00,1.441820505449772405e+01,0.000000000000000000e+00
5.544575338407235598e+00,1.444411258245562024e+01,0.000000000000000000e+00
5.266563807768430472e+00,1.446976513996071212e+01,0.000000000000000000e+00
4.991091820728211559e+00,1.449518315723769568e+01,0.000000000000000000e+00
4.717959795843881032e+00,1.452038719272343137e+01,0.000000000000000000e+00
4.446972318428098703e+00,1.454539105205703464e+01,0.000000000000000000e+00
4.177941974634140188e+00,1.457021518786831038e+01,0.000000000000000000e+00
3.910685479961629962e+00,1.459487690363868673e+01,0.000000000000000000e+00
3.645023111965386864e+00,1.461938919976825346e+01,0.000000000000000000e+00
3.380781117330574403e+00,1.464377184595281811e+01,0.000000000000000000e+00
3.117788129694003096e+00,1.466803990993291507e+01,0.000000000000000000e+00
2.855875579306886625e+00,1.469220618063477168e+01,0.000000000000000000e+00
2.594878910187883303e+00,1.471628958745795224e+01,0.000000000000000000e+00
2.334634766683946427e+00,1.474030379436377736e+01,0.000000000000000000e+00
2.074981650816047019e+00,1.476426161271927562e+01,0.000000000000000000e+00
1.815760352717828097e+00,1.478818134271532969e+01,0.000000000000000000e+00
1.556811901750030147e+00,1.481207581992114974e+01,0.000000000000000000e+00
1.297978143936541207e+00,1.483595807303576386e+01,0.000000000000000000e+00
1.039101663712938883e+00,1.485984609955281854e+01,0.000000000000000000e+00
7.800244055880336536e-01,1.488375230278918160e+01,0.000000000000000000e+00
5.205880133920980368e-01,1.490769020754593477e+01,0.000000000000000000e+00
2.606334061308438477e-01,1.493167783693029804e+01,0.000000000000000000e+00
9.157741867390360999e-16,1.495572743711303154e+01,0.000000000000000000e+00
-2.614743146286993558e-01,1.497985345250733502e+01,0.000000000000000000e+00
-5.239538170345189316e-01,1.500407421315100542e+01,0.000000000000000000e+00
-7.876051763773954661e-01,1.502840202641943002e+01,0.000000000000000000e+00
-1.052598010900976266e+00,1.505285285637367743e+01,0.000000000000000000e+00
-1.319105553291430422e+00,1.507744546698397770e+01,0.000000000000000000e+00
-1.587304388496714846e+00,1.510219245194468130e+01,0.000000000000000000e+00
-1.857375822818371658e+00,1.512711214797719350e+01,0.000000000000000000e+00
-2.129506175444848992e+00,1.515222376439048269e+01,0.000000000000000000e+00
-2.403886301403137082e+00,1.517754077659062872e+01,0.000000000000000000e+00
-2.680713989670552078e+00,1.520308451321346155e+01,0.000000000000000000e+00
-2.960193196594291809e+00,1.522887379758715731e+01,0.000000000000000000e+00
-3.242534282418961133e+00,1.525492441608437488e+01,0.000000000000000000e+00
-3.527957306844899055e+00,1.528126196010319582e+01,0.000000000000000000e+00
-3.816689544073386564e+00,1.530790565259515112e+01,0.000000000000000000e+00
-4.108967516593696523e+00,1.533487553857778352e+01,0.000000000000000000e+00
-4.405038501527418049e+00,1.536219489590203757e+01,0.000000000000000000e+00
-4.705158709968045194e+00,1.538988068688244581e+01,0.000000000000000000e+00
-5.009602356500738374e+00,1.541797070039668149e+01,0.000000000000000000e+00
-5.318657523033073709e+00,1.544650303302501193e+01,0.000000000000000000e+00
-5.632618517875991770e+00,1.547549219026625167e+01,0.000000000000000000e+00
-5.951782324442513428e+00,1.550492304884304851e+01,0.000000000000000000e+00
-6.276467027101823248e+00,1.553480102468058455e+01,0.000000000000000000e+00
-6.607082963811338416e+00,1.556531203148876052e+01,0.000000000000000000e+00
-6.944026044059842029e+00,1.559653785390703185e+01,0.000000000000000000e+00
-7.286633512878504249e+00,1.562623599558483534e+01,0.000000000000000000e+00
-7.633224431098346585e+00,1.565042937471787177e+01,0.000000000000000000e+00
-7.982663947691863271e+00,1.566686012565727104e+01,0.000000000000000000e+00
-8.334915306325386908e+00,1.567569580302639842e+01,0.000000000000000000e+00
-8.689957127949469395e+00,1.567709765008215150e+01,0.000000000000000000e+00
-9.047541686402531980e+00,1.567080188444659328e+01,0.000000000000000000e+00
-9.407408534535251832e+00,1.565655700611617540e+01,0.000000000000000000e+00
-9.769416698720911896e+00,1.563433487155331214e+01,0.000000000000000000e+00
-1.013345019304632721e+01,1.560414491483215826e+01,0.000000000000000000e+00
-1.049936422428658922e+01,1.556594759312634757e+01,0.000000000000000000e+00
-1.086700193163670747e+01,1.551968714792968385e+01,0.000000000000000000e+00
-1.123619063423111442e+01,1.546528964392323857e+01,0.000000000000000000e+00
-1.160675004207299743e+01,1.540267753917544269e+01,0.000000000000000000e+00
-1.197850224067254032e+01,1.533178370915486255e+01,0.000000000000000000e+00
-1.235126960942997343e+01,1.525254772028287675e+01,0.000000000000000000e+00
-1.272487199366178068e+01,1.516491191374787206e+01,0.000000000000000000e+00
-1.309912711110440497e+01,1.506882199078671292e+01,0.000000000000000000e+00
-1.347385162392597380e+01,1.496422823648382838e+01,0.000000000000000000e+00
-1.384886103350326536e+01,1.485108524180899359e+01,0.000000000000000000e+00
-1.422396940074956362e+01,1.472935149690566448e+01,0.000000000000000000e+00
-1.459898947220403542e+01,1.459898947220403720e+01,0.000000000000000000e+00
-1.497373343740962603e+01,1.445996629745981110e+01,0.000000000000000000e+00
-1.534801277924359120e+01,1.431225345887827238e+01,0.000000000000000000e+00
-1.572163647451968060e+01,1.415582506463796442e+01,0.000000000000000000e+00
-1.609441162157188288e+01,1.399065857558778880e+01,0.000000000000000000e+00
-1.646615121261022097e+01,1.381674140941056095e+01,0.000000000000000000e+00
-1.683667297809244801e+01,1.363406894978510309e+01,0.000000000000000000e+00
-1.720577222782610249e+01,1.344262253454899891e+01,0.000000000000000000e+00
-1.757322251999371687e+01,1.324237300329889067e+01,0.000000000000000000e+00
-1.793887500243881306e+01,1.303335559384407283e+01,0.000000000000000000e+00
-1.830267564829486204e+01,1.281567145834335797e+01,0.000000000000000000e+00
-1.866432221822650561e+01,1.258924429728511285e+01,0.000000000000000000e+00
-1.902311974243911408e+01,1.235375840704542760e+01,0.000000000000000000e+00
-1.937920801823837991e+01,1.210947315487266174e+01,0.000000000000000000e+00
-1.973455584749134673e+01,1.185771744275761641e+01,0.000000000000000000e+00
-2.009110716724783785e+01,1.159960613132815688e+01,0.000000000000000000e+00
-2.044986617483119318e+01,1.133554592170674447e+01,0.000000000000000000e+00
-2.081151550575447118e+01,1.106567908157877156e+01,0.000000000000000000e+00
-2.117602603876770218e+01,1.078972418590884530e+01,0.000000000000000000e+00
-2.154317994466984842e+01,1.050731092035397296e+01,0.000000000000000000e+00
-2.191290219227442293e+01,1.021815410465902296e+01,0.000000000000000000e+00
-2.228516114598842535e+01,9.921992998917303908e+00,0.000000000000000000e+00
-2.265987840227825600e+01,9.618547720139066115e+00,0.000000000000000000e+00
-2.303694673901268786e+01,9.307530645728824936e+00,0.000000000000000000e+00
-2.341623718701385215e+01,8.988651291953491551e+00,0.000000000000000000e+00
-2.379761356571569308e+01,8.661622984490099597e+00,0.000000000000000000e+00
-2.418101144564109362e+01,8.326189958007685021e+00,0.000000000000000000e+00
-2.456636078544154245e+01,7.982094483953650510e+00,0.000000000000000000e+00
-2.495325217602035650e+01,7.628974792384511261e+00,0.000000000000000000e+00
-2.534128552530303580e+01,7.266496693577129129e+00,0.000000000000000000e+00
-2.573151936378927829e+01,6.894739833553140684e+00,0.000000000000000000e+00
-2.612583968695017589e+01,6.513903431748396144e+00,0.000000000000000000e+00
-2.652703065217908573e+01,6.124247582600946593e+00,0.000000000000000000e+00
-2.693782903650838634e+01,5.725812318855106220e+00,0.000000000000000000e+00
-2.735877937362978685e+01,5.318007992276798213e+00,0.000000000000000000e+00
-2.778994078588790373e+01,4.900116352842638356e+00,0.000000000000000000e+00
-2.823207079242429174e+01,4.471520731660812764e+00,0.000000000000000000e+00
-2.868598920907903249e+01,4.031552867707770105e+00,0.000000000000000000e+00
-2.915241442160199270e+01,3.579466404015906100e+00,0.000000000000000000e+00
-2.963215158858970710e+01,3.114464631995328858e+00,0.000000000000000000e+00
-3.012609312085167090e+01,2.635691624400859912e+00,0.000000000000000000e+00
-3.063522242766533665e+01,2.142223437546973752e+00,0.000000000000000000e+00
-3.116051406831727988e+01,1.633053343638471544e+00,0.000000000000000000e+00
-3.170308701599224577e+01,1.107096193862276978e+00,0.000000000000000000e+00
-3.226451079769122288e+01,5.631791308508753424e-01,0.000000000000000000e+00
-3.284487334511642587e+01,4.022336901049704435e-15,0.000000000000000000e+00
-3.284134212997828683e+01,-5.732477592085680751e-01,0.000000000000000000e+00
-3.343237531335828550e+01,-1.167484271879379643e+00,0.000000000000000000e+00
-3.404696410247949956e+01,-1.784325779940363788e+00,0.000000000000000000e+00
-3.468551676247488302e+01,-2.425447607813042694e+00,0.000000000000000000e+00
-3.535128120442535504e+01,-3.092836346504283629e+00,0.000000000000000000e+00
-3.603819543224059174e+01,-3.787766971260627002e+00,0.000000000000000000e+00
-3.672036185517757900e+01,-4.508693506583756339e+00,0.000000000000000000e+00
-3.737624581115868239e+01,-5.252888784342006012e+00,0.000000000000000000e+00
-3.800315693364075997e+01,-6.019108741500206250e+00,0.000000000000000000e+00
-3.859905168870447767e+01,-6.806054242479241623e+00,0.000000000000000000e+00
-3.915855555811135247e+01,-7.611652134772205258e+00,0.000000000000000000e+00
-3.968980279961103719e+01,-8.436328016446529077e+00,0.000000000000000000e+00
-4.019176146094559954e+01,-9.278999266638628285e+00,0.000000000000000000e+00
-4.065724920861718772e+01,-1.013699074628200236e+01,0.000000000000000000e+00
-4.109100865014895021e+01,-1.101030258398766826e+01,0.000000000000000000e+00
-4.149415828376478288e+01,-1.189825842381516097e+01,0.000000000000000000e+00
-4.186318876617337992e+01,-1.279886122951470462e+01,0.000000000000000000e+00
-4.219777275284819495e+01,-1.371088750456065952e+01,0.000000000000000000e+00
-4.249927325449264970e+01,-1.463367332626476092e+01,0.000000000000000000e+00
-4.276788091655581070e+01,-1.556623563626786044e+01,0.000000000000000000e+00
-4.300289696461940281e+01,-1.650726554705104832e+01,0.000000000000000000e+00
-4.320370327360732432e+01,-1.745542917573757435e+01,0.000000000000000000e+00
-4.337011269078232090e+01,-1.840952061340966139e+01,0.000000000000000000e+00
-4.350213346821239213e+01,-1.936839769216865292e+01,0.000000000000000000e+00
-4.359980737945549834e+01,-2.033092407512291189e+01,0.000000000000000000e+00
-4.366320893125472224e+01,-2.129596991713288645e+01,0.000000000000000000e+00
-4.369244507324113158e+01,-2.226241271545379519e+01,0.000000000000000000e+00
-4.368765488711063938e+01,-2.322913815064842780e+01,0.000000000000000000e+00
-4.364896120082728714e+01,-2.419501428012928201e+01,0.000000000000000000e+00
-4.357638473688316338e+01,-2.515883745815020234e+01,0.000000000000000000e+00
-4.347015507437107829e+01,-2.611950428721064554e+01,0.000000000000000000e+00
-4.333058711087847570e+01,-2.707595588582528023e+01,0.000000000000000000e+00
-4.315802455528812942e+01,-2.802714885360872543e+01,0.000000000000000000e+00
-4.295283936272782910e+01,-2.897205597272453304e+01,0.000000000000000000e+00
-4.271543115382753086e+01,-2.990966689178790006e+01,0.000000000000000000e+00
-4.244622635385933052e+01,-3.083898859942072335e+01,0.000000000000000000e+00
-4.214558739759680606e+01,-3.175897807742033407e+01,0.000000000000000000e+00
-4.181368777456147257e+01,-3.266843324950449556e+01,0.000000000000000000e+00
-4.145071067190163205e+01,-3.356612366669184411e+01,0.000000000000000000e+00
-4.105698019500290741e+01,-3.445089693887982918e+01,0.000000000000000000e+00
-4.063343886687810169e+01,-3.532210951884355410e+01,0.000000000000000000e+00
-4.018124178428291771e+01,-3.617935260747768922e+01,0.000000000000000000e+00
-3.970102892710903575e+01,-3.702180840971686848e+01,0.000000000000000000e+00
-3.919259941818421566e+01,-3.784785331365077354e+01,0.000000000000000000e+00
-3.865598119021303347e+01,-3.865598119021301926e+01,0.000000000000000000e+00
-3.809197430218456049e+01,-3.944539410204346552e+01,0.000000000000000000e+00
-3.750156947152917297e+01,-4.021550967808470745e+01,0.000000000000000000e+00
-3.688587137548456241e+01,-4.096591036999302560e+01,0.000000000000000000e+00
-3.624598848146735719e+01,-4.169624003757662223e+01,0.000000000000000000e+00
-3.558286924443555677e+01,-4.240601225686608444e+01,0.000000000000000000e+00
-3.489598118126715320e+01,-4.309294793524750844e+01,0.000000000000000000e+00
-3.418520459863295713e+01,-4.375506657082863171e+01,0.000000000000000000e+00
-3.345354806568963113e+01,-4.439435772540291225e+01,0.000000000000000000e+00
-3.270191899766501820e+01,-4.501033007309892042e+01,0.000000000000000000e+00
-3.192977743457480599e+01,-4.560044799890732037e+01,0.000000000000000000e+00
-3.113752758816776023e+01,-4.616328305820611178e+01,0.000000000000000000e+00
-3.032747870606669593e+01,-4.670022190030493903e+01,0.000000000000000000e+00
-2.950139555215641352e+01,-4.721210195701397083e+01,0.000000000000000000e+00
-2.865891970931824062e+01,-4.769645205854919112e+01,0.000000000000000000e+00
-2.779896093335257135e+01,-4.814921273418893577e+01,0.000000000000000000e+00
-2.692481891344478839e+01,-4.857365912188967627e+01,0.000000000000000000e+00
-2.603785088552936600e+01,-4.897007526115650933e+01,0.000000000000000000e+00
-2.513858789293636775e+01,-4.933725669224148191e+01,0.000000000000000000e+00
-2.422807897793943610e+01,-4.967492340255576977e+01,0.000000000000000000e+00
-2.330717222894901042e+01,-4.998239214248927453e+01,0.000000000000000000e+00
-2.237641437877112338e+01,-5.025824956283902623e+01,0.000000000000000000e+00
-2.143647511403480621e+01,-5.050117061232089100e+01,0.000000000000000000e+00
-2.048928327330013843e+01,-5.071275566566754378e+01,0.000000000000000000e+00
-1.953596428196490109e+01,-5.089292691919538925e+01,0.000000000000000000e+00
-1.857749635345979655e+01,-5.104125174113126207e+01,0.000000000000000000e+00
-1.761495354890021048e+01,-5.115753970647033100e+01,0.000000000000000000e+00
-1.664939420556218863e+01,-5.124156645039978031e+01,0.000000000000000000e+00
-1.568189843422030805e+01,-5.129317855637177104e+01,0.000000000000000000e+00
-1.471355060523998226e+01,-5.131224890089812618e+01,0.000000000000000000e+00
-1.374545080577777867e+01,-5.129872078010127012e+01,0.000000000000000000e+00
-1.277868604897489746e+01,-5.125251036086900314e+01,0.000000000000000000e+00
-1.181438987151079267e+01,-5.117374469783602109e+01,0.000000000000000000e+00
-1.085362970254375625e+01,-5.106231309571692378e+01,0.000000000000000000e+00
-9.897014728945352502e+00,-5.091572686991294461e+01,0.000000000000000000e+00
-8.946204761674263040e+00,-5.073644841946062911e+01,0.000000000000000000e+00
-8.002349370607721113e+00,-5.052484545963332607e+01,0.000000000000000000e+00
-7.066536745325633362e+00,-5.028102159980565489e+01,0.000000000000000000e+00
-6.139875314447668764e+00,-5.000527158543138739e+01,0.000000000000000000e+00
-5.223471484615516580e+00,-4.969801142087119672e+01,0.000000000000000000e+00
-4.318380504117072860e+00,-4.935931502528298864e+01,0.000000000000000000e+00
-3.425747260870770194e+00,-4.899046825755774393e+01,0.000000000000000000e+00
-2.546532565628219391e+00,-4.859073596450281940e+01,0.000000000000000000e+00
-1.681737959907806612e+00,-4.815867417541277717e+01,0.000000000000000000e+00
-8.330645249956267762e-01,-4.772623467294632604e+01,0.000000000000000000e+00
-8.689345029711002373e-15,-4.730259116756963778e+01,0.000000000000000000e+00
8.183979721331815504e-01,-4.688598842220231688e+01,0.000000000000000000e+00
1.622996748017733859e+00,-4.647654595358376639e+01,0.000000000000000000e+00
2.414619381864831382e+00,-4.607368247420055241e+01,0.000000000000000000e+00
3.194048313428726971e+00,-4.567701893815790015e+01,0.000000000000000000e+00
3.962028150248405822e+00,-4.528618898235220769e+01,0.000000000000000000e+00
4.719266636475142995e+00,-4.490082273607789176e+01,0.000000000000000000e+00
5.466439733892713981e+00,-4.452057892046743603e+01,0.000000000000000000e+00
6.204193276402452106e+00,-4.414512899073368857e+01,0.000000000000000000e+00
6.933145573322543775e+00,-4.377415836502784430e+01,0.000000000000000000e+00
7.653889588483359319e+00,-4.340736487252704734e+01,0.000000000000000000e+00
8.366995115625062596e+00,-4.304445832369300717e+01,0.000000000000000000e+00
9.073010899426188658e+00,-4.268516026106680528e+01,0.000000000000000000e+00
9.772466063925719482e+00,-4.232920098815490917e+01,0.000000000000000000e+00
1.046587196729646863e+01,-4.197631973926000626e+01,0.000000000000000000e+00
1.115372416345741513e+01,-4.162626527163168788e+01,0.000000000000000000e+00
1.183650330632077008e+01,-4.127879259503369269e+01,0.000000000000000000e+00
1.251467676963189390e+01,-4.093366328143312671e+01,0.000000000000000000e+00
1.318870046837463939e+01,-4.059064630825221087e+01,0.000000000000000000e+00
1.385901933691784294e+01,-4.024951471219642229e+01,0.000000000000000000e+00
1.452606895777440954e+01,-3.991004645492600389e+01,0.000000000000000000e+00
1.519027710969610290e+01,-3.957202478813797342e+01,0.000000000000000000e+00
1.585206394928617968e+01,-3.923523508039263419e+01,0.000000000000000000e+00
1.651184389829550980e+01,-3.889946651191200289e+01,0.000000000000000000e+00
1.717002666134768774e+01,-3.856451129030269698e+01,0.000000000000000000e+00
1.782701740275504676e+01,-3.823016219225250723e+01,0.000000000000000000e+00
1.848321896262124397e+01,-3.789621484381363103e+01,0.000000000000000000e+00
1.913903212654772901e+01,-3.756246551676316869e+01,0.000000000000000000e+00
1.979485624193442916e+01,-3.722871001193215790e+01,0.000000000000000000e+00
2.045109148586526260e+01,-3.689474568792580556e+01,0.000000000000000000e+00
2.110813848803396553e+01,-3.656036831447492119e+01,0.000000000000000000e+00
2.176639975897073143e+01,-3.622537252349425074e+01,0.000000000000000000e+00
2.242628147882864198e+01,-3.588955260856329232e+01,0.000000000000000000e+00
2.308819298994184877e+01,-3.555269946300094830e+01,0.000000000000000000e+00
2.375254901537280716e+01,-3.521460207287749000e+01,0.000000000000000000e+00
2.441977070007814277e+01,-3.487504685041609065e+01,0.000000000000000000e+00
2.509028546148809014e+01,-3.453381528865295991e+01,0.000000000000000000e+00
2.576452973123951651e+01,-3.419068576132652737e+01,0.000000000000000000e+00
2.644294938789209937e+01,-3.384543179953757175e+01,0.000000000000000000e+00
2.712600016501965072e+01,-3.349782047195209600e+01,0.000000000000000000e+00
2.781415065881601834e+01,-3.314761397260060960e+01,0.000000000000000000e+00
2.850788256430330847e+01,-3.279456745874120571e+01,0.000000000000000000e+00
2.920769152721751993e+01,-3.243842773939839219e+01,0.000000000000000000e+00
2.991409033340463708e+01,-3.207893446239499724e+01,0.000000000000000000e+00
3.062760945447324801e+01,-3.171581802904574587e+01,0.000000000000000000e+00
3.134879810305066172e+01,-3.134879810305068304e+01,0.000000000000000000e+00
3.207822751321847932e+01,-3.097758422522255373e+01,0.000000000000000000e+00
3.281649245979553342e+01,-3.060187429288214034e+01,0.000000000000000000e+00
3.356421241422341240e+01,-3.022135260143851809e+01,0.000000000000000000e+00
3.432203448053851957e+01,-2.983568938880338450e+01,0.000000000000000000e+00
3.509063665082993566e+01,-2.944454027148736230e+01,0.000000000000000000e+00
3.587072931180087920e+01,-2.904754385575650844e+01,0.000000000000000000e+00
3.666305804416990100e+01,-2.864432027369147349e+01,0.000000000000000000e+00
3.746840729455127672e+01,-2.823447006771019119e+01,0.000000000000000000e+00
3.828760420617700078e+01,-2.781757275122454232e+01,0.000000000000000000e+00
3.912152152141145933e+01,-2.739318427552572643e+01,0.000000000000000000e+00
3.997108182461085590e+01,-2.696083511810558520e+01,0.000000000000000000e+00
4.083726178627204462e+01,-2.652002788939959288e+01,0.000000000000000000e+00
4.172109740500467012e+01,-2.607023509641125258e+01,0.000000000000000000e+00
4.262369139649326399e+01,-2.561089759773666330e+01,0.000000000000000000e+00
4.354620756184845476e+01,-2.514141465802055109e+01,0.000000000000000000e+00
4.448992381115628092e+01,-2.466116746696798856e+01,0.000000000000000000e+00
4.545607214209947244e+01,-2.416942228423888750e+01,0.000000000000000000e+00
4.644641891072976847e+01,-2.366563247289613514e+01,0.000000000000000000e+00
4.746103346885463026e+01,-2.314829270977542564e+01,0.000000000000000000e+00
4.849480613300531928e+01,-2.261349948056240677e+01,0.000000000000000000e+00
4.954281014718855403e+01,-2.205788022832316386e+01,0.000000000000000000e+00
5.060092719430728181e+01,-2.147881927083923514e+01,0.000000000000000000e+00
5.164416342478403266e+01,-2.086559643492955729e+01,0.000000000000000000e+00
5.263676570589424841e+01,-2.020536127507839552e+01,0.000000000000000000e+00
5.356639730263756149e+01,-1.949657417503745549e+01,0.000000000000000000e+00
5.443370266942100244e+01,-1.874302692268107151e+01,0.000000000000000000e+00
5.523386421427586868e+01,-1.794657038227212453e+01,0.000000000000000000e+00
5.595955052266498342e+01,-1.710855151541466768e+01,0.000000000000000000e+00
5.661789289062875241e+01,-1.623491953777424968e+01,0.000000000000000000e+00
5.721101212059147656e+01,-1.532964449587965561e+01,0.000000000000000000e+00
5.773054284449717244e+01,-1.439384095047116396e+01,0.000000000000000000e+00
5.817490571308876923e+01,-1.343073525088101228e+01,0.000000000000000000e+00
5.854615712564657315e+01,-1.244436985762033210e+01,0.000000000000000000e+00
5.884459304580278172e+01,-1.143823018732637564e+01,0.000000000000000000e+00
5.906900092852598760e+01,-1.041545858719255691e+01,0.000000000000000000e+00
5.921821984316884624e+01,-9.379244606875662527e+00,0.000000000000000000e+00
5.929119250531061880e+01,-8.332833685196556317e+00,0.000000000000000000e+00
5.928696738343182915e+01,-7.279524257439542012e+00,0.000000000000000000e+00
5.920307226681441648e+01,-6.222493635982104365e+00,0.000000000000000000e+00
5.903489137639434148e+01,-5.164883747918846524e+00,0.000000000000000000e+00
5.879287111653778908e+01,-4.111198042185151280e+00,0.000000000000000000e+00
5.847556890859510048e+01,-3.064574708811949932e+00,0.000000000000000000e+00
5.809009689608758720e+01,-2.028550883461555987e+00,0.000000000000000000e+00
5.761369937371622996e+01,-1.005650863323079625e+00,0.000000000000000000e+00
5.706745205204965288e+01,-1.397749449820753037e-14,0.000000000000000000e+00
