4.835278900659400136e+01,0.000000000000000000e+00,0.000000000000000000e+00
4.783464865086904183e+01,8.349568980193947665e-01,0.000000000000000000e+00
4.725710642875599632e+01,1.650254520445577855e+00,0.000000000000000000e+00
4.662377139556059547e+01,2.443448320641509408e+00,0.000000000000000000e+00
4.593374270218836841e+01,3.212000187797520390e+00,0.000000000000000000e+00
4.519031849357208586e+01,3.953640569313469300e+00,0.000000000000000000e+00
4.439406247699707109e+01,4.666003986981439589e+00,0.000000000000000000e+00
4.353893615838931197e+01,5.345909158387426530e+00,0.000000000000000000e+00
4.262741406723029769e+01,5.990892354213008808e+00,0.000000000000000000e+00
4.166526081689025318e+01,6.599129015458994552e+00,0.000000000000000000e+00
4.065651345975241782e+01,7.168840264491210590e+00,0.000000000000000000e+00
3.963508699143760339e+01,7.704280462096005699e+00,0.000000000000000000e+00
3.862079798316667478e+01,8.209104028254431640e+00,0.000000000000000000e+00
3.761346789802967550e+01,8.683753295577547604e+00,0.000000000000000000e+00
3.661533830126178657e+01,9.129229172081021915e+00,0.000000000000000000e+00
3.562698971726529606e+01,9.546223123493147611e+00,0.000000000000000000e+00
3.464904909156268786e+01,9.935454947936015913e+00,0.000000000000000000e+00
3.368209424095799420e+01,1.029764962524290794e+01,0.000000000000000000e+00
3.272670337048712241e+01,1.063355051784310490e+01,0.000000000000000000e+00
3.178342650071474296e+01,1.094391138915860218e+01,0.000000000000000000e+00
3.085236044396258137e+01,1.122934085845437480e+01,0.000000000000000000e+00
2.993328911714796803e+01,1.149031314239011792e+01,0.000000000000000000e+00
2.902758358424978269e+01,1.172790504065899242e+01,0.000000000000000000e+00
2.813581626911033240e+01,1.194294543973781408e+01,0.000000000000000000e+00
2.725845686679794966e+01,1.213624691434389113e+01,0.000000000000000000e+00
2.639600815423369085e+01,1.230866074704095858e+01,0.000000000000000000e+00
2.554892753312115516e+01,1.246104456081078915e+01,0.000000000000000000e+00
2.471766574751474721e+01,1.259427975045549886e+01,0.000000000000000000e+00
2.390262266820331405e+01,1.270924991412916327e+01,0.000000000000000000e+00
2.310300200470789633e+01,1.280620312694105323e+01,0.000000000000000000e+00
2.231739696452758537e+01,1.288495514508173656e+01,0.000000000000000000e+00
2.155435095503908371e+01,1.295116065758206858e+01,0.000000000000000000e+00
2.082343831224592279e+01,1.301192840269697015e+01,0.000000000000000000e+00
2.012722352103380530e+01,1.307077178454288813e+01,0.000000000000000000e+00
1.946141623540061616e+01,1.312689100059319181e+01,0.000000000000000000e+00
1.882376689576088680e+01,1.318054347791415992e+01,0.000000000000000000e+00
1.821237275108884290e+01,1.323206333955203640e+01,0.000000000000000000e+00
1.762518321285560674e+01,1.328152819385112160e+01,0.000000000000000000e+00
1.706046025916248610e+01,1.332909238207271407e+01,0.000000000000000000e+00
1.651662693893812772e+01,1.337490077739062144e+01,0.000000000000000000e+00
1.599223019983680594e+01,1.341907446238522184e+01,0.000000000000000000e+00
1.548593889395873013e+01,1.346172130315080651e+01,0.000000000000000000e+00
1.499653911339070333e+01,1.350294446816773331e+01,0.000000000000000000e+00
1.452291767786972798e+01,1.354283982934885699e+01,0.000000000000000000e+00
1.406404707005541432e+01,1.358149238391083102e+01,0.000000000000000000e+00
1.361898128392750174e+01,1.361898128392749996e+01,0.000000000000000000e+00
1.318685003850723980e+01,1.365538295828458004e+01,0.000000000000000000e+00
1.276683978414018483e+01,1.369075951041020822e+01,0.000000000000000000e+00
1.235821052841564338e+01,1.372518327375230562e+01,0.000000000000000000e+00
1.196025650135248952e+01,1.375870122141558660e+01,0.000000000000000000e+00
1.157234071360695360e+01,1.379137862016532878e+01,0.000000000000000000e+00
1.119385535478572713e+01,1.382326014828955074e+01,0.000000000000000000e+00
1.082423745280731531e+01,1.385439215259165024e+01,0.000000000000000000e+00
1.046296750059493341e+01,1.388482684044715221e+01,0.000000000000000000e+00
1.010954467274731350e+01,1.391459451176507045e+01,0.000000000000000000e+00
9.763512961241760379e+00,1.394374157439822071e+01,0.000000000000000000e+00
9.424439638357226201e+00,1.397230635793274978e+01,0.000000000000000000e+00
9.091909801341085284e+00,1.400031335724754200e+01,0.000000000000000000e+00
8.765545102567276814e+00,1.402780449350508896e+01,0.000000000000000000e+00
8.444981803525594799e+00,1.405480994443111520e+01,0.000000000000000000e+00
8.129871058701100495e+00,1.408134973265407908e+01,0.000000000000000000e+00
7.819892878256562874e+00,1.410746019348174585e+01,0.000000000000000000e+00
7.514738681081908567e+00,1.413316791767253022e+01,0.000000000000000000e+00
7.214110227390537311e+00,1.415848852014881842e+01,0.000000000000000000e+00
6.917731886341105252e+00,1.418345226158075789e+01,0.000000000000000000e+00
6.625338790545830747e+00,1.420808488704596151e+01,0.000000000000000000e+00
6.336672642667087629e+00,1.423239977962309055e+01,0.000000000000000000e+00
6.051490861236437091e+00,1.425641906220467092e+01,0.000000000000000000e+00
5.769562712381272718e+00,1.428016881937575810e+01,0.000000000000000000e+00
5.490662107389129076e+00,1.430366381388803809e+01,0.000000000000000000e+00
5.214571351332296878e+00,1.432691703992045795e+01,0.000000000000000000e+00
4.941085180839079882e+00,1.434995332971566206e+01,0.000000000000000000e+00
4.670002781731392716e+00,1.437279067989734571e+01,0.000000000000000000e+00
4.401127240767215731e+00,1.439543855974532427e+01,0.000000000000000000e+00
4.134270417826387600e+00,1.441791436987193542e+01,0.000000000000000000e+00
3.869250435060877180e+00,1.444023921085517870e+01,0.000000000000000000e+00
3.605887762650653805e+00,1.446242588690945752e+01,0.000000000000000000e+00
3.344006396040462015e+00,1.448448302790117559e+01,0.000000000000000000e+00
3.083436928821619460e+00,1.450643021601195493e+01,0.000000000000000000e+00
2.824012462900804543e+00,1.452828465716653206e+01,0.000000000000000000e+00
2.565567445763866861e+00,1.455005601216365640e+01,0.000000000000000000e+00
2.307939165026721806e+00,1.457175439896531266e+01,0.000000000000000000e+00
2.050968528205320052e+00,1.459339936715501018e+01,0.000000000000000000e+00
1.794497033762879834e+00,1.461500550693771316e+01,0.000000000000000000e+00
1.538366626216370880e+00,1.463658074603536186e+01,0.000000000000000000e+00
1.282420851271713014e+00,1.465813740418741240e+01,0.000000000000000000e+00
1.026504230090123038e+00,1.467969440562184857e+01,0.000000000000000000e+00
7.704606333394838913e-01,1.470126465726429998e+01,0.000000000000000000e+00
5.141334384924536316e-01,1.472285536588616850e+01,0.000000000000000000e+00
2.573658817376107688e-01,1.474448148981440454e+01,0.000000000000000000e+00
9.041666141273723965e-16,1.476616139048235610e+01,0.000000000000000000e+00
-2.581238724526445094e-01,1.478790674879507527e+01,0.000000000000000000e+00
-5.171669969007300915e-01,1.480972511281423643e+01,0.000000000000000000e+00
-7.772930367170677313e-01,1.483163468001777119e+01,0.000000000000000000e+00
-1.038668617907413161e+00,1.485365325601414987e+01,0.000000000000000000e+00
-1.301463100400547246e+00,1.487579130769218416e+01,0.000000000000000000e+00
-1.565849075308729521e+00,1.489805878279470086e+01,0.000000000000000000e+00
-1.832004251783597049e+00,1.492047728404802243e+01,0.000000000000000000e+00
-2.100110649237781235e+00,1.494306372724316212e+01,0.000000000000000000e+00
-2.370354193255372888e+00,1.496582737798243201e+01,0.000000000000000000e+00
-2.642927092241166509e+00,1.498878436880242759e+01,0.000000000000000000e+00
-2.918029099019333827e+00,1.501195832007814168e+01,0.000000000000000000e+00
-3.195865349003082390e+00,1.503536434675878475e+01,0.000000000000000000e+00
-3.476647105132562032e+00,1.505901305928155409e+01,0.000000000000000000e+00
-3.760596806409579163e+00,1.508292996986332390e+01,0.000000000000000000e+00
-4.047945294991825982e+00,1.510713750716887560e+01,0.000000000000000000e+00
-4.338930232812753474e+00,1.513164796472920237e+01,0.000000000000000000e+00
-4.633801968173988151e+00,1.515648330113885756e+01,0.000000000000000000e+00
-4.932824666305294592e+00,1.518167326725982313e+01,0.000000000000000000e+00
-5.236271056853486705e+00,1.520723536177298563e+01,0.000000000000000000e+00
-5.544427417570328309e+00,1.523318913357958237e+01,0.000000000000000000e+00
-5.857600168775245919e+00,1.525957014502495923e+01,0.000000000000000000e+00
-6.176107191909444794e+00,1.528640171598490127e+01,0.000000000000000000e+00
-6.500281991422174777e+00,1.531370470801347139e+01,0.000000000000000000e+00
-6.830484824961183143e+00,1.534152010045752768e+01,0.000000000000000000e+00
-7.167090912547075199e+00,1.536987606187837763e+01,0.000000000000000000e+00
-7.510496038279979025e+00,1.539879887945152248e+01,0.000000000000000000e+00
-7.861129907159682517e+00,1.542833614093232342e+01,0.000000000000000000e+00
-8.219440282504200113e+00,1.545851886963939137e+01,0.000000000000000000e+00
-8.585906331061359253e+00,1.548938504352195444e+01,0.000000000000000000e+00
-8.961046558169803333e+00,1.552098792774032354e+01,0.000000000000000000e+00
-9.345402277257417012e+00,1.555336126435132726e+01,0.000000000000000000e+00
-9.739565769641357562e+00,1.558656339902334587e+01,0.000000000000000000e+00
-1.014416654300751830e+01,1.562064664667737190e+01,0.000000000000000000e+00
-1.055987709156801202e+01,1.565566160825057551e+01,0.000000000000000000e+00
-1.098743173421128994e+01,1.569167873042891870e+01,0.000000000000000000e+00
-1.142760641350193751e+01,1.572875086180449955e+01,0.000000000000000000e+00
-1.188126263752999279e+01,1.576696805744622765e+01,0.000000000000000000e+00
-1.234931289888088912e+01,1.580639970825664697e+01,0.000000000000000000e+00
-1.283274555794088734e+01,1.584712100003901902e+01,0.000000000000000000e+00
-1.333261926019825694e+01,1.588919690203202961e+01,0.000000000000000000e+00
-1.385017959330822279e+01,1.593280903847890251e+01,0.000000000000000000e+00
-1.438604441095621844e+01,1.597732096169654170e+01,0.000000000000000000e+00
-1.493635605336900696e+01,1.601728087342068463e+01,0.000000000000000000e+00
-1.549689875098934344e+01,1.604750842639269237e+01,0.000000000000000000e+00
-1.606830693171272628e+01,1.606830693171272983e+01,0.000000000000000000e+00
-1.665031458601101377e+01,1.607902189271732141e+01,0.000000000000000000e+00
-1.723969914438650619e+01,1.607627953261496145e+01,0.000000000000000000e+00
-1.783270562502231016e+01,1.605664026554293855e+01,0.000000000000000000e+00
-1.842660755264825312e+01,1.601800556846144730e+01,0.000000000000000000e+00
-1.902318781200432696e+01,1.596234987686896289e+01,0.000000000000000000e+00
-1.962323150805237404e+01,1.589057955491000129e+01,0.000000000000000000e+00
-2.022483626680851998e+01,1.580137387370927549e+01,0.000000000000000000e+00
-2.082670067816077974e+01,1.569404464630666141e+01,0.000000000000000000e+00
-2.142863092946601000e+01,1.556881168718810748e+01,0.000000000000000000e+00
-2.203212505885799644e+01,1.542706004899142513e+01,0.000000000000000000e+00
-2.263607928224282517e+01,1.526822826379319231e+01,0.000000000000000000e+00
-2.323753549798350804e+01,1.509063199958718116e+01,0.000000000000000000e+00
-2.383739802692221232e+01,1.489525945628756709e+01,0.000000000000000000e+00
-2.443682576050167654e+01,1.468312625352367817e+01,0.000000000000000000e+00
-2.503522013386545453e+01,1.445409108350875549e+01,0.000000000000000000e+00
-2.563069986946628731e+01,1.420732893271447139e+01,0.000000000000000000e+00
-2.622160933409367090e+01,1.394227699628028461e+01,0.000000000000000000e+00
-2.680938780342014738e+01,1.366006537120811082e+01,0.000000000000000000e+00
-2.739468528341070552e+01,1.336128076622500771e+01,0.000000000000000000e+00
-2.797625094226717124e+01,1.304554006084517859e+01,0.000000000000000000e+00
-2.855251351647521929e+01,1.271239805519447863e+01,0.000000000000000000e+00
-2.912240202528051825e+01,1.236172624726318325e+01,0.000000000000000000e+00
-2.968683462747638302e+01,1.199425975153173241e+01,0.000000000000000000e+00
-3.024616885768083918e+01,1.161041642207189817e+01,0.000000000000000000e+00
-3.079937025194069733e+01,1.121005400585036327e+01,0.000000000000000000e+00
-3.134612642555777740e+01,1.079333689798842855e+01,0.000000000000000000e+00
-3.188635188111636154e+01,1.036050376718789146e+01,0.000000000000000000e+00
-3.241737407853309350e+01,9.910985868130246956e+00,0.000000000000000000e+00
-3.293825299322863742e+01,9.444892060764574993e+00,0.000000000000000000e+00
-3.345847068878489949e+01,8.965170201040313813e+00,0.000000000000000000e+00
-3.398750043561670964e+01,8.474035605244047531e+00,0.000000000000000000e+00
-3.452834926517746084e+01,7.971497537403180011e+00,0.000000000000000000e+00
-3.508245217187936049e+01,7.457005408607675356e+00,0.000000000000000000e+00
-3.565036249059446050e+01,6.929728481793480555e+00,0.000000000000000000e+00
-3.623285591945615636e+01,6.388830086722534496e+00,0.000000000000000000e+00
-3.683095477676786089e+01,5.833450158936687835e+00,0.000000000000000000e+00
-3.744567949838206289e+01,5.262647052700852868e+00,0.000000000000000000e+00
-3.807810234294311869e+01,4.675403076194136531e+00,0.000000000000000000e+00
-3.872940918883512040e+01,4.070624935083988483e+00,0.000000000000000000e+00
-3.940087033249368886e+01,3.447129487148120397e+00,0.000000000000000000e+00
-4.009387034991422638e+01,2.803636532045949092e+00,0.000000000000000000e+00
-4.080992628221834906e+01,2.138757609155680584e+00,0.000000000000000000e+00
-4.155053542284691304e+01,1.450976669759924453e+00,0.000000000000000000e+00
-4.231782005865220953e+01,7.386602967443997025e-01,0.000000000000000000e+00
-4.311319586097754808e+01,5.279843731215907148e-15,0.000000000000000000e+00
-4.310991922123475462e+01,-7.524864390568541950e-01,0.000000000000000000e+00
-4.345993242361135600e+01,-1.517654282291862167e+00,0.000000000000000000e+00
-4.378695516988346981e+01,-2.294777082019661130e+00,0.000000000000000000e+00
-4.409058983040146984e+01,-3.083114383548914983e+00,0.000000000000000000e+00
-4.437046078077275979e+01,-3.881912313739224629e+00,0.000000000000000000e+00
-4.462621483355469110e+01,-4.690404182882533135e+00,0.000000000000000000e+00
-4.485752165451543760e+01,-5.507811099542225364e+00,0.000000000000000000e+00
-4.506407569047229345e+01,-6.333342812630727181e+00,0.000000000000000000e+00
-4.524562431044266475e+01,-7.166202883543689062e+00,0.000000000000000000e+00
-4.540196487762007393e+01,-8.005591385102524882e+00,0.000000000000000000e+00
-4.553291925680593977e+01,-8.850702921080710439e+00,0.000000000000000000e+00
-4.563833302068088926e+01,-9.700727147227350855e+00,0.000000000000000000e+00
-4.571807559156233935e+01,-1.055484941356575490e+01,0.000000000000000000e+00
-4.577204036685670019e+01,-1.141225141072581728e+01,0.000000000000000000e+00
-4.580014482809460930e+01,-1.227211181991638966e+01,0.000000000000000000e+00
-4.580233063344751088e+01,-1.313360696614036272e+01,0.000000000000000000e+00
-4.577853537383203530e+01,-1.399590281602104014e+01,0.000000000000000000e+00
-4.572866471364897478e+01,-1.485814384789526343e+01,0.000000000000000000e+00
-4.565284459360560021e+01,-1.571953501880021875e+01,0.000000000000000000e+00
-4.555127797516004762e+01,-1.657930931574390243e+01,0.000000000000000000e+00
-4.542418795079653648e+01,-1.743671207499988540e+01,0.000000000000000000e+00
-4.527181723992163853e+01,-1.829100145614452089e+01,0.000000000000000000e+00
-4.509442767457949941e+01,-1.914144889924443760e+01,0.000000000000000000e+00
-4.489229967548502742e+01,-1.998733956499300035e+01,0.000000000000000000e+00
-4.466571598692873835e+01,-2.082796542168101084e+01,0.000000000000000000e+00
-4.441469229222458637e+01,-2.166249284204288728e+01,0.000000000000000000e+00
-4.413902454469450021e+01,-2.248995632138105805e+01,0.000000000000000000e+00
-4.383853735610613001e+01,-2.330936378248570051e+01,0.000000000000000000e+00
-4.351335938162047512e+01,-2.411984896434948311e+01,0.000000000000000000e+00
-4.316442822570598992e+01,-2.492099425552763847e+01,0.000000000000000000e+00
-4.279279992823178702e+01,-2.571250825479989288e+01,0.000000000000000000e+00
-4.239887744500283873e+01,-2.649375907074191616e+01,0.000000000000000000e+00
-4.198233620070991634e+01,-2.726364790891174295e+01,0.000000000000000000e+00
-4.154308211967757103e+01,-2.802116270560683731e+01,0.000000000000000000e+00
-4.108159969792754396e+01,-2.876564579020257995e+01,0.000000000000000000e+00
-4.059842216713258267e+01,-2.949648027433738307e+01,0.000000000000000000e+00
-4.009398873227954141e+01,-3.021298759398501943e+01,0.000000000000000000e+00
-3.956936504130249688e+01,-3.091497615676698985e+01,0.000000000000000000e+00
-3.902635142801693036e+01,-3.160291626026528178e+01,0.000000000000000000e+00
-3.846339644434143423e+01,-3.227462177027239676e+01,0.000000000000000000e+00
-3.787850841528242540e+01,-3.292728501366535454e+01,0.000000000000000000e+00
-3.727673269686197699e+01,-3.356412087846404546e+01,0.000000000000000000e+00
-3.665845003280360004e+01,-3.418455769001300126e+01,0.000000000000000000e+00
-3.602013134076646850e+01,-3.478423650285466096e+01,0.000000000000000000e+00
-3.536515278227702197e+01,-3.536515278227700776e+01,0.000000000000000000e+00
-3.469574574399692324e+01,-3.592849647747893727e+01,0.000000000000000000e+00
-3.401090801189584312e+01,-3.647223355148484814e+01,0.000000000000000000e+00
-3.330876834268969588e+01,-3.699313497493758263e+01,0.000000000000000000e+00
-3.259242225026732598e+01,-3.749329287151458345e+01,0.000000000000000000e+00
-3.186310699032542004e+01,-3.797297222693398311e+01,0.000000000000000000e+00
-3.112100149295444851e+01,-3.843123625217256745e+01,0.000000000000000000e+00
-3.036690935896134746e+01,-3.886787152956829061e+01,0.000000000000000000e+00
-2.960113948970096232e+01,-3.928203887387109461e+01,0.000000000000000000e+00
-2.882289155764075517e+01,-3.967130683563794236e+01,0.000000000000000000e+00
-2.803437650940729498e+01,-4.003723893216795204e+01,0.000000000000000000e+00
-2.723652359528882272e+01,-4.037980680035146008e+01,0.000000000000000000e+00
-2.642993769177859065e+01,-4.069853504737233862e+01,0.000000000000000000e+00
-2.561534526275711343e+01,-4.099312149729829713e+01,0.000000000000000000e+00
-2.479345313674192042e+01,-4.126323535209864701e+01,0.000000000000000000e+00
-2.396499869986194398e+01,-4.150859535148293133e+01,0.000000000000000000e+00
-2.313073076686609397e+01,-4.172894291775246245e+01,0.000000000000000000e+00
-2.229141263579668575e+01,-4.192404969409847126e+01,0.000000000000000000e+00
-2.144781887399799913e+01,-4.209371464228010495e+01,0.000000000000000000e+00
-2.060073404917559969e+01,-4.223776416037810577e+01,0.000000000000000000e+00
-1.975095114234416727e+01,-4.235605141140317187e+01,0.000000000000000000e+00
-1.889927026197397808e+01,-4.244845600834793942e+01,0.000000000000000000e+00
-1.804649739481499537e+01,-4.251488358240709431e+01,0.000000000000000000e+00
-1.719344353065835307e+01,-4.255526604768791543e+01,0.000000000000000000e+00
-1.634092318485306805e+01,-4.256956029586206824e+01,0.000000000000000000e+00
-1.548975511800431448e+01,-4.255775241959842958e+01,0.000000000000000000e+00
-1.464075723542835838e+01,-4.251984642054204500e+01,0.000000000000000000e+00
-1.379475667421380258e+01,-4.245589551556624741e+01,0.000000000000000000e+00
-1.295256767680038301e+01,-4.236593990175552449e+01,0.000000000000000000e+00
-1.211474556698535388e+01,-4.224913867376238841e+01,0.000000000000000000e+00
-1.128233424728038514e+01,-4.210624463882478352e+01,0.000000000000000000e+00
-1.045619804597815872e+01,-4.193751976008394422e+01,0.000000000000000000e+00
-9.637157287369355174e+00,-4.174311428692204373e+01,0.000000000000000000e+00
-8.826034798890411537e+00,-4.152322906216436138e+01,0.000000000000000000e+00
-8.023647047300380919e+00,-4.127808563991735014e+01,0.000000000000000000e+00
-7.230817410996610128e+00,-4.100800332396027414e+01,0.000000000000000000e+00
-6.448329187082149083e+00,-4.071314817206316405e+01,0.000000000000000000e+00
-5.677114123871682239e+00,-4.039476594751647553e+01,0.000000000000000000e+00
-4.919245788029145139e+00,-4.006404186206433593e+01,0.000000000000000000e+00
-4.176495440093805911e+00,-3.973669975845126601e+01,0.000000000000000000e+00
-3.448459257318434279e+00,-3.941606967509120096e+01,0.000000000000000000e+00
-2.734244505856766150e+00,-3.910151814250567526e+01,0.000000000000000000e+00
-2.033037732886118221e+00,-3.879267087250874368e+01,0.000000000000000000e+00
-1.344073608702890166e+00,-3.848923228969760402e+01,0.000000000000000000e+00
-6.666239178847995772e-01,-3.819085867776672671e+01,0.000000000000000000e+00
-6.961612739836021291e-15,-3.789725464617209383e+01,0.000000000000000000e+00
6.564523545044582686e-01,-3.760813020198292378e+01,0.000000000000000000e+00
1.303355269383584591e+00,-3.732321161169069512e+01,0.000000000000000000e+00
1.941301446922397034e+00,-3.704223826081073412e+01,0.000000000000000000e+00
2.570856475435118860e+00,-3.676496044910441441e+01,0.000000000000000000e+00
3.192561067834220001e+00,-3.649113998510485857e+01,0.000000000000000000e+00
3.806933136681267094e+00,-3.622054931524250776e+01,0.000000000000000000e+00
4.414469566795592215e+00,-3.595296944773417636e+01,0.000000000000000000e+00
5.015647936165511744e+00,-3.568818946313092511e+01,0.000000000000000000e+00
5.610928339522183173e+00,-3.542600730239135487e+01,0.000000000000000000e+00
6.200754732065253627e+00,-3.516622757987023817e+01,0.000000000000000000e+00
6.785556237271513247e+00,-3.490866059104765640e+01,0.000000000000000000e+00
7.365748801949873581e+00,-3.465312359250836494e+01,0.000000000000000000e+00
7.941736261515775830e+00,-3.439943901668323889e+01,0.000000000000000000e+00
8.513911311653782121e+00,-3.414743315859617923e+01,0.000000000000000000e+00
9.082657092146924072e+00,-3.389693773561806722e+01,0.000000000000000000e+00
9.648347985656993586e+00,-3.364778812438350997e+01,0.000000000000000000e+00
1.021135039330063243e+01,-3.339982217218643257e+01,0.000000000000000000e+00
1.077202432659717068e+01,-3.315288193201947564e+01,0.000000000000000000e+00
1.133072387394823721e+01,-3.290681152666165588e+01,0.000000000000000000e+00
1.188779799269215864e+01,-3.266145655195974484e+01,0.000000000000000000e+00
1.244359208150506291e+01,-3.241666565703929592e+01,0.000000000000000000e+00
1.299844809493749231e+01,-3.217228799459389421e+01,0.000000000000000000e+00
1.355270560128390045e+01,-3.192817355409752977e+01,0.000000000000000000e+00
1.410670314256029378e+01,-3.168417401674055611e+01,0.000000000000000000e+00
1.466077815247461480e+01,-3.144014020803713549e+01,0.000000000000000000e+00
1.521526842598495577e+01,-3.119592330445712847e+01,0.000000000000000000e+00
1.577051304374377594e+01,-3.095137457685755678e+01,0.000000000000000000e+00
1.632685237392808730e+01,-3.070634335544916738e+01,0.000000000000000000e+00
1.688462992104769711e+01,-3.046067870765486418e+01,0.000000000000000000e+00
1.744419273451425312e+01,-3.021422811320254453e+01,0.000000000000000000e+00
1.800589175613847459e+01,-2.996683621116560658e+01,0.000000000000000000e+00
1.857008387973093733e+01,-2.971834643992203695e+01,0.000000000000000000e+00
1.913713198102715651e+01,-2.946859904547931208e+01,0.000000000000000000e+00
1.970740571689680820e+01,-2.921743050651609153e+01,0.000000000000000000e+00
2.028128364632250680e+01,-2.896467481366693519e+01,0.000000000000000000e+00
2.085915315659834235e+01,-2.871016128108118437e+01,0.000000000000000000e+00
2.144141161501959658e+01,-2.845371425194349868e+01,0.000000000000000000e+00
2.202846858877605740e+01,-2.819515404023197647e+01,0.000000000000000000e+00
2.262074592395734030e+01,-2.793429482019676513e+01,0.000000000000000000e+00
2.321867903907756414e+01,-2.767094416011257252e+01,0.000000000000000000e+00
2.382271941641375079e+01,-2.740490379073292004e+01,0.000000000000000000e+00
2.443333509481275811e+01,-2.713596773531440220e+01,0.000000000000000000e+00
2.505101196205390579e+01,-2.686392138256067241e+01,0.000000000000000000e+00
2.567625642717679924e+01,-2.658854187500156385e+01,0.000000000000000000e+00
2.630959690746575319e+01,-2.630959690746576740e+01,0.000000000000000000e+00
2.695158514805350336e+01,-2.602684324073234023e+01,0.000000000000000000e+00
2.760279860402806662e+01,-2.574002611787575034e+01,0.000000000000000000e+00
2.826384343785515085e+01,-2.544887893884573415e+01,0.000000000000000000e+00
2.893535631987834478e+01,-2.515312150285718928e+01,0.000000000000000000e+00
2.961800695012865603e+01,-2.485245870805908908e+01,0.000000000000000000e+00
3.031250110937602216e+01,-2.454657940457866871e+01,0.000000000000000000e+00
3.101958427311585709e+01,-2.423515533279928036e+01,0.000000000000000000e+00
3.174004493753677991e+01,-2.391783941312553097e+01,0.000000000000000000e+00
3.247471825918879773e+01,-2.359426390029289422e+01,0.000000000000000000e+00
3.322449013084370506e+01,-2.326403844279089128e+01,0.000000000000000000e+00
3.399030236330668941e+01,-2.292674843409965746e+01,0.000000000000000000e+00
3.477315688470190480e+01,-2.258195212037370325e+01,0.000000000000000000e+00
3.557412248499702656e+01,-2.222917886194317916e+01,0.000000000000000000e+00
3.639434320020304625e+01,-2.186792758437549722e+01,0.000000000000000000e+00
3.723502460671953429e+01,-2.149765147997188919e+01,0.000000000000000000e+00
3.809753956149398846e+01,-2.111781101701606644e+01,0.000000000000000000e+00
3.898306386634335041e+01,-2.072766273279655280e+01,0.000000000000000000e+00
3.989327771962320668e+01,-2.032664026189710782e+01,0.000000000000000000e+00
4.082070682966651276e+01,-1.990958900912136542e+01,0.000000000000000000e+00
4.175979402707634591e+01,-1.947291175780109995e+01,0.000000000000000000e+00
4.267639599580633103e+01,-1.900075568291932981e+01,0.000000000000000000e+00
4.354993558900900297e+01,-1.848585090508477435e+01,0.000000000000000000e+00
4.437589140608420024e+01,-1.792902392287098579e+01,0.000000000000000000e+00
4.515588475348084074e+01,-1.733372012706539778e+01,0.000000000000000000e+00
4.588553905788521092e+01,-1.670097040032945301e+01,0.000000000000000000e+00
4.656686517205393017e+01,-1.603425754307501450e+01,0.000000000000000000e+00
4.719523405531591465e+01,-1.533466111289417633e+01,0.000000000000000000e+00
4.777046103136702015e+01,-1.460489560471419246e+01,0.000000000000000000e+00
4.829289523725071120e+01,-1.384776487421518709e+01,0.000000000000000000e+00
4.876232472363346204e+01,-1.306582553076174946e+01,0.000000000000000000e+00
4.917331051649288298e+01,-1.226028330426475144e+01,0.000000000000000000e+00
4.952981585472343795e+01,-1.143485899316225485e+01,0.000000000000000000e+00
4.982882107211965916e+01,-1.059144287916052818e+01,0.000000000000000000e+00
5.007130960817350029e+01,-9.732876640567171833e+00,0.000000000000000000e+00
5.025211911495412664e+01,-8.860804437742048734e+00,0.000000000000000000e+00
5.037511042772054282e+01,-7.978633671381242465e+00,0.000000000000000000e+00
5.044540705995010654e+01,-7.089639615107320658e+00,0.000000000000000000e+00
5.045129566313071479e+01,-6.194640184980152675e+00,0.000000000000000000e+00
5.039737965361247518e+01,-5.296978047886899077e+00,0.000000000000000000e+00
5.028193889148254669e+01,-4.399099633107995899e+00,0.000000000000000000e+00
5.010533702390592481e+01,-3.503706479436852206e+00,0.000000000000000000e+00
4.986899824463309727e+01,-2.613523453071127545e+00,0.000000000000000000e+00
4.957443874886151036e+01,-1.731177548231752183e+00,0.000000000000000000e+00
4.922322162129854917e+01,-8.591945293758559421e-01,0.000000000000000000e+00
4.881479604664210825e+01,-1.195617674591022553e-14,0.000000000000000000e+00
