# Angles (rad),Stance Percentage (%),Transmission Cable Displacement (m),Transmission Cable Force (N),Storage Cable Force (N),Scaled Transmission Cable Displacement (cm),Scaled Transmission Cable Force (N),Scaled Storage Cable Force (N)
0.000000000000000000e+00,1.000000000000000000e+02,5.002057635591491969e-02,8.512106227135053660e-02,4.546101676882670362e-02,5.031329341317365006e-02,-1.193475034604390780e-07,-6.423599941138180348e-08
1.745329251994329547e-02,9.954337899543378398e+01,4.972748313419537991e-02,1.722171864228685401e-01,9.126971923367833972e-02,5.030424979726789980e-02,2.602680858591358178e-03,1.400494128096142158e-03
3.490658503988659095e-02,9.908675799086756797e+01,4.943411022095799134e-02,2.613894380340742729e-01,1.374469678573817799e-01,5.027098456719000102e-02,1.219129328495890258e-02,6.554286177675259367e-03
5.235987755982988989e-02,9.863013698630136616e+01,4.914055383172861308e-02,3.527611844524980445e-01,1.840137907811679741e-01,5.021526277489678225e-02,2.830491607712103466e-02,1.519480088427194696e-02
6.981317007977318190e-02,9.817351598173515015e+01,4.884690725185308197e-02,4.463896105370726008e-01,2.309913838246717976e-01,5.013884947234513445e-02,5.050857016190233445e-02,2.705954717872001078e-02
8.726646259971647390e-02,9.771689497716894834e+01,4.855326384647046245e-02,5.424565221787405189e-01,2.784011274479703535e-01,5.004350971149195554e-02,7.838612830371045892e-02,4.188932976949946707e-02
1.047197551196597798e-01,9.726027397260273233e+01,4.825972764538460219e-02,6.409955893355236967e-01,3.262654645971856393e-01,4.993100854429406016e-02,1.115344853846519102e-01,5.942761318769105433e-02
1.221730476396030718e-01,9.680365296803653052e+01,4.796640834440885764e-02,7.421874478448596824e-01,3.746091865063507220e-01,4.980311102270836704e-02,1.495588497083009116e-01,7.941989741189149632e-02
1.396263401595463638e-01,9.634703196347031451e+01,4.767338719691591176e-02,8.461571737605831922e-01,4.234588028219941069e-01,4.966158219869172552e-02,1.920690160734826180e-01,1.016130505337530521e-01
1.570796326794896558e-01,9.589041095890409849e+01,4.738075040316933745e-02,9.529551485866182281e-01,4.728362842058067006e-01,4.950818712420099882e-02,2.386763565129110531e-01,1.257545636800262989e-01
1.745329251994329478e-01,9.543378995433789669e+01,4.708861773437011955e-02,1.062825775410151552e+00,5.227559108176871305e-01,4.934469085119310566e-02,2.889904545965770177e-01,1.515917085665778041e-01
1.919862177193762398e-01,9.497716894977168067e+01,4.679708980237307081e-02,1.175701271005199278e+00,5.732265241290872559e-01,4.917285843162488151e-02,3.425991062809944365e-01,1.788705535361318766e-01
2.094395102393195596e-01,9.452054794520547887e+01,4.650625147659401271e-02,1.291846306062069072e+00,6.242557447497036893e-01,4.899445491745319653e-02,3.990541040154289565e-01,2.073349210887852345e-01
2.268928027592628516e-01,9.406392694063926285e+01,4.621619405343242726e-02,1.411344532295149445e+00,6.758504654300683256e-01,4.881124536063491393e-02,4.579233893503383279e-01,2.367252901769441864e-01
2.443460952792061436e-01,9.360730593607306105e+01,4.592701385680313803e-02,1.534204170573834070e+00,7.280172729007822197e-01,4.862499481312694549e-02,5.187600527005564732e-01,2.667779228319560603e-01
2.617993877991494078e-01,9.315068493150684503e+01,4.563880817990114552e-02,1.660712192899357342e+00,7.807627234443386133e-01,4.843746832688614751e-02,5.810207729799145016e-01,2.972241397220898307e-01
2.792526803190927276e-01,9.269406392694062902e+01,4.535167491535622292e-02,1.790764663768129816e+00,8.340933607593969956e-01,4.825043095386937625e-02,6.441597197187983737e-01,3.277895843932035480e-01
2.967059728390360474e-01,9.223744292237442721e+01,4.506571200633936736e-02,1.924635951334141337e+00,8.880158161284092966e-01,4.806564774603350881e-02,7.076327581998539396e-01,3.581927132246306988e-01
3.141592653589793116e-01,9.178082191780821120e+01,4.478101725497330571e-02,2.062419249072207528e+00,9.425368546115783230e-01,4.788475030534902754e-02,7.708695362706146081e-01,3.881649937643698034e-01
3.316125578789226314e-01,9.132420091324200939e+01,4.449768832213360503e-02,2.204134373304382333e+00,9.976633722857897180e-01,4.770797476300282780e-02,8.337339593765369372e-01,4.176625732679533076e-01
3.490658503988658956e-01,9.086757990867579338e+01,4.421582272744864484e-02,2.350241503479566063e+00,1.053402320167128536e+00,4.753472583284749919e-02,8.963733189438354287e-01,4.467794373994427026e-01
3.665191429188092154e-01,9.041095890410957736e+01,4.393551769542496793e-02,2.500417571587955301e+00,1.109760624098444115e+00,4.736439716206318484e-02,9.590182970665672713e-01,4.756138558405748618e-01
3.839724354387524796e-01,8.995433789954337556e+01,4.365686975564799649e-02,2.655157557334170804e+00,1.166745180933398185e+00,4.719638239783003480e-02,1.021917164623326046e+00,5.042661396095915460e-01
4.014257279586957994e-01,8.949771689497715954e+01,4.337997545170530628e-02,2.814363011115861735e+00,1.224362858581084623e+00,4.703007518732817138e-02,1.085228473909204627e+00,5.328377432356175003e-01
4.188790204786391191e-01,8.904109589041095774e+01,4.310493155688614048e-02,2.978297875012541063e+00,1.282620498943467746e+00,4.686486917773775157e-02,1.149155307218090893e+00,5.614325393997582347e-01
4.363323129985823834e-01,8.858447488584474172e+01,4.283183507418139579e-02,3.147367928771386492e+00,1.341524922624761418e+00,4.670015801623894625e-02,1.214004584383025831e+00,5.901571626954018601e-01
4.537856055185257032e-01,8.812785388127853992e+01,4.256078323628361554e-02,3.321023336332737053e+00,1.401082929355379703e+00,4.653533535001187771e-02,1.280066632851536212e+00,6.191215542119710147e-01
4.712388980384689674e-01,8.767123287671232390e+01,4.229187350558701042e-02,3.499989586768945227e+00,1.461301297991935089e+00,4.636980908165701937e-02,1.347602070098043781e+00,6.484366143779944913e-01
4.886921905584122872e-01,8.721461187214610788e+01,4.202520357418743774e-02,3.684417374572972026e+00,1.522186786517239820e+00,4.620367390920396972e-02,1.416584757363363423e+00,6.780937661819061990e-01
5.061454830783556069e-01,8.675799086757990608e+01,4.176087136388240140e-02,3.874201359761842323e+00,1.583746132040305454e+00,4.603800204354138031e-02,1.486584915905341919e+00,7.079075736152287135e-01
5.235987755982988157e-01,8.630136986301369006e+01,4.149897495740218628e-02,4.070064628401418361e+00,1.645986050796343081e+00,4.587394037491530907e-02,1.557192898519612845e+00,7.376728962389006439e-01
5.410520681182421354e-01,8.584474885844748826e+01,4.123961230678069995e-02,4.271408874915008980e+00,1.708913238146762437e+00,4.571263579357191104e-02,1.627921015379220293e+00,7.671777558633248173e-01
5.585053606381854552e-01,8.538812785388127224e+01,4.098288115606375098e-02,4.479115313241916141e+00,1.772534368579173014e+00,4.555523518975727881e-02,1.698142526954281806e+00,7.962031753287723834e-01
5.759586531581287749e-01,8.493150684931507044e+01,4.072887882818878452e-02,4.693171407270799733e+00,1.836856162631657075e+00,4.540288368951509584e-02,1.767262358400274458e+00,8.245234616848855502e-01
5.934119456780720947e-01,8.447488584474885442e+01,4.047770073948239733e-02,4.913564952681818809e+00,1.901885573548347974e+00,4.525587110131407825e-02,1.835114290526387082e+00,8.520668695463849973e-01
6.108652381980153034e-01,8.401826484018263841e+01,4.022943984751054664e-02,5.141035977403948465e+00,1.967629530037646068e+00,4.511225922639045677e-02,1.902537478841874963e+00,8.791821660714543851e-01
6.283185307179586232e-01,8.356164383561643660e+01,3.998419023268683786e-02,5.374797039663475218e+00,2.034094855230700105e+00,4.496975168504232373e-02,1.970575446438454836e+00,9.062976754046797589e-01
6.457718232379019430e-01,8.310502283105022059e+01,3.974205196198397211e-02,5.616162176510548498e+00,2.101288266681411443e+00,4.482605209756788944e-02,2.040325720958398481e+00,9.338552048102972680e-01
6.632251157578452627e-01,8.264840182648401878e+01,3.950312521614760680e-02,5.864706249911736613e+00,2.169216376366430055e+00,4.467886408426530870e-02,2.112953202860085700e+00,9.623107931344432320e-01
6.806784082777884715e-01,8.219178082191780277e+01,3.926750026398306836e-02,6.120895691676130568e+00,2.237885690685157858e+00,4.452589126543275017e-02,2.189800725429498662e+00,9.921361425009970203e-01
6.981317007977317912e-01,8.173515981735158675e+01,3.903526883115198548e-02,6.385503471789066410e+00,2.307302610459746273e+00,4.436483726136833394e-02,2.272371456326669925e+00,1.023820741321263217e+00
7.155849933176751110e-01,8.127853881278538495e+01,3.880653512260978655e-02,6.657266880401721210e+00,2.377473430936590137e+00,4.419340569237025645e-02,2.362069844366570859e+00,1.057874907719315249e+00
7.330382858376184307e-01,8.082191780821916893e+01,3.858139806074577238e-02,6.937564314601707416e+00,2.448404470960873436e+00,4.400930017873671413e-02,2.460381942307298786e+00,1.094833783678829775e+00
7.504915783575617505e-01,8.036529680365296713e+01,3.835995018666666506e-02,7.226671483488775749e+00,2.520102555058393978e+00,4.381022434076578542e-02,2.569309464973418056e+00,1.135262614397342329e+00
7.679448708775049592e-01,7.990867579908675111e+01,3.814229293333450121e-02,7.523983438291887538e+00,2.592575125874449160e+00,4.359400578563256412e-02,2.690822273447053270e+00,1.179737874546722409e+00
7.853981633974482790e-01,7.945205479452054931e+01,3.792854173134924817e-02,7.829280785741929982e+00,2.665830193255241731e+00,4.336157164469899017e-02,2.825143482478425394e+00,1.228228587525691529e+00
8.028514559173915988e-01,7.899543378995433329e+01,3.771871696160426085e-02,8.142462605753866711e+00,2.739875361767742046e+00,4.311709284568653738e-02,2.970915051923994188e+00,1.280022338146717953e+00
8.203047484373349185e-01,7.853881278538811728e+01,3.751266131896349026e-02,8.462610377302473452e+00,2.814716957241953033e+00,4.286489317635176072e-02,3.126587472535760082e+00,1.334336751364615159e+00
8.377580409572782383e-01,7.808219178082191547e+01,3.731018233899587033e-02,8.791299278111885940e+00,2.890360335934119007e+00,4.260929642445125676e-02,3.289476903021294696e+00,1.390340670653591459e+00
8.552113334772214470e-01,7.762557077625569946e+01,3.711109631572288847e-02,9.127501212663693408e+00,2.966811702857462762e+00,4.235462637774163597e-02,3.457596645201348462e+00,1.447145001746916959e+00
8.726646259971647668e-01,7.716894977168949765e+01,3.691523358707340247e-02,9.472055551391290962e+00,3.044078610193094114e+00,4.210520682397948106e-02,3.628368989937271305e+00,1.503794926456664571e+00
8.901179185171080865e-01,7.671232876712328164e+01,3.672243361128640915e-02,9.825432346229632685e+00,3.122168923176696698e+00,4.186536155092141637e-02,3.798274286627133289e+00,1.559264159194603705e+00
9.075712110370514063e-01,7.625570776255707983e+01,3.653254497484489938e-02,1.018681747597675091e+01,3.201090022527999679e+00,4.163941434632401073e-02,3.964081533983485173e+00,1.612452128062187962e+00
9.250245035569946150e-01,7.579908675799086382e+01,3.634542498092570295e-02,1.055610168228522028e+01,3.280847250756620870e+00,4.143127213689007382e-02,4.121888090537184191e+00,1.662285758029488303e+00
9.424777960769379348e-01,7.534246575342464780e+01,3.616093867643305898e-02,1.093479664772555537e+01,3.361445244179160685e+00,4.123827909610967152e-02,4.272464949093870423e+00,1.709240138370995199e+00
9.599310885968812546e-01,7.488584474885844600e+01,3.597895825721018903e-02,1.132114154699260311e+01,3.442893513278371564e+00,4.105255566900679193e-02,4.421884187375914266e+00,1.755132999674578365e+00
9.773843811168245743e-01,7.442922374429222998e+01,3.579936261280679266e-02,1.171708267224046551e+01,3.525200375548855902e+00,4.086607762380452258e-02,4.576492843352656159e+00,1.801938226202877358e+00
9.948376736367678941e-01,7.397260273972602818e+01,3.562203671178714587e-02,1.212304574322146955e+01,3.608369381685230248e+00,4.067082072872611059e-02,4.743298153136902506e+00,1.851758668879680769e+00
1.012290966156711214e+00,7.351598173515981216e+01,3.544687122866262835e-02,1.253734828138914281e+01,3.692407039740788210e+00,4.045876075199461575e-02,4.930580597226589035e+00,1.906848693178957443e+00
1.029744258676654534e+00,7.305936073059359614e+01,3.527376203987680342e-02,1.296271458545126265e+01,3.777321505709104077e+00,4.022187346183318801e-02,5.148109799249057872e+00,1.969657082155375827e+00
1.047197551196597631e+00,7.260273972602739434e+01,3.510260991419316551e-02,1.339535840954784796e+01,3.863120609934302951e+00,3.995213462646503289e-02,5.406125332791594573e+00,2.042898569217812543e+00
1.064650843716540951e+00,7.214611872146117832e+01,3.493332008957929224e-02,1.383733013719942129e+01,3.949811449695487475e+00,3.964152960322401414e-02,5.719452475576315642e+00,2.129664807105339897e+00
1.082104136236484271e+00,7.168949771689497652e+01,3.476580201200749759e-02,1.429138734816867817e+01,4.037400677101615543e+00,3.928726495546971953e-02,6.098933855247582692e+00,2.232058936494336177e+00
1.099557428756427591e+00,7.123287671232876050e+01,3.459996897190220633e-02,1.475183151424357852e+01,4.125894596567265538e+00,3.890039406060440130e-02,6.544312050844357742e+00,2.348455677477328862e+00
1.117010721276370910e+00,7.077625570776255870e+01,3.443573789909244037e-02,1.522628778251750781e+01,4.215299329825134222e+00,3.849423989924227046e-02,7.049752855968188570e+00,2.476387885695659374e+00
1.134464013796314230e+00,7.031963470319634268e+01,3.427302902849130306e-02,1.570901209286922651e+01,4.305620985386958033e+00,3.808212545199763516e-02,7.608539838848709103e+00,2.612980025364069814e+00
1.151917306316257550e+00,6.986301369863012667e+01,3.411176575504395320e-02,1.620306081387867536e+01,4.396865842432818638e+00,3.767737369948475495e-02,8.205650210237417141e+00,2.754721039252788994e+00
1.169370598836200870e+00,6.940639269406392486e+01,3.395187431766250041e-02,1.670916843978797317e+01,4.489040536536031745e+00,3.729330762231790330e-02,8.819295712937945453e+00,2.896759954293482320e+00
1.186823891356144189e+00,6.894977168949770885e+01,3.379328369502766077e-02,1.722378269565365017e+01,4.582152294448124330e+00,3.694008162773673026e-02,9.427541719292570122e+00,3.034161854855190299e+00
1.204277183876087287e+00,6.849315068493150704e+01,3.363592532989195805e-02,1.775277079163281968e+01,4.676208960099332401e+00,3.661071322131779354e-02,1.003648285554738351e+01,3.168357940596264744e+00
1.221730476396030607e+00,6.803652968036529103e+01,3.347973301619130981e-02,1.829040143242658090e+01,4.771219811621229212e+00,3.629245294785624076e-02,1.066339294373454294e+01,3.303788518750912839e+00
1.239183768915973927e+00,6.757990867579908922e+01,3.332464270925013239e-02,1.883896185819234859e+01,4.867188782243296430e+00,3.597254700903820129e-02,1.133500978774804580e+01,3.445798625333420517e+00
1.256637061435917246e+00,6.712328767123287321e+01,3.317059235621791502e-02,1.940041608893856662e+01,4.964119944159954834e+00,3.563824160654974205e-02,1.208540049286928131e+01,3.600689827274397015e+00
1.274090353955860566e+00,6.666666666666665719e+01,3.301752180895215633e-02,1.997316290011161755e+01,5.062022948481798679e+00,3.527678294207696463e-02,1.295517886751543557e+01,3.775823656519828653e+00
1.291543646475803886e+00,6.621004566210045539e+01,3.286537260849712455e-02,2.055720622583061186e+01,5.160871654806570952e+00,3.487545045029333268e-02,1.399262556875298991e+01,3.979865458441809167e+00
1.308996938995747206e+00,6.575342465753423937e+01,3.271408793583429481e-02,2.115451906132835802e+01,5.260611709220870402e+00,3.442709178239707069e-02,1.525164969381506985e+01,4.220055076454016785e+00
1.326450231515690525e+00,6.529680365296803757e+01,3.256361244386126591e-02,2.176352185640156378e+01,5.361195405191809371e+00,3.393632080220873593e-02,1.675902474708228240e+01,4.498097883713017886e+00
1.343903524035633845e+00,6.484018264840182155e+01,3.241389214565632004e-02,2.238283495827435488e+01,5.462563112587565328e+00,3.340924630285365543e-02,1.853767729765052508e+01,4.814635609735505639e+00
1.361356816555576943e+00,6.438356164383561975e+01,3.226487435400936243e-02,2.301638754815373034e+01,5.564659103942217300e+00,3.285198636960384028e-02,2.060938358474533771e+01,5.169639518532600064e+00
1.378810109075520263e+00,6.392694063926940373e+01,3.211650750734732634e-02,2.365758787534138463e+01,5.667442649486003958e+00,3.227256267793097988e-02,2.298345550030650486e+01,5.559363051034719838e+00
1.396263401595463582e+00,6.347031963470319482e+01,3.196874113313157018e-02,2.431620687999580355e+01,5.770839986622052997e+00,3.168321193641669697e-02,2.562307165390740593e+01,5.973283883639759040e+00
1.413716694115406902e+00,6.301369863013698591e+01,3.182152573648539678e-02,2.498351901063625746e+01,5.874804190214205413e+00,3.109673622898557338e-02,2.847357795569613614e+01,6.397833689931371914e+00
1.431169986635350222e+00,6.255707762557076990e+01,3.167481268205826761e-02,2.566245083472902877e+01,5.979287700931913641e+00,3.052593763956216663e-02,3.144210086903214929e+01,6.818017449576741384e+00
1.448623279155293542e+00,6.210045662100456099e+01,3.152855416968690372e-02,2.635605785543996404e+01,6.084234932033196763e+00,2.998361825207108977e-02,3.443098760308208739e+01,7.218764270072701272e+00
1.466076571675236861e+00,6.164383561643835208e+01,3.138270309607520819e-02,2.705606072011805097e+01,6.189582551722219605e+00,2.948258015043694544e-02,3.731299386681754982e+01,7.586279884348752667e+00
1.483529864195180181e+00,6.118721461187214317e+01,3.123721299256771236e-02,2.777350434336879559e+01,6.295278606664510335e+00,2.903496033165550369e-02,3.998435890197530540e+01,7.909408482212766600e+00
1.500983156715123501e+00,6.073059360730593426e+01,3.109203798277674485e-02,2.849716156924543498e+01,6.401271264991553522e+00,2.863781256009871254e-02,4.241476278783704146e+01,8.189948077898742795e+00
1.518436449235066599e+00,6.027397260273972535e+01,3.094713264741071751e-02,2.923272634766870226e+01,6.507507981127251817e+00,2.827322517956006726e-02,4.469325240190693904e+01,8.440963962936065101e+00
1.535889741755009918e+00,5.981735159817350933e+01,3.080245199619272012e-02,2.998203045354361862e+01,6.613935451508792696e+00,2.792264500976750566e-02,4.691276086160533509e+01,8.675353020423058226e+00
1.553343034274953238e+00,5.936073059360730042e+01,3.065795139865196833e-02,3.074079301941526410e+01,6.720499769257301637e+00,2.756751887044897598e-02,4.918545776932902669e+01,8.904839926987158094e+00
1.570796326794896558e+00,5.890410958904109151e+01,3.051358647081365769e-02,3.150833327532162897e+01,6.827146451538893324e+00,2.718931293145205458e-02,5.162482242726591863e+01,9.139520369806927391e+00
1.588249619314839878e+00,5.844748858447488260e+01,3.036931306005489703e-02,3.229028777631599922e+01,6.933816074875216451e+00,2.677725520960545433e-02,5.430340058176040685e+01,9.382747564105402560e+00
1.605702911834783198e+00,5.799086757990867369e+01,3.022508715147256483e-02,3.308111143048294167e+01,7.040454353685843714e+00,2.634017322637659253e-02,5.714368959296685091e+01,9.625538684124416378e+00
1.623156204354726517e+00,5.753424657534246478e+01,3.008086478116288667e-02,3.388126346099991792e+01,7.147007383823476445e+00,2.588994044650423307e-02,6.006698454864937986e+01,9.858346286337896558e+00
1.640609496874669837e+00,5.707762557077625587e+01,2.993660202052271513e-02,3.469728303666204994e+01,7.253421664838695548e+00,2.543843033472716064e-02,6.297512612855989289e+01,1.007371326995569838e+01
1.658062789394613157e+00,5.662100456621003985e+01,2.979225486283232707e-02,3.551414420408261208e+01,7.359644209217491628e+00,2.499745199739370621e-02,6.581620749370217993e+01,1.026598955277097502e+01
1.675516081914556477e+00,5.616438356164383094e+01,2.964777916255614473e-02,3.635205043996934648e+01,7.465622591441459122e+00,2.457109895195521559e-02,6.599147466345608848e+01,1.043495217234298167e+01
1.692969374434499574e+00,5.570776255707762203e+01,2.950313060791995290e-02,3.719277787505829735e+01,7.571304708778790804e+00,2.414851834516156676e-02,6.299676067188424611e+01,1.058640351690775105e+01
1.710422666954442894e+00,5.525114155251141312e+01,2.935826459445668724e-02,3.804639292869625677e+01,7.676634339358162862e+00,2.371714543530468317e-02,6.018552070782987329e+01,1.072601756234108983e+01
1.727875959474386214e+00,5.479452054794520421e+01,2.921313618764330086e-02,3.891142892872240111e+01,7.781549284307903491e+00,2.326441548067645360e-02,5.743757667578029924e+01,1.085786816032721269e+01
1.745329251994329534e+00,5.433789954337899530e+01,2.906770007034651174e-02,3.978654726460830204e+01,7.885998223913071037e+00,2.277776373956878417e-02,5.468790494779592137e+01,1.098462068438193739e+01
1.762782544514272853e+00,5.388127853881277929e+01,2.892191041585827349e-02,4.067098315135135067e+01,7.989934096738500635e+00,2.224462547188703343e-02,5.190267527142868431e+01,1.110810772016347947e+01
1.780235837034216173e+00,5.342465753424657038e+01,2.877572086636259741e-02,4.156807998606021926e+01,8.093302016709865043e+00,2.165985894327655467e-02,4.908998238811833659e+01,1.122819486298984160e+01
1.797689129554159493e+00,5.296803652968036147e+01,2.862908444164290189e-02,4.246872114788358488e+01,8.196035270927238159e+00,2.104748051028525885e-02,4.634742175506341511e+01,1.133965925583748025e+01
1.815142422074102813e+00,5.251141552511415256e+01,2.848195342859495549e-02,4.338694934599816122e+01,8.298094664609246607e+00,2.043866496091613361e-02,4.381506135414673508e+01,1.143855567840384779e+01
1.832595714594046132e+00,5.205479452054794365e+01,2.833427936019453433e-02,4.431126776619453267e+01,8.399416273418786716e+00,1.986406886138186029e-02,4.158869501944711544e+01,1.152313760896728922e+01
1.850049007113989230e+00,5.159817351598173474e+01,2.818601287815990925e-02,4.524220238896455015e+01,8.499949750532193704e+00,1.933742704070015236e-02,3.966330685266907352e+01,1.159456995536897850e+01
1.867502299633932550e+00,5.114155251141552583e+01,2.803710365683440703e-02,4.619008943484558927e+01,8.599638537169312258e+00,1.885219454025839972e-02,3.798695983966457845e+01,1.165606342783004123e+01
1.884955592153875870e+00,5.068493150684930981e+01,2.788750035098489996e-02,4.713589373700636287e+01,8.698435561965768059e+00,1.840062966274873604e-02,3.649578896427052399e+01,1.171008715091407026e+01
1.902408884673819189e+00,5.022831050228310090e+01,2.773715042952731163e-02,4.810222894301499252e+01,8.796272510097582042e+00,1.797499071086334707e-02,3.514302778068888244e+01,1.175853291869619355e+01
1.919862177193762509e+00,4.977168949771689199e+01,2.758600013680470586e-02,4.906705314513995830e+01,8.893107127130388534e+00,1.756816572753317623e-02,3.390222213426748965e+01,1.180284335327440637e+01
1.937315469713705829e+00,4.931506849315068308e+01,2.743399436227436303e-02,5.004416614930109120e+01,8.988891287410487152e+00,1.717580984214248790e-02,3.274153992959040238e+01,1.184392229633679428e+01
1.954768762233649149e+00,4.885844748858447417e+01,2.728107650333101708e-02,5.102687323267639385e+01,9.083554024639486357e+00,1.679433797793625574e-02,3.165915168101539123e+01,1.188245365667832587e+01
1.972222054753592468e+00,4.840182648401826526e+01,2.712718841280763529e-02,5.202866601789369838e+01,9.177045385470448124e+00,1.642016507939954295e-02,3.062452731917317905e+01,1.191902396597498814e+01
1.989675347273535788e+00,4.794520547945204925e+01,2.697227019099291898e-02,5.302616394006427925e+01,9.269312750172543858e+00,1.604970609101739887e-02,2.963451046294765234e+01,1.195414171515809443e+01
2.007128639793478886e+00,4.748858447488584034e+01,2.681626011888188499e-02,5.405077094589722719e+01,9.360305191086762733e+00,1.567937595727489017e-02,2.867120199111365153e+01,1.198825449560720813e+01
2.024581932313422428e+00,4.703196347031963143e+01,2.665909448634770640e-02,5.506438490450597101e+01,9.449970478238867599e+00,1.530558962265707312e-02,2.772642305718156663e+01,1.202176183013965804e+01
2.042035224833365525e+00,4.657534246575342252e+01,2.650070742609649324e-02,5.610312731345810278e+01,9.538245725906184802e+00,1.492282968943543266e-02,2.679589992342890525e+01,1.205518978789274698e+01
2.059488517353309067e+00,4.611872146118721361e+01,2.634103080701282601e-02,5.713814538364866991e+01,9.625078259047672447e+00,1.451296207322680387e-02,2.582306397113934793e+01,1.209007626954181980e+01
2.076941809873252165e+00,4.566210045662100470e+01,2.617999397688679578e-02,5.818220937739781107e+01,9.710412644720875619e+00,1.405278928114076648e-02,2.476646303270594274e+01,1.212822522580555074e+01
2.094395102393195263e+00,4.520547945205478868e+01,2.601752367202529378e-02,5.923867239728172507e+01,9.794193506267632188e+00,1.351938311004954527e-02,2.358586205678649605e+01,1.217122547442881242e+01
2.111848394913138804e+00,4.474885844748857977e+01,2.585354372338815460e-02,6.030104523349780266e+01,9.876383247952801980e+00,1.291777245368577569e-02,2.229202095247829973e+01,1.221832064563962916e+01
2.129301687433081902e+00,4.429223744292237086e+01,2.568797492220973797e-02,6.135991602159771219e+01,9.956946597805062638e+00,1.230419746205821049e-02,2.102457577657872179e+01,1.226500489560180007e+01
2.146754979953025444e+00,4.383561643835616195e+01,2.552073472438305679e-02,6.245098347786033344e+01,1.003582625172776055e+01,1.174033113411633404e-02,1.989681696118857701e+01,1.230685073142562302e+01
2.164208272472968542e+00,4.337899543378995304e+01,2.535173704693489266e-02,6.352951478464720481e+01,1.011294102582773924e+01,1.126660829191754656e-02,1.898754164678107159e+01,1.234131644888877233e+01
2.181661564992912083e+00,4.292237442922374413e+01,2.518089195903797095e-02,6.463992744876711072e+01,1.018818585641533758e+01,1.086778939056975979e-02,1.823695453289932544e+01,1.236989280562092119e+01
2.199114857512855181e+00,4.246575342465753522e+01,2.500810541102574391e-02,6.573924565714237644e+01,1.026155597181341328e+01,1.051962299572399388e-02,1.760304424519531707e+01,1.239454229823829223e+01
2.216568150032798723e+00,4.200913242009131920e+01,2.483327890120345244e-02,6.683511277810767126e+01,1.033299813383162657e+01,1.019785767303121350e-02,1.702804554181469143e+01,1.241709687444400600e+01
2.234021442552741821e+00,4.155251141552511029e+01,2.465630916129911768e-02,6.655399322264085527e+01,1.040250311127780769e+01,9.878297089299544614e-03,1.647385014190313512e+01,1.243929908587809940e+01
2.251474735072684918e+00,4.109589041095890138e+01,2.447708768717776762e-02,6.526775878791740126e+01,1.046999077615389417e+01,9.543995425045508768e-03,1.589415941611188465e+01,1.246233201316295158e+01
2.268928027592628460e+00,4.063926940639269247e+01,2.429550037225579329e-02,6.399557689724252185e+01,1.053546017876451302e+01,9.192413592147953907e-03,1.530223143340990788e+01,1.248636152521982368e+01
2.286381320112571558e+00,4.018264840182648356e+01,2.411142720052997235e-02,6.274690629091087857e+01,1.059897943431719902e+01,8.822714044844939124e-03,1.469553008157982532e+01,1.251143588237111004e+01
2.303834612632515100e+00,3.972602739726027465e+01,2.392474167721824266e-02,6.151723191809010416e+01,1.066061875392032832e+01,8.434094211813333852e-03,1.408841879830142929e+01,1.253760199984151136e+01
2.321287905152458197e+00,3.926940639269405864e+01,2.373530928767474471e-02,6.029938125168238372e+01,1.072042404600480481e+01,8.030816067971860428e-03,1.349141860879016264e+01,1.256457051770003552e+01
2.338741197672401739e+00,3.881278538812784973e+01,2.354298892692366710e-02,5.911311437041639749e+01,1.077843298548292950e+01,7.627460757254480445e-03,1.291704744592585996e+01,1.259137743744654614e+01
2.356194490192344837e+00,3.835616438356164082e+01,2.334763379824695423e-02,5.792509652226801364e+01,1.083468959521630381e+01,7.239865352005482764e-03,1.238758390616147409e+01,1.261699758445432806e+01
2.373647782712288379e+00,3.789954337899543191e+01,2.314907706862589024e-02,5.677484806809974316e+01,1.088924175237080227e+01,6.883866924569147575e-03,1.192140290371171218e+01,1.264042327467135252e+01
2.391101075232231477e+00,3.744292237442922300e+01,2.294716297103352107e-02,5.562393093351753492e+01,1.094213784667810252e+01,6.573279005812053544e-03,1.153020888955098044e+01,1.266078877194923891e+01
2.408554367752174574e+00,3.698630136986301409e+01,2.274182311349630739e-02,5.449353525405879850e+01,1.099342105479602871e+01,6.305769548395469791e-03,1.120441004420949760e+01,1.267828301013588010e+01
2.426007660272118116e+00,3.652968036529679807e+01,2.253306793611000586e-02,5.338568442888232823e+01,1.104312913689664555e+01,6.071276478424703082e-03,1.092627698897983635e+01,1.269358739377034162e+01
2.443460952792061214e+00,3.607305936073058916e+01,2.232096383112541077e-02,5.228489833951515919e+01,1.109130744602060403e+01,5.859689341572705407e-03,1.067992400848495649e+01,1.270737550422523832e+01
2.460914245312004756e+00,3.561643835616438025e+01,2.210559859422462498e-02,5.121868561788226515e+01,1.113800582737820655e+01,5.660897683512450436e-03,1.045417795675651718e+01,1.272031394911245528e+01
2.478367537831947853e+00,3.515981735159817134e+01,2.188703091234975653e-02,5.015289750606125807e+01,1.118326921503193638e+01,5.464791049916900567e-03,1.023672633403898580e+01,1.273306487504983764e+01
2.495820830351891395e+00,3.470319634703196243e+01,2.166531200112889813e-02,4.911520710355534902e+01,1.122714062718574013e+01,5.261258986459006054e-03,1.001603541302958433e+01,1.274628757133043422e+01
2.513274122871834493e+00,3.424657534246575352e+01,2.144049283372530604e-02,4.808384101924296061e+01,1.126966395679938415e+01,5.040216962267313715e-03,9.782695099600248412e+00,1.276063795859805694e+01
2.530727415391778035e+00,3.378995433789954461e+01,2.121263208505463557e-02,4.707075256632439419e+01,1.131088577702389664e+01,4.796060121467100694e-03,9.531378852542857771e+00,1.277648083468668183e+01
2.548180707911721132e+00,3.333333333333332860e+01,2.098181877017040939e-02,4.606485803783594690e+01,1.135085349601310156e+01,4.532720229856984639e-03,9.267934106299446029e+00,1.279356376275321061e+01
2.565634000431664230e+00,3.287671232876711969e+01,2.074811109928726555e-02,4.508496327096268885e+01,1.138961971105167592e+01,4.255351280486377279e-03,9.000303660643760750e+00,1.281155749897673601e+01
2.583087292951607772e+00,3.242009132420091078e+01,2.051156279485713552e-02,4.410753227227220918e+01,1.142725809251714608e+01,3.969107266404661716e-03,8.732153436531037372e+00,1.283013471014641738e+01
2.600540585471550870e+00,3.196347031963470187e+01,2.027223236052254352e-02,4.316052097965401657e+01,1.146384765012192020e+01,3.679142180661249678e-03,8.546743204875626887e+00,1.284896895958991259e+01
2.617993877991494411e+00,3.150684931506849296e+01,2.003017811273241633e-02,4.222061449460603200e+01,1.149945565908804745e+01,3.390586126548128867e-03,8.524983005229168853e+00,1.286773500902929968e+01
2.635447170511437509e+00,3.105022831050228049e+01,1.978545832248039538e-02,4.129519569558119230e+01,1.153414270395764696e+01,3.107796620350538209e-03,8.491089996648849336e+00,1.288615629510790583e+01
2.652900463031381051e+00,3.059360730593607158e+01,1.953813365218665804e-02,4.039069027076175900e+01,1.156796535829224482e+01,2.834209559004559082e-03,8.466442836004517858e+00,1.290401389873692040e+01
2.670353755551324149e+00,3.013698630136986267e+01,1.928827863700217915e-02,3.948863095543212864e+01,1.160097577384380685e+01,2.573206852213373846e-03,8.447415580081868214e+00,1.292108945082566152e+01
2.687807048071267690e+00,2.968036529680365021e+01,1.903595743780481589e-02,3.861702483271607633e+01,1.163322159321681859e+01,2.328170409680170930e-03,8.432982710034151452e+00,1.293716108168319678e+01
2.705260340591210788e+00,2.922374429223744130e+01,1.878122943924902602e-02,3.774647632356558091e+01,1.166474675153513907e+01,2.102482141108137897e-03,8.424406154226346644e+00,1.295200314769993355e+01
2.722713633111153886e+00,2.876712328767123239e+01,1.852415418180339626e-02,3.689752414281446136e+01,1.169559194275747416e+01,1.899516883734063757e-03,8.420154298849949370e+00,1.296538674661379709e+01
2.740166925631097428e+00,2.831050228310501993e+01,1.826479148339422640e-02,3.605805828612595576e+01,1.172579487032043133e+01,1.721238272682105129e-03,8.418929850110773216e+00,1.297717308526245894e+01
2.757620218151040525e+00,2.785388127853881102e+01,1.800320130593880547e-02,3.523105659045276639e+01,1.175539063178071864e+01,1.566503596393558576e-03,8.420342101031941695e+00,1.298742781818034153e+01
2.775073510670984067e+00,2.739726027397260211e+01,1.773944361599051264e-02,3.441773171692216948e+01,1.178441178492867181e+01,1.433756302428232420e-03,8.423340403376894159e+00,1.299624498337296963e+01
2.792526803190927165e+00,2.694063926940638964e+01,1.747357861986111038e-02,3.361985426167625945e+01,1.181288871362422732e+01,1.321439838345920235e-03,8.427024687014592175e+00,1.300371997125209766e+01
2.809980095710870707e+00,2.648401826484018073e+01,1.720566590439843307e-02,3.282796870367196362e+01,1.184084985846124205e+01,1.227997651706403022e-03,8.430903660248002751e+00,1.300994962383475517e+01
2.827433388230813804e+00,2.602739726027397182e+01,1.693576602536001757e-02,3.205836770875534114e+01,1.186832174918864169e+01,1.151873190069509049e-03,8.434646726493761903e+00,1.301503222366162049e+01
2.844886680750757346e+00,2.557077625570776291e+01,1.666394801769865638e-02,3.129384501508941696e+01,1.189532929009295437e+01,1.091509900994998717e-03,8.438005550177365421e+00,1.301906740756139591e+01
2.862339973270700444e+00,2.511415525114155045e+01,1.639027917906391713e-02,3.054382502305505298e+01,1.192189592303268419e+01,1.045333889007346974e-03,8.440810525907574302e+00,1.302215718899376640e+01
2.879793265790643542e+00,2.465753424657534154e+01,1.611481983353821312e-02,2.980829984749435724e+01,1.194804363340686493e+01,1.011562223650789866e-03,8.442989262070218714e+00,1.302441862583389920e+01
2.897246558310587083e+00,2.420091324200913263e+01,1.583762923010697404e-02,2.907459065400744436e+01,1.197379310811198039e+01,9.882735030842569948e-04,8.444553567645629144e+00,1.302597892901143162e+01
2.914699850830530181e+00,2.374429223744292017e+01,1.555876662653135449e-02,2.836693638089509406e+01,1.199916394083223103e+01,9.735438498586666215e-04,8.445568802112811468e+00,1.302696614281103393e+01
2.932153143350473723e+00,2.328767123287671126e+01,1.527829122411995463e-02,2.765850892521098459e+01,1.202417464576937967e+01,9.654493865249698598e-04,8.446135186511098070e+00,1.302750876863531460e+01
2.949606435870416821e+00,2.283105022831050235e+01,1.499626042265360219e-02,2.697349137912272710e+01,1.204884267413874888e+01,9.620662356341314839e-04,8.446373687738944369e+00,1.302773558846306301e+01
2.967059728390360362e+00,2.237442922374428989e+01,1.471273375775417926e-02,2.629056103193849481e+01,1.207318458442805564e+01,9.614705197370626002e-04,8.446415792034194681e+00,1.302777552912317560e+01
2.984513020910303460e+00,2.191780821917808098e+01,1.442778238457482695e-02,2.562639016669015746e+01,1.209721614282290503e+01,9.617383613847413186e-04,8.446396857384511847e+00,1.302775757122483746e+01
3.001966313430247002e+00,2.146118721461187207e+01,1.414147399300316049e-02,2.496890898762946875e+01,1.212095232450408666e+01,9.609458831280920810e-04,8.446452899380826551e+00,1.302781070454068768e+01
3.019419605950190100e+00,2.100456621004565960e+01,1.385386705206686012e-02,2.431794382966177182e+01,1.214440732115496857e+01,9.571692075180728313e-04,8.446720763193654946e+00,1.302806393042665078e+01
3.036872898470133197e+00,2.054794520547945069e+01,1.356501632117611440e-02,2.368501501223439476e+01,1.216759466416029234e+01,9.484844571056216724e-04,8.447341664835986919e+00,1.302864631148605845e+01
3.054326190990076739e+00,2.009132420091324178e+01,1.327497806898469100e-02,2.305556239851447842e+01,1.219052732532863104e+01,9.329677544416897176e-04,8.448468047305368600e+00,1.302968706914824892e+01
3.071779483510019837e+00,1.963470319634702932e+01,1.298381621875072979e-02,2.243075588822273758e+01,1.221321771984728599e+01,9.087062465794127145e-04,8.450272759079711093e+00,1.303131499123018067e+01
3.089232776029963379e+00,1.917808219178082041e+01,1.269160663148732014e-02,2.182372126698869508e+01,1.223567770628229212e+01,8.752381373280693514e-04,8.452848649643863510e+00,1.303356191952753385e+01
3.106686068549906476e+00,1.872146118721461150e+01,1.239840549020456567e-02,2.121931483323000833e+01,1.225791860868773497e+01,8.349850808078586708e-04,8.456077677357606959e+00,1.303626630935335662e+01
3.124139361069850018e+00,1.826484018264839904e+01,1.210426380969199106e-02,2.061577353828815617e+01,1.227995130389671452e+01,7.907093177125485524e-04,8.459789397861129601e+00,1.303924344815257719e+01
3.141592653589793116e+00,1.780821917808219013e+01,1.180924619666401561e-02,2.003250163412898388e+01,1.230178624306122792e+01,7.451730887359073099e-04,8.463769509414373005e+00,1.304230809769315869e+01
3.159045946109736658e+00,1.735159817351598122e+01,1.151342486901039616e-02,1.945382513741181185e+01,1.232343345165215709e+01,7.011386345716894876e-04,8.467762466657218212e+00,1.304527437466109419e+01
3.176499238629679756e+00,1.689497716894977231e+01,1.121685421450633290e-02,1.889383530096552732e+01,1.234490252945928113e+01,6.613681959136700128e-04,8.471480016198704277e+00,1.304795573046671997e+01
3.193952531149622853e+00,1.643835616438355984e+01,1.091958626531047347e-02,1.833267940539222707e+01,1.236620268859174843e+01,6.286240134556100433e-04,8.474613240945583215e+00,1.305016504047950221e+01
3.211405823669566395e+00,1.598173515981735093e+01,1.062169632117502226e-02,1.778911211907252010e+01,1.238734291872128424e+01,6.054157769590153438e-04,8.476870549302525149e+00,1.305173186585946787e+01
3.228859116189509493e+00,1.552511415525114025e+01,1.032324959177611384e-02,1.724825403747344410e+01,1.240833203198666368e+01,5.916575427775500008e-04,8.478222160714253164e+00,1.305266107070259807e+01
3.246312408709453035e+00,1.506849315068493134e+01,1.002429935260902398e-02,1.672758869755024236e+01,1.242917866299461949e+01,5.857373473740258314e-04,8.478806716595936877e+00,1.305306099322959845e+01
3.263765701229396132e+00,1.461187214611872065e+01,9.724902285274155539e-03,1.620681081940762169e+01,1.244989126881982244e+01,5.860237067139615176e-04,8.478778401537599763e+00,1.305304164784801557e+01
3.281218993749339674e+00,1.415525114155250996e+01,9.425119031499649275e-03,1.569145671361014216e+01,1.247047811801107819e+01,5.908851367628831144e-04,8.478298328121672611e+00,1.305271324560159663e+01
3.298672286269282772e+00,1.369863013698630105e+01,9.125013210031009472e-03,1.519063566798506493e+01,1.249094703406541740e+01,5.986901534862958596e-04,8.477530060900491549e+00,1.305218606762313449e+01
3.316125578789226314e+00,1.324200913242009037e+01,8.824648856994517926e-03,1.469864697853117796e+01,1.251130513684761070e+01,6.078072728497324216e-04,8.476636609062811800e+00,1.305157037652645258e+01
3.333578871309169411e+00,1.278538812785388146e+01,8.524089813293686188e-03,1.422568080054328554e+01,1.253155883118545155e+01,6.166494072123982796e-04,8.475774291627216073e+00,1.305097336931328122e+01
3.351032163829112953e+00,1.232876712328767077e+01,8.223400580451546704e-03,1.377345727369005068e+01,1.255171380686973848e+01,6.242730829694927716e-04,8.475034191916591908e+00,1.305045872023233500e+01
3.368485456349056051e+00,1.187214611872146008e+01,7.922645789640506489e-03,1.333519271020505137e+01,1.257177503865428925e+01,6.302199099374478780e-04,8.474459102844027925e+00,1.305005732717724953e+01
3.385938748868999149e+00,1.141552511415525117e+01,7.621886520165459776e-03,1.290927360414881342e+01,1.259174682291167358e+01,6.340433913046056216e-04,8.474090397723079704e+00,1.304979928018321367e+01
3.403392041388942690e+00,1.095890410958904049e+01,7.321179442829593015e-03,1.249682724476577178e+01,1.261163319271479466e+01,6.352970302592945810e-04,8.473969686936491996e+00,1.304971467653520456e+01
3.420845333908885788e+00,1.050228310502282980e+01,7.020581497686144597e-03,1.209803192380169001e+01,1.263143818048014211e+01,6.335343299898297826e-04,8.474139439810004504e+00,1.304983363556372922e+01
3.438298626428829330e+00,1.004566210045662089e+01,6.720153687919859509e-03,1.171355484422710092e+01,1.265116582211944873e+01,6.283087936845599712e-04,8.474643702976743853e+00,1.305018631632472648e+01
3.455751918948772428e+00,9.589041095890410205e+00,6.419960606246324572e-03,1.134215689656672232e+01,1.267082015703968345e+01,6.191739245318070035e-04,8.475528862536329200e+00,1.305080293833016469e+01
3.473205211468715969e+00,9.132420091324199518e+00,6.120066568804934104e-03,1.098374247070812615e+01,1.269040522814306371e+01,6.056832257198929530e-04,8.476844372087583679e+00,1.305171380557507455e+01
3.490658503988659067e+00,8.675799086757990608e+00,5.820534041577868356e-03,1.063498337550918471e+01,1.270992508256646758e+01,5.873902004371596257e-04,8.478643339326584538e+00,1.305294933419818548e+01
3.508111796508602609e+00,8.219178082191779922e+00,5.521423645573620732e-03,1.029905116601918813e+01,1.272938377490840622e+01,5.638483518719422140e-04,8.480982830022327335e+00,1.305454008421745016e+01
3.525565089028545707e+00,7.762557077625570123e+00,5.222794974392796705e-03,9.974955903610785768e+00,1.274878536810913943e+01,5.346111832125559609e-04,8.483923709359910248e+00,1.305651679589904468e+01
3.543018381548488804e+00,7.305936073059360325e+00,4.924708016272343579e-03,9.663064478343228458e+00,1.276813393345067915e+01,4.992321976473295536e-04,8.487529796275962823e+00,1.305891043144941932e+01
3.560471674068432346e+00,6.849315068493150527e+00,4.627223296486192988e-03,9.361420590790919150e+00,1.278743355055679842e+01,4.572648983646180796e-04,8.491866055716389639e+00,1.306175222286613824e+01
3.577924966588375444e+00,6.392694063926940728e+00,4.330401877345259158e-03,9.071770457576445068e+00,1.280668830715722173e+01,4.085470001234551641e-04,8.496965570893241448e+00,1.306505445174787639e+01
3.595378259108318986e+00,5.936073059360730042e+00,4.034305358197439774e-03,8.792515960054547719e+00,1.282590229246823021e+01,3.546387835134062294e-04,8.502670390837446135e+00,1.306871272052586264e+01
3.612831551628262083e+00,5.479452054794520244e+00,3.738995875427616848e-03,8.566688359477245385e+00,1.284507958983174269e+01,2.977460844501190898e-04,8.508735970094569723e+00,1.307257841460340586e+01
3.630284844148205625e+00,5.022831050228310446e+00,3.444536102457652384e-03,8.528346418100859694e+00,1.286422427633067045e+01,2.400758769033756179e-04,8.514902831137026951e+00,1.307650215701855245e+01
3.647738136668148723e+00,4.566210045662099759e+00,3.150989269936535671e-03,8.496178394982710103e+00,1.288334042278892433e+01,1.838351348429309606e-04,8.520906224312277288e+00,1.308033378973693850e+01
3.665191429188092265e+00,4.109589041095889961e+00,2.858419012867118025e-03,8.468339552245925717e+00,1.290243209377208089e+01,1.312308322385537631e-04,8.526486983150824983e+00,1.308392235189693409e+01
3.682644721708035362e+00,3.652968036529680163e+00,2.566888456260908637e-03,8.446993397741783483e+00,1.292150334826665237e+01,8.446994306003926070e-05,8.531400758269411355e+00,1.308711614108978338e+01
3.700098014227978460e+00,3.196347031963470364e+00,2.276459981504237468e-03,8.430579959939411339e+00,1.294055824163788060e+01,4.575944127715607162e-05,8.535422913858736749e+00,1.308976286582832849e+01
3.717551306747922002e+00,2.739726027397260122e+00,1.987195226358258286e-03,8.421662968971908469e+00,1.295960082598034901e+01,1.730630085965935295e-05,8.538347094989772401e+00,1.309170989504603533e+01
3.735004599267865100e+00,2.283105022831049880e+00,1.699155084958946281e-03,8.418983402534568228e+00,1.297863515011798086e+01,1.317495777357839993e-06,8.539976732183966135e+00,1.309280460664206913e+01
3.752457891787808641e+00,1.826484018264840081e+00,1.412399701542828984e-03,8.423962144594925761e+00,1.299766525960404095e+01,0.000000000000000000e+00,8.540110552838926949e+00,1.309289483173443891e+01
3.769911184307751739e+00,1.369863013698630061e+00,1.126988358158035339e-03,8.435988833571807177e+00,1.301669520050046636e+01,1.556078749734769010e-05,8.538525498799927504e+00,1.309182938442389954e+01
3.787364476827695281e+00,9.132420091324200406e-01,8.429794764917723565e-04,8.455425107055082989e+00,1.303572903802683314e+01,5.020683223922305246e-05,8.534963247415793930e+00,1.308945865857604218e+01
3.804817769347638379e+00,4.566210045662100203e-01,5.604340056705930722e-04,8.481324304915419887e+00,1.305477086230251516e+01,1.061451081953544576e-04,8.529129694642826109e+00,1.308563526351949591e+01
3.822271061867581921e+00,0.000000000000000000e+00,2.794187527947835140e-04,8.510695168754088158e+00,1.307382478834828632e+01,1.855825893355238492e-04,8.520720130066798959e+00,1.308021465981863152e+01
