1.432234804593289468e+01,0.000000000000000000e+00,0.000000000000000000e+00
1.439695777504560859e+01,2.512998327322280567e-01,0.000000000000000000e+00
1.446602038997288631e+01,5.051645635011657864e-01,0.000000000000000000e+00
1.452945673637222512e+01,7.614565617422917043e-01,0.000000000000000000e+00
1.458719115316326764e+01,1.020035772551286746e+00,0.000000000000000000e+00
1.463915154471937896e+01,1.280759803800964214e+00,0.000000000000000000e+00
1.468526945094714975e+01,1.543484015312200697e+00,0.000000000000000000e+00
1.472548011519848998e+01,1.808061610029099597e+00,0.000000000000000000e+00
1.475972254996057487e+01,2.074343727147168526e+00,0.000000000000000000e+00
1.478793960027049437e+01,2.342179537141889423e+00,0.000000000000000000e+00
1.481007800480229797e+01,2.611416338643636426e+00,0.000000000000000000e+00
1.482608845457573921e+01,2.881899657103590862e+00,0.000000000000000000e+00
1.483592564923699086e+01,3.153473345193904986e+00,0.000000000000000000e+00
1.483954835086318447e+01,3.425979684884116860e+00,0.000000000000000000e+00
1.483682192643406239e+01,3.699235179457718292e+00,0.000000000000000000e+00
1.482732775267101388e+01,3.972970497239771248e+00,0.000000000000000000e+00
1.481095404315463426e+01,4.246972730560351295e+00,0.000000000000000000e+00
1.478769339200380450e+01,4.521051577939052102e+00,0.000000000000000000e+00
1.475754355267659790e+01,4.795016568279566016e+00,0.000000000000000000e+00
1.472050744281598966e+01,5.068677194197582558e+00,0.000000000000000000e+00
1.467659314580772190e+01,5.341843045509375720e+00,0.000000000000000000e+00
1.462581390904510314e+01,5.614323942803161493e+00,0.000000000000000000e+00
1.456819753142937124e+01,5.885933865844456214e+00,0.000000000000000000e+00
1.450382155221103808e+01,6.156506987711683365e+00,0.000000000000000000e+00
1.443278036555776112e+01,6.425887827504135785e+00,0.000000000000000000e+00
1.435516616717570315e+01,6.693923917841569704e+00,0.000000000000000000e+00
1.427101673168224671e+01,6.960439932010102027e+00,0.000000000000000000e+00
1.418033840335266227e+01,7.225243298951376403e+00,0.000000000000000000e+00
1.408312076022100534e+01,7.488128135437083444e+00,0.000000000000000000e+00
1.397930294549866304e+01,7.748854155690263035e+00,0.000000000000000000e+00
1.386885141182222547e+01,8.007185095966480759e+00,0.000000000000000000e+00
1.375184903796218450e+01,8.262944525723517231e+00,0.000000000000000000e+00
1.362848932235849375e+01,8.516025290365341505e+00,0.000000000000000000e+00
1.349918167339040309e+01,8.766471080652404879e+00,0.000000000000000000e+00
1.336392963041624604e+01,9.014084354198621085e+00,0.000000000000000000e+00
1.322231100801770332e+01,9.258361840367221873e+00,0.000000000000000000e+00
1.307486834357388084e+01,9.499447899677432972e+00,0.000000000000000000e+00
1.292179009605489171e+01,9.737267261460337053e+00,0.000000000000000000e+00
1.276234251368822115e+01,9.971034766500213919e+00,0.000000000000000000e+00
1.259729041877651490e+01,1.020108464264566450e+01,0.000000000000000000e+00
1.242709162897414821e+01,1.042756800247846982e+01,0.000000000000000000e+00
1.225145194240692881e+01,1.065002469252719131e+01,0.000000000000000000e+00
1.207010524948206509e+01,1.086797158173424016e+01,0.000000000000000000e+00
1.188336500982730648e+01,1.108141714574438552e+01,0.000000000000000000e+00
1.169157623940797563e+01,1.129042393419738488e+01,0.000000000000000000e+00
1.149486050651568547e+01,1.149486050651568370e+01,0.000000000000000000e+00
1.129329803977499047e+01,1.169455246285861705e+01,0.000000000000000000e+00
1.108700470290320794e+01,1.188935693128990145e+01,0.000000000000000000e+00
1.087610098458598884e+01,1.207913386602730554e+01,0.000000000000000000e+00
1.066072018006272693e+01,1.226375569336763327e+01,0.000000000000000000e+00
1.044100441088285613e+01,1.244310451696163433e+01,0.000000000000000000e+00
1.021710415699817709e+01,1.261707287149950041e+01,0.000000000000000000e+00
9.989176502791778489e+00,1.278556287724806140e+01,0.000000000000000000e+00
9.757385124533151100e+00,1.294848740206773918e+01,0.000000000000000000e+00
9.521895294158184697e+00,1.310576453149887399e+01,0.000000000000000000e+00
9.282883966210427218e+00,1.325733223316175646e+01,0.000000000000000000e+00
9.040361101523091136e+00,1.340288651037897871e+01,0.000000000000000000e+00
8.794266642272127399e+00,1.354198308487816327e+01,0.000000000000000000e+00
8.545167663849149164e+00,1.367512686890284179e+01,0.000000000000000000e+00
8.293226840519713150e+00,1.380224727315556699e+01,0.000000000000000000e+00
8.038624921787905109e+00,1.392330678752604101e+01,0.000000000000000000e+00
7.781575768947766036e+00,1.403833429844472036e+01,0.000000000000000000e+00
7.521811477482495789e+00,1.414646991304712209e+01,0.000000000000000000e+00
7.259657809676617113e+00,1.424788068364383875e+01,0.000000000000000000e+00
6.995601813687812864e+00,1.434310927276321301e+01,0.000000000000000000e+00
6.729810579358503020e+00,1.443212536115275313e+01,0.000000000000000000e+00
6.462270238405631417e+00,1.451449659836581318e+01,0.000000000000000000e+00
6.192832370726679692e+00,1.458939879172636189e+01,0.000000000000000000e+00
5.922243499882519302e+00,1.465806702928933980e+01,0.000000000000000000e+00
5.650659541711001488e+00,1.472047138041901526e+01,0.000000000000000000e+00
5.377928497205570757e+00,1.477573710951383035e+01,0.000000000000000000e+00
5.104212253131834132e+00,1.482370874751168799e+01,0.000000000000000000e+00
4.830055443136791915e+00,1.486538212098582612e+01,0.000000000000000000e+00
4.555634785988852187e+00,1.490080996860907270e+01,0.000000000000000000e+00
4.280594386633831405e+00,1.492820669217113938e+01,0.000000000000000000e+00
4.005596098964691265e+00,1.494908815593592344e+01,0.000000000000000000e+00
3.730859629246160214e+00,1.496366066667909855e+01,0.000000000000000000e+00
3.456396001040011434e+00,1.497129589047704634e+01,0.000000000000000000e+00
3.182243704473155521e+00,1.497127954776265568e+01,0.000000000000000000e+00
2.908903481812303848e+00,1.496501108942750058e+01,0.000000000000000000e+00
2.636528394860153224e+00,1.495249555267624331e+01,0.000000000000000000e+00
2.365050476653391520e+00,1.493234102925327988e+01,0.000000000000000000e+00
2.094811943070236104e+00,1.490536147381076582e+01,0.000000000000000000e+00
1.826065711301025241e+00,1.487211175308138955e+01,0.000000000000000000e+00
1.558977179786469991e+00,1.483267706430456379e+01,0.000000000000000000e+00
1.293575354418070367e+00,1.478563395856158991e+01,0.000000000000000000e+00
1.030164023977238275e+00,1.473203189656983447e+01,0.000000000000000000e+00
7.689403510399951402e-01,1.467225594290382062e+01,0.000000000000000000e+00
5.100636495741784904e-01,1.460631185961443634e+01,0.000000000000000000e+00
2.536917669582882118e-01,1.453399159508000693e+01,0.000000000000000000e+00
8.850774699878766268e-16,1.445441200849260355e+01,0.000000000000000000e+00
-2.508093938235200770e-01,1.436886054878352681e+01,0.000000000000000000e+00
-4.985736814987608567e-01,1.427728222359430710e+01,0.000000000000000000e+00
-7.431292715785369207e-01,1.417975120764202046e+01,0.000000000000000000e+00
-9.843107539506965598e-01,1.407629958514139723e+01,0.000000000000000000e+00
-1.221951649008857110e+00,1.396697125961669705e+01,0.000000000000000000e+00
-1.455878138288183132e+00,1.385175520860886067e+01,0.000000000000000000e+00
-1.685869719264833977e+00,1.373030702612509657e+01,0.000000000000000000e+00
-1.911822425401963566e+00,1.360332340028028320e+01,0.000000000000000000e+00
-2.133576191473037564e+00,1.347086991058748318e+01,0.000000000000000000e+00
-2.350978306840462828e+00,1.333306052989994583e+01,0.000000000000000000e+00
-2.563877516031052739e+00,1.319000637155353672e+01,0.000000000000000000e+00
-2.772126535414781046e+00,1.304182996579658216e+01,0.000000000000000000e+00
-2.975589029997070867e+00,1.288869209521691772e+01,0.000000000000000000e+00
-3.174123336567674425e+00,1.273071335899680356e+01,0.000000000000000000e+00
-3.367472598224205971e+00,1.256757882966870987e+01,0.000000000000000000e+00
-3.555534653553150015e+00,1.239962290637814135e+01,0.000000000000000000e+00
-3.738245301267545173e+00,1.222724943218698890e+01,0.000000000000000000e+00
-3.915491945947992658e+00,1.205064510198644001e+01,0.000000000000000000e+00
-4.087253161923764644e+00,1.187024509267390648e+01,0.000000000000000000e+00
-4.253332407534813342e+00,1.168593474713646607e+01,0.000000000000000000e+00
-4.413278046209276440e+00,1.149698237763301023e+01,0.000000000000000000e+00
-4.567255483327844701e+00,1.130435400297823634e+01,0.000000000000000000e+00
-4.715726202465236661e+00,1.110955473065479460e+01,0.000000000000000000e+00
-4.859116879178918325e+00,1.091375519933454541e+01,0.000000000000000000e+00
-4.997607379582959197e+00,1.071740361150530063e+01,0.000000000000000000e+00
-5.131289471886842257e+00,1.052070251646498633e+01,0.000000000000000000e+00
-5.260241681293941873e+00,1.032380558520356750e+01,0.000000000000000000e+00
-5.384571824636938508e+00,1.012690673515288609e+01,0.000000000000000000e+00
-5.504329718676390648e+00,9.930073673251932576e+00,0.000000000000000000e+00
-5.619514596432993336e+00,9.733284794896864156e+00,0.000000000000000000e+00
-5.730166075756375932e+00,9.536597830342318005e+00,0.000000000000000000e+00
-5.836342374228476793e+00,9.340100224783258298e+00,0.000000000000000000e+00
-5.938091097246154249e+00,9.143858432588645613e+00,0.000000000000000000e+00
-6.035468785091738120e+00,8.947950447454021017e+00,0.000000000000000000e+00
-6.128622575880140033e+00,8.752580115817952588e+00,0.000000000000000000e+00
-6.217737242652264129e+00,8.557981127026863533e+00,0.000000000000000000e+00
-6.302819382006824789e+00,8.364123822500907579e+00,0.000000000000000000e+00
-6.383698124743290236e+00,8.170760997211823806e+00,0.000000000000000000e+00
-6.460549144474770245e+00,7.978113768166856801e+00,0.000000000000000000e+00
-6.534893418628652029e+00,7.787982708870953452e+00,0.000000000000000000e+00
-6.607814806260455143e+00,7.601421393889240541e+00,0.000000000000000000e+00
-6.679433287023710086e+00,7.418262200535225226e+00,0.000000000000000000e+00
-6.749798020371803986e+00,7.238272196033268990e+00,0.000000000000000000e+00
-6.818997552759658021e+00,7.061278675546339478e+00,0.000000000000000000e+00
-6.887095921276211286e+00,6.887095921276212174e+00,0.000000000000000000e+00
-6.954161759628114226e+00,6.715555949465476182e+00,0.000000000000000000e+00
-7.020257733960393765e+00,6.546496245492662958e+00,0.000000000000000000e+00
-7.085444256543301123e+00,6.379762664238493919e+00,0.000000000000000000e+00
-7.149778924804143010e+00,6.215207997650201932e+00,0.000000000000000000e+00
-7.213316785223154781e+00,6.052691454045635133e+00,0.000000000000000000e+00
-7.276110571929515380e+00,5.892078164909917426e+00,0.000000000000000000e+00
-7.338210844652473419e+00,5.733238657202696764e+00,0.000000000000000000e+00
-7.399666256635234696e+00,5.576048477096461120e+00,0.000000000000000000e+00
-7.460523730663012110e+00,5.420387771519893150e+00,0.000000000000000000e+00
-7.520828517906672062e+00,5.266140821820814111e+00,0.000000000000000000e+00
-7.580624325436101429e+00,5.113195670489527167e+00,0.000000000000000000e+00
-7.639953544210546177e+00,4.961443843286559741e+00,0.000000000000000000e+00
-7.698857420230869941e+00,4.810780046621981221e+00,0.000000000000000000e+00
-7.757376033596423248e+00,4.661101765576309397e+00,0.000000000000000000e+00
-7.815548404659627302e+00,4.512308975294784474e+00,0.000000000000000000e+00
-7.873412765970606131e+00,4.364303962001289783e+00,0.000000000000000000e+00
-7.931006606603140163e+00,4.216991015300393109e+00,0.000000000000000000e+00
-7.988366642805888596e+00,4.070276104401972184e+00,0.000000000000000000e+00
-8.045528990415933279e+00,3.924066680877243751e+00,0.000000000000000000e+00
-8.102529410158787471e+00,3.778271514383147345e+00,0.000000000000000000e+00
-8.159403196510448097e+00,3.632800358084617098e+00,0.000000000000000000e+00
-8.216185241538163098e+00,3.487563720345983054e+00,0.000000000000000000e+00
-8.272910330509605004e+00,3.342472737508477731e+00,0.000000000000000000e+00
-8.329613129730295995e+00,3.197438906262249247e+00,0.000000000000000000e+00
-8.386328135568431819e+00,3.052373816136087825e+00,0.000000000000000000e+00
-8.443089901278545639e+00,2.907188994497320600e+00,0.000000000000000000e+00
-8.499933210338125988e+00,2.761795716703057124e+00,0.000000000000000000e+00
-8.556892946731919025e+00,2.616104711773157288e+00,0.000000000000000000e+00
-8.614004213029408774e+00,2.470025960993119440e+00,0.000000000000000000e+00
-8.671302634152779021e+00,2.323468538147106521e+00,0.000000000000000000e+00
-8.728824264818175749e+00,2.176340321116210674e+00,0.000000000000000000e+00
-8.786605606514566347e+00,2.028547742509747120e+00,0.000000000000000000e+00
-8.844683871981043666e+00,1.879995592886588573e+00,0.000000000000000000e+00
-8.903097109104965767e+00,1.730586768350952598e+00,0.000000000000000000e+00
-8.961884124008957286e+00,1.580221969045625396e+00,0.000000000000000000e+00
-9.021084615552259933e+00,1.428799437954530571e+00,0.000000000000000000e+00
-9.080739477661389003e+00,1.276214705905492686e+00,0.000000000000000000e+00
-9.140890794664958463e+00,1.122360262484340510e+00,0.000000000000000000e+00
-9.201581884396548006e+00,9.671252271940037337e-01,0.000000000000000000e+00
-9.262857475521000694e+00,8.103950209644509295e-01,0.000000000000000000e+00
-9.324763995803845518e+00,6.520510183521943670e-01,0.000000000000000000e+00
-9.387349603570793732e+00,4.919701460766823242e-01,0.000000000000000000e+00
-9.450664302071421830e+00,3.300244696365225439e-01,0.000000000000000000e+00
-9.514760129599240557e+00,1.660807558385699878e-01,0.000000000000000000e+00
-9.579691427635049550e+00,1.173173844367260179e-15,0.000000000000000000e+00
-9.645515044126577564e+00,-1.683630913613258506e-01,0.000000000000000000e+00
-9.712290472981583989e+00,-3.391606568438866876e-01,0.000000000000000000e+00
-9.780080096373707121e+00,-5.125522790612150326e-01,0.000000000000000000e+00
-9.848949451301974634e+00,-6.887056361223286016e-01,0.000000000000000000e+00
-9.918967518380398474e+00,-8.677972117401497876e-01,0.000000000000000000e+00
-9.990207048684689894e+00,-1.050013071997770719e+00,0.000000000000000000e+00
-1.006274487886809155e+01,-1.235549711429773323e+00,0.000000000000000000e+00
-1.013666227453705204e+01,-1.424614977159680107e+00,0.000000000000000000e+00
-1.021204533158893213e+01,-1.617429084412504992e+00,0.000000000000000000e+00
-1.028898541594564264e+01,-1.814225732947126080e+00,0.000000000000000000e+00
-1.036757964609926930e+01,-2.015253336618692881e+00,0.000000000000000000e+00
-1.044793142439875844e+01,-2.220776380134374062e+00,0.000000000000000000e+00
-1.053015102386340018e+01,-2.431076919158339678e+00,0.000000000000000000e+00
-1.061435623811362028e+01,-2.646456242314923379e+00,0.000000000000000000e+00
-1.070067310270367145e+01,-2.867236716338879887e+00,0.000000000000000000e+00
-1.078923669666383311e+01,-3.093763838627955121e+00,0.000000000000000000e+00
-1.088019203335004370e+01,-3.326408524757192620e+00,0.000000000000000000e+00
-1.097369504971421073e+01,-3.565569662105692927e+00,0.000000000000000000e+00
-1.106991373120338906e+01,-3.811676974387756545e+00,0.000000000000000000e+00
-1.116902943134787485e+01,-4.065194258653793469e+00,0.000000000000000000e+00
-1.127123824309281197e+01,-4.326622991839101040e+00,0.000000000000000000e+00
-1.137675251988338765e+01,-4.596506382869095297e+00,0.000000000000000000e+00
-1.148580268774174762e+01,-4.875433984898959849e+00,0.000000000000000000e+00
-1.159863954701276789e+01,-5.164047036884084285e+00,0.000000000000000000e+00
-1.171553620988883893e+01,-5.463044254063350813e+00,0.000000000000000000e+00
-1.183679102776664038e+01,-5.773188728285782112e+00,0.000000000000000000e+00
-1.196273053432119227e+01,-6.095315652680724838e+00,0.000000000000000000e+00
-1.209371295149128755e+01,-6.430341240114498369e+00,0.000000000000000000e+00
-1.223013208897256909e+01,-6.779272917380454011e+00,0.000000000000000000e+00
-1.237242221331434955e+01,-7.143221295384747371e+00,0.000000000000000000e+00
-1.252106317755094800e+01,-7.523413771746453982e+00,0.000000000000000000e+00
-1.267658675710456961e+01,-7.921210551334294081e+00,0.000000000000000000e+00
-1.283958396779090272e+01,-8.338123322180434727e+00,0.000000000000000000e+00
-1.301071371407232746e+01,-8.775837210340341699e+00,0.000000000000000000e+00
-1.319071489774822936e+01,-9.236238005778423243e+00,0.000000000000000000e+00
-1.338042457659684104e+01,-9.721447497665726800e+00,0.000000000000000000e+00
-1.357918991632575612e+01,-1.023265355856228886e+01,0.000000000000000000e+00
-1.376594402263930128e+01,-1.075513420018413591e+01,0.000000000000000000e+00
-1.392971582558300803e+01,-1.128006146250093344e+01,0.000000000000000000e+00
-1.406932246019571586e+01,-1.180556328726444448e+01,0.000000000000000000e+00
-1.418960533205968311e+01,-1.233483573000589928e+01,0.000000000000000000e+00
-1.428356543965487546e+01,-1.286098008885810451e+01,0.000000000000000000e+00
-1.435636051990633177e+01,-1.338752276684377485e+01,0.000000000000000000e+00
-1.440604818921709906e+01,-1.391175902565673184e+01,0.000000000000000000e+00
-1.443242951501992977e+01,-1.443242951501992444e+01,0.000000000000000000e+00
-1.443655456331204334e+01,-1.494948987700118792e+01,0.000000000000000000e+00
-1.441921836948793789e+01,-1.546271860245196805e+01,0.000000000000000000e+00
-1.438040450591774899e+01,-1.597105721257835853e+01,0.000000000000000000e+00
-1.432026564272505631e+01,-1.647358117840335368e+01,0.000000000000000000e+00
-1.423907292508723543e+01,-1.696946631368365388e+01,0.000000000000000000e+00
-1.413712558345796211e+01,-1.745789618459118486e+01,0.000000000000000000e+00
-1.401486911762976106e+01,-1.793821445339142073e+01,0.000000000000000000e+00
-1.387342847631165021e+01,-1.841066141761050901e+01,0.000000000000000000e+00
-1.371390694464070137e+01,-1.887557357762752730e+01,0.000000000000000000e+00
-1.353531158213734287e+01,-1.933042825666288778e+01,0.000000000000000000e+00
-1.333658557954530899e+01,-1.977230123346371826e+01,0.000000000000000000e+00
-1.312056872371718796e+01,-2.020390408297352280e+01,0.000000000000000000e+00
-1.288853153875596114e+01,-2.062596205010574479e+01,0.000000000000000000e+00
-1.263954403398113868e+01,-2.103573380202069742e+01,0.000000000000000000e+00
-1.237327592794365039e+01,-2.143114256326732558e+01,0.000000000000000000e+00
-1.209132444338048451e+01,-2.181332672033907372e+01,0.000000000000000000e+00
-1.179442002098446274e+01,-2.218207787687612154e+01,0.000000000000000000e+00
-1.148311046874324681e+01,-2.253687324183165686e+01,0.000000000000000000e+00
-1.115770155346753967e+01,-2.287667835826975704e+01,0.000000000000000000e+00
-1.081822627624910282e+01,-2.319976111705451771e+01,0.000000000000000000e+00
-1.046620996905208401e+01,-2.350749247389389751e+01,0.000000000000000000e+00
-1.010238183757629926e+01,-2.379972015250902473e+01,0.000000000000000000e+00
-9.727682283215081327e+00,-2.407685853339624771e+01,0.000000000000000000e+00
-9.341428347903315554e+00,-2.433525283774357817e+01,0.000000000000000000e+00
-8.944773464251225548e+00,-2.457556311516708547e+01,0.000000000000000000e+00
-8.539705281338614284e+00,-2.480110497020927696e+01,0.000000000000000000e+00
-8.124838258420858494e+00,-2.500568095015352199e+01,0.000000000000000000e+00
-7.702395724663445797e+00,-2.519340122461644427e+01,0.000000000000000000e+00
-7.272707099747295345e+00,-2.536294378548307193e+01,0.000000000000000000e+00
-6.835975159892346831e+00,-2.551220661599703377e+01,0.000000000000000000e+00
-6.393879448424365286e+00,-2.564444978306712031e+01,0.000000000000000000e+00
-5.946080921889911330e+00,-2.575530605970740794e+01,0.000000000000000000e+00
-5.494278387724605750e+00,-2.584854753274585804e+01,0.000000000000000000e+00
-5.038546137125607061e+00,-2.592107276440114205e+01,0.000000000000000000e+00
-4.579928361307307405e+00,-2.597406445063366220e+01,0.000000000000000000e+00
-4.119314956730359079e+00,-2.600833104747983526e+01,0.000000000000000000e+00
-3.656913078478683410e+00,-2.602028859599814581e+01,0.000000000000000000e+00
-3.194382122682136504e+00,-2.601615463045222754e+01,0.000000000000000000e+00
-2.731355396921155698e+00,-2.598711070031569292e+01,0.000000000000000000e+00
-2.269671348800184507e+00,-2.594246222686496850e+01,0.000000000000000000e+00
-1.809450441424176326e+00,-2.587634687086711693e+01,0.000000000000000000e+00
-1.352081495277224654e+00,-2.579925182433243336e+01,0.000000000000000000e+00
-8.978301316162820012e-01,-2.571049105399680101e+01,0.000000000000000000e+00
-4.470392455184069580e-01,-2.561086122319319713e+01,0.000000000000000000e+00
-4.684408380185893715e-15,-2.550073149497668368e+01,0.000000000000000000e+00
4.429988738944135029e-01,-2.537938848788113688e+01,0.000000000000000000e+00
8.816765955421845824e-01,-2.524791430356451016e+01,0.000000000000000000e+00
1.315734635580385392e+00,-2.510571242628754618e+01,0.000000000000000000e+00
1.744878905722060392e+00,-2.495293088910793600e+01,0.000000000000000000e+00
2.168921095162083201e+00,-2.479088155826510587e+01,0.000000000000000000e+00
2.587351691295928902e+00,-2.461700696223878992e+01,0.000000000000000000e+00
3.000306418856903523e+00,-2.443553486524642437e+01,0.000000000000000000e+00
3.406980882639043084e+00,-2.424192861707167168e+01,0.000000000000000000e+00
3.807507954639404613e+00,-2.403965911574184844e+01,0.000000000000000000e+00
4.201755739347349028e+00,-2.382934093503503803e+01,0.000000000000000000e+00
4.588753111670254903e+00,-2.360708824893953661e+01,0.000000000000000000e+00
4.968929190085475511e+00,-2.337697387954261075e+01,0.000000000000000000e+00
5.342011153378130039e+00,-2.313879243101425232e+01,0.000000000000000000e+00
5.707446077786769045e+00,-2.289131590797114058e+01,0.000000000000000000e+00
6.064859690449351248e+00,-2.263436450553339796e+01,0.000000000000000000e+00
6.414415618082609960e+00,-2.236972567529998557e+01,0.000000000000000000e+00
6.755826862076380834e+00,-2.209731398184802842e+01,0.000000000000000000e+00
7.088852019810456540e+00,-2.181724315884220289e+01,0.000000000000000000e+00
7.413235714405285393e+00,-2.152959980055075917e+01,0.000000000000000000e+00
7.728731298256412252e+00,-2.123451472299174370e+01,0.000000000000000000e+00
8.035100140428090398e+00,-2.093215150954889836e+01,0.000000000000000000e+00
8.332116727793044575e+00,-2.062271257409057412e+01,0.000000000000000000e+00
8.619573062081629544e+00,-2.030644159069571586e+01,0.000000000000000000e+00
8.897283874904076129e+00,-1.998362677089954076e+01,0.000000000000000000e+00
9.165089092202929777e+00,-1.965459698531584110e+01,0.000000000000000000e+00
9.422873513972726656e+00,-1.931975376441408443e+01,0.000000000000000000e+00
9.670500471683244115e+00,-1.897942581921805427e+01,0.000000000000000000e+00
9.908084525428028755e+00,-1.863439678786096110e+01,0.000000000000000000e+00
1.013527049931420798e+01,-1.828451199335650301e+01,0.000000000000000000e+00
1.035124175879502850e+01,-1.792887664766161038e+01,0.000000000000000000e+00
1.055656959566404929e+01,-1.756908218206898553e+01,0.000000000000000000e+00
1.075108862584390756e+01,-1.720533835271851331e+01,0.000000000000000000e+00
1.093439786300263705e+01,-1.683749616964682616e+01,0.000000000000000000e+00
1.110677834314155277e+01,-1.646647605746429477e+01,0.000000000000000000e+00
1.126800355308251333e+01,-1.609237681429786093e+01,0.000000000000000000e+00
1.141750775124979000e+01,-1.571485124565970715e+01,0.000000000000000000e+00
1.155550545060488332e+01,-1.533467366943164834e+01,0.000000000000000000e+00
1.168246606770350660e+01,-1.495287468673667775e+01,0.000000000000000000e+00
1.179779631776952442e+01,-1.456906512619328176e+01,0.000000000000000000e+00
1.190027264043113320e+01,-1.418219267208439049e+01,0.000000000000000000e+00
1.198965148764819943e+01,-1.379251628498087712e+01,0.000000000000000000e+00
1.206836983664046414e+01,-1.340328257416005719e+01,0.000000000000000000e+00
1.213948335975261550e+01,-1.301800211086402825e+01,0.000000000000000000e+00
1.220624296695907951e+01,-1.263993460977908789e+01,0.000000000000000000e+00
1.227073086539826896e+01,-1.227073086539827429e+01,0.000000000000000000e+00
1.233332312355822680e+01,-1.191015169648870931e+01,0.000000000000000000e+00
1.239425975221056042e+01,-1.155783420044517840e+01,0.000000000000000000e+00
1.245375880454311535e+01,-1.121341479432044963e+01,0.000000000000000000e+00
1.251201324885358090e+01,-1.087652718060934021e+01,0.000000000000000000e+00
1.256915000785935987e+01,-1.054676913580670217e+01,0.000000000000000000e+00
1.262524035576763026e+01,-1.022371805534988987e+01,0.000000000000000000e+00
1.268032954201443552e+01,-9.906959210544401984e+00,0.000000000000000000e+00
1.273443798456165155e+01,-9.596087319049297903e+00,0.000000000000000000e+00
1.278756259812437790e+01,-9.290708057068091108e+00,0.000000000000000000e+00
1.283972629275927702e+01,-8.990473138739465853e+00,0.000000000000000000e+00
1.289101234736028267e+01,-8.695097619015404788e+00,0.000000000000000000e+00
1.294149523898883025e+01,-8.404305275528775709e+00,0.000000000000000000e+00
1.299123386318417062e+01,-8.117823884590420036e+00,0.000000000000000000e+00
1.304027184223376423e+01,-7.835385811412249879e+00,0.000000000000000000e+00
1.308863885500263002e+01,-7.556729166261574093e+00,0.000000000000000000e+00
1.313637781482333189e+01,-7.281613126059915508e+00,0.000000000000000000e+00
1.318354933565366416e+01,-7.009817524541475109e+00,0.000000000000000000e+00
1.323020390120994705e+01,-6.741125589666946638e+00,0.000000000000000000e+00
1.327638053752606240e+01,-6.475323446353002943e+00,0.000000000000000000e+00
1.332210703306921218e+01,-6.212200532280751197e+00,0.000000000000000000e+00
1.336740018811442710e+01,-5.951550011747264612e+00,0.000000000000000000e+00
1.341227853833162342e+01,-5.693174467510358383e+00,0.000000000000000000e+00
1.345678540841682214e+01,-5.436894220436263581e+00,0.000000000000000000e+00
1.350096123027606865e+01,-5.182533454710490872e+00,0.000000000000000000e+00
1.354483778429115937e+01,-4.929917781446159886e+00,0.000000000000000000e+00
1.358843832440608601e+01,-4.678874536576579146e+00,0.000000000000000000e+00
1.363177771195661414e+01,-4.429233073283449507e+00,0.000000000000000000e+00
1.367486335075748904e+01,-4.180825291081140094e+00,0.000000000000000000e+00
1.371772436733280109e+01,-3.933494165443853330e+00,0.000000000000000000e+00
1.376042077977467670e+01,-3.687093635453063012e+00,0.000000000000000000e+00
1.380300852417003910e+01,-3.441476548558717319e+00,0.000000000000000000e+00
1.384553695881361435e+01,-3.196494072843434342e+00,0.000000000000000000e+00
1.388804882545390917e+01,-2.951995906643879675e+00,0.000000000000000000e+00
1.393058021629436283e+01,-2.707830488911081357e+00,0.000000000000000000e+00
1.397315976158804673e+01,-2.463845071717847723e+00,0.000000000000000000e+00
1.401578897412593250e+01,-2.219882892373746142e+00,0.000000000000000000e+00
1.405844060099786041e+01,-1.975784976678235161e+00,0.000000000000000000e+00
1.410107924329126661e+01,-1.731394823144589257e+00,0.000000000000000000e+00
1.414366254119152089e+01,-1.486558835247728361e+00,0.000000000000000000e+00
1.418614131107277210e+01,-1.241126543895658241e+00,0.000000000000000000e+00
1.422845968871385303e+01,-9.949508248985046155e-01,0.000000000000000000e+00
1.427055527848222560e+01,-7.478881112811427423e-01,0.000000000000000000e+00
1.431235930832515812e+01,-4.997986002890906776e-01,0.000000000000000000e+00
1.435379679040362433e+01,-2.505464549429498589e-01,0.000000000000000000e+00
1.439478668720129662e+01,-3.525705888178000512e-15,0.000000000000000000e+00
