1.329824535550212694e+01,0.000000000000000000e+00,0.000000000000000000e+00
1.332580101948374285e+01,2.326027220155967856e-01,0.000000000000000000e+00
1.335385770283416562e+01,4.663269866662717034e-01,0.000000000000000000e+00
1.338213603980443622e+01,7.013280319097019433e-01,0.000000000000000000e+00
1.341035060441924465e+01,9.377430648117657253e-01,0.000000000000000000e+00
1.343821067975861894e+01,1.175691092551880201e+00,0.000000000000000000e+00
1.346542103117100453e+01,1.415272780011584741e+00,0.000000000000000000e+00
1.349168268261036729e+01,1.656570334025635916e+00,0.000000000000000000e+00
1.351669369528875109e+01,1.899647414352432895e+00,0.000000000000000000e+00
1.354014994783478976e+01,2.144549071398112350e+00,0.000000000000000000e+00
1.356174591714866118e+01,2.391301710706175587e+00,0.000000000000000000e+00
1.358117545914419821e+01,2.639913084202044846e+00,0.000000000000000000e+00
1.359813258856988583e+01,2.890372308159492309e+00,0.000000000000000000e+00
1.361231225710218951e+01,3.142649907833514167e+00,0.000000000000000000e+00
1.362341112890652006e+01,3.396697888681824651e+00,0.000000000000000000e+00
1.363112835286412761e+01,3.652449834074922297e+00,0.000000000000000000e+00
1.363516633066639727e+01,3.909821029372445356e+00,0.000000000000000000e+00
1.363523147998192542e+01,4.168708612221453613e+00,0.000000000000000000e+00
1.363103499190618528e+01,4.428991748910274140e+00,0.000000000000000000e+00
1.362229358190868567e+01,4.690531836589741488e+00,0.000000000000000000e+00
1.360873023349808797e+01,4.953172731151849639e+00,0.000000000000000000e+00
1.359007493383186471e+01,5.216741000534360850e+00,0.000000000000000000e+00
1.356606540050388787e+01,5.481046203198490119e+00,0.000000000000000000e+00
1.353644779875055093e+01,5.745881191505548102e+00,0.000000000000000000e+00
1.350097744832387292e+01,6.011022439697433661e+00,0.000000000000000000e+00
1.345941951928844915e+01,6.276230396165074943e+00,0.000000000000000000e+00
1.341154971600794532e+01,6.541249859668298861e+00,0.000000000000000000e+00
1.335715494859635299e+01,6.805810379150290856e+00,0.000000000000000000e+00
1.329603399111923068e+01,7.069626676769710016e+00,0.000000000000000000e+00
1.322799812584050727e+01,7.332399093753657837e+00,0.000000000000000000e+00
1.315287177282166020e+01,7.593814058655214971e+00,0.000000000000000000e+00
1.307051433357229442e+01,7.853557333478849323e+00,0.000000000000000000e+00
1.298102499704503643e+01,8.111444677022310756e+00,0.000000000000000000e+00
1.288464336431516699e+01,8.367385236428187767e+00,0.000000000000000000e+00
1.278159463347932601e+01,8.621294439109261631e+00,0.000000000000000000e+00
1.267185937293355913e+01,8.872931456061442290e+00,0.000000000000000000e+00
1.255522188291373453e+01,9.121902646480371857e+00,0.000000000000000000e+00
1.243157201156029323e+01,9.367861438455799217e+00,0.000000000000000000e+00
1.230121102640557140e+01,9.610759363556615753e+00,0.000000000000000000e+00
1.216451240078471763e+01,9.850627913758126297e+00,0.000000000000000000e+00
1.202157598836294561e+01,1.008729997800499234e+01,0.000000000000000000e+00
1.187237592229409522e+01,1.032049893561894649e+01,0.000000000000000000e+00
1.171704042012983926e+01,1.055007058148616927e+01,0.000000000000000000e+00
1.155573490015944671e+01,1.077589712580616954e+01,0.000000000000000000e+00
1.138827268359561096e+01,1.099752709499031234e+01,0.000000000000000000e+00
1.121460450461541214e+01,1.121460450461541036e+01,0.000000000000000000e+00
1.103550883752310874e+01,1.142760392935890579e+01,0.000000000000000000e+00
1.085111607274834356e+01,1.163639734526123881e+01,0.000000000000000000e+00
1.066085148716310727e+01,1.184007508037876022e+01,0.000000000000000000e+00
1.046543410996255830e+01,1.203910476795405238e+01,0.000000000000000000e+00
1.026512994819004021e+01,1.223350549420189459e+01,0.000000000000000000e+00
1.005924470906761137e+01,1.242213268811785376e+01,0.000000000000000000e+00
9.848637431291107802e+00,1.260568106868459104e+01,0.000000000000000000e+00
9.633645317139544417e+00,1.278427913143774752e+01,0.000000000000000000e+00
9.413884057833465491e+00,1.295709981861379134e+01,0.000000000000000000e+00
9.189464378873491768e+00,1.312391523571584173e+01,0.000000000000000000e+00
8.960895754969772753e+00,1.328507428922969069e+01,0.000000000000000000e+00
8.728476832769123561e+00,1.344067566224844867e+01,0.000000000000000000e+00
8.492210230542752925e+00,1.359037725981322708e+01,0.000000000000000000e+00
8.252058171035811185e+00,1.373373110121784002e+01,0.000000000000000000e+00
8.008128973141060314e+00,1.387048625504469435e+01,0.000000000000000000e+00
7.760875739403288343e+00,1.400099045661095154e+01,0.000000000000000000e+00
7.510521681718251408e+00,1.412523689536495297e+01,0.000000000000000000e+00
7.257198270926472183e+00,1.424305356705410652e+01,0.000000000000000000e+00
7.001089489360360574e+00,1.435436067527597714e+01,0.000000000000000000e+00
6.742363397753433851e+00,1.445904496707258069e+01,0.000000000000000000e+00
6.481211678464275927e+00,1.455703976928822918e+01,0.000000000000000000e+00
6.217795577355901493e+00,1.464820842112236043e+01,0.000000000000000000e+00
5.952129772641670868e+00,1.473203815009312834e+01,0.000000000000000000e+00
5.684626951021435559e+00,1.480895950696960561e+01,0.000000000000000000e+00
5.415493094032295396e+00,1.487894499106617374e+01,0.000000000000000000e+00
5.144914667912614092e+00,1.494191714326570342e+01,0.000000000000000000e+00
4.873092955203866872e+00,1.499783796335564645e+01,0.000000000000000000e+00
4.600226533819549601e+00,1.504666300376389465e+01,0.000000000000000000e+00
4.326517396875673604e+00,1.508835926139319561e+01,0.000000000000000000e+00
4.052168542575349086e+00,1.512289888172353614e+01,0.000000000000000000e+00
3.777384346928039704e+00,1.515026111729572023e+01,0.000000000000000000e+00
3.502370119000716819e+00,1.517043167326533748e+01,0.000000000000000000e+00
3.227331919649962799e+00,1.518340292246610623e+01,0.000000000000000000e+00
2.952476288533007587e+00,1.518917374722959224e+01,0.000000000000000000e+00
2.678010106393596157e+00,1.518775002914248162e+01,0.000000000000000000e+00
2.404140124598413752e+00,1.517914335317427721e+01,0.000000000000000000e+00
2.131073429721733969e+00,1.516337535801947212e+01,0.000000000000000000e+00
1.859015423639122533e+00,1.514046562506496230e+01,0.000000000000000000e+00
1.588173704834277666e+00,1.511046344440624445e+01,0.000000000000000000e+00
1.318750236919344232e+00,1.507338418226702537e+01,0.000000000000000000e+00
1.050919128645676937e+00,1.502884372155629933e+01,0.000000000000000000e+00
7.849230681784125085e-01,1.497722435326326007e+01,0.000000000000000000e+00
5.209710866509419391e-01,1.491865999041209712e+01,0.000000000000000000e+00
2.592637705768329748e-01,1.485321146859289065e+01,0.000000000000000000e+00
9.050726656791883798e-16,1.478095833524139735e+01,0.000000000000000000e+00
-2.566241684774698273e-01,1.470198876559981827e+01,0.000000000000000000e+00
-5.104155156106211511e-01,1.461638798455581068e+01,0.000000000000000000e+00
-7.611859682682168282e-01,1.452429350530665353e+01,0.000000000000000000e+00
-1.008746998899200609e+00,1.442575416871721394e+01,0.000000000000000000e+00
-1.252880705775789139e+00,1.432049199613780743e+01,0.000000000000000000e+00
-1.493358501171147212e+00,1.420835704095390106e+01,0.000000000000000000e+00
-1.730041558280468239e+00,1.409005778542914555e+01,0.000000000000000000e+00
-1.962773377847490064e+00,1.396585826463781999e+01,0.000000000000000000e+00
-2.191402735792388867e+00,1.383597234237221230e+01,0.000000000000000000e+00
-2.415719688478748406e+00,1.370022715056208717e+01,0.000000000000000000e+00
-2.635335882706602462e+00,1.355762779880891600e+01,0.000000000000000000e+00
-2.850282321054713019e+00,1.340952402814815336e+01,0.000000000000000000e+00
-3.060512353827362197e+00,1.325653542355184378e+01,0.000000000000000000e+00
-3.265718409678193712e+00,1.309808113183429690e+01,0.000000000000000000e+00
-3.465531562166695778e+00,1.293353986523964672e+01,0.000000000000000000e+00
-3.660096652134935180e+00,1.276427393050913217e+01,0.000000000000000000e+00
-3.849325885328173769e+00,1.259057765142444474e+01,0.000000000000000000e+00
-4.032639346777624034e+00,1.241118772894266620e+01,0.000000000000000000e+00
-4.210073515566325142e+00,1.222694129972262367e+01,0.000000000000000000e+00
-4.381702184014105939e+00,1.203862780935375909e+01,0.000000000000000000e+00
-4.547259920591971039e+00,1.184601709345455056e+01,0.000000000000000000e+00
-4.706691803290359744e+00,1.164947100540620717e+01,0.000000000000000000e+00
-4.860182160244677974e+00,1.144987164054682793e+01,0.000000000000000000e+00
-5.008206411268430358e+00,1.124861577101176380e+01,0.000000000000000000e+00
-5.151298979432434422e+00,1.104699631100668711e+01,0.000000000000000000e+00
-5.289520361362377798e+00,1.084512391701318990e+01,0.000000000000000000e+00
-5.422800742734606771e+00,1.064284570695207321e+01,0.000000000000000000e+00
-5.551220281507327492e+00,1.044032689839815475e+01,0.000000000000000000e+00
-5.674913139105727922e+00,1.023781430996399777e+01,0.000000000000000000e+00
-5.793930160728210765e+00,1.003538141388697547e+01,0.000000000000000000e+00
-5.908263360405619835e+00,9.833001487046397315e+00,0.000000000000000000e+00
-6.017944801452023817e+00,9.630724859626765166e+00,0.000000000000000000e+00
-6.123095405658344426e+00,9.428740085267323323e+00,0.000000000000000000e+00
-6.223846691365568340e+00,9.227232178625753178e+00,0.000000000000000000e+00
-6.320208798011104356e+00,9.026193597073540076e+00,0.000000000000000000e+00
-6.412079052515808897e+00,8.825469680514693493e+00,0.000000000000000000e+00
-6.499357604061451354e+00,8.624938852328980943e+00,0.000000000000000000e+00
-6.582369595444761856e+00,8.425048883691664159e+00,0.000000000000000000e+00
-6.661884121872472697e+00,8.226741759266328557e+00,0.000000000000000000e+00
-6.738747790349490785e+00,8.030926888735297808e+00,0.000000000000000000e+00
-6.813752967386210280e+00,7.838326148289498363e+00,0.000000000000000000e+00
-6.887210593822187477e+00,7.649022277763116939e+00,0.000000000000000000e+00
-6.959284229951285816e+00,7.462918652367978467e+00,0.000000000000000000e+00
-7.030131343212474349e+00,7.279914115825737220e+00,0.000000000000000000e+00
-7.099889356019279951e+00,7.099889356019281728e+00,0.000000000000000000e+00
-7.168632575419711550e+00,6.922668008799138128e+00,0.000000000000000000e+00
-7.236410245760032112e+00,6.748061723652375221e+00,0.000000000000000000e+00
-7.303259858069066190e+00,6.575884712763460094e+00,0.000000000000000000e+00
-7.369211944037514783e+00,6.405958211108744749e+00,0.000000000000000000e+00
-7.434322768535636783e+00,6.238137493131111100e+00,0.000000000000000000e+00
-7.498657605101786139e+00,6.072293199007742004e+00,0.000000000000000000e+00
-7.562274245724877275e+00,5.908296171886775028e+00,0.000000000000000000e+00
-7.625223056746550654e+00,5.746017717348569143e+00,0.000000000000000000e+00
-7.687552916491190658e+00,5.585334130122496354e+00,0.000000000000000000e+00
-7.749315611902319212e+00,5.426129207420196998e+00,0.000000000000000000e+00
-7.810557414200308024e+00,5.268287497164869215e+00,0.000000000000000000e+00
-7.871318242334886861e+00,5.111693835046356327e+00,0.000000000000000000e+00
-7.931632714584243793e+00,4.956234193945076250e+00,0.000000000000000000e+00
-7.991542634784313037e+00,4.801803254521644249e+00,0.000000000000000000e+00
-8.051093919972155177e+00,4.648301241966881214e+00,0.000000000000000000e+00
-8.110327590668783060e+00,4.495627993754835572e+00,0.000000000000000000e+00
-8.169279589085240545e+00,4.343683007396236029e+00,0.000000000000000000e+00
-8.227982398249782392e+00,4.192366429900469704e+00,0.000000000000000000e+00
-8.286475907154798648e+00,4.041584344285253927e+00,0.000000000000000000e+00
-8.344801277625762737e+00,3.891244741538510521e+00,0.000000000000000000e+00
-8.402995367847342578e+00,3.741254580280394038e+00,0.000000000000000000e+00
-8.461090686584366694e+00,3.591519914120701706e+00,0.000000000000000000e+00
-8.519117421032079918e+00,3.441946859066128184e+00,0.000000000000000000e+00
-8.577114367336703182e+00,3.292445730006103410e+00,0.000000000000000000e+00
-8.635121387858220032e+00,3.142927154455852357e+00,0.000000000000000000e+00
-8.693174456409394679e+00,2.993300012486133088e+00,0.000000000000000000e+00
-8.751305590975107407e+00,2.843471554260967871e+00,0.000000000000000000e+00
-8.809545212332217545e+00,2.693348261107210373e+00,0.000000000000000000e+00
-8.867933262496592306e+00,2.542838944237954202e+00,0.000000000000000000e+00
-8.926510598503277549e+00,2.391851306096813179e+00,0.000000000000000000e+00
-8.985314275870329936e+00,2.240290463321069847e+00,0.000000000000000000e+00
-9.044377440834802329e+00,2.088059059622378477e+00,0.000000000000000000e+00
-9.103732804991652827e+00,1.935058143391611418e+00,0.000000000000000000e+00
-9.163424362091337372e+00,1.781189260263416507e+00,0.000000000000000000e+00
-9.223496255438107028e+00,1.626351246297233599e+00,0.000000000000000000e+00
-9.283988566050407343e+00,1.470439333013289218e+00,0.000000000000000000e+00
-9.344937182569308831e+00,1.313345271879707843e+00,0.000000000000000000e+00
-9.406380948234048134e+00,1.154958354414365562e+00,0.000000000000000000e+00
-9.468371356840552977e+00,9.951659306721641896e-01,0.000000000000000000e+00
-9.530957816590762022e+00,8.338507614954888680e-01,0.000000000000000000e+00
-9.594185005669404021e+00,6.708907706426939788e-01,0.000000000000000000e+00
-9.658093648949357402e+00,5.061592402490796561e-01,0.000000000000000000e+00
-9.722736264506101733e+00,3.395254319218713457e-01,0.000000000000000000e+00
-9.788174176403773075e+00,1.708532157778298310e-01,0.000000000000000000e+00
-9.854463528335879019e+00,1.206823721729086741e-15,0.000000000000000000e+00
-9.921654582857252436e+00,-1.731831249391177219e-01,0.000000000000000000e+00
-9.989802167133795763e+00,-3.488515787466404672e-01,0.000000000000000000e+00
-1.005898011005437809e+01,-5.271688094202285901e-01,0.000000000000000000e+00
-1.012925895860767334e+01,-7.083067863256721219e-01,0.000000000000000000e+00
-1.020070186359200015e+01,-8.924457730720639637e-01,0.000000000000000000e+00
-1.027337358857461069e+01,-1.079775074625728637e+00,0.000000000000000000e+00
-1.034736360714264869e+01,-1.270496497005707992e+00,0.000000000000000000e+00
-1.042275962834780856e+01,-1.464823338070389225e+00,0.000000000000000000e+00
-1.049963985999410632e+01,-1.662979582834357872e+00,0.000000000000000000e+00
-1.057808909314198154e+01,-1.865202511458871282e+00,0.000000000000000000e+00
-1.065822030539877119e+01,-2.071748157821320380e+00,0.000000000000000000e+00
-1.074014013197850126e+01,-2.282887258307564782e+00,0.000000000000000000e+00
-1.082394526650143263e+01,-2.498904664519287167e+00,0.000000000000000000e+00
-1.090975961558373619e+01,-2.720108576452677340e+00,0.000000000000000000e+00
-1.099772350496348317e+01,-2.946831131735736520e+00,0.000000000000000000e+00
-1.108796232671107340e+01,-3.179422034651893547e+00,0.000000000000000000e+00
-1.118061600053339610e+01,-3.418257348970672460e+00,0.000000000000000000e+00
-1.127586039288212127e+01,-3.663749133619922382e+00,0.000000000000000000e+00
-1.137385638727929305e+01,-3.916332823731294877e+00,0.000000000000000000e+00
-1.147477771461798568e+01,-4.176477532942105775e+00,0.000000000000000000e+00
-1.157884193494270875e+01,-4.444700986184392022e+00,0.000000000000000000e+00
-1.168624969790635681e+01,-4.721551359612346843e+00,0.000000000000000000e+00
-1.179723329238003160e+01,-5.007628433564842219e+00,0.000000000000000000e+00
-1.191206126198253124e+01,-5.303591374987218110e+00,0.000000000000000000e+00
-1.203098860609790677e+01,-5.610142122198984005e+00,0.000000000000000000e+00
-1.215433291414470141e+01,-5.928064254507039443e+00,0.000000000000000000e+00
-1.228240925476357503e+01,-6.258200096407934510e+00,0.000000000000000000e+00
-1.241558871843288614e+01,-6.601485621220619215e+00,0.000000000000000000e+00
-1.255428423623137135e+01,-6.958953386653859319e+00,0.000000000000000000e+00
-1.269891090815470669e+01,-7.331719631238196477e+00,0.000000000000000000e+00
-1.284990430873213718e+01,-7.721001457389706779e+00,0.000000000000000000e+00
-1.300786991412075722e+01,-8.128219242957474222e+00,0.000000000000000000e+00
-1.317360108419411269e+01,-8.555036573830612667e+00,0.000000000000000000e+00
-1.334728362467144436e+01,-9.002856481552338863e+00,0.000000000000000000e+00
-1.352929252306770458e+01,-9.473312611296263341e+00,0.000000000000000000e+00
-1.372344317717386630e+01,-9.970665098881818622e+00,0.000000000000000000e+00
-1.392497465326650286e+01,-1.049322104754771878e+01,0.000000000000000000e+00
-1.411674352090522433e+01,-1.102920880596507125e+01,0.000000000000000000e+00
-1.428796920182152519e+01,-1.157016932641708529e+01,0.000000000000000000e+00
-1.443400473296635411e+01,-1.211156804784318020e+01,0.000000000000000000e+00
-1.455545620871067669e+01,-1.265286504509704990e+01,0.000000000000000000e+00
-1.465295126482626742e+01,-1.319357657974872033e+01,0.000000000000000000e+00
-1.472657245191577857e+01,-1.373275097851075444e+01,0.000000000000000000e+00
-1.477638997099720086e+01,-1.426939392716382571e+01,0.000000000000000000e+00
-1.480251005549865972e+01,-1.480251005549865440e+01,0.000000000000000000e+00
-1.480507512976827655e+01,-1.533110409482189063e+01,0.000000000000000000e+00
-1.478427158819010501e+01,-1.585419025168197038e+01,0.000000000000000000e+00
-1.474043227013625845e+01,-1.637090855320540683e+01,0.000000000000000000e+00
-1.467424060522659701e+01,-1.688078279221236855e+01,0.000000000000000000e+00
-1.458645814779702476e+01,-1.738346390086218207e+01,0.000000000000000000e+00
-1.447783820141124700e+01,-1.787864122769730812e+01,0.000000000000000000e+00
-1.434869152644290580e+01,-1.836548765219033896e+01,0.000000000000000000e+00
-1.419829677214788788e+01,-1.884177620730863723e+01,0.000000000000000000e+00
-1.402681993084114076e+01,-1.930626135451445791e+01,0.000000000000000000e+00
-1.383732550481719592e+01,-1.976174883834648455e+01,0.000000000000000000e+00
-1.362976849477129271e+01,-2.020696278021253889e+01,0.000000000000000000e+00
-1.340166941616546303e+01,-2.063676119057863900e+01,0.000000000000000000e+00
-1.315598438580476959e+01,-2.105397607612828637e+01,0.000000000000000000e+00
-1.289353759306761660e+01,-2.145845007105750568e+01,0.000000000000000000e+00
-1.261442781750926656e+01,-2.184882988833621198e+01,0.000000000000000000e+00
-1.231928476418428176e+01,-2.222457802537611826e+01,0.000000000000000000e+00
-1.200877433952729234e+01,-2.258521971672089990e+01,0.000000000000000000e+00
-1.168359707860898489e+01,-2.293035036856726805e+01,0.000000000000000000e+00
-1.134471183461136512e+01,-2.326010625611376526e+01,0.000000000000000000e+00
-1.099112457051225711e+01,-2.357054270564614740e+01,0.000000000000000000e+00
-1.062486236822693719e+01,-2.386383159670874932e+01,0.000000000000000000e+00
-1.024734276105419717e+01,-2.414122668703643271e+01,0.000000000000000000e+00
-9.858468838417197233e+00,-2.440056661678060834e+01,0.000000000000000000e+00
-9.457951381148779646e+00,-2.463880571743628778e+01,0.000000000000000000e+00
-9.049086949531151447e+00,-2.486216206051829403e+01,0.000000000000000000e+00
-8.629566951551000287e+00,-2.506208221032620287e+01,0.000000000000000000e+00
-8.202964447211288146e+00,-2.524612863521607764e+01,0.000000000000000000e+00
-7.767746399152417602e+00,-2.540715364938840182e+01,0.000000000000000000e+00
-7.326795569756299642e+00,-2.555157269703773082e+01,0.000000000000000000e+00
-6.878688678048919591e+00,-2.567161563592737750e+01,0.000000000000000000e+00
-6.426584513020102030e+00,-2.577562263257776110e+01,0.000000000000000000e+00
-5.968968057572022090e+00,-2.585444113574594027e+01,0.000000000000000000e+00
-5.508425892191123552e+00,-2.591510630823301753e+01,0.000000000000000000e+00
-5.045061204487307549e+00,-2.595458988036109460e+01,0.000000000000000000e+00
-4.579336314067430358e+00,-2.597070678388579168e+01,0.000000000000000000e+00
-4.113122691571930112e+00,-2.596923462395653459e+01,0.000000000000000000e+00
-3.646037004789934421e+00,-2.594290131057480409e+01,0.000000000000000000e+00
-3.179679433296907387e+00,-2.589641083467601845e+01,0.000000000000000000e+00
-2.714917518028883592e+00,-2.583071472968024551e+01,0.000000000000000000e+00
-2.251915507413695838e+00,-2.573951203113787045e+01,0.000000000000000000e+00
-1.792379775016171850e+00,-2.563222496778658055e+01,0.000000000000000000e+00
-1.337035094983669126e+00,-2.551214940367282580e+01,0.000000000000000000e+00
-8.864262155285105305e-01,-2.538392562449027068e+01,0.000000000000000000e+00
-4.407075000714434365e-01,-2.524811576948092551e+01,0.000000000000000000e+00
-4.611386035133943947e-15,-2.510321636325167916e+01,0.000000000000000000e+00
4.355369416097259472e-01,-2.495189467360005509e+01,0.000000000000000000e+00
8.657290355397910808e-01,-2.479123593609148202e+01,0.000000000000000000e+00
1.290516477144558971e+00,-2.462452129816075796e+01,0.000000000000000000e+00
1.709646256131338804e+00,-2.444908052597134329e+01,0.000000000000000000e+00
2.123098062078526915e+00,-2.426712189344889481e+01,0.000000000000000000e+00
2.530700409193231692e+00,-2.407800601751474545e+01,0.000000000000000000e+00
2.932225590600096687e+00,-2.388106101481955079e+01,0.000000000000000000e+00
3.327853061038142268e+00,-2.367890491105440631e+01,0.000000000000000000e+00
3.717002885160103798e+00,-2.346823259623113955e+01,0.000000000000000000e+00
4.099900268521225577e+00,-2.325168985511024289e+01,0.000000000000000000e+00
4.476532476358912049e+00,-2.302976312887383514e+01,0.000000000000000000e+00
4.846325096099596941e+00,-2.280016696743131988e+01,0.000000000000000000e+00
5.209482173546989614e+00,-2.256474635223218073e+01,0.000000000000000000e+00
5.565989735047479847e+00,-2.232396550558468817e+01,0.000000000000000000e+00
5.915763578271656442e+00,-2.207793023967525059e+01,0.000000000000000000e+00
6.258325504731335087e+00,-2.182537475945798633e+01,0.000000000000000000e+00
6.593776604780551942e+00,-2.156727147344593831e+01,0.000000000000000000e+00
6.922157838936001006e+00,-2.130421122262197642e+01,0.000000000000000000e+00
7.243362259110873502e+00,-2.103625146385634537e+01,0.000000000000000000e+00
7.557293598943394031e+00,-2.076349351528597253e+01,0.000000000000000000e+00
7.863857475287684196e+00,-2.048604911518259897e+01,0.000000000000000000e+00
8.162966421498655478e+00,-2.020405087472999028e+01,0.000000000000000000e+00
8.454540776128567359e+00,-1.991764988939588932e+01,0.000000000000000000e+00
8.738510573083498656e+00,-1.962701609629632671e+01,0.000000000000000000e+00
9.014817421524334407e+00,-1.933233834758905800e+01,0.000000000000000000e+00
9.283415094586313643e+00,-1.903382163140554439e+01,0.000000000000000000e+00
9.544275259798343569e+00,-1.873169489231313634e+01,0.000000000000000000e+00
9.797372330875612434e+00,-1.842617743352965931e+01,0.000000000000000000e+00
1.004274057115133800e+01,-1.811758358415885795e+01,0.000000000000000000e+00
1.028032347494109189e+01,-1.780604257684100489e+01,0.000000000000000000e+00
1.050981954523502893e+01,-1.749127703234111308e+01,0.000000000000000000e+00
1.073107344809881702e+01,-1.717330737266815177e+01,0.000000000000000000e+00
1.094460683587885264e+01,-1.685321660929544407e+01,0.000000000000000000e+00
1.115032777921766005e+01,-1.653104075159147257e+01,0.000000000000000000e+00
1.134775910801865528e+01,-1.620627955110651897e+01,0.000000000000000000e+00
1.153730276875848659e+01,-1.587973494192120327e+01,0.000000000000000000e+00
1.171882459499353679e+01,-1.555140549426408647e+01,0.000000000000000000e+00
1.189204062288820474e+01,-1.522111788496591522e+01,0.000000000000000000e+00
1.205727708741296311e+01,-1.488949719080149237e+01,0.000000000000000000e+00
1.221464304244777210e+01,-1.455684472809300622e+01,0.000000000000000000e+00
1.236392451258453207e+01,-1.422306814854267465e+01,0.000000000000000000e+00
1.250508559457599844e+01,-1.388830456034637706e+01,0.000000000000000000e+00
1.263821689497439138e+01,-1.355282834867585251e+01,0.000000000000000000e+00
1.276335056110488964e+01,-1.321683641156000988e+01,0.000000000000000000e+00
1.288047757225523249e+01,-1.288047757225523782e+01,0.000000000000000000e+00
1.298962057705369766e+01,-1.254393078026375363e+01,0.000000000000000000e+00
1.309085042539757815e+01,-1.220741551205486353e+01,0.000000000000000000e+00
1.318424423061099837e+01,-1.187114682625260187e+01,0.000000000000000000e+00
1.326983370060916911e+01,-1.153529044896637501e+01,0.000000000000000000e+00
1.334761633872845366e+01,-1.119997994692288934e+01,0.000000000000000000e+00
1.341758986544087406e+01,-1.086535003699317592e+01,0.000000000000000000e+00
1.347976411701399790e+01,-1.053154595332406451e+01,0.000000000000000000e+00
1.353418875907510355e+01,-1.019874275425675414e+01,0.000000000000000000e+00
1.358092548871935712e+01,-9.867119937226608073e+00,0.000000000000000000e+00
1.362004021783247332e+01,-9.536854831245724640e+00,0.000000000000000000e+00
1.365160300734008736e+01,-9.208122497002586115e+00,0.000000000000000000e+00
1.367568799909006927e+01,-8.881095628809159592e+00,0.000000000000000000e+00
1.369237334541682216e+01,-8.555944458451179457e+00,0.000000000000000000e+00
1.370174113643818181e+01,-8.232836660995641154e+00,0.000000000000000000e+00
1.370387822086337515e+01,-7.911937779757328926e+00,0.000000000000000000e+00
1.369887888720419156e+01,-7.593412561932515459e+00,0.000000000000000000e+00
1.368684221441163018e+01,-7.277423095065143066e+00,0.000000000000000000e+00
1.366787109680960199e+01,-6.964128164233827079e+00,0.000000000000000000e+00
1.364207214386021327e+01,-6.653683160127164875e+00,0.000000000000000000e+00
1.360955557770318158e+01,-6.346239989969079787e+00,0.000000000000000000e+00
1.357043512854622769e+01,-6.041946991347412421e+00,0.000000000000000000e+00
1.352482792798464217e+01,-5.740948848997827092e+00,0.000000000000000000e+00
1.347285440032913861e+01,-5.443386514591572301e+00,0.000000000000000000e+00
1.341463815202270915e+01,-5.149397129575479681e+00,0.000000000000000000e+00
1.335030585922784674e+01,-4.859113951108611218e+00,0.000000000000000000e+00
1.327998715366690163e+01,-4.572666281139553313e+00,0.000000000000000000e+00
1.320381450679915325e+01,-4.290179398664825783e+00,0.000000000000000000e+00
1.312192311241929765e+01,-4.011774495208090485e+00,0.000000000000000000e+00
1.303445076776277567e+01,-3.737568613556335961e+00,0.000000000000000000e+00
1.294153775320428323e+01,-3.467674589787972828e+00,0.000000000000000000e+00
1.284332671063678788e+01,-3.202200998625549744e+00,0.000000000000000000e+00
1.273996252061875190e+01,-2.941252102142725366e+00,0.000000000000000000e+00
1.263159217837832315e+01,-2.684927801854048113e+00,0.000000000000000000e+00
1.251836466876357612e+01,-2.433323594212954966e+00,0.000000000000000000e+00
1.240043084022878084e+01,-2.186530529541686363e+00,0.000000000000000000e+00
1.227794327794681983e+01,-1.944635174414012679e+00,0.000000000000000000e+00
1.215105617613878763e+01,-1.707719577510199427e+00,0.000000000000000000e+00
1.201992520971176681e+01,-1.475861238960220367e+00,0.000000000000000000e+00
1.188470740529646008e+01,-1.249133083190005822e+00,0.000000000000000000e+00
1.174556101177658896e+01,-1.027603435282534949e+00,0.000000000000000000e+00
1.160264537040194455e+01,-8.113360008633322407e-01,0.000000000000000000e+00
1.145612078457773464e+01,-6.003898495180168826e-01,0.000000000000000000e+00
1.130614838942219968e+01,-3.948194017465058159e-01,0.000000000000000000e+00
1.115289002118549888e+01,-1.946744194570733111e-01,0.000000000000000000e+00
1.099650808662181589e+01,-2.693367686015878354e-15,0.000000000000000000e+00
