1.223802694059643059e+01,0.000000000000000000e+00,0.000000000000000000e+00
1.220287480946144143e+01,2.130019721100602503e-01,0.000000000000000000e+00
1.216866050306105862e+01,4.249389884507301929e-01,0.000000000000000000e+00
1.213541765133439831e+01,6.359902897786553488e-01,0.000000000000000000e+00
1.210317247236733174e+01,8.463362653951024273e-01,0.000000000000000000e+00
1.207194373429826761e+01,1.056158223473907531e+00,0.000000000000000000e+00
1.204174272343826857e+01,1.265638160213003349e+00,0.000000000000000000e+00
1.201257321863918648e+01,1.474958527964603805e+00,0.000000000000000000e+00
1.198443147194006286e+01,1.684302002500066342e+00,0.000000000000000000e+00
1.195730619551812879e+01,1.893851249566249173e+00,0.000000000000000000e+00
1.193117855496723045e+01,2.103788690890957991e+00,0.000000000000000000e+00
1.190602216892269638e+01,2.314296269795723227e+00,0.000000000000000000e+00
1.188180311504775055e+01,2.525555216574707718e+00,0.000000000000000000e+00
1.185847994239320968e+01,2.737745813799092431e+00,0.000000000000000000e+00
1.183600369013792886e+01,2.951047161706606747e+00,0.000000000000000000e+00
1.181431791271407405e+01,3.165636943836283024e+00,0.000000000000000000e+00
1.179335871131728553e+01,3.381691193068672607e+00,0.000000000000000000e+00
1.177305477179801940e+01,3.599384058231942074e+00,0.000000000000000000e+00
1.175332740892661043e+01,3.818887571434326222e+00,0.000000000000000000e+00
1.173409061702065692e+01,4.040371416283377926e+00,0.000000000000000000e+00
1.171525112691962356e+01,4.264002697152325716e+00,0.000000000000000000e+00
1.169670846928766217e+01,4.489945709653683892e+00,0.000000000000000000e+00
1.167834471612338731e+01,4.718357539657277222e+00,0.000000000000000000e+00
1.165991654211335238e+01,4.949340931232893759e+00,0.000000000000000000e+00
1.164110186532754554e+01,5.182952479042529426e+00,0.000000000000000000e+00
1.162157718472701440e+01,5.419230441077615978e+00,0.000000000000000000e+00
1.160101956783732469e+01,5.658195303824509637e+00,0.000000000000000000e+00
1.157910735675626945e+01,5.899849880695485993e+00,0.000000000000000000e+00
1.155552086914351229e+01,6.144179433884653818e+00,0.000000000000000000e+00
1.152994309349947066e+01,6.391151819462096206e+00,0.000000000000000000e+00
1.150206037804683490e+01,6.640717655500667504e+00,0.000000000000000000e+00
1.147156311253445438e+01,6.892810513011179196e+00,0.000000000000000000e+00
1.143814640229019730e+01,7.147347129443081037e+00,0.000000000000000000e+00
1.140151073385677982e+01,7.404227644489513871e+00,0.000000000000000000e+00
1.136127130873483004e+01,7.663274259899146124e+00,0.000000000000000000e+00
1.131642777388373489e+01,7.923848032879116765e+00,0.000000000000000000e+00
1.126576021114931869e+01,8.185053903710633350e+00,0.000000000000000000e+00
1.120810697896363095e+01,8.445914407983437400e+00,0.000000000000000000e+00
1.114236920265311426e+01,8.705372903263988604e+00,0.000000000000000000e+00
1.106753085640414369e+01,8.962309774409138896e+00,0.000000000000000000e+00
1.098329052301849984e+01,9.216075026977739171e+00,0.000000000000000000e+00
1.089021129088492401e+01,9.466716247182791477e+00,0.000000000000000000e+00
1.078889484451886105e+01,9.714364551508896994e+00,0.000000000000000000e+00
1.067980407850092384e+01,9.959078420196638248e+00,0.000000000000000000e+00
1.056307101420759942e+01,1.020063910591025191e+01,0.000000000000000000e+00
1.043877968010383483e+01,1.043877968010383306e+01,0.000000000000000000e+00
1.030700806154196414e+01,1.067321929221047583e+01,0.000000000000000000e+00
1.016783097774714406e+01,1.090366378935571134e+01,0.000000000000000000e+00
1.002134993783340633e+01,1.112983665644053666e+01,0.000000000000000000e+00
9.867703751231980291e+00,1.135149464723351365e+01,0.000000000000000000e+00
9.707083681005299169e+00,1.156845185045069258e+01,0.000000000000000000e+00
9.539753132622578846e+00,1.178061401752196957e+01,0.000000000000000000e+00
9.365920469589809727e+00,1.198783153283734748e+01,0.000000000000000000e+00
9.185710588712211688e+00,1.218984966965430949e+01,0.000000000000000000e+00
8.999074299187888926e+00,1.238616316637900638e+01,0.000000000000000000e+00
8.806139452519401445e+00,1.257647050620867901e+01,0.000000000000000000e+00
8.607609223441430757e+00,1.276130546688452405e+01,0.000000000000000000e+00
8.403526969801104585e+00,1.294029675326764917e+01,0.000000000000000000e+00
8.193678099154253047e+00,1.311262598192399231e+01,0.000000000000000000e+00
7.978497768796938949e+00,1.327845013658812690e+01,0.000000000000000000e+00
7.758578046507615511e+00,1.343825137103967471e+01,0.000000000000000000e+00
7.533944698252494021e+00,1.359159602122145216e+01,0.000000000000000000e+00
7.304221986378196085e+00,1.373724359854602461e+01,0.000000000000000000e+00
7.070134144482274507e+00,1.387591954729158061e+01,0.000000000000000000e+00
6.832051409374519046e+00,1.400778125050782030e+01,0.000000000000000000e+00
6.590185931521219231e+00,1.413269933759198516e+01,0.000000000000000000e+00
6.344666894639584775e+00,1.425035516353317355e+01,0.000000000000000000e+00
6.095451077552827002e+00,1.435998284181576246e+01,0.000000000000000000e+00
5.842947354654805636e+00,1.446180218270963636e+01,0.000000000000000000e+00
5.587545277576105640e+00,1.455605310109499939e+01,0.000000000000000000e+00
5.329497034114414333e+00,1.464267275827972981e+01,0.000000000000000000e+00
5.069029191279071256e+00,1.472152971656895382e+01,0.000000000000000000e+00
4.806383014237999518e+00,1.479252587627906301e+01,0.000000000000000000e+00
4.541812118191612235e+00,1.485559805945003475e+01,0.000000000000000000e+00
4.275553124200805577e+00,1.491062572074701187e+01,0.000000000000000000e+00
4.007765932375209950e+00,1.495718608446793851e+01,0.000000000000000000e+00
3.738744978399029861e+00,1.499528707471570144e+01,0.000000000000000000e+00
3.468841951121959699e+00,1.502520522298955008e+01,0.000000000000000000e+00
3.198325309222805224e+00,1.504693754967658670e+01,0.000000000000000000e+00
2.927452566910323295e+00,1.506043785966108928e+01,0.000000000000000000e+00
2.656488618458618944e+00,1.506569560588572365e+01,0.000000000000000000e+00
2.385697339237423442e+00,1.506270018916649889e+01,0.000000000000000000e+00
2.115344337131329855e+00,1.505145704884113123e+01,0.000000000000000000e+00
1.845694326449911493e+00,1.503197399475530815e+01,0.000000000000000000e+00
1.577014358033060448e+00,1.500428935186840107e+01,0.000000000000000000e+00
1.309566143005627348e+00,1.496840950847976970e+01,0.000000000000000000e+00
1.043593099024419768e+00,1.492407661695591514e+01,0.000000000000000000e+00
7.793611021905737513e-01,1.487109571999681101e+01,0.000000000000000000e+00
5.171767738660438818e-01,1.481000508846915409e+01,0.000000000000000000e+00
2.573041650582851281e-01,1.474094574362385934e+01,0.000000000000000000e+00
8.979099999110569491e-16,1.466398312617510236e+01,0.000000000000000000e+00
-2.544806465381975191e-01,1.457918647594421735e+01,0.000000000000000000e+00
-5.058902852565788644e-01,1.448680234197391847e+01,0.000000000000000000e+00
-7.539768256599949092e-01,1.438673486979784322e+01,0.000000000000000000e+00
-9.984208839080321862e-01,1.427808384450008461e+01,0.000000000000000000e+00
-1.238994194961769990e+00,1.416176845123070649e+01,0.000000000000000000e+00
-1.475474185900041091e+00,1.403819914745037778e+01,0.000000000000000000e+00
-1.707672516166857779e+00,1.390787655719394955e+01,0.000000000000000000e+00
-1.935316477700053772e+00,1.377049226865822718e+01,0.000000000000000000e+00
-2.157943146115240740e+00,1.362471680736771518e+01,0.000000000000000000e+00
-2.375502998307045477e+00,1.347214696674610757e+01,0.000000000000000000e+00
-2.587884048726111441e+00,1.331350927573942400e+01,0.000000000000000000e+00
-2.794744481950857118e+00,1.314823903808478178e+01,0.000000000000000000e+00
-2.995650296968880522e+00,1.297558698911288033e+01,0.000000000000000000e+00
-3.190592181658888027e+00,1.279676628888599943e+01,0.000000000000000000e+00
-3.379488531993676048e+00,1.261242290499675534e+01,0.000000000000000000e+00
-3.561882055471079056e+00,1.242175892750759125e+01,0.000000000000000000e+00
-3.737534244771844261e+00,1.222492367118613465e+01,0.000000000000000000e+00
-3.906313292098701595e+00,1.202239611014104526e+01,0.000000000000000000e+00
-4.068046563757254930e+00,1.181446508135558204e+01,0.000000000000000000e+00
-4.222591789308259180e+00,1.160147559269893236e+01,0.000000000000000000e+00
-4.369882350343781141e+00,1.138393272487903296e+01,0.000000000000000000e+00
-4.510440514959582536e+00,1.116373202169268986e+01,0.000000000000000000e+00
-4.645481629734928397e+00,1.094406888780181752e+01,0.000000000000000000e+00
-4.775948597292328124e+00,1.072695617979483274e+01,0.000000000000000000e+00
-4.902213212785113683e+00,1.051283016063107745e+01,0.000000000000000000e+00
-5.024669154268300630e+00,1.030209846966128673e+01,0.000000000000000000e+00
-5.143873997450071123e+00,1.009542114639028476e+01,0.000000000000000000e+00
-5.260427349392300833e+00,9.893424935033761969e+00,0.000000000000000000e+00
-5.374622117853050440e+00,9.696074967144943102e+00,0.000000000000000000e+00
-5.486504509553803643e+00,9.502904566502955674e+00,0.000000000000000000e+00
-5.596117994316148980e+00,9.313504358752897616e+00,0.000000000000000000e+00
-5.703601648488011655e+00,9.127670657970824664e+00,0.000000000000000000e+00
-5.809107481989490118e+00,8.945241082548767153e+00,0.000000000000000000e+00
-5.912768662730471192e+00,8.766040035209469394e+00,0.000000000000000000e+00
-6.014693610013366332e+00,8.589872690305126568e+00,0.000000000000000000e+00
-6.114976349501302089e+00,8.416542891562411199e+00,0.000000000000000000e+00
-6.213710860277585013e+00,8.245872820177869045e+00,0.000000000000000000e+00
-6.310996087473223604e+00,8.077706632964611444e+00,0.000000000000000000e+00
-6.406921691728432400e+00,7.911889379258186139e+00,0.000000000000000000e+00
-6.501573321295989416e+00,7.748273363169165151e+00,0.000000000000000000e+00
-6.595035442837907880e+00,7.586720417943546124e+00,0.000000000000000000e+00
-6.687384175162529587e+00,7.427092556406204693e+00,0.000000000000000000e+00
-6.778692211829086212e+00,7.269257422853521611e+00,0.000000000000000000e+00
-6.869034978486554088e+00,7.113093946710583815e+00,0.000000000000000000e+00
-6.958481719732004578e+00,6.958481719732005466e+00,0.000000000000000000e+00
-7.047096582556505062e+00,6.805302064756106439e+00,0.000000000000000000e+00
-7.134946880302943661e+00,6.653445604673342118e+00,0.000000000000000000e+00
-7.222096367687971252e+00,6.502804777774993994e+00,0.000000000000000000e+00
-7.308603032157100721e+00,6.353271687817628965e+00,0.000000000000000000e+00
-7.394526498019289740e+00,6.204744457218613007e+00,0.000000000000000000e+00
-7.479926950214864867e+00,6.057125413749026244e+00,0.000000000000000000e+00
-7.564859399482379843e+00,5.910315915359822370e+00,0.000000000000000000e+00
-7.649376843126050929e+00,5.764218900900159426e+00,0.000000000000000000e+00
-7.733536237904961474e+00,5.618742968708541063e+00,0.000000000000000000e+00
-7.817391390588580791e+00,5.473796380825813657e+00,0.000000000000000000e+00
-7.900991986868426409e+00,5.329286386646520768e+00,0.000000000000000000e+00
-7.984390516310446273e+00,5.185123828346193342e+00,0.000000000000000000e+00
-8.067640739026769481e+00,5.041221440032947143e+00,0.000000000000000000e+00
-8.150792442433839824e+00,4.897490192525960850e+00,0.000000000000000000e+00
-8.233893972434138675e+00,4.753840901463686208e+00,0.000000000000000000e+00
-8.316998722750918560e+00,4.610187672941953529e+00,0.000000000000000000e+00
-8.400158229253049669e+00,4.466443357942637249e+00,0.000000000000000000e+00
-8.483420539640547986e+00,4.322518663710620324e+00,0.000000000000000000e+00
-8.566836686110031351e+00,4.178325432737429956e+00,0.000000000000000000e+00
-8.650460916886544283e+00,4.033776172114706959e+00,0.000000000000000000e+00
-8.734344228281248235e+00,3.888780597789863513e+00,0.000000000000000000e+00
-8.818536202803299417e+00,3.743246533922681252e+00,0.000000000000000000e+00
-8.903092983683267292e+00,3.597083056457018646e+00,0.000000000000000000e+00
-8.988070125373154085e+00,3.450196865507013211e+00,0.000000000000000000e+00
-9.073519878563473640e+00,3.302491155819793356e+00,0.000000000000000000e+00
-9.159498533008282095e+00,3.153868268800935848e+00,0.000000000000000000e+00
-9.246067316499276600e+00,3.004229383825949284e+00,0.000000000000000000e+00
-9.333284248928476856e+00,2.853471353672287325e+00,0.000000000000000000e+00
-9.421207105726782771e+00,2.701487665845253794e+00,0.000000000000000000e+00
-9.509902629296197674e+00,2.548170729618528974e+00,0.000000000000000000e+00
-9.599436551539382023e+00,2.393408343815143891e+00,0.000000000000000000e+00
-9.689871802249143684e+00,2.237083175223857356e+00,0.000000000000000000e+00
-9.781280243882667591e+00,2.079075297370615250e+00,0.000000000000000000e+00
-9.873737131902387887e+00,1.919260076043757701e+00,0.000000000000000000e+00
-9.967313755017185528e+00,1.757506340196132166e+00,0.000000000000000000e+00
-1.006208875327277497e+01,1.593678295682920965e+00,0.000000000000000000e+00
-1.015814860878615988e+01,1.427634684509746510e+00,0.000000000000000000e+00
-1.025557547697385630e+01,1.259226331746831740e+00,0.000000000000000000e+00
-1.035445825247601270e+01,1.088297416216866820e+00,0.000000000000000000e+00
-1.045489680094621932e+01,9.146849484162479227e-01,0.000000000000000000e+00
-1.055698645968488059e+01,7.382164068565728599e-01,0.000000000000000000e+00
-1.066083126330561903e+01,5.587104918210660243e-01,0.000000000000000000e+00
-1.076654731785173880e+01,3.759761171086923870e-01,0.000000000000000000e+00
-1.087424591352445802e+01,1.898106684659733590e-01,0.000000000000000000e+00
-1.098405287787651474e+01,1.345158519855674763e-15,0.000000000000000000e+00
-1.109610325545170717e+01,-1.936832027741125228e-01,0.000000000000000000e+00
-1.121052958294622393e+01,-3.914803194464830938e-01,0.000000000000000000e+00
-1.132748718855742176e+01,-5.936484484093912384e-01,0.000000000000000000e+00
-1.144713191741736402e+01,-8.004614408817942728e-01,0.000000000000000000e+00
-1.156963080876378669e+01,-1.012211536947096313e+00,0.000000000000000000e+00
-1.169517029024877708e+01,-1.229211929658452274e+00,0.000000000000000000e+00
-1.182393620466380568e+01,-1.451796815033605137e+00,0.000000000000000000e+00
-1.195614542955638804e+01,-1.680326658493038305e+00,0.000000000000000000e+00
-1.209201554229894171e+01,-1.915187114062609997e+00,0.000000000000000000e+00
-1.223178956688284913e+01,-2.156794522989756935e+00,0.000000000000000000e+00
-1.237571964025359250e+01,-2.405596209474226033e+00,0.000000000000000000e+00
-1.252409774993183866e+01,-2.662079155744768499e+00,0.000000000000000000e+00
-1.267724098040173608e+01,-2.926771693608208658e+00,0.000000000000000000e+00
-1.283544513570780587e+01,-3.200235901289242513e+00,0.000000000000000000e+00
-1.299875932553637270e+01,-3.483007063883990284e+00,0.000000000000000000e+00
-1.316498136200998381e+01,-3.774997659157066643e+00,0.000000000000000000e+00
-1.333110156171995797e+01,-4.075726765059249246e+00,0.000000000000000000e+00
-1.349646787061988462e+01,-4.385268240738997569e+00,0.000000000000000000e+00
-1.366108952542000132e+01,-4.703890351224316646e+00,0.000000000000000000e+00
-1.382474177721961794e+01,-5.031794503324378276e+00,0.000000000000000000e+00
-1.398712913713823092e+01,-5.369155829143317682e+00,0.000000000000000000e+00
-1.414791047331542018e+01,-5.716126871987316171e+00,0.000000000000000000e+00
-1.430673872033044525e+01,-6.072850288871098456e+00,0.000000000000000000e+00
-1.446326223845516878e+01,-6.439459231699983022e+00,0.000000000000000000e+00
-1.461709680986600723e+01,-6.816064182433515306e+00,0.000000000000000000e+00
-1.476784412514939859e+01,-7.202758842696258768e+00,0.000000000000000000e+00
-1.491518881655318474e+01,-7.599668286048528287e+00,0.000000000000000000e+00
-1.505883073060273958e+01,-8.006922329255194981e+00,0.000000000000000000e+00
-1.519822064303197529e+01,-8.424511268408943820e+00,0.000000000000000000e+00
-1.533273834307231809e+01,-8.852360609786900980e+00,0.000000000000000000e+00
-1.546262473998818798e+01,-9.290882273060171670e+00,0.000000000000000000e+00
-1.558869143756807141e+01,-9.740895515707640229e+00,0.000000000000000000e+00
-1.570952978365947672e+01,-1.020188792707090997e+01,0.000000000000000000e+00
-1.582040716189572116e+01,-1.067099937061358261e+01,0.000000000000000000e+00
-1.591680350428630319e+01,-1.114506579790398533e+01,0.000000000000000000e+00
-1.599679024482395384e+01,-1.162234842444588878e+01,0.000000000000000000e+00
-1.605967161362876183e+01,-1.210183058777082010e+01,0.000000000000000000e+00
-1.610480892556147836e+01,-1.258245573117826233e+01,0.000000000000000000e+00
-1.613161506505830189e+01,-1.306312430933225244e+01,0.000000000000000000e+00
-1.613955635367946329e+01,-1.354269578373736138e+01,0.000000000000000000e+00
-1.612843251479377571e+01,-1.402023248687424584e+01,0.000000000000000000e+00
-1.609901924241492210e+01,-1.449562203509914404e+01,0.000000000000000000e+00
-1.605171503669259891e+01,-1.496846643009859434e+01,0.000000000000000000e+00
-1.598676683462976733e+01,-1.543824127765998711e+01,0.000000000000000000e+00
-1.590443405756790440e+01,-1.590443405756790085e+01,0.000000000000000000e+00
-1.580498845122695784e+01,-1.636654465035536532e+01,0.000000000000000000e+00
-1.568874427257870074e+01,-1.682411845749232882e+01,0.000000000000000000e+00
-1.555608299892060664e+01,-1.727678046032285408e+01,0.000000000000000000e+00
-1.540724311615905151e+01,-1.772400572320273326e+01,0.000000000000000000e+00
-1.524153695660697849e+01,-1.816415642469378255e+01,0.000000000000000000e+00
-1.505871052896375772e+01,-1.859595881330180234e+01,0.000000000000000000e+00
-1.486137142270577272e+01,-1.902168799540561395e+01,0.000000000000000000e+00
-1.464969436572899930e+01,-1.944080104636236683e+01,0.000000000000000000e+00
-1.442128033628755546e+01,-1.984918952491263155e+01,0.000000000000000000e+00
-1.417849145278454870e+01,-2.024898430690434736e+01,0.000000000000000000e+00
-1.392204572164336618e+01,-2.064028158875822072e+01,0.000000000000000000e+00
-1.365171142659728254e+01,-2.102179212192435642e+01,0.000000000000000000e+00
-1.336787636956603365e+01,-2.139307413416844028e+01,0.000000000000000000e+00
-1.307085759685418402e+01,-2.175356011516980104e+01,0.000000000000000000e+00
-1.276108806200578982e+01,-2.210285288325465913e+01,0.000000000000000000e+00
-1.243904433829357714e+01,-2.244063001622025766e+01,0.000000000000000000e+00
-1.210526067661084682e+01,-2.276668412441826916e+01,0.000000000000000000e+00
-1.176024720610896246e+01,-2.308078471404703791e+01,0.000000000000000000e+00
-1.140467058881049311e+01,-2.338303992018454736e+01,0.000000000000000000e+00
-1.103785068851718876e+01,-2.367074718907627329e+01,0.000000000000000000e+00
-1.066090391169832685e+01,-2.394478222873375373e+01,0.000000000000000000e+00
-1.027503805675688753e+01,-2.420647271493980313e+01,0.000000000000000000e+00
-9.880489166515550536e+00,-2.445506884136475634e+01,0.000000000000000000e+00
-9.476318213978816019e+00,-2.468665295279487282e+01,0.000000000000000000e+00
-9.065167665767127403e+00,-2.490634346526529797e+01,0.000000000000000000e+00
-8.646144962871264994e+00,-2.511022825113275658e+01,0.000000000000000000e+00
-8.220075254101628204e+00,-2.529879028389025919e+01,0.000000000000000000e+00
-7.788138876961133938e+00,-2.547385443882642519e+01,0.000000000000000000e+00
-7.349581110783687699e+00,-2.563103532192737433e+01,0.000000000000000000e+00
-6.906535689518273458e+00,-2.577554209756995718e+01,0.000000000000000000e+00
-6.457911520390586801e+00,-2.590126839644403844e+01,0.000000000000000000e+00
-6.005788663280328343e+00,-2.601392870104799471e+01,0.000000000000000000e+00
-5.549458800442716111e+00,-2.610815096387292655e+01,0.000000000000000000e+00
-5.090421462720941648e+00,-2.618794817902238847e+01,0.000000000000000000e+00
-4.628708731042837421e+00,-2.625071167466900235e+01,0.000000000000000000e+00
-4.165014839638701005e+00,-2.629686875241285193e+01,0.000000000000000000e+00
-3.700185094739989466e+00,-2.632818499033036375e+01,0.000000000000000000e+00
-3.234188816262669075e+00,-2.634035413312431828e+01,0.000000000000000000e+00
-2.768399764099805260e+00,-2.633956431062940240e+01,0.000000000000000000e+00
-2.302568436703138044e+00,-2.631847766220426266e+01,0.000000000000000000e+00
-1.837948522232893733e+00,-2.628388841346938776e+01,0.000000000000000000e+00
-1.374864780718115798e+00,-2.623398280802560478e+01,0.000000000000000000e+00
-9.139717254197143870e-01,-2.617272582254182467e+01,0.000000000000000000e+00
-4.555855646389698754e-01,-2.610047951769447394e+01,0.000000000000000000e+00
-4.779011700792574878e-15,-2.601572798578828127e+01,0.000000000000000000e+00
4.524574884731060731e-01,-2.592127215417458785e+01,0.000000000000000000e+00
9.014311515079186377e-01,-2.581361077169080076e+01,0.000000000000000000e+00
1.346719892879612024e+00,-2.569694635611851297e+01,0.000000000000000000e+00
1.787823762649787263e+00,-2.556707095547359643e+01,0.000000000000000000e+00
2.224683571417156447e+00,-2.542824957839208366e+01,0.000000000000000000e+00
2.656721576334577062e+00,-2.527701733064401424e+01,0.000000000000000000e+00
3.083867783546629049e+00,-2.511608756727387615e+01,0.000000000000000000e+00
3.505733296622613793e+00,-2.494458855354271876e+01,0.000000000000000000e+00
3.921866758537289055e+00,-2.476169218706854025e+01,0.000000000000000000e+00
4.332485140566618043e+00,-2.457074421145939169e+01,0.000000000000000000e+00
4.736478358362028906e+00,-2.436706876006791234e+01,0.000000000000000000e+00
5.134240689390961343e+00,-2.415470333661822266e+01,0.000000000000000000e+00
5.525588352553684857e+00,-2.393395264031182634e+01,0.000000000000000000e+00
5.909343809446015783e+00,-2.370108348063418546e+01,0.000000000000000000e+00
6.286063495630249243e+00,-2.345990834529607483e+01,0.000000000000000000e+00
6.655430163436664159e+00,-2.321024328194345898e+01,0.000000000000000000e+00
7.017143743061683203e+00,-2.295204298627291450e+01,0.000000000000000000e+00
7.370247489923210438e+00,-2.268328936464391532e+01,0.000000000000000000e+00
7.715209306989800453e+00,-2.240659479290555467e+01,0.000000000000000000e+00
8.051699651027993454e+00,-2.212186297943010871e+01,0.000000000000000000e+00
8.379473346370337694e+00,-2.182927438252259122e+01,0.000000000000000000e+00
8.698254410448392093e+00,-2.152893513897112854e+01,0.000000000000000000e+00
9.007787233022728657e+00,-2.122101686375361140e+01,0.000000000000000000e+00
9.307827546203618851e+00,-2.090572295393195290e+01,0.000000000000000000e+00
9.598151287803561971e+00,-2.058330186079245649e+01,0.000000000000000000e+00
9.878556385817656604e+00,-2.025404210709962882e+01,0.000000000000000000e+00
1.014887891299205691e+01,-1.991829637373790973e+01,0.000000000000000000e+00
1.040895592661490099e+01,-1.957639888780821380e+01,0.000000000000000000e+00
1.065877769792823315e+01,-1.922894397988457271e+01,0.000000000000000000e+00
1.089809335156198422e+01,-1.887605139053394510e+01,0.000000000000000000e+00
1.112621707794046877e+01,-1.851713479899425607e+01,0.000000000000000000e+00
1.134308496650577425e+01,-1.815273053774565071e+01,0.000000000000000000e+00
1.154927961482966481e+01,-1.778433103617420130e+01,0.000000000000000000e+00
1.174461410632638092e+01,-1.741210646428365649e+01,0.000000000000000000e+00
1.192788303370076619e+01,-1.703478237923283700e+01,0.000000000000000000e+00
1.209932505961799265e+01,-1.665329226196201873e+01,0.000000000000000000e+00
1.225938729639069358e+01,-1.626875642791432597e+01,0.000000000000000000e+00
1.240789848041292665e+01,-1.588138583310573537e+01,0.000000000000000000e+00
1.254462677453989095e+01,-1.549132393367277949e+01,0.000000000000000000e+00
1.266935617639978240e+01,-1.509875073908008680e+01,0.000000000000000000e+00
1.278188783846765730e+01,-1.470387995401564041e+01,0.000000000000000000e+00
1.288206575681337895e+01,-1.430698344636955177e+01,0.000000000000000000e+00
1.296974534937301371e+01,-1.390834908965578087e+01,0.000000000000000000e+00
1.304488025530332074e+01,-1.350836894413467526e+01,0.000000000000000000e+00
1.310759775756504908e+01,-1.310759775756505618e+01,0.000000000000000000e+00
1.315806413875717062e+01,-1.270659483698932135e+01,0.000000000000000000e+00
1.319646920560485803e+01,-1.230590661797760887e+01,0.000000000000000000e+00
1.322302570200887928e+01,-1.190606581994307511e+01,0.000000000000000000e+00
1.323796869541909338e+01,-1.150759062255419529e+01,0.000000000000000000e+00
1.324155493719112542e+01,-1.111098386401077143e+01,0.000000000000000000e+00
1.323044834201838960e+01,-1.071380581937785692e+01,0.000000000000000000e+00
1.320689793452387484e+01,-1.031835952698477499e+01,0.000000000000000000e+00
1.317092638068489663e+01,-9.925004917770840152e+00,0.000000000000000000e+00
1.312991107528856638e+01,-9.539438785125746278e+00,0.000000000000000000e+00
1.309066594867095290e+01,-9.166182977444570668e+00,0.000000000000000000e+00
1.305313852565610233e+01,-8.804453107079048380e+00,0.000000000000000000e+00
1.301723215280839696e+01,-8.453489402448548518e+00,0.000000000000000000e+00
1.298280736721533835e+01,-8.112558425515508986e+00,0.000000000000000000e+00
1.294968332082901696e+01,-7.780954736364202873e+00,0.000000000000000000e+00
1.291763925865519091e+01,-7.458002503279061557e+00,0.000000000000000000e+00
1.288641604903630089e+01,-7.143057056767047719e+00,0.000000000000000000e+00
1.285573376630803466e+01,-6.835514894474925995e+00,0.000000000000000000e+00
1.282549709662139392e+01,-6.534917173145509572e+00,0.000000000000000000e+00
1.279574476729012567e+01,-6.240901717978481145e+00,0.000000000000000000e+00
1.276650008332088682e+01,-5.953116756688966227e+00,0.000000000000000000e+00
1.273776803254340884e+01,-5.671219714894400354e+00,0.000000000000000000e+00
1.270953583435812817e+01,-5.394877887398567218e+00,0.000000000000000000e+00
1.268177350925723168e+01,-5.123769087841476555e+00,0.000000000000000000e+00
1.265443446841383235e+01,-4.857582276136588106e+00,0.000000000000000000e+00
1.262745612261862327e+01,-4.596018163135689782e+00,0.000000000000000000e+00
1.260076050982909734e+01,-4.338789791984131838e+00,0.000000000000000000e+00
1.257425512312003590e+01,-4.085623154959232117e+00,0.000000000000000000e+00
1.254789103734118072e+01,-3.836275277715329057e+00,0.000000000000000000e+00
1.252174717873717391e+01,-3.590553225141263738e+00,0.000000000000000000e+00
1.249591435909534809e+01,-3.348270161208067197e+00,0.000000000000000000e+00
1.247047491678337749e+01,-3.109238605507581354e+00,0.000000000000000000e+00
1.244550276321191618e+01,-2.873270710590936972e+00,0.000000000000000000e+00
1.242106343711533256e+01,-2.640178536478469340e+00,0.000000000000000000e+00
1.239721416654317920e+01,-2.409774322139164315e+00,0.000000000000000000e+00
1.237400393845026336e+01,-2.181870753741601110e+00,0.000000000000000000e+00
1.235147357576813754e+01,-1.956281229481339201e+00,0.000000000000000000e+00
1.232965582183651776e+01,-1.732820120794109853e+00,0.000000000000000000e+00
1.230857543206809268e+01,-1.511303029766768224e+00,0.000000000000000000e+00
1.228824927271609901e+01,-1.291547042562830150e+00,0.000000000000000000e+00
1.226868642660928188e+01,-1.073370978682692378e+00,0.000000000000000000e+00
1.224988830571489018e+01,-8.565956358827258033e-01,0.000000000000000000e+00
1.223184877038591978e+01,-6.410440305819308238e-01,0.000000000000000000e+00
1.221455425514495730e+01,-4.265416335883616128e-01,0.000000000000000000e+00
1.219798390085281348e+01,-2.129166009827500594e-01,0.000000000000000000e+00
1.218210969310655400e+01,-2.983756328504977696e-15,0.000000000000000000e+00
