1.241266477245202715e+01,0.000000000000000000e+00,0.000000000000000000e+00
1.238108779018607031e+01,2.161126912596598171e-01,0.000000000000000000e+00
1.235044503318372655e+01,4.312870441243095154e-01,0.000000000000000000e+00
1.232073988466683367e+01,6.457026164793818745e-01,0.000000000000000000e+00
1.229196835360012052e+01,8.595381594777770085e-01,0.000000000000000000e+00
1.226411912015712424e+01,1.072971391145277620e+00,0.000000000000000000e+00
1.223717358724241144e+01,1.286178771700448031e+00,0.000000000000000000e+00
1.221110593801600963e+01,1.499335280738146592e+00,0.000000000000000000e+00
1.218588319936253939e+01,1.712614196424259605e+00,0.000000000000000000e+00
1.216146531124403118e+01,1.926186876847648444e+00,0.000000000000000000e+00
1.213780520187216894e+01,2.140222543673619970e+00,0.000000000000000000e+00
1.211484886863220112e+01,2.354888068241466126e+00,0.000000000000000000e+00
1.209253546468749008e+01,2.570347760246775248e+00,0.000000000000000000e+00
1.207079739119054906e+01,2.786763159147328306e+00,0.000000000000000000e+00
1.204956039502299880e+01,3.004292828429372175e+00,0.000000000000000000e+00
1.202874367198391248e+01,3.223092152869066584e+00,0.000000000000000000e+00
1.200825997534279743e+01,3.443313138921723748e+00,0.000000000000000000e+00
1.198801572967046702e+01,3.665104218369292344e+00,0.000000000000000000e+00
1.196791114985802196e+01,3.888610055354281059e+00,0.000000000000000000e+00
1.194784036523124904e+01,4.113971356925998357e+00,0.000000000000000000e+00
1.192769021983700384e+01,4.341324203568764695e+00,0.000000000000000000e+00
1.190732602869590018e+01,4.570794215857441500e+00,0.000000000000000000e+00
1.188659761823157623e+01,4.802497173715266854e+00,0.000000000000000000e+00
1.186534991377164161e+01,5.036542223910867477e+00,0.000000000000000000e+00
1.184342335361467669e+01,5.273031809282276328e+00,0.000000000000000000e+00
1.182065412279804839e+01,5.512061541862186331e+00,0.000000000000000000e+00
1.179687438986966086e+01,5.753720083157447540e+00,0.000000000000000000e+00
1.177191254646339047e+01,5.998089031645865710e+00,0.000000000000000000e+00
1.174559344947656392e+01,6.245242817547970837e+00,0.000000000000000000e+00
1.171773866564704214e+01,6.495248604926247893e+00,0.000000000000000000e+00
1.168816671832639287e+01,6.748166201158966260e+00,0.000000000000000000e+00
1.165669333624483173e+01,7.004047973830506812e+00,0.000000000000000000e+00
1.162310379979161468e+01,7.262921338550627048e+00,0.000000000000000000e+00
1.158658327986346848e+01,7.524415161158652943e+00,0.000000000000000000e+00
1.154577051945740429e+01,7.787720548882228755e+00,0.000000000000000000e+00
1.149933733668329872e+01,8.051922687562012015e+00,0.000000000000000000e+00
1.144601680456569426e+01,8.316017984781003847e+00,0.000000000000000000e+00
1.138460705374483162e+01,8.578916754178257165e+00,0.000000000000000000e+00
1.131398823322947855e+01,8.839456385088318768e+00,0.000000000000000000e+00
1.123378447123472768e+01,9.096939297159897464e+00,0.000000000000000000e+00
1.114462498575687377e+01,9.351450715157691107e+00,0.000000000000000000e+00
1.104719536582744333e+01,9.603180421578674242e+00,0.000000000000000000e+00
1.094207971911667521e+01,9.852292832122026667e+00,0.000000000000000000e+00
1.082946759523346181e+01,1.009864190739414624e+01,0.000000000000000000e+00
1.070943487044720754e+01,1.034198103891831799e+01,0.000000000000000000e+00
1.058200823630054721e+01,1.058200823630054543e+01,0.000000000000000000e+00
1.044711574263925158e+01,1.081830504318162234e+01,0.000000000000000000e+00
1.030476219771912127e+01,1.105050454507916591e+01,0.000000000000000000e+00
1.015529343860964140e+01,1.127859598468265290e+01,0.000000000000000000e+00
9.999057158507344667e+00,1.150259945714392984e+01,0.000000000000000000e+00
9.835933453864376119e+00,1.172200903016044471e+01,0.000000000000000000e+00
9.665810842071913100e+00,1.193628232448027404e+01,0.000000000000000000e+00
9.489116595141952715e+00,1.214551538285642174e+01,0.000000000000000000e+00
9.306317125191096551e+00,1.234989994934218593e+01,0.000000000000000000e+00
9.117699789035444979e+00,1.254943714591221848e+01,0.000000000000000000e+00
8.922991586245155204e+00,1.274335264807267620e+01,0.000000000000000000e+00
8.721976861738228948e+00,1.293086246348433832e+01,0.000000000000000000e+00
8.515625555179362038e+00,1.311291343738480286e+01,0.000000000000000000e+00
8.304084661192694838e+00,1.328931341538682354e+01,0.000000000000000000e+00
8.087016027367180726e+00,1.345905484778698913e+01,0.000000000000000000e+00
7.864825145670532258e+00,1.362227674494665308e+01,0.000000000000000000e+00
7.638045314609851033e+00,1.377939850448331427e+01,0.000000000000000000e+00
7.406790445384305421e+00,1.393014681390860687e+01,0.000000000000000000e+00
7.170884835261619905e+00,1.407365391145202516e+01,0.000000000000000000e+00
6.930660747009715905e+00,1.420996035427685378e+01,0.000000000000000000e+00
6.686577279402260210e+00,1.433941125020012208e+01,0.000000000000000000e+00
6.438876958516218885e+00,1.446195443147195903e+01,0.000000000000000000e+00
6.187771362770709160e+00,1.457747580415983357e+01,0.000000000000000000e+00
5.933405066118830007e+00,1.468569287514436894e+01,0.000000000000000000e+00
5.675641239701861629e+00,1.478555092867248533e+01,0.000000000000000000e+00
5.415119126789354809e+00,1.487791752451058080e+01,0.000000000000000000e+00
5.152114132786053347e+00,1.496282590746459107e+01,0.000000000000000000e+00
4.886817788417283204e+00,1.504007865658705256e+01,0.000000000000000000e+00
4.619476655755011762e+00,1.510962731550264238e+01,0.000000000000000000e+00
4.350323450400273906e+00,1.517138083630573497e+01,0.000000000000000000e+00
4.079599231696768413e+00,1.522527160721129746e+01,0.000000000000000000e+00
3.807549623457735954e+00,1.527124743325586032e+01,0.000000000000000000e+00
3.534390750191823916e+00,1.530912826474896882e+01,0.000000000000000000e+00
3.260286269641702983e+00,1.533844094967553673e+01,0.000000000000000000e+00
2.985622785473404761e+00,1.535969769117965988e+01,0.000000000000000000e+00
2.710661471474375972e+00,1.537292512231081076e+01,0.000000000000000000e+00
2.435647997948796384e+00,1.537807623626444631e+01,0.000000000000000000e+00
2.160837718036416888e+00,1.537515927390207970e+01,0.000000000000000000e+00
1.886483345697526515e+00,1.536417389796520894e+01,0.000000000000000000e+00
1.612838674518053406e+00,1.534513495523004067e+01,0.000000000000000000e+00
1.340157435231309924e+00,1.531806957862837670e+01,0.000000000000000000e+00
1.068691714265655790e+00,1.528300353702645431e+01,0.000000000000000000e+00
7.986946668138230621e-01,1.524000210923406051e+01,0.000000000000000000e+00
5.304102774587796665e-01,1.518896304917110740e+01,0.000000000000000000e+00
2.640828887858891472e-01,1.512929856588381661e+01,0.000000000000000000e+00
9.222673584382293297e-16,1.506176897829394967e+01,0.000000000000000000e+00
-2.615911354303535052e-01,1.498654611175177642e+01,0.000000000000000000e+00
-5.204482364687748053e-01,1.490368752016668985e+01,0.000000000000000000e+00
-7.763303965964650777e-01,1.481326641229546226e+01,0.000000000000000000e+00
-1.029012350076835114e+00,1.471556219248362929e+01,0.000000000000000000e+00
-1.278250223367093596e+00,1.461046690910223944e+01,0.000000000000000000e+00
-1.523678641419180524e+00,1.449683390557683182e+01,0.000000000000000000e+00
-1.765148537882279767e+00,1.437598118934613645e+01,0.000000000000000000e+00
-2.002476613634039726e+00,1.424836146643411894e+01,0.000000000000000000e+00
-2.235447136363962084e+00,1.411405774319393736e+01,0.000000000000000000e+00
-2.463785303620626976e+00,1.397282079986496051e+01,0.000000000000000000e+00
-2.687055520855896162e+00,1.382370227095439397e+01,0.000000000000000000e+00
-2.905301159750954376e+00,1.366836731326702825e+01,0.000000000000000000e+00
-3.118332051778660130e+00,1.350698005028628756e+01,0.000000000000000000e+00
-3.325701788728229857e+00,1.333866132485723455e+01,0.000000000000000000e+00
-3.527361696962995730e+00,1.316429306973826918e+01,0.000000000000000000e+00
-3.723059567370412104e+00,1.298385171052766651e+01,0.000000000000000000e+00
-3.912513305700199062e+00,1.279725439080354121e+01,0.000000000000000000e+00
-4.095767329808293056e+00,1.260547568305123356e+01,0.000000000000000000e+00
-4.272574515150818542e+00,1.240845738258152231e+01,0.000000000000000000e+00
-4.442450649229829018e+00,1.220553284580048370e+01,0.000000000000000000e+00
-4.605182285607703818e+00,1.199691001315823513e+01,0.000000000000000000e+00
-4.760893301644870235e+00,1.178362442141892075e+01,0.000000000000000000e+00
-4.910387828799187560e+00,1.156814878358873244e+01,0.000000000000000000e+00
-5.054444084691126271e+00,1.135246728585891240e+01,0.000000000000000000e+00
-5.193295766751682585e+00,1.113705871205198150e+01,0.000000000000000000e+00
-5.327093592933481503e+00,1.092216045804396884e+01,0.000000000000000000e+00
-5.455950331023250222e+00,1.070790543718053556e+01,0.000000000000000000e+00
-5.579972934121381734e+00,1.049440277311831338e+01,0.000000000000000000e+00
-5.699269732818088130e+00,1.028175476817684242e+01,0.000000000000000000e+00
-5.813950543980953789e+00,1.007005773486772959e+01,0.000000000000000000e+00
-5.924101892085850807e+00,9.859361230352362782e+00,0.000000000000000000e+00
-6.029762545287933762e+00,9.649637203142734876e+00,0.000000000000000000e+00
-6.130973955310292212e+00,9.440871987842031743e+00,0.000000000000000000e+00
-6.228129818925026484e+00,9.233582176368567929e+00,0.000000000000000000e+00
-6.322039505173613350e+00,9.028808117858607929e+00,0.000000000000000000e+00
-6.413594015498900625e+00,8.827554848174804292e+00,0.000000000000000000e+00
-6.503411850227359459e+00,8.630319018709025514e+00,0.000000000000000000e+00
-6.591608802270807033e+00,8.436874529156762392e+00,0.000000000000000000e+00
-6.678238618146200345e+00,8.246937880211318017e+00,0.000000000000000000e+00
-6.763348673278075651e+00,8.060245079346429975e+00,0.000000000000000000e+00
-6.847030891157872112e+00,7.876608020454328063e+00,0.000000000000000000e+00
-6.929383842033650431e+00,7.695860415017766520e+00,0.000000000000000000e+00
-7.010495347828294754e+00,7.517835852784668482e+00,0.000000000000000000e+00
-7.090446169667802501e+00,7.342371946991247178e+00,0.000000000000000000e+00
-7.169312546586945167e+00,7.169312546586946056e+00,0.000000000000000000e+00
-7.247161409294969658e+00,6.998502422171164916e+00,0.000000000000000000e+00
-7.324050642672243150e+00,6.829787715928104852e+00,0.000000000000000000e+00
-7.400042260772484504e+00,6.663027979574479787e+00,0.000000000000000000e+00
-7.475202943233608899e+00,6.498094781037798917e+00,0.000000000000000000e+00
-7.549592253398524022e+00,6.334860075365554621e+00,0.000000000000000000e+00
-7.623262675026277080e+00,6.173196395087742872e+00,0.000000000000000000e+00
-7.696269023150268396e+00,6.012984365516201635e+00,0.000000000000000000e+00
-7.768668568584176981e+00,5.854111663762880724e+00,0.000000000000000000e+00
-7.840512659071187329e+00,5.696465888179615966e+00,0.000000000000000000e+00
-7.911846586949541127e+00,5.539934621340836252e+00,0.000000000000000000e+00
-7.982717186545527532e+00,5.384410729869374634e+00,0.000000000000000000e+00
-8.053176333531769870e+00,5.229793860354018165e+00,0.000000000000000000e+00
-8.123271474602756115e+00,5.075983381718551790e+00,0.000000000000000000e+00
-8.193044877332622988e+00,4.922878016714665073e+00,0.000000000000000000e+00
-8.262537656211961234e+00,4.770378340003395223e+00,0.000000000000000000e+00
-8.331797684992956476e+00,4.618390871664823649e+00,0.000000000000000000e+00
-8.400870448136727120e+00,4.466822051440495933e+00,0.000000000000000000e+00
-8.469796966870577037e+00,4.315577106671280916e+00,0.000000000000000000e+00
-8.538615091464812679e+00,4.164560841327661578e+00,0.000000000000000000e+00
-8.607369114610273542e+00,4.013682134709580573e+00,0.000000000000000000e+00
-8.676104613873990345e+00,3.862850650834444011e+00,0.000000000000000000e+00
-8.744863207220982204e+00,3.711974202663265388e+00,0.000000000000000000e+00
-8.813682648851992596e+00,3.560958936324480906e+00,0.000000000000000000e+00
-8.882604073823861413e+00,3.409712241400049137e+00,0.000000000000000000e+00
-8.951674492009177087e+00,3.258143061931369822e+00,0.000000000000000000e+00
-9.020937798536627028e+00,3.106157981804647417e+00,0.000000000000000000e+00
-9.090434027717181564e+00,2.953661062911143276e+00,0.000000000000000000e+00
-9.160203085681189350e+00,2.800555131685036780e+00,0.000000000000000000e+00
-9.230294002171435253e+00,2.646744214319864508e+00,0.000000000000000000e+00
-9.300754785780137368e+00,2.492129733849689721e+00,0.000000000000000000e+00
-9.371629540972211458e+00,2.336609676836755245e+00,0.000000000000000000e+00
-9.442960104831492174e+00,2.180079118273302363e+00,0.000000000000000000e+00
-9.514798104929605316e+00,2.022432770168278715e+00,0.000000000000000000e+00
-9.587197641925559566e+00,1.863562441401897640e+00,0.000000000000000000e+00
-9.660208651336283481e+00,1.703355424503918414e+00,0.000000000000000000e+00
-9.733877747762393895e+00,1.541694779266805648e+00,0.000000000000000000e+00
-9.808261458136456667e+00,1.378461252305795748e+00,0.000000000000000000e+00
-9.883422020379267536e+00,1.213531632990367148e+00,0.000000000000000000e+00
-9.959417088622323888e+00,1.046776916791562151e+00,0.000000000000000000e+00
-1.003630053879644990e+01,8.780625208838169771e-01,0.000000000000000000e+00
-1.011413825126224530e+01,7.072494434666826146e-01,0.000000000000000000e+00
-1.019300297036992298e+01,5.341926499025301256e-01,0.000000000000000000e+00
-1.027296191767132605e+01,3.587397351245003585e-01,0.000000000000000000e+00
-1.035407953024667904e+01,1.807311304723836221e-01,0.000000000000000000e+00
-1.043643771862555170e+01,1.278095004661548610e-15,0.000000000000000000e+00
-1.052012198087888706e+01,-1.836294122290066111e-01,0.000000000000000000e+00
-1.060521064727796769e+01,-3.703421164250219055e-01,0.000000000000000000e+00
-1.069178708817317869e+01,-5.603328178582469565e-01,0.000000000000000000e+00
-1.077995541981213456e+01,-7.538079154006237514e-01,0.000000000000000000e+00
-1.086981493608360161e+01,-9.509855815320787942e-01,0.000000000000000000e+00
-1.096146007293738833e+01,-1.152095878361325543e+00,0.000000000000000000e+00
-1.105500996158120408e+01,-1.357384543909987418e+00,0.000000000000000000e+00
-1.115058889359656291e+01,-1.567113070529277286e+00,0.000000000000000000e+00
-1.124831198893521922e+01,-1.781557598963274813e+00,0.000000000000000000e+00
-1.134831787235402523e+01,-2.001014626552098274e+00,0.000000000000000000e+00
-1.145075919172755619e+01,-2.225802111549572970e+00,0.000000000000000000e+00
-1.155577786360306725e+01,-2.456256410110019051e+00,0.000000000000000000e+00
-1.166354422217951736e+01,-2.692741356687597509e+00,0.000000000000000000e+00
-1.177424300756137576e+01,-2.935648494065560055e+00,0.000000000000000000e+00
-1.188805094189548228e+01,-3.185393649460936949e+00,0.000000000000000000e+00
-1.200518607721390296e+01,-3.442431712816968137e+00,0.000000000000000000e+00
-1.212586783199426321e+01,-3.707249835553250161e+00,0.000000000000000000e+00
-1.225032973516718648e+01,-3.980373416303466083e+00,0.000000000000000000e+00
-1.237884526310206823e+01,-4.262378244726015453e+00,0.000000000000000000e+00
-1.251168178673229292e+01,-4.553879750981128183e+00,0.000000000000000000e+00
-1.264916174603239618e+01,-4.855558267647624326e+00,0.000000000000000000e+00
-1.279160927071695930e+01,-5.168145616005776155e+00,0.000000000000000000e+00
-1.293939857368878776e+01,-5.492448831429365796e+00,0.000000000000000000e+00
-1.309292174143591758e+01,-5.829344333787057408e+00,0.000000000000000000e+00
-1.325263079880516415e+01,-6.179803232183641803e+00,0.000000000000000000e+00
-1.341900701006371399e+01,-6.544887025001809633e+00,0.000000000000000000e+00
-1.359257193455433210e+01,-6.925761324739144520e+00,0.000000000000000000e+00
-1.377390071181055831e+01,-7.323712919238431596e+00,0.000000000000000000e+00
-1.396376774436755319e+01,-7.740242853087146990e+00,0.000000000000000000e+00
-1.416273823924204578e+01,-8.176860734888604654e+00,0.000000000000000000e+00
-1.437137145302718899e+01,-8.635191147540925982e+00,0.000000000000000000e+00
-1.459203054175462277e+01,-9.118112667667320537e+00,0.000000000000000000e+00
-1.481989811399762935e+01,-9.624154365643526887e+00,0.000000000000000000e+00
-1.504469312918642387e+01,-1.014777364891697609e+01,0.000000000000000000e+00
-1.526504984148471777e+01,-1.068870297015452664e+01,0.000000000000000000e+00
-1.547428129167675692e+01,-1.124272344872088958e+01,0.000000000000000000e+00
-1.566377958700197048e+01,-1.180350454770280066e+01,0.000000000000000000e+00
-1.582762488542484292e+01,-1.236589582472244686e+01,0.000000000000000000e+00
-1.596553192412690514e+01,-1.292863283362313354e+01,0.000000000000000000e+00
-1.607929051733624704e+01,-1.349212674268918022e+01,0.000000000000000000e+00
-1.616937021444468314e+01,-1.405581908625748433e+01,0.000000000000000000e+00
-1.623561241379481501e+01,-1.461861107903306412e+01,0.000000000000000000e+00
-1.627789767294911982e+01,-1.517938515063018734e+01,0.000000000000000000e+00
-1.629615169384886286e+01,-1.573701076330313597e+01,0.000000000000000000e+00
-1.629043303819796407e+01,-1.629043303819795696e+01,0.000000000000000000e+00
-1.626117642280069830e+01,-1.683894112370660778e+01,0.000000000000000000e+00
-1.620889216180204073e+01,-1.738190877848082394e+01,0.000000000000000000e+00
-1.613409542165334187e+01,-1.791872829073657414e+01,0.000000000000000000e+00
-1.603731176170434836e+01,-1.844881678741857911e+01,0.000000000000000000e+00
-1.591907102933092588e+01,-1.897161008996753395e+01,0.000000000000000000e+00
-1.577982740448187826e+01,-1.948646399240857008e+01,0.000000000000000000e+00
-1.561997374664806770e+01,-1.999265469209777990e+01,0.000000000000000000e+00
-1.543962492693090383e+01,-2.048907430704505828e+01,0.000000000000000000e+00
-1.523876955161739843e+01,-2.097436690107279134e+01,0.000000000000000000e+00
-1.501912112684403411e+01,-2.144952790032067114e+01,0.000000000000000000e+00
-1.478110041114871365e+01,-2.191388254123667778e+01,0.000000000000000000e+00
-1.452296384268500695e+01,-2.236340319209665140e+01,0.000000000000000000e+00
-1.424712543587855151e+01,-2.280016677461546948e+01,0.000000000000000000e+00
-1.395429510518767913e+01,-2.322384703422810404e+01,0.000000000000000000e+00
-1.364488890812833155e+01,-2.363364085251126312e+01,0.000000000000000000e+00
-1.331949949144709500e+01,-2.402901315888401967e+01,0.000000000000000000e+00
-1.297887983017420410e+01,-2.440972278715833710e+01,0.000000000000000000e+00
-1.262193421394767512e+01,-2.477194068808858773e+01,0.000000000000000000e+00
-1.225116220118592558e+01,-2.511860492490254160e+01,0.000000000000000000e+00
-1.186730374285988709e+01,-2.544951500435198000e+01,0.000000000000000000e+00
-1.147135616385424584e+01,-2.576508779056944221e+01,0.000000000000000000e+00
-1.106116867842374063e+01,-2.605848039984016040e+01,0.000000000000000000e+00
-1.064087366888092667e+01,-2.633708652671078809e+01,0.000000000000000000e+00
-1.020941165276480689e+01,-2.659642665357502977e+01,0.000000000000000000e+00
-9.767560793849726863e+00,-2.683615272425233300e+01,0.000000000000000000e+00
-9.316916093718756287e+00,-2.705828906577095339e+01,0.000000000000000000e+00
-8.857058736594170867e+00,-2.725922386141011344e+01,0.000000000000000000e+00
-8.389669807470673035e+00,-2.744137345798274552e+01,0.000000000000000000e+00
-7.915263095212020872e+00,-2.760380284504333304e+01,0.000000000000000000e+00
-7.433959083836866100e+00,-2.774391300226738366e+01,0.000000000000000000e+00
-6.948061539816052345e+00,-2.786715274892791783e+01,0.000000000000000000e+00
-6.456356151019341461e+00,-2.796555090392634924e+01,0.000000000000000000e+00
-5.961113012139973577e+00,-2.804483176291746105e+01,0.000000000000000000e+00
-5.463084022371837989e+00,-2.810513084687617535e+01,0.000000000000000000e+00
-4.961842676228838123e+00,-2.814000816149989248e+01,0.000000000000000000e+00
-4.459467735429990753e+00,-2.815597116921555809e+01,0.000000000000000000e+00
-3.956570126524170838e+00,-2.815245928276004506e+01,0.000000000000000000e+00
-3.453141787182542721e+00,-2.812358297973002053e+01,0.000000000000000000e+00
-2.951175170517432722e+00,-2.807855614055536719e+01,0.000000000000000000e+00
-2.451604930160204532e+00,-2.802197257743868164e+01,0.000000000000000000e+00
-1.954511670677851809e+00,-2.795081909721229962e+01,0.000000000000000000e+00
-1.460575579381853562e+00,-2.786944227294272025e+01,0.000000000000000000e+00
-9.699881015625314573e-01,-2.777682495775857063e+01,0.000000000000000000e+00
-4.829913844104213871e-01,-2.767055788086044643e+01,0.000000000000000000e+00
-5.061768894031347056e-15,-2.755498645299498151e+01,0.000000000000000000e+00
4.787284492742643893e-01,-2.742633449047616878e+01,0.000000000000000000e+00
9.528782819533228032e-01,-2.728686382980457736e+01,0.000000000000000000e+00
1.422184129430621891e+00,-2.713688976878338721e+01,0.000000000000000000e+00
1.886224354259063318e+00,-2.697426497554086922e+01,0.000000000000000000e+00
2.344948093115021059e+00,-2.680287935156525592e+01,0.000000000000000000e+00
2.797680820180734163e+00,-2.661815494978798569e+01,0.000000000000000000e+00
3.244627385111433782e+00,-2.642536945404080839e+01,0.000000000000000000e+00
3.684938059441868585e+00,-2.621969669701389094e+01,0.000000000000000000e+00
4.118880624562999415e+00,-2.600558878210035729e+01,0.000000000000000000e+00
4.545779641303044905e+00,-2.578039743571033071e+01,0.000000000000000000e+00
4.965451131890396219e+00,-2.554503156167113787e+01,0.000000000000000000e+00
5.378091415122089103e+00,-2.530193080311106968e+01,0.000000000000000000e+00
5.782391735195611560e+00,-2.504629029665989393e+01,0.000000000000000000e+00
6.179058585746258103e+00,-2.478285036291208598e+01,0.000000000000000000e+00
6.567823038782391265e+00,-2.451144927585726663e+01,0.000000000000000000e+00
6.947564264967953207e+00,-2.422903596716216512e+01,0.000000000000000000e+00
7.318698822529394299e+00,-2.393838520756706600e+01,0.000000000000000000e+00
7.681066960898220053e+00,-2.363989333349722344e+01,0.000000000000000000e+00
8.034395759428944572e+00,-2.333357956008607204e+01,0.000000000000000000e+00
8.378432304717627233e+00,-2.301955356764087668e+01,0.000000000000000000e+00
8.712458524900743129e+00,-2.269673042981727207e+01,0.000000000000000000e+00
9.036640205944847182e+00,-2.236646937278722191e+01,0.000000000000000000e+00
9.350849905901592152e+00,-2.202922187328110581e+01,0.000000000000000000e+00
9.654881434591663592e+00,-2.168521874977794894e+01,0.000000000000000000e+00
9.948536932354029361e+00,-2.133470630037814075e+01,0.000000000000000000e+00
1.023167941936342018e+01,-2.097805161932864593e+01,0.000000000000000000e+00
1.050412573007295691e+01,-2.061550750898815210e+01,0.000000000000000000e+00
1.076524799465318516e+01,-2.024648680956079616e+01,0.000000000000000000e+00
1.101505466483004625e+01,-1.987168464227870146e+01,0.000000000000000000e+00
1.125363280178862269e+01,-1.949186378242158924e+01,0.000000000000000000e+00
1.148140897003541561e+01,-1.910827337730513875e+01,0.000000000000000000e+00
1.169785510965062336e+01,-1.872048144769318867e+01,0.000000000000000000e+00
1.190141702879791374e+01,-1.832657510239218013e+01,0.000000000000000000e+00
1.209337160681712220e+01,-1.792916072198729438e+01,0.000000000000000000e+00
1.227425329989892333e+01,-1.752945038449847104e+01,0.000000000000000000e+00
1.244307602686864556e+01,-1.712642487843029571e+01,0.000000000000000000e+00
1.259936878132988269e+01,-1.671992709694969292e+01,0.000000000000000000e+00
1.274299557872191713e+01,-1.631029056005850819e+01,0.000000000000000000e+00
1.287425109092095177e+01,-1.589837606469656350e+01,0.000000000000000000e+00
1.299350210346622880e+01,-1.548505281218630536e+01,0.000000000000000000e+00
1.310055898911417493e+01,-1.507046917801216246e+01,0.000000000000000000e+00
1.319494937155292646e+01,-1.465447590458428984e+01,0.000000000000000000e+00
1.327627478583853282e+01,-1.423706166602290324e+01,0.000000000000000000e+00
1.334461598492986134e+01,-1.381875437828909270e+01,0.000000000000000000e+00
1.340022701640818603e+01,-1.340022701640819314e+01,0.000000000000000000e+00
1.344339267976023677e+01,-1.298213340616806022e+01,0.000000000000000000e+00
1.347442762771939861e+01,-1.256510703991843769e+01,0.000000000000000000e+00
1.349367546250998195e+01,-1.214975995888650928e+01,0.000000000000000000e+00
1.350150779596204664e+01,-1.173668166755220454e+01,0.000000000000000000e+00
1.349461321249219381e+01,-1.132332496948225753e+01,0.000000000000000000e+00
1.347509071990864271e+01,-1.091191331083624405e+01,0.000000000000000000e+00
1.344297453674879783e+01,-1.050280278305764980e+01,0.000000000000000000e+00
1.340430772506305601e+01,-1.010087037504543694e+01,0.000000000000000000e+00
1.336568017851388213e+01,-9.710735065408623967e+00,0.000000000000000000e+00
1.332731415254213481e+01,-9.331885833698960298e+00,0.000000000000000000e+00
1.328940378333957639e+01,-8.963816035620522982e+00,0.000000000000000000e+00
1.325211555444606581e+01,-8.606024466988110078e+00,0.000000000000000000e+00
1.321558879703731648e+01,-8.258016406704895118e+00,0.000000000000000000e+00
1.317993622317703206e+01,-7.919304637801924507e+00,0.000000000000000000e+00
1.314524449128188088e+01,-7.589410445605047961e+00,0.000000000000000000e+00
1.311157070514492951e+01,-7.267862320624796979e+00,0.000000000000000000e+00
1.307892605292281551e+01,-6.954188338342097708e+00,0.000000000000000000e+00
1.304728997914623356e+01,-6.647926291308643876e+00,0.000000000000000000e+00
1.301661737681638620e+01,-6.348628487566022827e+00,0.000000000000000000e+00
1.298683940327859077e+01,-6.055862668977908037e+00,0.000000000000000000e+00
1.295786432244398867e+01,-5.769212896688123315e+00,0.000000000000000000e+00
1.292957837480451211e+01,-5.488280404312840588e+00,0.000000000000000000e+00
1.290184667420306042e+01,-5.212684418082138116e+00,0.000000000000000000e+00
1.287451413030077774e+01,-4.942062943177741197e+00,0.000000000000000000e+00
1.284740639566319942e+01,-4.676073515542638503e+00,0.000000000000000000e+00
1.282035967464674897e+01,-4.414403848286196919e+00,0.000000000000000000e+00
1.279340319279561911e+01,-4.156828679188250497e+00,0.000000000000000000e+00
1.276664775636194449e+01,-3.903155918495207377e+00,0.000000000000000000e+00
1.274019573214301992e+01,-3.653192339856076831e+00,0.000000000000000000e+00
1.271414068482246407e+01,-3.406743728953859573e+00,0.000000000000000000e+00
1.268856741475023675e+01,-3.163615172460739089e+00,0.000000000000000000e+00
1.266355200388851010e+01,-2.923611344362244679e+00,0.000000000000000000e+00
1.263916186982029366e+01,-2.686536789439855966e+00,0.000000000000000000e+00
1.261545582771246110e+01,-2.452196203703978394e+00,0.000000000000000000e+00
1.259248416012000504e+01,-2.220394711573142832e+00,0.000000000000000000e+00
1.257028869451313824e+01,-1.990938139598312784e+00,0.000000000000000000e+00
1.254890288840417512e+01,-1.763633286535579492e+00,0.000000000000000000e+00
1.252835192194641145e+01,-1.538288189573258968e+00,0.000000000000000000e+00
1.250865279787246820e+01,-1.314712386524249377e+00,0.000000000000000000e+00
1.248981444863506240e+01,-1.092717173797858932e+00,0.000000000000000000e+00
1.247183785060880190e+01,-8.721158599694700531e-01,0.000000000000000000e+00
1.245471614520724657e+01,-6.527240147709578721e-01,0.000000000000000000e+00
1.243843476676522819e+01,-4.343597133283475520e-01,0.000000000000000000e+00
1.242297157703245780e+01,-2.168437754785147720e-01,0.000000000000000000e+00
1.240829700612032660e+01,-3.039156242282988853e-15,0.000000000000000000e+00
