5.078374588337922546e+00,0.000000000000000000e+00,0.000000000000000000e+00
5.074929458601589616e+00,8.858322320601486055e-02,0.000000000000000000e+00
5.072181313624567700e+00,1.771244744734337129e-01,0.000000000000000000e+00
5.070149239109845496e+00,2.657152622553480836e-01,0.000000000000000000e+00
5.068848606239416910e+00,3.544484232586286310e-01,0.000000000000000000e+00
5.068291013272412826e+00,4.434180071116544664e-01,0.000000000000000000e+00
5.068484230291008252e+00,5.327191589808772942e-01,0.000000000000000000e+00
5.069432147157137081e+00,6.224480002157579683e-01,0.000000000000000000e+00
5.071134724740955058e+00,7.127015071033758753e-01,0.000000000000000000e+00
5.073587949480160120e+00,8.035773878157267402e-01,0.000000000000000000e+00
5.076783791327208029e+00,8.951739576344003302e-01,0.000000000000000000e+00
5.080710165139445067e+00,9.875900125389540651e-01,0.000000000000000000e+00
5.085350895565079021e+00,1.080924701246881225e+00,0.000000000000000000e+00
5.090685685475809130e+00,1.175277395794597446e+00,0.000000000000000000e+00
5.096690087994733886e+00,1.270747560750361993e+00,0.000000000000000000e+00
5.103335482165937798e+00,1.367434621151457197e+00,0.000000000000000000e+00
5.110589052309964408e+00,1.465437829259361280e+00,0.000000000000000000e+00
5.118413771107017674e+00,1.564856130227940234e+00,0.000000000000000000e+00
5.126768386447490222e+00,1.665788026780985698e+00,0.000000000000000000e+00
5.135607412086984347e+00,1.768331442996625924e+00,0.000000000000000000e+00
5.144881122140673391e+00,1.872583587297302676e+00,0.000000000000000000e+00
5.154535549449342113e+00,1.978640814745118437e+00,0.000000000000000000e+00
5.164512487847078503e+00,2.086598488743391044e+00,0.000000000000000000e+00
5.174749498358043986e+00,2.196550842246275170e+00,0.000000000000000000e+00
5.185179919347244315e+00,2.308590838579195115e+00,0.000000000000000000e+00
5.195732880647684127e+00,2.422810031973746003e+00,0.000000000000000000e+00
5.206333321683730198e+00,2.539298427921505841e+00,0.000000000000000000e+00
5.216902013607937150e+00,2.658144343451974922e+00,0.000000000000000000e+00
5.227355585465882193e+00,2.779434267440520578e+00,0.000000000000000000e+00
5.237606554401027736e+00,2.903252721052839380e+00,0.000000000000000000e+00
5.247563359908927971e+00,3.029682118433035587e+00,0.000000000000000000e+00
5.257130402147391912e+00,3.158802627742889335e+00,0.000000000000000000e+00
5.266208084306576609e+00,3.290692032660312183e+00,0.000000000000000000e+00
5.274695631103465843e+00,3.425427394644325663e+00,0.000000000000000000e+00
5.282665419634408721e+00,3.563202817172380410e+00,0.000000000000000000e+00
5.290456261856508746e+00,3.704417355120689148e+00,0.000000000000000000e+00
5.298404834322903767e+00,3.849516442724787879e+00,0.000000000000000000e+00
5.306818531441553688e+00,3.998974597528345054e+00,0.000000000000000000e+00
5.315974126764448471e+00,4.153294176122662940e+00,0.000000000000000000e+00
5.326116477200771193e+00,4.313004082174024312e+00,0.000000000000000000e+00
5.337457271624143296e+00,4.478658428044309581e+00,0.000000000000000000e+00
5.350173825307668274e+00,4.650835151351465413e+00,0.000000000000000000e+00
5.364407921582926342e+00,4.830134587856636408e+00,0.000000000000000000e+00
5.380264702080545192e+00,5.017178002104059509e+00,0.000000000000000000e+00
5.397811606870277501e+00,5.212606077277961880e+00,0.000000000000000000e+00
5.417077365777955400e+00,5.417077365777954512e+00,0.000000000000000000e+00
5.438051042115096045e+00,5.631266702050578665e+00,0.000000000000000000e+00
5.460681130014346962e+00,5.855863579249611206e+00,0.000000000000000000e+00
5.484853002348752504e+00,6.091546386406997193e+00,0.000000000000000000e+00
5.510097629672062070e+00,6.338642233878110765e+00,0.000000000000000000e+00
5.535695700580994583e+00,6.597185238675721486e+00,0.000000000000000000e+00
5.560926312726282461e+00,6.867172091286636082e+00,0.000000000000000000e+00
5.585074292708378074e+00,7.148569106128767281e+00,0.000000000000000000e+00
5.607431237874494379e+00,7.441312586813873864e+00,0.000000000000000000e+00
5.627296542952636038e+00,7.745309222849945385e+00,0.000000000000000000e+00
5.643978410653435418e+00,8.060436517270233026e+00,0.000000000000000000e+00
5.656794845385993753e+00,8.386543244653337226e+00,0.000000000000000000e+00
5.665074629249829741e+00,8.723449938976701290e+00,0.000000000000000000e+00
5.668158279481452233e+00,9.070949410724079343e+00,0.000000000000000000e+00
5.664994308853727567e+00,9.428133795857712940e+00,0.000000000000000000e+00
5.653484225805566865e+00,9.792121918884440390e+00,0.000000000000000000e+00
5.633144210206939562e+00,1.016246116754404483e+01,0.000000000000000000e+00
5.603949243708784778e+00,1.053949565310067094e+01,0.000000000000000000e+00
5.565841199244439430e+00,1.092357840961052240e+01,0.000000000000000000e+00
5.518728313953447540e+00,1.131506986273118187e+01,0.000000000000000000e+00
5.462365295097785456e+00,1.171408017768843735e+01,0.000000000000000000e+00
5.394851022002722374e+00,1.211703378515285756e+01,0.000000000000000000e+00
5.313356393453225301e+00,1.251748322998154705e+01,0.000000000000000000e+00
5.216352195399859504e+00,1.291092474162342718e+01,0.000000000000000000e+00
5.104465212877593139e+00,1.329758650717733204e+01,0.000000000000000000e+00
4.977955564812065248e+00,1.367682050936962490e+01,0.000000000000000000e+00
4.836618768599721285e+00,1.404656083893834939e+01,0.000000000000000000e+00
4.680652438469535603e+00,1.440556695311689239e+01,0.000000000000000000e+00
4.511183522645816346e+00,1.475541643750857723e+01,0.000000000000000000e+00
4.328688430653183872e+00,1.509593055594694988e+01,0.000000000000000000e+00
4.132674572758772591e+00,1.542335147668374695e+01,0.000000000000000000e+00
3.924533086566837969e+00,1.574044247663285923e+01,0.000000000000000000e+00
3.704930094583290145e+00,1.604781532059683968e+01,0.000000000000000000e+00
3.473998991494199107e+00,1.634388025568138403e+01,0.000000000000000000e+00
3.231634584303309854e+00,1.662531867882612602e+01,0.000000000000000000e+00
2.979573859725465734e+00,1.689800306086919335e+01,0.000000000000000000e+00
2.717024302279582582e+00,1.715461630392660908e+01,0.000000000000000000e+00
2.445428044935277434e+00,1.740012466920168066e+01,0.000000000000000000e+00
2.165142220310115828e+00,1.763366830803967034e+01,0.000000000000000000e+00
1.876198114099660863e+00,1.785083264586926433e+01,0.000000000000000000e+00
1.579652271955670040e+00,1.805550808862910372e+01,0.000000000000000000e+00
1.275962871843332014e+00,1.824711918618719864e+01,0.000000000000000000e+00
9.656059561861268792e-01,1.842485923647193857e+01,0.000000000000000000e+00
6.491147686095148917e-01,1.858821492358316618e+01,0.000000000000000000e+00
3.270494816718976794e-01,1.873665225634268694e+01,0.000000000000000000e+00
1.155474648406166070e-15,1.887033304967036429e+01,0.000000000000000000e+00
-3.314625282964875908e-01,1.898947552814032136e+01,0.000000000000000000e+00
-6.667753206554520862e-01,1.909394696508680411e+01,0.000000000000000000e+00
-1.005371713987349924e+00,1.918363509656821009e+01,0.000000000000000000e+00
-1.346681682612055120e+00,1.925844529706224861e+01,0.000000000000000000e+00
-1.690102337454231884e+00,1.931795811412105479e+01,0.000000000000000000e+00
-2.035063907834731012e+00,1.936233970677405836e+01,0.000000000000000000e+00
-2.380998613233343164e+00,1.939167755069945898e+01,0.000000000000000000e+00
-2.727336696931184079e+00,1.940600895609151877e+01,0.000000000000000000e+00
-3.073510625698368415e+00,1.940538236837292274e+01,0.000000000000000000e+00
-3.418953679635007514e+00,1.938984984542909373e+01,0.000000000000000000e+00
-3.763098708263294512e+00,1.935946457208861915e+01,0.000000000000000000e+00
-4.105377730718389628e+00,1.931428368272006679e+01,0.000000000000000000e+00
-4.445222653100742605e+00,1.925437467772727018e+01,0.000000000000000000e+00
-4.782067013346106066e+00,1.917982320001926055e+01,0.000000000000000000e+00
-5.115348650605382907e+00,1.909074106248817770e+01,0.000000000000000000e+00
-5.444513649311026882e+00,1.898727554029625963e+01,0.000000000000000000e+00
-5.769022457187913844e+00,1.886962221018690755e+01,0.000000000000000000e+00
-6.088358433679405657e+00,1.873804051975722729e+01,0.000000000000000000e+00
-6.402034772765057724e+00,1.859285902632314702e+01,0.000000000000000000e+00
-6.709580786760082738e+00,1.843442170562990867e+01,0.000000000000000000e+00
-7.010123656235368372e+00,1.826199647901008660e+01,0.000000000000000000e+00
-7.302929068696281334e+00,1.807538372936187798e+01,0.000000000000000000e+00
-7.588267391065825151e+00,1.787683768574565946e+01,0.000000000000000000e+00
-7.865964407123985147e+00,1.766724532062213981e+01,0.000000000000000000e+00
-8.133523082320813558e+00,1.744239653816122981e+01,0.000000000000000000e+00
-8.392847533049446085e+00,1.720788753880059474e+01,0.000000000000000000e+00
-8.641695899729885610e+00,1.696028315819066279e+01,0.000000000000000000e+00
-8.881175558631131395e+00,1.670306191650455929e+01,0.000000000000000000e+00
-9.108746231903015911e+00,1.643261319300167500e+01,0.000000000000000000e+00
-9.326194711075508792e+00,1.615344308086293523e+01,0.000000000000000000e+00
-9.532497222555894822e+00,1.586473954306307377e+01,0.000000000000000000e+00
-9.725495025790491965e+00,1.556404550178951141e+01,0.000000000000000000e+00
-9.906505884444419152e+00,1.525468132527895726e+01,0.000000000000000000e+00
-1.007485005060079430e+01,1.493657944863934617e+01,0.000000000000000000e+00
-1.023036737485883840e+01,1.461047877464420530e+01,0.000000000000000000e+00
-1.037256935041382278e+01,1.427661692274301508e+01,0.000000000000000000e+00
-1.049970503191383031e+01,1.393357919114300714e+01,0.000000000000000000e+00
-1.061308387245369822e+01,1.358412789431042711e+01,0.000000000000000000e+00
-1.071268392162606986e+01,1.322906291367480236e+01,0.000000000000000000e+00
-1.079738720510149896e+01,1.286782499231046550e+01,0.000000000000000000e+00
-1.086649580321449093e+01,1.250047346921764557e+01,0.000000000000000000e+00
-1.092002844049912902e+01,1.212792024830904580e+01,0.000000000000000000e+00
-1.096345540239801153e+01,1.175686652728269621e+01,0.000000000000000000e+00
-1.100577841757781883e+01,1.139681717826383256e+01,0.000000000000000000e+00
-1.104681629204676696e+01,1.104681629204676874e+01,0.000000000000000000e+00
-1.108674346575803682e+01,1.070634371404820762e+01,0.000000000000000000e+00
-1.112562444670398776e+01,1.037481263925344344e+01,0.000000000000000000e+00
-1.116351997515761418e+01,1.005167853423164281e+01,0.000000000000000000e+00
-1.120048992155570211e+01,9.736437345852680281e+00,0.000000000000000000e+00
-1.123658945579894386e+01,9.428618068051411782e+00,0.000000000000000000e+00
-1.127187021286079549e+01,9.127780522621076642e+00,0.000000000000000000e+00
-1.130638052929452364e+01,8.833512595353226970e+00,0.000000000000000000e+00
-1.134016572183601923e+01,8.545427808526405045e+00,0.000000000000000000e+00
-1.137326835877798104e+01,8.263163145069938764e+00,0.000000000000000000e+00
-1.140572849127322996e+01,7.986377068362773279e+00,0.000000000000000000e+00
-1.143758386398907767e+01,7.714747728360144663e+00,0.000000000000000000e+00
-1.146887010503628446e+01,7.447971331606496825e+00,0.000000000000000000e+00
-1.149962089890012962e+01,7.185760658298684156e+00,0.000000000000000000e+00
-1.152986814440736119e+01,6.927843710554758339e+00,0.000000000000000000e+00
-1.155964209946692023e+01,6.673962477862955822e+00,0.000000000000000000e+00
-1.158897151391993674e+01,6.423871807194121430e+00,0.000000000000000000e+00
-1.161788375159160402e+01,6.177338366667899372e+00,0.000000000000000000e+00
-1.164640490247247051e+01,5.934139692926406084e+00,0.000000000000000000e+00
-1.167455988585717819e+01,5.694063313496287471e+00,0.000000000000000000e+00
-1.170237254521120818e+01,5.456905936414790048e+00,0.000000000000000000e+00
-1.172986573550389444e+01,5.222472700264048306e+00,0.000000000000000000e+00
-1.175706140372369646e+01,4.990576478510653224e+00,0.000000000000000000e+00
-1.178398066326954741e+01,4.761037232695266574e+00,0.000000000000000000e+00
-1.181064386288256784e+01,4.533681409572372090e+00,0.000000000000000000e+00
-1.183707065082815113e+01,4.308341377807512806e+00,0.000000000000000000e+00
-1.186328004659330837e+01,4.084854904230381223e+00,0.000000000000000000e+00
-1.188929051302326023e+01,3.863064661916293829e+00,0.000000000000000000e+00
-1.191511999254958809e+01,3.642817754983891820e+00,0.000000000000000000e+00
-1.194078595397097686e+01,3.423965274634763745e+00,0.000000000000000000e+00
-1.196630543919621203e+01,3.206361878816779587e+00,0.000000000000000000e+00
-1.199169510789702819e+01,2.989865391956306517e+00,0.000000000000000000e+00
-1.201697128840578976e+01,2.774336424162074710e+00,0.000000000000000000e+00
-1.204215005740855382e+01,2.559638011317221462e+00,0.000000000000000000e+00
-1.206724725416748178e+01,2.345635251706362112e+00,0.000000000000000000e+00
-1.209227850422349348e+01,2.132194958535600815e+00,0.000000000000000000e+00
-1.211725925712730323e+01,1.919185325707416068e+00,0.000000000000000000e+00
-1.214220482424636671e+01,1.706475601126987263e+00,0.000000000000000000e+00
-1.216713044589068637e+01,1.493935769247050738e+00,0.000000000000000000e+00
-1.219205134507397581e+01,1.281436232943865550e+00,0.000000000000000000e+00
-1.221698272221807180e+01,1.068847490686164248e+00,0.000000000000000000e+00
-1.224193978815097772e+01,8.560398213898138264e-01,0.000000000000000000e+00
-1.226693780149178714e+01,6.428829687793760073e-01,0.000000000000000000e+00
-1.229199211722412244e+01,4.292458233199658024e-01,0.000000000000000000e+00
-1.231711826621238970e+01,2.149960990652711457e-01,0.000000000000000000e+00
-1.234233195764745972e+01,1.511499732594704582e-15,0.000000000000000000e+00
-1.236764910364636982e+01,-2.158781181135609462e-01,0.000000000000000000e+00
-1.239308586160317383e+01,-4.327760946644813589e-01,0.000000000000000000e+00
-1.241865867839943505e+01,-6.508343230089784770e-01,0.000000000000000000e+00
-1.244438435182440728e+01,-8.701961243227888110e-01,0.000000000000000000e+00
-1.247028009618964539e+01,-1.091008139409560096e+00,0.000000000000000000e+00
-1.249636355742724092e+01,-1.313420735305258935e+00,0.000000000000000000e+00
-1.252265285993336974e+01,-1.537588432746418876e+00,0.000000000000000000e+00
-1.254916666187097718e+01,-1.763670357478771544e+00,0.000000000000000000e+00
-1.257592421366590685e+01,-1.991830718145256807e+00,0.000000000000000000e+00
-1.260294541995183515e+01,-2.222239313933685789e+00,0.000000000000000000e+00
-1.263025090894468150e+01,-2.455072076167615691e+00,0.000000000000000000e+00
-1.265786210724950500e+01,-2.690511647610218215e+00,0.000000000000000000e+00
-1.268580129911443066e+01,-2.928747998904866812e+00,0.000000000000000000e+00
-1.271409170272845124e+01,-3.169979092206336446e+00,0.000000000000000000e+00
-1.274275755539299304e+01,-3.414411596313140063e+00,0.000000000000000000e+00
-1.277182420503775262e+01,-3.662261658517228291e+00,0.000000000000000000e+00
-1.280131820882277971e+01,-3.913755739552546409e+00,0.000000000000000000e+00
-1.283126743970064254e+01,-4.169131518790711866e+00,0.000000000000000000e+00
-1.286170120195589028e+01,-4.428638877714292654e+00,0.000000000000000000e+00
-1.289265035688127981e+01,-4.692540970706316372e+00,0.000000000000000000e+00
-1.292414745987577973e+01,-4.961115393340638668e+00,0.000000000000000000e+00
-1.295622691033983465e+01,-5.234655459648497100e+00,0.000000000000000000e+00
-1.298892511577494879e+01,-5.513471601278888024e+00,0.000000000000000000e+00
-1.302228067144374357e+01,-5.797892903065659631e+00,0.000000000000000000e+00
-1.305633455678474419e+01,-6.088268791262471780e+00,0.000000000000000000e+00
-1.309113034947591281e+01,-6.384970892602997772e+00,0.000000000000000000e+00
-1.312671446051413149e+01,-6.688395085878479307e+00,0.000000000000000000e+00
-1.316313643028631830e+01,-6.998963790230045667e+00,0.000000000000000000e+00
-1.320044923131059456e+01,-7.317128492158207820e+00,0.000000000000000000e+00
-1.323870956351160721e+01,-7.643372530216701044e+00,0.000000000000000000e+00
-1.327797818120672524e+01,-7.978214189394312150e+00,0.000000000000000000e+00
-1.331832033580852226e+01,-8.322210196757485079e+00,0.000000000000000000e+00
-1.335980636622985607e+01,-8.675959697878109722e+00,0.000000000000000000e+00
-1.340251197901179303e+01,-9.040108476926095094e+00,0.000000000000000000e+00
-1.344651891791190224e+01,-9.415353909001384025e+00,0.000000000000000000e+00
-1.349191576122936098e+01,-9.802450584798950928e+00,0.000000000000000000e+00
-1.353879832721463039e+01,-1.020221631299752119e+01,0.000000000000000000e+00
-1.358727089664497178e+01,-1.061553945500175189e+01,0.000000000000000000e+00
-1.363744638389166219e+01,-1.104338633522846003e+01,0.000000000000000000e+00
-1.368944480237452765e+01,-1.148680808469419823e+01,0.000000000000000000e+00
-1.374338058878312019e+01,-1.194693847859012514e+01,0.000000000000000000e+00
-1.379934807165232691e+01,-1.242498881238935482e+01,0.000000000000000000e+00
-1.385103697973531567e+01,-1.291630094225381242e+01,0.000000000000000000e+00
-1.389570981988168263e+01,-1.341893099103617182e+01,0.000000000000000000e+00
-1.393115072432362389e+01,-1.393115072432362034e+01,0.000000000000000000e+00
-1.394968457449869881e+01,-1.444532124471010626e+01,0.000000000000000000e+00
-1.394055980044393905e+01,-1.494942013022400751e+01,0.000000000000000000e+00
-1.390534082746904687e+01,-1.544344554595245178e+01,0.000000000000000000e+00
-1.384559945043567097e+01,-1.592754018681777062e+01,0.000000000000000000e+00
-1.376210933260905733e+01,-1.640104323881114112e+01,0.000000000000000000e+00
-1.365558168934898475e+01,-1.686323899900915890e+01,0.000000000000000000e+00
-1.352621438927114994e+01,-1.731276492279723200e+01,0.000000000000000000e+00
-1.337418987268006454e+01,-1.774814941390821232e+01,0.000000000000000000e+00
-1.320028562955689999e+01,-1.816863448557755234e+01,0.000000000000000000e+00
-1.300597169964999722e+01,-1.857445255859948219e+01,0.000000000000000000e+00
-1.279191483257560513e+01,-1.896479364331579021e+01,0.000000000000000000e+00
-1.255933792159993878e+01,-1.933968443417961680e+01,0.000000000000000000e+00
-1.230586226949522022e+01,-1.969349629949666181e+01,0.000000000000000000e+00
-1.203555470682556283e+01,-2.003052675727697718e+01,0.000000000000000000e+00
-1.175000100330723640e+01,-2.035159872671339443e+01,0.000000000000000000e+00
-1.144575770084626321e+01,-2.064869348759232537e+01,0.000000000000000000e+00
-1.112825987320741739e+01,-2.092921285679280885e+01,0.000000000000000000e+00
-1.079611404497230609e+01,-2.118856684329434614e+01,0.000000000000000000e+00
-1.044947786999191131e+01,-2.142460461934223659e+01,0.000000000000000000e+00
-1.009105923485982004e+01,-2.164034636442879389e+01,0.000000000000000000e+00
-9.721336985658972196e+00,-2.183448036130522141e+01,0.000000000000000000e+00
-9.340966882531368753e+00,-2.200593892929284223e+01,0.000000000000000000e+00
-8.950830548503439843e+00,-2.215408301775781652e+01,0.000000000000000000e+00
-8.551918175397085875e+00,-2.227850852088308642e+01,0.000000000000000000e+00
-8.145260119335031135e+00,-2.237891825345727170e+01,0.000000000000000000e+00
-7.731911815705004187e+00,-2.245510240040070116e+01,0.000000000000000000e+00
-7.312951448298184332e+00,-2.250695028058923342e+01,0.000000000000000000e+00
-6.889462726472730836e+00,-2.253441719883218397e+01,0.000000000000000000e+00
-6.462500426593904557e+00,-2.253741733103164790e+01,0.000000000000000000e+00
-6.033054374870250314e+00,-2.251566545184147827e+01,0.000000000000000000e+00
-5.601787885846714055e+00,-2.246754404626606316e+01,0.000000000000000000e+00
-5.169864267492383370e+00,-2.239314234796695757e+01,0.000000000000000000e+00
-4.738668958172016943e+00,-2.229368465946691913e+01,0.000000000000000000e+00
-4.309281939867514843e+00,-2.216933370969377393e+01,0.000000000000000000e+00
-3.882711060853729190e+00,-2.201994865024834525e+01,0.000000000000000000e+00
-3.459942332515832497e+00,-2.184521614261011280e+01,0.000000000000000000e+00
-3.041939168806134575e+00,-2.164452185905769710e+01,0.000000000000000000e+00
-2.629713335784705119e+00,-2.141729641289537511e+01,0.000000000000000000e+00
-2.224525892733688170e+00,-2.116495008132318745e+01,0.000000000000000000e+00
-1.827439899275618673e+00,-2.088773362887322449e+01,0.000000000000000000e+00
-1.439510613956733298e+00,-2.058596086318964069e+01,0.000000000000000000e+00
-1.061782963666378921e+00,-2.026002586241914827e+01,0.000000000000000000e+00
-6.951797408232562869e-01,-1.990734313536651001e+01,0.000000000000000000e+00
-3.408851922215770380e-01,-1.952929958286821943e+01,0.000000000000000000e+00
-3.513980459793590476e-15,-1.912921865711354741e+01,0.000000000000000000e+00
3.265906345064872318e-01,-1.871036491984244066e+01,0.000000000000000000e+00
6.376126725995064914e-01,-1.825883798895604571e+01,0.000000000000000000e+00
9.325550462402455443e-01,-1.779421030614078703e+01,0.000000000000000000e+00
1.209591299535694331e+00,-1.729796148168245651e+01,0.000000000000000000e+00
1.468807397293723449e+00,-1.678854537375007538e+01,0.000000000000000000e+00
1.709856688235259714e+00,-1.626819969636038010e+01,0.000000000000000000e+00
1.934336590615234552e+00,-1.575390730227771385e+01,0.000000000000000000e+00
2.143426387853391901e+00,-1.525127122229137377e+01,0.000000000000000000e+00
2.337793119383199780e+00,-1.476024484850259100e+01,0.000000000000000000e+00
2.518140819257733920e+00,-1.428108624749366484e+01,0.000000000000000000e+00
2.685045537900613066e+00,-1.381336180506973754e+01,0.000000000000000000e+00
2.839009987125843182e+00,-1.335649186654227094e+01,0.000000000000000000e+00
2.981166261106397819e+00,-1.291284973721226592e+01,0.000000000000000000e+00
3.112211540309138602e+00,-1.248239870700213139e+01,0.000000000000000000e+00
3.232442466167634976e+00,-1.206363951628087960e+01,0.000000000000000000e+00
3.342796598694350418e+00,-1.165771714110893065e+01,0.000000000000000000e+00
3.444161031019306485e+00,-1.126534312679053507e+01,0.000000000000000000e+00
3.537182067519136552e+00,-1.088632701719517826e+01,0.000000000000000000e+00
3.622488781016808268e+00,-1.052047132208766023e+01,0.000000000000000000e+00
3.700707939223319975e+00,-1.016761149901251216e+01,0.000000000000000000e+00
3.772584927851525549e+00,-9.827919741174660828e+00,0.000000000000000000e+00
3.839210838082240063e+00,-9.502380272830714958e+00,0.000000000000000000e+00
3.901789585451611142e+00,-9.192040225832665001e+00,0.000000000000000000e+00
3.961265715873940163e+00,-8.897148469058890896e+00,0.000000000000000000e+00
4.017961667991592378e+00,-8.616546603350094813e+00,0.000000000000000000e+00
4.072047457760636036e+00,-8.348934545739840729e+00,0.000000000000000000e+00
4.123629343507420053e+00,-8.093078270376970806e+00,0.000000000000000000e+00
4.172939247668926654e+00,-7.848157281373368654e+00,0.000000000000000000e+00
4.220255930785542731e+00,-7.613543238604566277e+00,0.000000000000000000e+00
4.265816019621652799e+00,-7.388610081725935252e+00,0.000000000000000000e+00
4.309797845682328266e+00,-7.172708127647563714e+00,0.000000000000000000e+00
4.352127916942796659e+00,-6.964860580287062675e+00,0.000000000000000000e+00
4.392519548853598188e+00,-6.763886956150301444e+00,0.000000000000000000e+00
4.430602299479637907e+00,-6.568638036211304154e+00,0.000000000000000000e+00
4.465926422163019716e+00,-6.378003918069060418e+00,0.000000000000000000e+00
4.497991702467629693e+00,-6.190954457705804437e+00,0.000000000000000000e+00
4.526668286661608143e+00,-6.007091709007625902e+00,0.000000000000000000e+00
4.552162284386062296e+00,-5.826502024284867076e+00,0.000000000000000000e+00
4.574693849920995703e+00,-5.649276427285824020e+00,0.000000000000000000e+00
4.594487133772365617e+00,-5.475496547801092184e+00,0.000000000000000000e+00
4.611769956242760315e+00,-5.305234459032693195e+00,0.000000000000000000e+00
4.626773475322813134e+00,-5.138552524973279745e+00,0.000000000000000000e+00
4.639731849185111834e+00,-4.975503257971071847e+00,0.000000000000000000e+00
4.650881893567346381e+00,-4.816129186648673510e+00,0.000000000000000000e+00
4.660462734336227264e+00,-4.660462734336229040e+00,0.000000000000000000e+00
4.668715455528246849e+00,-4.508526108171926339e+00,0.000000000000000000e+00
4.675882743167797173e+00,-4.360331199014722436e+00,0.000000000000000000e+00
4.682203244417536325e+00,-4.215874737498015890e+00,0.000000000000000000e+00
4.687861935322205298e+00,-4.075096209089103638e+00,0.000000000000000000e+00
4.693008786649086161e+00,-3.937901941988985577e+00,0.000000000000000000e+00
4.697788274369639971e+00,-3.804193935915264113e+00,0.000000000000000000e+00
4.702339672091216727e+00,-3.673870396757177303e+00,0.000000000000000000e+00
4.706796973718479826e+00,-3.546825922557135247e+00,0.000000000000000000e+00
4.711288821717125153e+00,-3.422951690693759819e+00,0.000000000000000000e+00
4.715938440989665636e+00,-3.302135646113914191e+00,0.000000000000000000e+00
4.720863578369105085e+00,-3.184262690461173939e+00,0.000000000000000000e+00
4.726176447732505892e+00,-3.069214871948726220e+00,0.000000000000000000e+00
4.731983680732597897e+00,-2.956871575824893572e+00,0.000000000000000000e+00
4.738386283141676536e+00,-2.847109715280210729e+00,0.000000000000000000e+00
4.745479596798312549e+00,-2.739803922645385637e+00,0.000000000000000000e+00
4.753353267143526573e+00,-2.634826740730247252e+00,0.000000000000000000e+00
4.762091216329375598e+00,-2.532048814154612693e+00,0.000000000000000000e+00
4.771771621879110192e+00,-2.431339080522714191e+00,0.000000000000000000e+00
4.782466900874402072e+00,-2.332564961294027572e+00,0.000000000000000000e+00
4.794243699641432599e+00,-2.235592552204151762e+00,0.000000000000000000e+00
4.807162888904004561e+00,-2.140286813090714446e+00,0.000000000000000000e+00
4.821279564368226467e+00,-2.046511756980327057e+00,0.000000000000000000e+00
4.836643052699782785e+00,-1.954130638294126365e+00,0.000000000000000000e+00
4.853296922851236594e+00,-1.863006140030645907e+00,0.000000000000000000e+00
4.871279002693345461e+00,-1.773000559786328978e+00,0.000000000000000000e+00
4.890621400900945659e+00,-1.683975994475581883e+00,0.000000000000000000e+00
4.911350534040534122e+00,-1.595794523613774052e+00,0.000000000000000000e+00
4.933487158803382400e+00,-1.508318391028510508e+00,0.000000000000000000e+00
4.957046409324635583e+00,-1.421410184866104931e+00,0.000000000000000000e+00
4.982037839525716549e+00,-1.334933015762210573e+00,0.000000000000000000e+00
5.008465470414064313e+00,-1.248750693047371074e+00,0.000000000000000000e+00
5.036327842271157706e+00,-1.162727898860454356e+00,0.000000000000000000e+00
5.065618071656657229e+00,-1.076730360044869661e+00,0.000000000000000000e+00
5.096323913153528729e+00,-9.906250177047293271e-01,0.000000000000000000e+00
5.128427825775965232e+00,-9.042801943003540011e-01,0.000000000000000000e+00
5.161907043959149455e+00,-8.175657581647527428e-01,0.000000000000000000e+00
5.196733653046882395e+00,-7.303532853252191481e-01,0.000000000000000000e+00
5.232874669190538341e+00,-6.425162185164909889e-01,0.000000000000000000e+00
5.270292123569911169e+00,-5.539300232745333341e-01,0.000000000000000000e+00
5.308943150844012138e+00,-4.644723410024513277e-01,0.000000000000000000e+00
5.348780081737213088e+00,-3.740231389028341735e-01,0.000000000000000000e+00
5.389750539663711315e+00,-2.824648566733509170e-01,0.000000000000000000e+00
5.431797541290752207e+00,-1.896825498652556508e-01,0.000000000000000000e+00
5.474859600938827953e+00,-9.556402980726291796e-02,0.000000000000000000e+00
5.518870838714657445e+00,-1.351733501507914659e-15,0.000000000000000000e+00
