3.662115937861090575e+00,0.000000000000000000e+00,0.000000000000000000e+00
3.361789284565743774e+00,5.868025023708119819e-02,0.000000000000000000e+00
3.085296333036445571e+00,1.077409220597002476e-01,0.000000000000000000e+00
2.832365099984913481e+00,1.484379650089982794e-01,0.000000000000000000e+00
2.602680691178758110e+00,1.819971632410627149e-01,0.000000000000000000e+00
2.395886733151934234e+00,2.096129282429548268e-01,0.000000000000000000e+00
2.211586835177171029e+00,2.324471430349342171e-01,0.000000000000000000e+00
2.049346079906676721e+00,2.516280585594301566e-01,0.000000000000000000e+00
1.908692541072039672e+00,2.682492429124929689e-01,0.000000000000000000e+00
1.789118826620314850e+00,2.833685840283496349e-01,0.000000000000000000e+00
1.690083645650257038e+00,2.980073463822649482e-01,0.000000000000000000e+00
1.611013397501002586e+00,3.131492822312509916e-01,0.000000000000000000e+00
1.551303781335004350e+00,3.297397978662723328e-01,0.000000000000000000e+00
1.510321424547636848e+00,3.486851753034965751e-01,0.000000000000000000e+00
1.487405528327844673e+00,3.708518497958875892e-01,0.000000000000000000e+00
1.481869528687232984e+00,3.970657435000324309e-01,0.000000000000000000e+00
1.493002771269324569e+00,4.281116555865917550e-01,0.000000000000000000e+00
1.520072198246192441e+00,4.647327090361723645e-01,0.000000000000000000e+00
1.562324045606382050e+00,5.076298543157908849e-01,0.000000000000000000e+00
1.618985549135959712e+00,5.574614300844430437e-01,0.000000000000000000e+00
1.689266657393636351e+00,6.148427810296462903e-01,0.000000000000000000e+00
1.772361749981248513e+00,6.803459328902329295e-01,0.000000000000000000e+00
1.867451359412400036e+00,7.544993246741248383e-01,0.000000000000000000e+00
1.973703894884814014e+00,8.377875980334125172e-01,0.000000000000000000e+00
2.090277366265839376e+00,9.306514437127292316e-01,0.000000000000000000e+00
2.216321106605721347e+00,1.033487504940808988e+00,0.000000000000000000e+00
2.350977491499504968e+00,1.146648337589128985e+00,0.000000000000000000e+00
2.493383653625941943e+00,1.270442426875819208e+00,0.000000000000000000e+00
2.642673190800464589e+00,1.405134260347541852e+00,0.000000000000000000e+00
2.797977865889059501e+00,1.550944456826807594e+00,0.000000000000000000e+00
2.958429296940910724e+00,1.708049950967309938e+00,0.000000000000000000e+00
3.123160635909809191e+00,1.876584233015276659e+00,0.000000000000000000e+00
3.291308234347584349e+00,2.056637643330608167e+00,0.000000000000000000e+00
3.462013294467272129e+00,2.248257721177775448e+00,0.000000000000000000e+00
3.634423503989216986e+00,2.451449607253022300e+00,0.000000000000000000e+00
3.807694653199996004e+00,2.666176499371443853e+00,0.000000000000000000e+00
3.980992232671786368e+00,2.892360160695065741e+00,0.000000000000000000e+00
4.153493010108581629e+00,3.129881479840967984e+00,0.000000000000000000e+00
4.324386584805651523e+00,3.378581082167127825e+00,0.000000000000000000e+00
4.492876918229541161e+00,3.638259991492671208e+00,0.000000000000000000e+00
4.658183839247914015e+00,3.908680341468889985e+00,0.000000000000000000e+00
4.819544522561606925e+00,4.189566135777643474e+00,0.000000000000000000e+00
4.976214938915322072e+00,4.480604056294684057e+00,0.000000000000000000e+00
5.127471275688383123e+00,4.781444318316938613e+00,0.000000000000000000e+00
5.272611326493078288e+00,5.091701571915001168e+00,0.000000000000000000e+00
5.410955848435053284e+00,5.410955848435052395e+00,0.000000000000000000e+00
5.541849885718209023e+00,5.738753551138009001e+00,0.000000000000000000e+00
5.664664058305376670e+00,6.074608488928120664e+00,0.000000000000000000e+00
5.778795814375875750e+00,6.418002952088404989e+00,0.000000000000000000e+00
5.883670645351677386e+00,6.768388828906219068e+00,0.000000000000000000e+00
5.978743262295507677e+00,7.125188762039098123e+00,0.000000000000000000e+00
6.063498732516462653e+00,7.487797343438469255e+00,0.000000000000000000e+00
6.137453575252156845e+00,7.855582346617492995e+00,0.000000000000000000e+00
6.200156815330212012e+00,8.227885995018452192e+00,0.000000000000000000e+00
6.251190993746802427e+00,8.604026265205327206e+00,0.000000000000000000e+00
6.290173134135592647e+00,8.983298223578547237e+00,0.000000000000000000e+00
6.316755664136626258e+00,9.364975395280735526e+00,0.000000000000000000e+00
6.330627290711707822e+00,9.748311163935396095e+00,0.000000000000000000e+00
6.331513828490684226e+00,1.013254020083453710e+01,0.000000000000000000e+00
6.319178980271276558e+00,1.051687992216615619e+01,0.000000000000000000e+00
6.293425068834149982e+00,1.090053197284840358e+01,0.000000000000000000e+00
6.254093719274634644e+00,1.128268373551451198e+01,0.000000000000000000e+00
6.201066491092642963e+00,1.166250986317024463e+01,0.000000000000000000e+00
6.134265459323181346e+00,1.203917383402505159e+01,0.000000000000000000e+00
6.053653744031189277e+00,1.241182952697803543e+01,0.000000000000000000e+00
5.959235241705453490e+00,1.277962121678179663e+01,0.000000000000000000e+00
5.850936923697036107e+00,1.314141949241755114e+01,0.000000000000000000e+00
5.728507397639404530e+00,1.349551770536766426e+01,0.000000000000000000e+00
5.592249835854157247e+00,1.384130404974206563e+01,0.000000000000000000e+00
5.443572162072788601e+00,1.418099031228740969e+01,0.000000000000000000e+00
5.282333675149298635e+00,1.451309249449744065e+01,0.000000000000000000e+00
5.107642787187220534e+00,1.483367174183157822e+01,0.000000000000000000e+00
4.921105188108384709e+00,1.514560442214890301e+01,0.000000000000000000e+00
4.723276894413102056e+00,1.544914259791673139e+01,0.000000000000000000e+00
4.514225929575888863e+00,1.574297670956410755e+01,0.000000000000000000e+00
4.294342915178473774e+00,1.602670594456950681e+01,0.000000000000000000e+00
4.064006772104889365e+00,1.629984087531884640e+01,0.000000000000000000e+00
3.823658777394041142e+00,1.656208574577714643e+01,0.000000000000000000e+00
3.573763606427543760e+00,1.681323586695732075e+01,0.000000000000000000e+00
3.314801765879713535e+00,1.705317673680194446e+01,0.000000000000000000e+00
3.047256141211803993e+00,1.728184835337291148e+01,0.000000000000000000e+00
2.771611525302362988e+00,1.749926646596859214e+01,0.000000000000000000e+00
2.488207920149578367e+00,1.770451929802889168e+01,0.000000000000000000e+00
2.197295462164209567e+00,1.789553544848186206e+01,0.000000000000000000e+00
1.899782329342876830e+00,1.807522146506005356e+01,0.000000000000000000e+00
1.596123684171282697e+00,1.824377719175389601e+01,0.000000000000000000e+00
1.286467309216116961e+00,1.839733963926993354e+01,0.000000000000000000e+00
9.715457049944945522e-01,1.853819639537517006e+01,0.000000000000000000e+00
6.519082711096624294e-01,1.866821036872385164e+01,0.000000000000000000e+00
3.278325803917771508e-01,1.878151595195767598e+01,0.000000000000000000e+00
1.156304099889112510e-15,1.888387902037022315e+01,0.000000000000000000e+00
-3.311577171678401488e-01,1.897201291027548464e+01,0.000000000000000000e+00
-6.651061772280406625e-01,1.904614895113393658e+01,0.000000000000000000e+00
-1.001420509651850699e+00,1.910824162656140857e+01,0.000000000000000000e+00
-1.339400331908354502e+00,1.915431713075054887e+01,0.000000000000000000e+00
-1.678882764656854265e+00,1.918971781023239487e+01,0.000000000000000000e+00
-2.018838795479756421e+00,1.920796807451812072e+01,0.000000000000000000e+00
-2.359426144458253383e+00,1.921598389168846666e+01,0.000000000000000000e+00
-2.699368427737613096e+00,1.920700438028409351e+01,0.000000000000000000e+00
-3.038962355062782006e+00,1.918725317231808347e+01,0.000000000000000000e+00
-3.376943630286739939e+00,1.915159901631902173e+01,0.000000000000000000e+00
-3.713451012773932192e+00,1.910404932087515206e+01,0.000000000000000000e+00
-4.047557686270695676e+00,1.904226176068006282e+01,0.000000000000000000e+00
-4.378863760913926484e+00,1.896694273717585588e+01,0.000000000000000000e+00
-4.707263735907137203e+00,1.887980364110104858e+01,0.000000000000000000e+00
-5.031318623604769336e+00,1.877713673236050695e+01,0.000000000000000000e+00
-5.351789624992003169e+00,1.866390843859504045e+01,0.000000000000000000e+00
-5.667132148546114578e+00,1.853635402736772164e+01,0.000000000000000000e+00
-5.977223341630662823e+00,1.839600187655635466e+01,0.000000000000000000e+00
-6.282180308830972670e+00,1.824477638842777338e+01,0.000000000000000000e+00
-6.580606182166778062e+00,1.808006689182671423e+01,0.000000000000000000e+00
-6.872223166658180560e+00,1.790275342159663197e+01,0.000000000000000000e+00
-7.157131637855796313e+00,1.771452242502672192e+01,0.000000000000000000e+00
-7.434764944293326572e+00,1.751520858335693376e+01,0.000000000000000000e+00
-7.704588334884091338e+00,1.730478872794311584e+01,0.000000000000000000e+00
-7.965370814635195806e+00,1.708179283641004531e+01,0.000000000000000000e+00
-8.217534015805343373e+00,1.684844156091423173e+01,0.000000000000000000e+00
-8.460570158606595115e+00,1.660480387584468787e+01,0.000000000000000000e+00
-8.694085604117068655e+00,1.635119688764951462e+01,0.000000000000000000e+00
-8.917661282263390277e+00,1.608788681853815916e+01,0.000000000000000000e+00
-9.131024289258235171e+00,1.581539799414076874e+01,0.000000000000000000e+00
-9.333775126386832710e+00,1.553401043571921747e+01,0.000000000000000000e+00
-9.524708769494880656e+00,1.524272032288276080e+01,0.000000000000000000e+00
-9.703942171219168245e+00,1.494276056034320455e+01,0.000000000000000000e+00
-9.872200269036836673e+00,1.463613879221499303e+01,0.000000000000000000e+00
-1.002864061426737230e+01,1.432238310359895905e+01,0.000000000000000000e+00
-1.017140797031373722e+01,1.399974203607622592e+01,0.000000000000000000e+00
-1.030155248800778267e+01,1.367062188386157473e+01,0.000000000000000000e+00
-1.041927259355715130e+01,1.333606076966215426e+01,0.000000000000000000e+00
-1.052249898162346398e+01,1.299420407204979533e+01,0.000000000000000000e+00
-1.061162012965901091e+01,1.264643641276616215e+01,0.000000000000000000e+00
-1.069101761684829377e+01,1.229860890746553004e+01,0.000000000000000000e+00
-1.076552165123466587e+01,1.195632307452585685e+01,0.000000000000000000e+00
-1.083745550842912664e+01,1.162174818352403527e+01,0.000000000000000000e+00
-1.090731454892474162e+01,1.129485485746048035e+01,0.000000000000000000e+00
-1.097555230160786799e+01,1.097555230160786977e+01,0.000000000000000000e+00
-1.104245140675817005e+01,1.066357136985894449e+01,0.000000000000000000e+00
-1.110805098785708367e+01,1.035842512376308910e+01,0.000000000000000000e+00
-1.117234346522503863e+01,1.005962324037317401e+01,0.000000000000000000e+00
-1.123531026330670990e+01,9.766706207143059260e+00,0.000000000000000000e+00
-1.129702656561628160e+01,9.479330824608560135e+00,0.000000000000000000e+00
-1.135759356294345146e+01,9.197197922790000035e+00,0.000000000000000000e+00
-1.141709467356953134e+01,8.920011964926279902e+00,0.000000000000000000e+00
-1.147560055886458841e+01,8.647485278494295713e+00,0.000000000000000000e+00
-1.153318079410543007e+01,8.379346330092236173e+00,0.000000000000000000e+00
-1.158989241284616512e+01,8.115330034514402158e+00,0.000000000000000000e+00
-1.164577709525695148e+01,7.855175835999270717e+00,0.000000000000000000e+00
-1.170087089943894654e+01,7.598634409119441102e+00,0.000000000000000000e+00
-1.175523221420242059e+01,7.345484335232316475e+00,0.000000000000000000e+00
-1.180891596026288326e+01,7.095512553927996180e+00,0.000000000000000000e+00
-1.186196529977193137e+01,6.848508858941323219e+00,0.000000000000000000e+00
-1.191441413748515643e+01,6.604267599164860059e+00,0.000000000000000000e+00
-1.196630771378966784e+01,6.362598673585472930e+00,0.000000000000000000e+00
-1.201769401819226957e+01,6.123320946505926621e+00,0.000000000000000000e+00
-1.206861168107380955e+01,5.886255215606319702e+00,0.000000000000000000e+00
-1.211909003656540840e+01,5.651224493920392611e+00,0.000000000000000000e+00
-1.216915917222601884e+01,5.418058739560508208e+00,0.000000000000000000e+00
-1.221886264846260950e+01,5.186599476996569535e+00,0.000000000000000000e+00
-1.226823913124696119e+01,4.956690353840895291e+00,0.000000000000000000e+00
-1.231731957677541978e+01,4.728175993561732682e+00,0.000000000000000000e+00
-1.236612804132582433e+01,4.500902520167215926e+00,0.000000000000000000e+00
-1.241469618439741573e+01,4.274722706889874324e+00,0.000000000000000000e+00
-1.246306308870129875e+01,4.049494672912373971e+00,0.000000000000000000e+00
-1.251126178203607608e+01,3.825076590529580933e+00,0.000000000000000000e+00
-1.255931870768118941e+01,3.601326687701856155e+00,0.000000000000000000e+00
-1.260725556594361052e+01,3.378103947667371099e+00,0.000000000000000000e+00
-1.265510503029583944e+01,3.155272062974351588e+00,0.000000000000000000e+00
-1.270290343557376644e+01,2.932696338213619303e+00,0.000000000000000000e+00
-1.275068124732185737e+01,2.710240964881162729e+00,0.000000000000000000e+00
-1.279846293027665283e+01,2.487769180874808583e+00,0.000000000000000000e+00
-1.284627010695975713e+01,2.265144021325622425e+00,0.000000000000000000e+00
-1.289413731458675016e+01,2.042230722038543611e+00,0.000000000000000000e+00
-1.294210023375798357e+01,1.818893569654360887e+00,0.000000000000000000e+00
-1.299018872482022857e+01,1.594994618622914695e+00,0.000000000000000000e+00
-1.303842672846692707e+01,1.370393870363075806e+00,0.000000000000000000e+00
-1.308683794580357329e+01,1.144949961658703552e+00,0.000000000000000000e+00
-1.313546064961315807e+01,9.185208866368833602e-01,0.000000000000000000e+00
-1.318433166607748852e+01,6.909615439501995970e-01,0.000000000000000000e+00
-1.323348163049965187e+01,4.621233615919584925e-01,0.000000000000000000e+00
-1.328293497167695669e+01,2.318544923679123071e-01,0.000000000000000000e+00
-1.333272156095222094e+01,1.632787478354304128e-15,0.000000000000000000e+00
-1.338288537473169093e+01,-2.335991331428368400e-01,0.000000000000000000e+00
-1.343346559095055071e+01,-4.691069553769078859e-01,0.000000000000000000e+00
-1.348449426924970140e+01,-7.066923994062688230e-01,0.000000000000000000e+00
-1.353599835448742894e+01,-9.465292114019085989e-01,0.000000000000000000e+00
-1.358802119253499363e+01,-1.188797814096815397e+00,0.000000000000000000e+00
-1.364061269446729519e+01,-1.433686165807263935e+00,0.000000000000000000e+00
-1.369381457376596067e+01,-1.681389009525646516e+00,0.000000000000000000e+00
-1.374765999221864377e+01,-1.932107610511081486e+00,0.000000000000000000e+00
-1.380218965668131226e+01,-2.186052084026571141e+00,0.000000000000000000e+00
-1.385746412765476343e+01,-2.443444809905228610e+00,0.000000000000000000e+00
-1.391353666627449748e+01,-2.704517558389416987e+00,0.000000000000000000e+00
-1.397044974511792681e+01,-2.969510762806106374e+00,0.000000000000000000e+00
-1.402824817796253321e+01,-3.238676281506686294e+00,0.000000000000000000e+00
-1.408700422534757735e+01,-3.512284629549356385e+00,0.000000000000000000e+00
-1.414678416941295147e+01,-3.790619393691591732e+00,0.000000000000000000e+00
-1.420764060998445721e+01,-4.073975387432495765e+00,0.000000000000000000e+00
-1.426963174533661238e+01,-4.362664237665896394e+00,0.000000000000000000e+00
-1.433284642946234833e+01,-4.657024108013800401e+00,0.000000000000000000e+00
-1.439736298209481014e+01,-4.957409633289684869e+00,0.000000000000000000e+00
-1.446324410936442639e+01,-5.264190346734640258e+00,0.000000000000000000e+00
-1.453057906277934208e+01,-5.577766710439612474e+00,0.000000000000000000e+00
-1.459947800004301044e+01,-5.898571995520780042e+00,0.000000000000000000e+00
-1.467003003970885722e+01,-6.227058304894794283e+00,0.000000000000000000e+00
-1.474232499907464522e+01,-6.563705977729171082e+00,0.000000000000000000e+00
-1.481649128407201133e+01,-6.909043352749564271e+00,0.000000000000000000e+00
-1.489263931936101670e+01,-7.263625525809677796e+00,0.000000000000000000e+00
-1.497087753792238729e+01,-7.628043106835949771e+00,0.000000000000000000e+00
-1.505139004806338221e+01,-8.002966048171021640e+00,0.000000000000000000e+00
-1.513434981260973977e+01,-8.389107088982093785e+00,0.000000000000000000e+00
-1.521989329361682053e+01,-8.787209490107052545e+00,0.000000000000000000e+00
-1.530812427000672926e+01,-9.198049025027064118e+00,0.000000000000000000e+00
-1.539911829093707141e+01,-9.622437066432913966e+00,0.000000000000000000e+00
-1.549325330307238602e+01,-1.006143633834761886e+01,0.000000000000000000e+00
-1.559121469780486002e+01,-1.051640710158819303e+01,0.000000000000000000e+00
-1.569319382369893390e+01,-1.098849261394005339e+01,0.000000000000000000e+00
-1.579778508903350520e+01,-1.147776271547179583e+01,0.000000000000000000e+00
-1.590300219011940897e+01,-1.198377170915808954e+01,0.000000000000000000e+00
-1.600502692205606792e+01,-1.250449748605545253e+01,0.000000000000000000e+00
-1.609949896041232620e+01,-1.303711720058152324e+01,0.000000000000000000e+00
-1.618543747821171408e+01,-1.358119461841037534e+01,0.000000000000000000e+00
-1.626487066640141776e+01,-1.413883636259891752e+01,0.000000000000000000e+00
-1.633930642874992145e+01,-1.471197758946812861e+01,0.000000000000000000e+00
-1.640605269636776953e+01,-1.529889164333240359e+01,0.000000000000000000e+00
-1.646051279453708105e+01,-1.589573243325268592e+01,0.000000000000000000e+00
-1.649834198748871117e+01,-1.649834198748870762e+01,0.000000000000000000e+00
-1.651547673105698877e+01,-1.710227680171229636e+01,0.000000000000000000e+00
-1.650729241682730830e+01,-1.770190387503332019e+01,0.000000000000000000e+00
-1.646773781219437538e+01,-1.828927570514898804e+01,0.000000000000000000e+00
-1.639656977553990203e+01,-1.886209585657598709e+01,0.000000000000000000e+00
-1.629515564367044789e+01,-1.941981028022606282e+01,0.000000000000000000e+00
-1.616490237604373448e+01,-1.996199197984308427e+01,0.000000000000000000e+00
-1.600750587836819605e+01,-2.048867320129890501e+01,0.000000000000000000e+00
-1.582331362889757820e+01,-2.099824641210419429e+01,0.000000000000000000e+00
-1.561089752201626268e+01,-2.148655711163142001e+01,0.000000000000000000e+00
-1.537354500630934062e+01,-2.195569765732085799e+01,0.000000000000000000e+00
-1.511233352975951405e+01,-2.240495583436783988e+01,0.000000000000000000e+00
-1.482498532597425900e+01,-2.282847549253308372e+01,0.000000000000000000e+00
-1.451621120898272288e+01,-2.323079402858778053e+01,0.000000000000000000e+00
-1.418867830328738755e+01,-2.361392618183314696e+01,0.000000000000000000e+00
-1.383627199297310817e+01,-2.396512607917168225e+01,0.000000000000000000e+00
-1.346830026418206216e+01,-2.429745685891919038e+01,0.000000000000000000e+00
-1.308011281912470913e+01,-2.460011434864366109e+01,0.000000000000000000e+00
-1.267474901026606204e+01,-2.487559556218916867e+01,0.000000000000000000e+00
-1.225444621373286580e+01,-2.512533814844332980e+01,0.000000000000000000e+00
-1.181965803195214981e+01,-2.534733844757779053e+01,0.000000000000000000e+00
-1.137128694215319413e+01,-2.554032863869290537e+01,0.000000000000000000e+00
-1.091054131158765905e+01,-2.570362456132157192e+01,0.000000000000000000e+00
-1.043873226565731827e+01,-2.583676899706091135e+01,0.000000000000000000e+00
-9.957204559319103865e+00,-2.593940471240142642e+01,0.000000000000000000e+00
-9.467344064132388937e+00,-2.601131403841150558e+01,0.000000000000000000e+00
-8.970576000511949033e+00,-2.605244439970448056e+01,0.000000000000000000e+00
-8.468315259309132870e+00,-2.606279446118569254e+01,0.000000000000000000e+00
-7.961879875882168278e+00,-2.604213564008534121e+01,0.000000000000000000e+00
-7.452225583077996873e+00,-2.598899913718697618e+01,0.000000000000000000e+00
-6.940301111931820977e+00,-2.590155636955634222e+01,0.000000000000000000e+00
-6.428283103867553194e+00,-2.578243530836259367e+01,0.000000000000000000e+00
-5.917615311029178038e+00,-2.563200795301738211e+01,0.000000000000000000e+00
-5.409551710837090965e+00,-2.544993985758480548e+01,0.000000000000000000e+00
-4.905137140008247520e+00,-2.523474297251458154e+01,0.000000000000000000e+00
-4.405487765471844064e+00,-2.498476267086871871e+01,0.000000000000000000e+00
-3.912505171343175103e+00,-2.470258545174188214e+01,0.000000000000000000e+00
-3.427567951187051598e+00,-2.438841322129075451e+01,0.000000000000000000e+00
-2.952012909943455998e+00,-2.404221579843293810e+01,0.000000000000000000e+00
-2.487185473888626319e+00,-2.366398906382472944e+01,0.000000000000000000e+00
-2.034460079748772632e+00,-2.325398511940846547e+01,0.000000000000000000e+00
-1.595239086131149842e+00,-2.281298177042361175e+01,0.000000000000000000e+00
-1.170918471012506012e+00,-2.234245539557514704e+01,0.000000000000000000e+00
-7.626610506665266742e-01,-2.183975501590132140e+01,0.000000000000000000e+00
-3.718017174498957078e-01,-2.130050612695500334e+01,0.000000000000000000e+00
-3.809804841371454028e-15,-2.073961158446658004e+01,0.000000000000000000e+00
3.516087618369408974e-01,-2.014365247467761577e+01,0.000000000000000000e+00
6.818092445294047232e-01,-1.952446221697720219e+01,0.000000000000000000e+00
9.888269389354262806e-01,-1.886794198233470610e+01,0.000000000000000000e+00
1.272002263083611195e+00,-1.819047984214103408e+01,0.000000000000000000e+00
1.529905951278718090e+00,-1.748690504142165025e+01,0.000000000000000000e+00
1.762140899005853356e+00,-1.676565073283320118e+01,0.000000000000000000e+00
1.975514212549548176e+00,-1.608927212039092680e+01,0.000000000000000000e+00
2.173635008809558400e+00,-1.546621672919786405e+01,0.000000000000000000e+00
2.357616380258086064e+00,-1.488540399187720276e+01,0.000000000000000000e+00
2.529292448231052148e+00,-1.434433027814916528e+01,0.000000000000000000e+00
2.689849692930565528e+00,-1.383807704012242290e+01,0.000000000000000000e+00
2.840438247415916440e+00,-1.336321130290712489e+01,0.000000000000000000e+00
2.982057618538009880e+00,-1.291671063042265821e+01,0.000000000000000000e+00
3.115550832203396681e+00,-1.249579187526313362e+01,0.000000000000000000e+00
3.241677932079264135e+00,-1.209810674429464861e+01,0.000000000000000000e+00
3.361101206203318537e+00,-1.172155289372454234e+01,0.000000000000000000e+00
3.474411389487061186e+00,-1.136428759099487706e+01,0.000000000000000000e+00
3.582125705279548988e+00,-1.102464931123117076e+01,0.000000000000000000e+00
3.684715665903964155e+00,-1.070119131806082002e+01,0.000000000000000000e+00
3.782587932192433833e+00,-1.039257493080025618e+01,0.000000000000000000e+00
3.876128026099475044e+00,-1.009765873414491111e+01,0.000000000000000000e+00
3.965658457660545366e+00,-9.815349113694763261e+00,0.000000000000000000e+00
4.051490443925591656e+00,-9.544713347434440109e+00,0.000000000000000000e+00
4.133900286862855822e+00,-9.284892063947175700e+00,0.000000000000000000e+00
4.213123255111651311e+00,-9.035071977546689226e+00,0.000000000000000000e+00
4.289399523543113268e+00,-8.794572321188848463e+00,0.000000000000000000e+00
4.362933527166515724e+00,-8.562739175237647160e+00,0.000000000000000000e+00
4.433899762500347563e+00,-8.338952628027227476e+00,0.000000000000000000e+00
4.502484043834562577e+00,-8.122696232425141716e+00,0.000000000000000000e+00
4.568847798412680739e+00,-7.913476518899969392e+00,0.000000000000000000e+00
4.633121595366976209e+00,-7.710809210404357295e+00,0.000000000000000000e+00
4.695442965291624304e+00,-7.514279506499091710e+00,0.000000000000000000e+00
4.755947369742333564e+00,-7.323516724412348466e+00,0.000000000000000000e+00
4.814745273685880456e+00,-7.138153416097875237e+00,0.000000000000000000e+00
4.871928486246943635e+00,-6.957834956623701217e+00,0.000000000000000000e+00
4.927603409479992536e+00,-6.782264244060378644e+00,0.000000000000000000e+00
4.981870770494529310e+00,-6.611165807966853158e+00,0.000000000000000000e+00
5.034812816244497391e+00,-6.444266533810608877e+00,0.000000000000000000e+00
5.086495629715393818e+00,-6.281298989863503657e+00,0.000000000000000000e+00
5.136995596733573421e+00,-6.122032957547874688e+00,0.000000000000000000e+00
5.186394130040796746e+00,-5.966263954595429020e+00,0.000000000000000000e+00
5.234759711652531067e+00,-5.813789647884965106e+00,0.000000000000000000e+00
5.282147677680187670e+00,-5.664409891273773034e+00,0.000000000000000000e+00
5.328605203416570291e+00,-5.517932218360023455e+00,0.000000000000000000e+00
5.374191626779554198e+00,-5.374191626779556863e+00,0.000000000000000000e+00
5.418963670122289855e+00,-5.233032387324443313e+00,0.000000000000000000e+00
5.462968279765575197e+00,-5.094300335972906879e+00,0.000000000000000000e+00
5.506242774504322313e+00,-4.957843263049450222e+00,0.000000000000000000e+00
5.548818009028430254e+00,-4.823513905804254875e+00,0.000000000000000000e+00
5.590743587738093545e+00,-4.691190882477781265e+00,0.000000000000000000e+00
5.632076959712498443e+00,-4.560765995700665876e+00,0.000000000000000000e+00
5.672869361825851442e+00,-4.432131293444870224e+00,0.000000000000000000e+00
5.713165748130276889e+00,-4.305179188412130209e+00,0.000000000000000000e+00
5.753004862818388965e+00,-4.179802696659208117e+00,0.000000000000000000e+00
5.792415096973053679e+00,-4.055892715340262633e+00,0.000000000000000000e+00
5.831405517813343486e+00,-3.933332686927018873e+00,0.000000000000000000e+00
5.869975935574265336e+00,-3.812006944448587564e+00,0.000000000000000000e+00
5.908119470868090417e+00,-3.691802784764223411e+00,0.000000000000000000e+00
5.945822729442920895e+00,-3.572610725841214752e+00,0.000000000000000000e+00
5.983065982312327336e+00,-3.454324755467318653e+00,0.000000000000000000e+00
6.019794405669201431e+00,-3.336826526947178628e+00,0.000000000000000000e+00
6.055845021404382855e+00,-3.219949914560920057e+00,0.000000000000000000e+00
6.091022363633104675e+00,-3.103530907710777331e+00,0.000000000000000000e+00
6.125120369498307404e+00,-2.987420813092898531e+00,0.000000000000000000e+00
6.157923075882107966e+00,-2.871486688613209992e+00,0.000000000000000000e+00
6.189205330546791117e+00,-2.755611752423931193e+00,0.000000000000000000e+00
6.218733849615859732e+00,-2.639695907872140701e+00,0.000000000000000000e+00
6.246342911464345171e+00,-2.523686351791126992e+00,0.000000000000000000e+00
6.272033165977228819e+00,-2.407607958967977080e+00,0.000000000000000000e+00
6.295829049401104882e+00,-2.291494374010481394e+00,0.000000000000000000e+00
6.317755719537787584e+00,-2.175377748255578059e+00,0.000000000000000000e+00
6.337838994998198139e+00,-2.059288721027884961e+00,0.000000000000000000e+00
6.356105293932376554e+00,-1.943256402936947236e+00,0.000000000000000000e+00
6.372581572296398988e+00,-1.827308361227600209e+00,0.000000000000000000e+00
6.387295261717469863e+00,-1.711470607196332150e+00,0.000000000000000000e+00
6.400274207018647132e+00,-1.595767585684682244e+00,0.000000000000000000e+00
6.411546603465035687e+00,-1.480222166659223015e+00,0.000000000000000000e+00
6.421140933793584082e+00,-1.364855638885802858e+00,0.000000000000000000e+00
6.429085905088701480e+00,-1.249687705704089602e+00,0.000000000000000000e+00
6.435410385566207481e+00,-1.134736482906788080e+00,0.000000000000000000e+00
6.440143341328161242e+00,-1.020018498726051659e+00,0.000000000000000000e+00
6.443313773151256640e+00,-9.055486959280958370e-01,0.000000000000000000e+00
6.444950653371409821e+00,-7.913404360150948502e-01,0.000000000000000000e+00
6.445080365084205454e+00,-6.774052429980019774e-01,0.000000000000000000e+00
6.443719112269353566e+00,-5.637523732689001532e-01,0.000000000000000000e+00
6.440880312627204951e+00,-4.503902263717433074e-01,0.000000000000000000e+00
6.436577068423968484e+00,-3.373267103402512457e-01,0.000000000000000000e+00
6.430822150684143423e+00,-2.245692579664654298e-01,0.000000000000000000e+00
6.423627983902445493e+00,-1.121248435337329208e-01,0.000000000000000000e+00
6.415006631287970329e+00,-1.571223467503171701e-15,0.000000000000000000e+00
