6.110485088310872115e+00,0.000000000000000000e+00,0.000000000000000000e+00
6.113591072576920027e+00,1.067131291164015172e-01,0.000000000000000000e+00
6.116080570082290002e+00,2.135782397808006494e-01,0.000000000000000000e+00
6.118595836283392764e+00,3.206620201100749412e-01,0.000000000000000000e+00
6.121119663373487896e+00,4.280303835844416205e-01,0.000000000000000000e+00
6.123651526783010723e+00,5.357500879767296276e-01,0.000000000000000000e+00
6.126193197502957766e+00,6.438888511133377124e-01,0.000000000000000000e+00
6.128746336579235177e+00,7.525154278221665161e-01,0.000000000000000000e+00
6.131312584406601651e+00,8.616997884337807001e-01,0.000000000000000000e+00
6.133893620712412620e+00,9.715133081267789406e-01,0.000000000000000000e+00
6.136491160609277351e+00,1.082028958494417825e+00,0.000000000000000000e+00
6.139106958600862640e+00,1.193321508442354517e+00,0.000000000000000000e+00
6.141742823051773215e+00,1.305467737129419881e+00,0.000000000000000000e+00
6.144400609075023389e+00,1.418546654167958776e+00,0.000000000000000000e+00
6.147082230327420405e+00,1.532639735800340741e+00,0.000000000000000000e+00
6.149789668692417166e+00,1.647831175347394872e+00,0.000000000000000000e+00
6.152524971928305497e+00,1.764208146466280658e+00,0.000000000000000000e+00
6.155290263611443713e+00,1.881861086869784039e+00,0.000000000000000000e+00
6.158087755387923856e+00,2.000884002856223809e+00,0.000000000000000000e+00
6.160919748849219779e+00,2.121374792790415409e+00,0.000000000000000000e+00
6.163788643706211268e+00,2.243435596617107119e+00,0.000000000000000000e+00
6.166696948140343970e+00,2.367173173353736448e+00,0.000000000000000000e+00
6.169647290208192913e+00,2.492699309396918306e+00,0.000000000000000000e+00
6.172642426427330520e+00,2.620131259485349862e+00,0.000000000000000000e+00
6.175685252542034931e+00,2.749592225868605411e+00,0.000000000000000000e+00
6.178778816179174349e+00,2.881211880030225103e+00,0.000000000000000000e+00
6.181926330401264380e+00,3.015126931450065495e+00,0.000000000000000000e+00
6.185131188363789612e+00,3.151481748933070648e+00,0.000000000000000000e+00
6.188396979309789714e+00,3.290429040764420332e+00,0.000000000000000000e+00
6.191727506122897573e+00,3.432130600773002360e+00,0.000000000000000000e+00
6.195126804598571901e+00,3.576758128298851425e+00,0.000000000000000000e+00
6.198599164465377953e+00,3.724494131064385094e+00,0.000000000000000000e+00
6.202149152005512533e+00,3.875532921058669977e+00,0.000000000000000000e+00
6.205781636893415332e+00,4.030081716724260410e+00,0.000000000000000000e+00
6.209501823823821098e+00,4.188361865517748583e+00,0.000000000000000000e+00
6.213315278871541558e+00,4.350610195539418079e+00,0.000000000000000000e+00
6.217227965054956229e+00,4.517080522916653962e+00,0.000000000000000000e+00
6.221246291039832954e+00,4.688045339300052738e+00,0.000000000000000000e+00
6.225377140035831758e+00,4.863797679093490700e+00,0.000000000000000000e+00
6.229627935218600143e+00,5.044653234685601895e+00,0.000000000000000000e+00
6.234006683692911110e+00,5.230952709043418913e+00,0.000000000000000000e+00
6.238522042278025204e+00,5.423064474926488465e+00,0.000000000000000000e+00
6.243183390873329408e+00,5.621387574435448009e+00,0.000000000000000000e+00
6.248000909226666622e+00,5.826355106055693511e+00,0.000000000000000000e+00
6.252985667664558989e+00,6.038438068293181082e+00,0.000000000000000000e+00
6.258149743763426365e+00,6.258149743763425477e+00,0.000000000000000000e+00
6.263504009336940292e+00,6.486048272217171728e+00,0.000000000000000000e+00
6.269067161271865807e+00,6.722751464791209663e+00,0.000000000000000000e+00
6.271968546982156667e+00,6.965726760893451441e+00,0.000000000000000000e+00
6.270364699333738301e+00,7.213229451867397835e+00,0.000000000000000000e+00
6.263235900506986198e+00,7.464233885694231851e+00,0.000000000000000000e+00
6.251535612765832362e+00,7.720003552182138407e+00,0.000000000000000000e+00
6.235000352213504904e+00,7.980436527536575397e+00,0.000000000000000000e+00
6.213370178732133375e+00,8.245420720497158129e+00,0.000000000000000000e+00
6.186389025606115588e+00,8.514834007845538011e+00,0.000000000000000000e+00
6.153805024411010294e+00,8.788544379492195802e+00,0.000000000000000000e+00
6.115370824910122849e+00,9.066410092993308467e+00,0.000000000000000000e+00
6.070843909705176955e+00,9.348279837342142073e+00,0.000000000000000000e+00
6.019986014530571694e+00,9.633991483397492672e+00,0.000000000000000000e+00
5.962553514492011431e+00,9.923355476586028345e+00,0.000000000000000000e+00
5.898302653015059960e+00,1.021615987344038068e+01,0.000000000000000000e+00
5.826998001770490099e+00,1.051218266506512045e+01,0.000000000000000000e+00
5.748502181190978000e+00,1.081136018826698653e+01,0.000000000000000000e+00
5.662910947472474810e+00,1.111408851724960378e+01,0.000000000000000000e+00
5.570271245140010485e+00,1.142074853254925060e+01,0.000000000000000000e+00
5.469562658443915204e+00,1.172951497319363590e+01,0.000000000000000000e+00
5.358968134070393852e+00,1.203643949930296309e+01,0.000000000000000000e+00
5.237551372511824788e+00,1.233889779205542681e+01,0.000000000000000000e+00
5.105352032286903707e+00,1.263618969717548701e+01,0.000000000000000000e+00
4.962016880566627819e+00,1.292649591439016987e+01,0.000000000000000000e+00
4.807350260904532213e+00,1.320808628924448591e+01,0.000000000000000000e+00
4.642502958728101703e+00,1.348280759238033788e+01,0.000000000000000000e+00
4.467936940229018106e+00,1.375089596608002296e+01,0.000000000000000000e+00
4.283704946497644883e+00,1.401136754106528848e+01,0.000000000000000000e+00
4.090053310187617086e+00,1.426371099002761866e+01,0.000000000000000000e+00
3.887214288488026526e+00,1.450728122454501978e+01,0.000000000000000000e+00
3.675520964727581941e+00,1.474170940614066261e+01,0.000000000000000000e+00
3.455504718067137215e+00,1.496743531978288111e+01,0.000000000000000000e+00
3.227416904981176948e+00,1.518380274701419808e+01,0.000000000000000000e+00
2.991570446495038116e+00,1.539029575457413657e+01,0.000000000000000000e+00
2.748434646919665436e+00,1.558714744548291264e+01,0.000000000000000000e+00
2.498402883319548629e+00,1.577429498882728787e+01,0.000000000000000000e+00
2.241872147169527096e+00,1.595174919742652797e+01,0.000000000000000000e+00
1.979219489056890380e+00,1.611944917587818438e+01,0.000000000000000000e+00
1.710808313612525167e+00,1.627725380702349511e+01,0.000000000000000000e+00
1.436763747309479866e+00,1.642228477845874579e+01,0.000000000000000000e+00
1.157820579746599465e+00,1.655760569610885113e+01,0.000000000000000000e+00
8.743339728497947494e-01,1.668328604667133774e+01,0.000000000000000000e+00
5.865504301690495081e-01,1.679660668152395075e+01,0.000000000000000000e+00
2.949668546678542724e-01,1.689863978626707919e+01,0.000000000000000000e+00
1.040415780612257060e-15,1.699127914002037087e+01,0.000000000000000000e+00
-2.979693274948666537e-01,1.707065133932413303e+01,0.000000000000000000e+00
-5.985211740077781561e-01,1.713940393407474971e+01,0.000000000000000000e+00
-9.013039114114093087e-01,1.719790313082517841e+01,0.000000000000000000e+00
-1.205724016509995833e+00,1.724265675781166607e+01,0.000000000000000000e+00
-1.511653433315003570e+00,1.727827780643923461e+01,0.000000000000000000e+00
-1.818370308493127530e+00,1.730063782774075065e+01,0.000000000000000000e+00
-2.125675429449983334e+00,1.731223709087435125e+01,0.000000000000000000e+00
-2.433167179613312747e+00,1.731288407931955931e+01,0.000000000000000000e+00
-2.740127487652379568e+00,1.730048407556794032e+01,0.000000000000000000e+00
-3.046745874571203938e+00,1.727895448745093177e+01,0.000000000000000000e+00
-3.351788575570519235e+00,1.724345737713472460e+01,0.000000000000000000e+00
-3.655598967806600985e+00,1.719824097212129388e+01,0.000000000000000000e+00
-3.957446513481906347e+00,1.714158409691681939e+01,0.000000000000000000e+00
-4.256689081066181934e+00,1.707264740633045363e+01,0.000000000000000000e+00
-4.553654086826322889e+00,1.699446841212949266e+01,0.000000000000000000e+00
-4.847013033295519691e+00,1.690354326179993905e+01,0.000000000000000000e+00
-5.136912031333804585e+00,1.680208216861086612e+01,0.000000000000000000e+00
-5.423294228039305942e+00,1.669118336289415083e+01,0.000000000000000000e+00
-5.704851731299562800e+00,1.656809245356794236e+01,0.000000000000000000e+00
-5.981729020783997264e+00,1.643466541390044355e+01,0.000000000000000000e+00
-6.253788670809780292e+00,1.629167647923254236e+01,0.000000000000000000e+00
-6.520670624380415781e+00,1.613922613786179383e+01,0.000000000000000000e+00
-6.781058383147374968e+00,1.597517243472673343e+01,0.000000000000000000e+00
-7.035367955357787473e+00,1.580169514568090250e+01,0.000000000000000000e+00
-7.283250197925042357e+00,1.561898045325287221e+01,0.000000000000000000e+00
-7.524328191085611905e+00,1.542715899548622360e+01,0.000000000000000000e+00
-7.758204748887565394e+00,1.522633414402668528e+01,0.000000000000000000e+00
-7.984502914798278006e+00,1.501666594449604553e+01,0.000000000000000000e+00
-8.202862686413926241e+00,1.479835601622476737e+01,0.000000000000000000e+00
-8.412950933893313277e+00,1.457165845908726176e+01,0.000000000000000000e+00
-8.614471189125081807e+00,1.433688765136054322e+01,0.000000000000000000e+00
-8.807165785805894487e+00,1.409441151001413495e+01,0.000000000000000000e+00
-8.990852028341720370e+00,1.384469803328468984e+01,0.000000000000000000e+00
-9.165345078428300596e+00,1.358818287622814225e+01,0.000000000000000000e+00
-9.330096578287317755e+00,1.332475883099245451e+01,0.000000000000000000e+00
-9.484195708572226380e+00,1.305387550348910608e+01,0.000000000000000000e+00
-9.628287121321857711e+00,1.277716856542465429e+01,0.000000000000000000e+00
-9.762577997986618072e+00,1.249553001715523415e+01,0.000000000000000000e+00
-9.886143018394482951e+00,1.220836990251420318e+01,0.000000000000000000e+00
-9.998242536180978135e+00,1.191544146212192601e+01,0.000000000000000000e+00
-1.009852083434404513e+01,1.161701932749254418e+01,0.000000000000000000e+00
-1.018776875327760933e+01,1.131466347557591412e+01,0.000000000000000000e+00
-1.026722842941101987e+01,1.101025450637624736e+01,0.000000000000000000e+00
-1.033920224541724409e+01,1.070655734554107674e+01,0.000000000000000000e+00
-1.040673163768227028e+01,1.040673163768227205e+01,0.000000000000000000e+00
-1.047288936576313212e+01,1.011355170031382933e+01,0.000000000000000000e+00
-1.053870650429173317e+01,9.827502803629142747e+00,0.000000000000000000e+00
-1.060377408428699830e+01,9.547681070312643570e+00,0.000000000000000000e+00
-1.066760477092925186e+01,9.273207351633905304e+00,0.000000000000000000e+00
-1.072995330595873398e+01,9.003499861579413732e+00,0.000000000000000000e+00
-1.079099613945841618e+01,8.738376376002387147e+00,0.000000000000000000e+00
-1.085093795402553418e+01,8.477681857596358839e+00,0.000000000000000000e+00
-1.090996272057851790e+01,8.221246594562439114e+00,0.000000000000000000e+00
-1.096815341974440372e+01,7.968829913131745712e+00,0.000000000000000000e+00
-1.102553755466746921e+01,7.720164508592407770e+00,0.000000000000000000e+00
-1.108212680899524116e+01,7.474988917395076093e+00,0.000000000000000000e+00
-1.113793420557788671e+01,7.233059045636565543e+00,0.000000000000000000e+00
-1.119301754024569817e+01,6.994173616283064554e+00,0.000000000000000000e+00
-1.124743644380649243e+01,6.758141624098715106e+00,0.000000000000000000e+00
-1.130124007525963137e+01,6.524773999627733190e+00,0.000000000000000000e+00
-1.135447180959836722e+01,6.293886498525677275e+00,0.000000000000000000e+00
-1.140717912451290772e+01,6.065304729155441166e+00,0.000000000000000000e+00
-1.145940297498468929e+01,5.838857451766870099e+00,0.000000000000000000e+00
-1.151117532088297679e+01,5.614375336689713336e+00,0.000000000000000000e+00
-1.156252409362977573e+01,5.391693532461249383e+00,0.000000000000000000e+00
-1.161349081767662561e+01,5.170659248596924051e+00,0.000000000000000000e+00
-1.166411567614688849e+01,4.951123357880019782e+00,0.000000000000000000e+00
-1.171443144882010934e+01,4.732937526071459011e+00,0.000000000000000000e+00
-1.176446498300634680e+01,4.515954998409670296e+00,0.000000000000000000e+00
-1.181425116825887578e+01,4.300035765390939346e+00,0.000000000000000000e+00
-1.186382763791535844e+01,4.085043455043360972e+00,0.000000000000000000e+00
-1.191322574297104886e+01,3.870841689560193810e+00,0.000000000000000000e+00
-1.196247058110735750e+01,3.657294282691127663e+00,0.000000000000000000e+00
-1.201159002161969624e+01,3.444268014325988503e+00,0.000000000000000000e+00
-1.206062088517087716e+01,3.231633626399472270e+00,0.000000000000000000e+00
-1.210959559381179140e+01,3.019261284643675047e+00,0.000000000000000000e+00
-1.215854077156658342e+01,2.807020314657988180e+00,0.000000000000000000e+00
-1.220748014827967509e+01,2.594780006973378850e+00,0.000000000000000000e+00
-1.225644812571471931e+01,2.382412175606839710e+00,0.000000000000000000e+00
-1.230547929243486038e+01,2.169788009805575957e+00,0.000000000000000000e+00
-1.235460268043761900e+01,1.956776830973129711e+00,0.000000000000000000e+00
-1.240384213019529724e+01,1.743246326494334753e+00,0.000000000000000000e+00
-1.245322781224538211e+01,1.529064108750389561e+00,0.000000000000000000e+00
-1.250279743365987706e+01,1.314096962946486924e+00,0.000000000000000000e+00
-1.255258371327027334e+01,1.098208772871297034e+00,0.000000000000000000e+00
-1.260261358785321306e+01,8.812605903545436270e-01,0.000000000000000000e+00
-1.265291439190668044e+01,6.631111447382604940e-01,0.000000000000000000e+00
-1.270352643011842986e+01,4.436169181984928045e-01,0.000000000000000000e+00
-1.275448744722615579e+01,2.226304065174677660e-01,0.000000000000000000e+00
-1.280582888757373716e+01,1.568261735759588890e-15,0.000000000000000000e+00
-1.285757883345170605e+01,-2.244298733575772475e-01,0.000000000000000000e+00
-1.290977981150368592e+01,-4.508194449867377052e-01,0.000000000000000000e+00
-1.296247613743784477e+01,-6.793345883725276924e-01,0.000000000000000000e+00
-1.301570492211618202e+01,-9.101467504010407605e-01,0.000000000000000000e+00
-1.306949801335747807e+01,-1.143432914143361678e+00,0.000000000000000000e+00
-1.312390222345921309e+01,-1.379377706898191835e+00,0.000000000000000000e+00
-1.317896937428797877e+01,-1.618173967774774402e+00,0.000000000000000000e+00
-1.323474277604382010e+01,-1.860021796816644812e+00,0.000000000000000000e+00
-1.329126010733293306e+01,-2.105128793307760926e+00,0.000000000000000000e+00
-1.334857852492347341e+01,-2.353714548049612887e+00,0.000000000000000000e+00
-1.340675959832759645e+01,-2.606010075257991332e+00,0.000000000000000000e+00
-1.346585421839954755e+01,-2.862255672612773250e+00,0.000000000000000000e+00
-1.352591080886346120e+01,-3.122702561768008866e+00,0.000000000000000000e+00
-1.358699998713648505e+01,-3.387619571423058140e+00,0.000000000000000000e+00
-1.364918767192273918e+01,-3.657288814032534585e+00,0.000000000000000000e+00
-1.371252761894412409e+01,-3.932004021822438133e+00,0.000000000000000000e+00
-1.377709759130722666e+01,-4.212081435112827954e+00,0.000000000000000000e+00
-1.384300011838616307e+01,-4.497863393418116473e+00,0.000000000000000000e+00
-1.391032242031413269e+01,-4.789708119076486526e+00,0.000000000000000000e+00
-1.397913715917029798e+01,-5.087989826662586701e+00,0.000000000000000000e+00
-1.404950666503254197e+01,-5.393100318696362194e+00,0.000000000000000000e+00
-1.412147468569860465e+01,-5.705446120489513717e+00,0.000000000000000000e+00
-1.419513941633100806e+01,-6.025479194816817596e+00,0.000000000000000000e+00
-1.427081290945513459e+01,-6.353775269960795669e+00,0.000000000000000000e+00
-1.434881851256167096e+01,-6.690963957883719893e+00,0.000000000000000000e+00
-1.442875407779987107e+01,-7.037373576145560250e+00,0.000000000000000000e+00
-1.450868934197830029e+01,-7.392546458546520149e+00,0.000000000000000000e+00
-1.458656787542975586e+01,-7.755815714936341365e+00,0.000000000000000000e+00
-1.466121900946748902e+01,-8.126846402279225501e+00,0.000000000000000000e+00
-1.473236998258460595e+01,-8.505737775246387855e+00,0.000000000000000000e+00
-1.479978126717685072e+01,-8.892605733668373702e+00,0.000000000000000000e+00
-1.486316642212290695e+01,-9.287537169512415147e+00,0.000000000000000000e+00
-1.492219430233367028e+01,-9.690586287104114405e+00,0.000000000000000000e+00
-1.497652783558467071e+01,-1.010179557782952919e+01,0.000000000000000000e+00
-1.502582560555464397e+01,-1.052119635683384047e+01,0.000000000000000000e+00
-1.506973996986830855e+01,-1.094880697409154990e+01,0.000000000000000000e+00
-1.510791919681856577e+01,-1.138463369938838454e+01,0.000000000000000000e+00
-1.514000881737860382e+01,-1.182867127420286657e+01,0.000000000000000000e+00
-1.516565195862238369e+01,-1.228090280908499921e+01,0.000000000000000000e+00
-1.518448967833778163e+01,-1.274129968870844642e+01,0.000000000000000000e+00
-1.519616130229167972e+01,-1.320982148579830984e+01,0.000000000000000000e+00
-1.520030476392443752e+01,-1.368641588399728803e+01,0.000000000000000000e+00
-1.519684747241537259e+01,-1.417128952976032252e+01,0.000000000000000000e+00
-1.518574259873256693e+01,-1.466470116470564911e+01,0.000000000000000000e+00
-1.516288561406206803e+01,-1.516288561406206270e+01,0.000000000000000000e+00
-1.512337222702258366e+01,-1.566071038782028069e+01,0.000000000000000000e+00
-1.506264692296526775e+01,-1.615271125033751076e+01,0.000000000000000000e+00
-1.497651741657993796e+01,-1.663310767141105728e+01,0.000000000000000000e+00
-1.486291202418446566e+01,-1.709782443192707646e+01,0.000000000000000000e+00
-1.472583435528054707e+01,-1.754956599685282725e+01,0.000000000000000000e+00
-1.456712110376614966e+01,-1.798889642994253890e+01,0.000000000000000000e+00
-1.438418381774052079e+01,-1.841091571344408351e+01,0.000000000000000000e+00
-1.417983475552634154e+01,-1.881727628375434591e+01,0.000000000000000000e+00
-1.395508045347248682e+01,-1.920752043488019112e+01,0.000000000000000000e+00
-1.371075770212172529e+01,-1.958099128320922233e+01,0.000000000000000000e+00
-1.344601455776009580e+01,-1.993453636538922424e+01,0.000000000000000000e+00
-1.316191345863286877e+01,-2.026756939170838123e+01,0.000000000000000000e+00
-1.286239663440979974e+01,-2.058413746026739588e+01,0.000000000000000000e+00
-1.254427205673930068e+01,-2.087717460505414024e+01,0.000000000000000000e+00
-1.221198764466539366e+01,-2.115178306196381897e+01,0.000000000000000000e+00
-1.186285854956248187e+01,-2.140116333744062871e+01,0.000000000000000000e+00
-1.150171802064510373e+01,-2.163158547837807788e+01,0.000000000000000000e+00
-1.112708200245279855e+01,-2.183812803363113630e+01,0.000000000000000000e+00
-1.073945615355484939e+01,-2.201914820810590001e+01,0.000000000000000000e+00
-1.034133378123519442e+01,-2.217706186115817246e+01,0.000000000000000000e+00
-9.933510964381348174e+00,-2.231103091998124910e+01,0.000000000000000000e+00
-9.516834680886365305e+00,-2.242025749811967827e+01,0.000000000000000000e+00
-9.092271378398525172e+00,-2.250416135636743320e+01,0.000000000000000000e+00
-8.660868021422805541e+00,-2.256233257336475617e+01,0.000000000000000000e+00
-8.223715364015587781e+00,-2.259447226665488984e+01,0.000000000000000000e+00
-7.781927208857137401e+00,-2.260035764924435853e+01,0.000000000000000000e+00
-7.336628189596553717e+00,-2.257981979749718349e+01,0.000000000000000000e+00
-6.888943759721598781e+00,-2.253271973507533943e+01,0.000000000000000000e+00
-6.439992112426672577e+00,-2.245892151109833179e+01,0.000000000000000000e+00
-5.990880999168854970e+00,-2.235827227099718328e+01,0.000000000000000000e+00
-5.542711447732603602e+00,-2.223060139465678020e+01,0.000000000000000000e+00
-5.096586821734249817e+00,-2.207574285953643667e+01,0.000000000000000000e+00
-4.653622358101720202e+00,-2.189357186406742528e+01,0.000000000000000000e+00
-4.214873941293819648e+00,-2.168364666149174980e+01,0.000000000000000000e+00
-3.781596292235445134e+00,-2.144649830128862078e+01,0.000000000000000000e+00
-3.354982845907961586e+00,-2.118252802506015442e+01,0.000000000000000000e+00
-2.936071936979614438e+00,-2.089123736312664548e+01,0.000000000000000000e+00
-2.525941811926748937e+00,-2.057214517323734526e+01,0.000000000000000000e+00
-2.125819453326524222e+00,-2.022582104282479065e+01,0.000000000000000000e+00
-1.736941579943694247e+00,-1.985333310559732922e+01,0.000000000000000000e+00
-1.360570113278469107e+00,-1.945705910885204659e+01,0.000000000000000000e+00
-9.977130869875795449e-01,-1.903749978794510156e+01,0.000000000000000000e+00
-6.489443195992838920e-01,-1.858333390255453921e+01,0.000000000000000000e+00
-3.161716262610801964e-01,-1.811346033723210880e+01,0.000000000000000000e+00
-3.234986846073262529e-15,-1.761044816255368062e+01,0.000000000000000000e+00
2.983881668189508618e-01,-1.709464662813071456e+01,0.000000000000000000e+00
5.776567592099998150e-01,-1.654192526732560253e+01,0.000000000000000000e+00
8.369972303965600435e-01,-1.597085856044666841e+01,0.000000000000000000e+00
1.075314357427943568e+00,-1.537771174662768026e+01,0.000000000000000000e+00
1.291983769987933295e+00,-1.476744206528090864e+01,0.000000000000000000e+00
1.489266446308999292e+00,-1.416942373962879742e+01,0.000000000000000000e+00
1.671125192900626777e+00,-1.361022249549855090e+01,0.000000000000000000e+00
1.840079409692161994e+00,-1.309284531850621569e+01,0.000000000000000000e+00
1.997340352930652374e+00,-1.261071067863750805e+01,0.000000000000000000e+00
2.144208926846815633e+00,-1.216041310428837185e+01,0.000000000000000000e+00
2.281781776833370134e+00,-1.173874960357596464e+01,0.000000000000000000e+00
2.410970405257832017e+00,-1.134272396163746066e+01,0.000000000000000000e+00
2.532594893222074095e+00,-1.096987367932667468e+01,0.000000000000000000e+00
2.647374313426495540e+00,-1.061803842022354871e+01,0.000000000000000000e+00
2.755928004301775758e+00,-1.028526333405614857e+01,0.000000000000000000e+00
2.858816183905707575e+00,-9.969876852038906279e+00,0.000000000000000000e+00
2.956522749679244555e+00,-9.670350177396288771e+00,0.000000000000000000e+00
3.049490815705331315e+00,-9.385367680263438928e+00,0.000000000000000000e+00
3.138106766698706362e+00,-9.113723807154499923e+00,0.000000000000000000e+00
3.222716901941433676e+00,-8.854341917378837579e+00,0.000000000000000000e+00
3.303643977695892797e+00,-8.606286799937100440e+00,0.000000000000000000e+00
3.381156848190789432e+00,-8.368656864295504150e+00,0.000000000000000000e+00
3.455520487434470045e+00,-8.140696115474950645e+00,0.000000000000000000e+00
3.526968371595046836e+00,-7.921700662999555220e+00,0.000000000000000000e+00
3.595696449939616901e+00,-7.710995920947156357e+00,0.000000000000000000e+00
3.661907443999397493e+00,-7.508022899939786221e+00,0.000000000000000000e+00
3.725779493590177793e+00,-7.312253975315744725e+00,0.000000000000000000e+00
3.787457767581984491e+00,-7.123172059872982409e+00,0.000000000000000000e+00
3.847093144988153579e+00,-6.940339752535956030e+00,0.000000000000000000e+00
3.904830357892171033e+00,-6.763364574806600693e+00,0.000000000000000000e+00
3.960787087611114199e+00,-6.591856683870041422e+00,0.000000000000000000e+00
4.015064900905199075e+00,-6.425446997259378179e+00,0.000000000000000000e+00
4.067780009192541790e+00,-6.263831916660963728e+00,0.000000000000000000e+00
4.119036964839968284e+00,-6.106723431932918444e+00,0.000000000000000000e+00
4.168920627071953433e+00,-5.953835683818896385e+00,0.000000000000000000e+00
4.217502302166852957e+00,-5.804893918248012596e+00,0.000000000000000000e+00
4.264867648668089650e+00,-5.659670528061409023e+00,0.000000000000000000e+00
4.311098456915249955e+00,-5.517954395489165442e+00,0.000000000000000000e+00
4.356262422219715269e+00,-5.379536078319621772e+00,0.000000000000000000e+00
4.400413431142755627e+00,-5.244208515464194420e+00,0.000000000000000000e+00
4.443604630710790815e+00,-5.111782381350678861e+00,0.000000000000000000e+00
4.485901990148841278e+00,-4.982098890556490467e+00,0.000000000000000000e+00
4.527364073998779048e+00,-4.855003571846159716e+00,0.000000000000000000e+00
4.568039495792624471e+00,-4.730343372485851461e+00,0.000000000000000000e+00
4.607967066677824519e+00,-4.607967066677827184e+00,0.000000000000000000e+00
4.647183040624499384e+00,-4.487732496804889948e+00,0.000000000000000000e+00
4.685736786305026769e+00,-4.369520242899639584e+00,0.000000000000000000e+00
4.723674554007981641e+00,-4.253215672375580958e+00,0.000000000000000000e+00
4.761035553331897319e+00,-4.138705064782959298e+00,0.000000000000000000e+00
4.797852055404286276e+00,-4.025875890132894597e+00,0.000000000000000000e+00
4.834149780580881739e+00,-3.914617306387549345e+00,0.000000000000000000e+00
4.869958618015458818e+00,-3.804828669937993624e+00,0.000000000000000000e+00
4.905316756095283282e+00,-3.696421308592701571e+00,0.000000000000000000e+00
4.940258215105990836e+00,-3.589307692602360156e+00,0.000000000000000000e+00
4.974811997541872977e+00,-3.483400861854927033e+00,0.000000000000000000e+00
5.009002157725653603e+00,-3.378614616268043491e+00,0.000000000000000000e+00
5.042847927814661624e+00,-3.274863735663172015e+00,0.000000000000000000e+00
5.076370891237854899e+00,-3.172068588859174199e+00,0.000000000000000000e+00
5.109602818249493694e+00,-3.070159112358360254e+00,0.000000000000000000e+00
5.142573533336179281e+00,-2.969066213799091525e+00,0.000000000000000000e+00
5.175309241590405840e+00,-2.868720756680725792e+00,0.000000000000000000e+00
5.207832558365565134e+00,-2.769053689796699746e+00,0.000000000000000000e+00
5.240162542842630167e+00,-2.669996175065761257e+00,0.000000000000000000e+00
5.272315417350617928e+00,-2.571480046240119499e+00,0.000000000000000000e+00
5.304311290541492419e+00,-2.473440976017520221e+00,0.000000000000000000e+00
5.336171572921207584e+00,-2.375816653992492533e+00,0.000000000000000000e+00
5.367914720946904694e+00,-2.278544614602769691e+00,0.000000000000000000e+00
5.399556189302053610e+00,-2.181562308348572454e+00,0.000000000000000000e+00
5.431108447058260680e+00,-2.084807203202718284e+00,0.000000000000000000e+00
5.462580996767925079e+00,-1.988216885091726116e+00,0.000000000000000000e+00
5.493985567268932613e+00,-1.891730937825579550e+00,0.000000000000000000e+00
5.525358258621269059e+00,-1.795297726969204311e+00,0.000000000000000000e+00
5.556741875323986335e+00,-1.698866480232679388e+00,0.000000000000000000e+00
5.588177155270988017e+00,-1.602384014076735808e+00,0.000000000000000000e+00
5.619702670717838799e+00,-1.505794792321867970e+00,0.000000000000000000e+00
5.651354735478801850e+00,-1.409040989555282231e+00,0.000000000000000000e+00
5.683167307347286368e+00,-1.312062556111207368e+00,0.000000000000000000e+00
5.715156496425195520e+00,-1.214794014286232793e+00,0.000000000000000000e+00
5.747287024739491379e+00,-1.117159428572059632e+00,0.000000000000000000e+00
5.779510628058250887e+00,-1.019083659017995691e+00,0.000000000000000000e+00
5.811775626976514175e+00,-9.204948299704578396e-01,0.000000000000000000e+00
5.844027071491125547e+00,-8.213244426507376739e-01,0.000000000000000000e+00
5.876206888768377823e+00,-7.215074826120467799e-01,0.000000000000000000e+00
5.908254033946210626e+00,-6.209825219932642026e-01,0.000000000000000000e+00
5.940104643810808938e+00,-5.196918164911433768e-01,0.000000000000000000e+00
5.971692193185410780e+00,-4.175813969774075374e-01,0.000000000000000000e+00
6.002947653867531486e+00,-3.146011556915428442e-01,0.000000000000000000e+00
6.033799655948987706e+00,-2.107049269447804907e-01,0.000000000000000000e+00
6.064174651351748047e+00,-1.058505622753962844e-01,0.000000000000000000e+00
6.093997079411066053e+00,-1.492598803462816227e-15,0.000000000000000000e+00
