5.742894744616366509e+00,0.000000000000000000e+00,0.000000000000000000e+00
5.752606757120919845e+00,1.004121244520488759e-01,0.000000000000000000e+00
5.761785964745829602e+00,2.012059995356764164e-01,0.000000000000000000e+00
5.770973118237049171e+00,3.024438854289313028e-01,0.000000000000000000e+00
5.780217095158937113e+00,4.041921538058430574e-01,0.000000000000000000e+00
5.789513578264730675e+00,5.065168054275712706e-01,0.000000000000000000e+00
5.798868354618988974e+00,6.094856238185604180e-01,0.000000000000000000e+00
5.808287974261590492e+00,7.131680885173304896e-01,0.000000000000000000e+00
5.817778910237753287e+00,8.176355041587830552e-01,0.000000000000000000e+00
5.827347824812886934e+00,9.229612238093930499e-01,0.000000000000000000e+00
5.837001585380002133e+00,1.029220865940579044e+00,0.000000000000000000e+00
5.846747292126648787e+00,1.136492546093696321e+00,0.000000000000000000e+00
5.856592286574282546e+00,1.244857119537402301e+00,0.000000000000000000e+00
5.866544192941218760e+00,1.354398445982515797e+00,0.000000000000000000e+00
5.876610921210700944e+00,1.465203664471888212e+00,0.000000000000000000e+00
5.886800720324048442e+00,1.577363499013780146e+00,0.000000000000000000e+00
5.897122182544515034e+00,1.690972575100550213e+00,0.000000000000000000e+00
5.907584291773692264e+00,1.806129771298448761e+00,0.000000000000000000e+00
5.918196455014994584e+00,1.922938594410135149e+00,0.000000000000000000e+00
5.928968528402844385e+00,2.041507582654490172e+00,0.000000000000000000e+00
5.939910871768703693e+00,2.161950751518017189e+00,0.000000000000000000e+00
5.951034387028617090e+00,2.284388072439317519e+00,0.000000000000000000e+00
5.962350560739297478e+00,2.408945994161628690e+00,0.000000000000000000e+00
5.973871519483235026e+00,2.535758015292438827e+00,0.000000000000000000e+00
5.985610090076568746e+00,2.664965311174299245e+00,0.000000000000000000e+00
5.997579858925234042e+00,2.796717418613012818e+00,0.000000000000000000e+00
6.009795239583539228e+00,2.931172988952870817e+00,0.000000000000000000e+00
6.022271548867964341e+00,3.068500617914459383e+00,0.000000000000000000e+00
6.035025090285011551e+00,3.208879760818208027e+00,0.000000000000000000e+00
6.048073245999138869e+00,3.352501744106652470e+00,0.000000000000000000e+00
6.061434578624981029e+00,3.499570885644438079e+00,0.000000000000000000e+00
6.075128944048716839e+00,3.650305737993360999e+00,0.000000000000000000e+00
6.089177616248511171e+00,3.804940470725990398e+00,0.000000000000000000e+00
6.103603426832659551e+00,3.963726411251475401e+00,0.000000000000000000e+00
6.118430926892895805e+00,4.126933769901361515e+00,0.000000000000000000e+00
6.133686556709708526e+00,4.294853564023696002e+00,0.000000000000000000e+00
6.149398837335403378e+00,4.467799776990891480e+00,0.000000000000000000e+00
6.165598608545079351e+00,4.646111802777296518e+00,0.000000000000000000e+00
6.182319255571999683e+00,4.830157172854113057e+00,0.000000000000000000e+00
6.199597011759915510e+00,5.020334672366657536e+00,0.000000000000000000e+00
6.217471264546584386e+00,5.217077844936374831e+00,0.000000000000000000e+00
6.235984921774755385e+00,5.420858989720754195e+00,0.000000000000000000e+00
6.255184814393905945e+00,5.632193704710705795e+00,0.000000000000000000e+00
6.275123550136662232e+00,5.851647377880158984e+00,0.000000000000000000e+00
6.295660927726002498e+00,6.079649087896489945e+00,0.000000000000000000e+00
6.313569386924003268e+00,6.313569386924002380e+00,0.000000000000000000e+00
6.327316946330030945e+00,6.552128502885524952e+00,0.000000000000000000e+00
6.337415994474874026e+00,6.796046614884811099e+00,0.000000000000000000e+00
6.342899149222046340e+00,7.044503175425444574e+00,0.000000000000000000e+00
6.343401192249493725e+00,7.297248325891903420e+00,0.000000000000000000e+00
6.339192269349533504e+00,7.554755161142749031e+00,0.000000000000000000e+00
6.329831954991340659e+00,7.816691482563512317e+00,0.000000000000000000e+00
6.315097789027583453e+00,8.082956571546869640e+00,0.000000000000000000e+00
6.294864459317208727e+00,8.353567283539264920e+00,0.000000000000000000e+00
6.269000594961083195e+00,8.628539078327465361e+00,0.000000000000000000e+00
6.237368728639665072e+00,8.907885717122336899e+00,0.000000000000000000e+00
6.199825269893889157e+00,9.191618956743647928e+00,0.000000000000000000e+00
6.156220489464380385e+00,9.479748241243662221e+00,0.000000000000000000e+00
6.106398041444040636e+00,9.772279633791541187e+00,0.000000000000000000e+00
6.050017408995004509e+00,1.006891984165383036e+01,0.000000000000000000e+00
5.986318909006764777e+00,1.036860850071000506e+01,0.000000000000000000e+00
5.914545932734590394e+00,1.067012331339956432e+01,0.000000000000000000e+00
5.833983607464324983e+00,1.097212736895482088e+01,0.000000000000000000e+00
5.743620811857535813e+00,1.127249054498962089e+01,0.000000000000000000e+00
5.642362901563163113e+00,1.156855833265945499e+01,0.000000000000000000e+00
5.529726798399494214e+00,1.185853738769488075e+01,0.000000000000000000e+00
5.406232652773486969e+00,1.214259734641099264e+01,0.000000000000000000e+00
5.272458270281664916e+00,1.242113328975007214e+01,0.000000000000000000e+00
5.128862417208763347e+00,1.269437994181433815e+01,0.000000000000000000e+00
4.975362060591756119e+00,1.296126129694000007e+01,0.000000000000000000e+00
4.811843807858543265e+00,1.322043220803388941e+01,0.000000000000000000e+00
4.638997021462495596e+00,1.347262561123711855e+01,0.000000000000000000e+00
4.457282916478551904e+00,1.371810625257853822e+01,0.000000000000000000e+00
4.266921145796312764e+00,1.395647020259321458e+01,0.000000000000000000e+00
4.068104580102589019e+00,1.418716667170512480e+01,0.000000000000000000e+00
3.861093923970343234e+00,1.440979869705280692e+01,0.000000000000000000e+00
3.646168656979116296e+00,1.462398372986783990e+01,0.000000000000000000e+00
3.423643695924154962e+00,1.482943007104051958e+01,0.000000000000000000e+00
3.193928242661911998e+00,1.502625097794082798e+01,0.000000000000000000e+00
2.957276453703923114e+00,1.521386845623694661e+01,0.000000000000000000e+00
2.714081431880069228e+00,1.539232068158343125e+01,0.000000000000000000e+00
2.464701084679977061e+00,1.556151020661942219e+01,0.000000000000000000e+00
2.209495211864772823e+00,1.572137533225548545e+01,0.000000000000000000e+00
1.948822718827359024e+00,1.587188734883733510e+01,0.000000000000000000e+00
1.683029198538785298e+00,1.601295318199614570e+01,0.000000000000000000e+00
1.412479541393838689e+00,1.614471503471193969e+01,0.000000000000000000e+00
1.137358372874224033e+00,1.626498250475121665e+01,0.000000000000000000e+00
8.581830181131084867e-01,1.637510747170331626e+01,0.000000000000000000e+00
5.753417907701193768e-01,1.647563324473932411e+01,0.000000000000000000e+00
2.891740760541645638e-01,1.656677172175331592e+01,0.000000000000000000e+00
1.019248637500987254e-15,1.664559345944688218e+01,0.000000000000000000e+00
-2.917498308980696620e-01,1.671433661793099645e+01,0.000000000000000000e+00
-5.857481286585247693e-01,1.677363177225936042e+01,0.000000000000000000e+00
-8.815767245398019591e-01,1.682148598166368103e+01,0.000000000000000000e+00
-1.178829157036715758e+00,1.685804234846312255e+01,0.000000000000000000e+00
-1.477268394720964162e+00,1.688525501687689712e+01,0.000000000000000000e+00
-1.776388653642783755e+00,1.690120906310320237e+01,0.000000000000000000e+00
-2.075745694305924705e+00,1.690559203080411521e+01,0.000000000000000000e+00
-2.375233975444447587e+00,1.690066791245571309e+01,0.000000000000000000e+00
-2.674243699068833635e+00,1.688451020560604476e+01,0.000000000000000000e+00
-2.972318669112904210e+00,1.685685683025032233e+01,0.000000000000000000e+00
-3.269453882917453758e+00,1.681988210339271106e+01,0.000000000000000000e+00
-3.565014419388421896e+00,1.677207417817961854e+01,0.000000000000000000e+00
-3.858424079050672528e+00,1.671267081116504727e+01,0.000000000000000000e+00
-4.149784190245567217e+00,1.664387530852540209e+01,0.000000000000000000e+00
-4.438719326148824251e+00,1.656552604572529575e+01,0.000000000000000000e+00
-4.724097206444709762e+00,1.647488483186377550e+01,0.000000000000000000e+00
-5.006339475194318211e+00,1.637499858145985954e+01,0.000000000000000000e+00
-5.285018573124498076e+00,1.626561465617071889e+01,0.000000000000000000e+00
-5.559813016188670964e+00,1.614686943945876862e+01,0.000000000000000000e+00
-5.829594812199024645e+00,1.601668011108663237e+01,0.000000000000000000e+00
-6.094773789110700335e+00,1.587742854979469165e+01,0.000000000000000000e+00
-6.354935721369096235e+00,1.572901785826625165e+01,0.000000000000000000e+00
-6.609746115812916933e+00,1.557158602443221973e+01,0.000000000000000000e+00
-6.858834057210738244e+00,1.540519351860196906e+01,0.000000000000000000e+00
-7.101841812849036373e+00,1.522994891601891432e+01,0.000000000000000000e+00
-7.338415691788132023e+00,1.504598188397899072e+01,0.000000000000000000e+00
-7.568212783905940100e+00,1.485345391759218003e+01,0.000000000000000000e+00
-7.790905183057446948e+00,1.465256156678004373e+01,0.000000000000000000e+00
-8.006185674196254709e+00,1.444354129381998675e+01,0.000000000000000000e+00
-8.213773023405686047e+00,1.422667219837728503e+01,0.000000000000000000e+00
-8.413422802753723673e+00,1.400228694696301091e+01,0.000000000000000000e+00
-8.604912105185881899e+00,1.377073796129228711e+01,0.000000000000000000e+00
-8.788135532195731514e+00,1.353254200328222545e+01,0.000000000000000000e+00
-8.962830221855464075e+00,1.328794225432929998e+01,0.000000000000000000e+00
-9.128436317454911020e+00,1.303675813144555917e+01,0.000000000000000000e+00
-9.284423766518774102e+00,1.277891301422931924e+01,0.000000000000000000e+00
-9.430979699548236894e+00,1.251533277309269288e+01,0.000000000000000000e+00
-9.568239760991447795e+00,1.224678841689810938e+01,0.000000000000000000e+00
-9.695819114408051220e+00,1.197333945466070837e+01,0.000000000000000000e+00
-9.812981201414656240e+00,1.169465560084536193e+01,0.000000000000000000e+00
-9.919083000972308994e+00,1.141059971292151154e+01,0.000000000000000000e+00
-1.001499164159561950e+01,1.112277505306585823e+01,0.000000000000000000e+00
-1.010222772076352094e+01,1.083331290929076651e+01,0.000000000000000000e+00
-1.018298468514628929e+01,1.054478932633409904e+01,0.000000000000000000e+00
-1.026001020962391408e+01,1.026001020962391586e+01,0.000000000000000000e+00
-1.033590882473234274e+01,9.981271129473395121e+00,0.000000000000000000e+00
-1.041117917180975461e+01,9.708581642194804573e+00,0.000000000000000000e+00
-1.048539594188115842e+01,9.441092912133960624e+00,0.000000000000000000e+00
-1.055815091053871946e+01,9.178060562393627109e+00,0.000000000000000000e+00
-1.062947490171982423e+01,8.919188469641261108e+00,0.000000000000000000e+00
-1.069957618782394881e+01,8.664345958853337137e+00,0.000000000000000000e+00
-1.076864853262732780e+01,8.413390315444386758e+00,0.000000000000000000e+00
-1.083679127427767064e+01,8.166107954850554407e+00,0.000000000000000000e+00
-1.090403765606204267e+01,7.922247084100969339e+00,0.000000000000000000e+00
-1.097040598594938920e+01,7.681560968582682669e+00,0.000000000000000000e+00
-1.103593168844116867e+01,7.443829915144791087e+00,0.000000000000000000e+00
-1.110068226461570973e+01,7.208867352314383581e+00,0.000000000000000000e+00
-1.116471819471160742e+01,6.976490222579719180e+00,0.000000000000000000e+00
-1.122809185238382668e+01,6.746518220921656983e+00,0.000000000000000000e+00
-1.129085622941247635e+01,6.518778883432655213e+00,0.000000000000000000e+00
-1.135305847127784062e+01,6.293103072301844847e+00,0.000000000000000000e+00
-1.141473687536480952e+01,6.069323256565545499e+00,0.000000000000000000e+00
-1.147593136896847632e+01,5.847279089140879904e+00,0.000000000000000000e+00
-1.153669034337135990e+01,5.626819844655288172e+00,0.000000000000000000e+00
-1.159705603476709790e+01,5.407796041064540482e+00,0.000000000000000000e+00
-1.165706408622089185e+01,5.190059317665483896e+00,0.000000000000000000e+00
-1.171675528160041502e+01,4.973467544730251433e+00,0.000000000000000000e+00
-1.177617243088141130e+01,4.757882502033043970e+00,0.000000000000000000e+00
-1.183535188844097163e+01,4.543165931960978732e+00,0.000000000000000000e+00
-1.189432575362638289e+01,4.329180530985920150e+00,0.000000000000000000e+00
-1.195313417926780453e+01,4.115794163278403417e+00,0.000000000000000000e+00
-1.201181677548099813e+01,3.902875857894615663e+00,0.000000000000000000e+00
-1.207040718265429824e+01,3.690293813436405390e+00,0.000000000000000000e+00
-1.212893707454739101e+01,3.477916740285399211e+00,0.000000000000000000e+00
-1.218744667055065989e+01,3.265616493171428214e+00,0.000000000000000000e+00
-1.224597378739460574e+01,3.053264187281038655e+00,0.000000000000000000e+00
-1.230455063311915787e+01,2.840729347281125250e+00,0.000000000000000000e+00
-1.236321001701279876e+01,2.627881412420615792e+00,0.000000000000000000e+00
-1.242199311011375862e+01,2.414590860850523768e+00,0.000000000000000000e+00
-1.248093745178956304e+01,2.200726017285255409e+00,0.000000000000000000e+00
-1.254007521103733502e+01,1.986152793927741023e+00,0.000000000000000000e+00
-1.259944240208106869e+01,1.770736151973175465e+00,0.000000000000000000e+00
-1.265908220907219395e+01,1.554339850474701690e+00,0.000000000000000000e+00
-1.271903300989227148e+01,1.336824237823625916e+00,0.000000000000000000e+00
-1.277932836384110082e+01,1.118046359311391402e+00,0.000000000000000000e+00
-1.284001007962830343e+01,8.978609701909494589e-01,0.000000000000000000e+00
-1.290112418900679536e+01,6.761192690005717321e-01,0.000000000000000000e+00
-1.296271069948297061e+01,4.526678323248590208e-01,0.000000000000000000e+00
-1.302480725175406562e+01,2.273488562568854732e-01,0.000000000000000000e+00
-1.308746421133594673e+01,1.602752115536810651e-15,0.000000000000000000e+00
-1.315073076746166869e+01,-2.295468593995537432e-01,0.000000000000000000e+00
-1.321464921701044659e+01,-4.614657192215254056e-01,0.000000000000000000e+00
-1.327926770330402384e+01,-6.959369308351712746e-01,0.000000000000000000e+00
-1.334464505240909915e+01,-9.331484850327073088e-01,0.000000000000000000e+00
-1.341083323864304333e+01,-1.173295876817915806e+00,0.000000000000000000e+00
-1.347788108444641431e+01,-1.416582384382466753e+00,0.000000000000000000e+00
-1.354585473902448811e+01,-1.663221826185648622e+00,0.000000000000000000e+00
-1.361481871543193201e+01,-1.913437986588545803e+00,0.000000000000000000e+00
-1.368482937026537627e+01,-2.167464040746256426e+00,0.000000000000000000e+00
-1.375595701156890627e+01,-2.425546366605385806e+00,0.000000000000000000e+00
-1.382827734831891497e+01,-2.687944825808339377e+00,0.000000000000000000e+00
-1.390185572813938997e+01,-2.954930654406013435e+00,0.000000000000000000e+00
-1.397677541236331500e+01,-3.226792857220564414e+00,0.000000000000000000e+00
-1.405313551683006601e+01,-3.503840212095806983e+00,0.000000000000000000e+00
-1.413102220835211753e+01,-3.786395988954210257e+00,0.000000000000000000e+00
-1.421051953588514571e+01,-4.074800906150459312e+00,0.000000000000000000e+00
-1.429170698165936670e+01,-4.369413314710212326e+00,0.000000000000000000e+00
-1.437466186231220178e+01,-4.670610765753221649e+00,0.000000000000000000e+00
-1.445957642938200927e+01,-4.978831441108609646e+00,0.000000000000000000e+00
-1.454669027125564362e+01,-5.294562265826802339e+00,0.000000000000000000e+00
-1.463610493954673153e+01,-5.618274299296191820e+00,0.000000000000000000e+00
-1.472756842521326703e+01,-5.950323886567939979e+00,0.000000000000000000e+00
-1.482068015608536626e+01,-6.291005485355668725e+00,0.000000000000000000e+00
-1.491405189266973430e+01,-6.640163716796632087e+00,0.000000000000000000e+00
-1.500562723810862487e+01,-6.997238896549289322e+00,0.000000000000000000e+00
-1.509398966484564397e+01,-7.361830651021526783e+00,0.000000000000000000e+00
-1.517905577132149908e+01,-7.734115214783588321e+00,0.000000000000000000e+00
-1.526088084175815140e+01,-8.114354279024777128e+00,0.000000000000000000e+00
-1.533926026255638320e+01,-8.502690806124778788e+00,0.000000000000000000e+00
-1.541380271081201769e+01,-8.899163144323104291e+00,0.000000000000000000e+00
-1.548411639644358928e+01,-9.303795763061891932e+00,0.000000000000000000e+00
-1.554986832480754089e+01,-9.716636142397863551e+00,0.000000000000000000e+00
-1.561075696631092313e+01,-1.013774410948324878e+01,0.000000000000000000e+00
-1.566647588627734855e+01,-1.056717141420056905e+01,0.000000000000000000e+00
-1.571670383510374158e+01,-1.100495450114909701e+01,0.000000000000000000e+00
-1.576108858445886263e+01,-1.145110114426917391e+01,0.000000000000000000e+00
-1.579927051211512889e+01,-1.190560428307400365e+01,0.000000000000000000e+00
-1.583088767921008255e+01,-1.236844499860911917e+01,0.000000000000000000e+00
-1.585557617385329188e+01,-1.283959242269358292e+01,0.000000000000000000e+00
-1.587297045722319311e+01,-1.331900365634384187e+01,0.000000000000000000e+00
-1.588270371192220942e+01,-1.380662369743852658e+01,0.000000000000000000e+00
-1.588440819235704637e+01,-1.430238537767602480e+01,0.000000000000000000e+00
-1.587801556818331861e+01,-1.480648905525959691e+01,0.000000000000000000e+00
-1.586346793921307885e+01,-1.531917291840997919e+01,0.000000000000000000e+00
-1.583645357054104608e+01,-1.583645357054103897e+01,0.000000000000000000e+00
-1.579182510860193211e+01,-1.635291361003635657e+01,0.000000000000000000e+00
-1.572480306059881983e+01,-1.686278677348653332e+01,0.000000000000000000e+00
-1.563101988760204009e+01,-1.736000630671483336e+01,0.000000000000000000e+00
-1.550910920380140468e+01,-1.784118925219372187e+01,0.000000000000000000e+00
-1.536235774189796466e+01,-1.830814502962436663e+01,0.000000000000000000e+00
-1.519213212964333692e+01,-1.876072076860133464e+01,0.000000000000000000e+00
-1.499792285306168438e+01,-1.919646585605365630e+01,0.000000000000000000e+00
-1.477986905713652988e+01,-1.961354869650076438e+01,0.000000000000000000e+00
-1.453896513344482422e+01,-2.001116875203421230e+01,0.000000000000000000e+00
-1.427680409756568025e+01,-2.038938931458606163e+01,0.000000000000000000e+00
-1.399508462482941162e+01,-2.074856621580486760e+01,0.000000000000000000e+00
-1.369588212348228673e+01,-2.108980903048485089e+01,0.000000000000000000e+00
-1.337439342068986114e+01,-2.140350359610943087e+01,0.000000000000000000e+00
-1.303932766629571383e+01,-2.170108549866140990e+01,0.000000000000000000e+00
-1.268455517067901717e+01,-2.197029402702654721e+01,0.000000000000000000e+00
-1.231566674960100016e+01,-2.221805095428861421e+01,0.000000000000000000e+00
-1.193329959320745282e+01,-2.244327236385187518e+01,0.000000000000000000e+00
-1.153682004568756980e+01,-2.264228422178882383e+01,0.000000000000000000e+00
-1.112739658410616173e+01,-2.281454396316917865e+01,0.000000000000000000e+00
-1.070703722127455215e+01,-2.296131541917672791e+01,0.000000000000000000e+00
-1.027674694578899306e+01,-2.308195155634992801e+01,0.000000000000000000e+00
-9.837588149166725415e+00,-2.317590531521413766e+01,0.000000000000000000e+00
-9.390685304560456359e+00,-2.324276174188717192e+01,0.000000000000000000e+00
-8.937189155037577493e+00,-2.328217373688839587e+01,0.000000000000000000e+00
-8.478237806378935204e+00,-2.329376692979262842e+01,0.000000000000000000e+00
-8.014490196826304924e+00,-2.327576960864919897e+01,0.000000000000000000e+00
-7.547505146085821792e+00,-2.322883233485382704e+01,0.000000000000000000e+00
-7.078699835547998198e+00,-2.315338389256539386e+01,0.000000000000000000e+00
-6.609348964931809789e+00,-2.304953904468818493e+01,0.000000000000000000e+00
-6.140655945086488821e+00,-2.291723997886267128e+01,0.000000000000000000e+00
-5.673761982247493840e+00,-2.275621637981878465e+01,0.000000000000000000e+00
-5.209787226206206157e+00,-2.256606768046592393e+01,0.000000000000000000e+00
-4.749561357510277304e+00,-2.234492936935816232e+01,0.000000000000000000e+00
-4.294716064766709529e+00,-2.209439877844781108e+01,0.000000000000000000e+00
-3.846560207787716124e+00,-2.181492697449139229e+01,0.000000000000000000e+00
-3.406319720172330090e+00,-2.150665629270549317e+01,0.000000000000000000e+00
-2.975220860087104846e+00,-2.116979642526963090e+01,0.000000000000000000e+00
-2.554503983969757641e+00,-2.080476539709102113e+01,0.000000000000000000e+00
-2.145406237027923435e+00,-2.041217684144593392e+01,0.000000000000000000e+00
-1.748770392137381169e+00,-1.998853704765071271e+01,0.000000000000000000e+00
-1.365997659170510525e+00,-1.953467663124712317e+01,0.000000000000000000e+00
-9.987369834097405974e-01,-1.905703689553043034e+01,0.000000000000000000e+00
-6.479798870666008126e-01,-1.855571616827434056e+01,0.000000000000000000e+00
-3.144946085316368545e-01,-1.801738405585819791e+01,0.000000000000000000e+00
-3.208188795349045700e-15,-1.746456636902826176e+01,0.000000000000000000e+00
2.945819411141387123e-01,-1.687658810354400885e+01,0.000000000000000000e+00
5.679671789171333307e-01,-1.626445199185392809e+01,0.000000000000000000e+00
8.191639188939818794e-01,-1.563057870607114097e+01,0.000000000000000000e+00
1.047189075477393372e+00,-1.497550147607693738e+01,0.000000000000000000e+00
1.253428755798342786e+00,-1.432675623656018082e+01,0.000000000000000000e+00
1.442217842710806774e+00,-1.372178617793334254e+01,0.000000000000000000e+00
1.616666977043595965e+00,-1.316669591970947195e+01,0.000000000000000000e+00
1.778077642876117137e+00,-1.265167982416900472e+01,0.000000000000000000e+00
1.928072136223784483e+00,-1.217336837048568121e+01,0.000000000000000000e+00
2.067892892915487391e+00,-1.172760336850830143e+01,0.000000000000000000e+00
2.198597662935231067e+00,-1.131080443635636357e+01,0.000000000000000000e+00
2.321130262831763602e+00,-1.092005932253994516e+01,0.000000000000000000e+00
2.436309223536887725e+00,-1.055281462404599679e+01,0.000000000000000000e+00
2.544830512245340959e+00,-1.020675769759388274e+01,0.000000000000000000e+00
2.647324620971686304e+00,-9.879949989594372539e+00,0.000000000000000000e+00
2.744328352664878068e+00,-9.570610335725614704e+00,0.000000000000000000e+00
2.836337945524264104e+00,-9.277243396023967748e+00,0.000000000000000000e+00
2.923768558227433978e+00,-8.998434358167207492e+00,0.000000000000000000e+00
3.007011989903071392e+00,-8.732996930378131850e+00,0.000000000000000000e+00
3.086409703834461116e+00,-8.479840968470801599e+00,0.000000000000000000e+00
3.162255947098448594e+00,-8.237958387549108252e+00,0.000000000000000000e+00
3.234842249524862989e+00,-8.006515524674586715e+00,0.000000000000000000e+00
3.304410389873979614e+00,-7.784703034637210806e+00,0.000000000000000000e+00
3.371173606124274968e+00,-7.571779890570418559e+00,0.000000000000000000e+00
3.435352118542950528e+00,-7.367136392602527728e+00,0.000000000000000000e+00
3.497130289242747825e+00,-7.170179666537721985e+00,0.000000000000000000e+00
3.556659145578064063e+00,-6.980336603612483870e+00,0.000000000000000000e+00
3.614102571821896870e+00,-6.797138355301690638e+00,0.000000000000000000e+00
3.669612309836340902e+00,-6.620155850276630893e+00,0.000000000000000000e+00
3.723310217796247379e+00,-6.448962469563441324e+00,0.000000000000000000e+00
3.775299691910030120e+00,-6.283153816970096450e+00,0.000000000000000000e+00
3.825702225266782719e+00,-6.122403368923619915e+00,0.000000000000000000e+00
3.874628683409572449e+00,-5.966404957373432794e+00,0.000000000000000000e+00
3.922168939849649760e+00,-5.814854582134081795e+00,0.000000000000000000e+00
3.968394023345466426e+00,-5.667454014408148666e+00,0.000000000000000000e+00
4.013384761892562658e+00,-5.523950226163431232e+00,0.000000000000000000e+00
4.057229063016821513e+00,-5.384124818204306884e+00,0.000000000000000000e+00
4.100000845514964354e+00,-5.247761774201422647e+00,0.000000000000000000e+00
4.141759614819499724e+00,-5.114647171392308955e+00,0.000000000000000000e+00
4.182552117366388877e+00,-4.984571512083915579e+00,0.000000000000000000e+00
4.222435177490751812e+00,-4.857356029724000379e+00,0.000000000000000000e+00
4.261473651890961278e+00,-4.732845969404969821e+00,0.000000000000000000e+00
4.299722948546004453e+00,-4.610888351795801476e+00,0.000000000000000000e+00
4.337228627749098564e+00,-4.491331721874465721e+00,0.000000000000000000e+00
4.374026549621374826e+00,-4.374026549621376603e+00,0.000000000000000000e+00
4.410147708688960222e+00,-4.258830137522070736e+00,0.000000000000000000e+00
4.445637858694730937e+00,-4.145624370737565734e+00,0.000000000000000000e+00
4.480542971432567967e+00,-4.034299012128143680e+00,0.000000000000000000e+00
4.514902257286548704e+00,-3.924744654795742971e+00,0.000000000000000000e+00
4.548748259554401763e+00,-3.816852986910395540e+00,0.000000000000000000e+00
4.582106959893804010e+00,-3.710517054513721824e+00,0.000000000000000000e+00
4.614999018270292019e+00,-3.605632399317189929e+00,0.000000000000000000e+00
4.647454417528951609e+00,-3.502108098997063657e+00,0.000000000000000000e+00
4.679509241358235982e+00,-3.399862474040862725e+00,0.000000000000000000e+00
4.711195163997427215e+00,-3.298814367808131198e+00,0.000000000000000000e+00
4.742539262838110226e+00,-3.198883124243907083e+00,0.000000000000000000e+00
4.773564081382832391e+00,-3.099988761064909504e+00,0.000000000000000000e+00
4.804287697647145805e+00,-3.002052140014727755e+00,0.000000000000000000e+00
4.834725246252287612e+00,-2.904996004291326539e+00,0.000000000000000000e+00
4.864900944210171829e+00,-2.808751869720610639e+00,0.000000000000000000e+00
4.894842564081519853e+00,-2.713255538706665693e+00,0.000000000000000000e+00
4.924574620783086942e+00,-2.618442772791116813e+00,0.000000000000000000e+00
4.954118330979266460e+00,-2.524249369440801249e+00,0.000000000000000000e+00
4.983491641834617347e+00,-2.430611278568334921e+00,0.000000000000000000e+00
5.012709263255624492e+00,-2.337464717560597371e+00,0.000000000000000000e+00
5.041782928453168999e+00,-2.244746384846225684e+00,0.000000000000000000e+00
5.070729960172254636e+00,-2.152397167892655006e+00,0.000000000000000000e+00
5.099576226680919255e+00,-2.060362536224583874e+00,0.000000000000000000e+00
5.128345832690391681e+00,-1.968587524393596189e+00,0.000000000000000000e+00
5.157060361504205659e+00,-1.877016467901631014e+00,0.000000000000000000e+00
5.185738860920287685e+00,-1.785593085124149937e+00,0.000000000000000000e+00
5.214397831420995999e+00,-1.694260559422837042e+00,0.000000000000000000e+00
5.243051216651215540e+00,-1.602961621389437097e+00,0.000000000000000000e+00
5.271711485124598084e+00,-1.511638943411189651e+00,0.000000000000000000e+00
5.300395912513297780e+00,-1.420236804323161461e+00,0.000000000000000000e+00
5.329122397848755632e+00,-1.328699444362493542e+00,0.000000000000000000e+00
5.357906453750150177e+00,-1.236970171197279811e+00,0.000000000000000000e+00
5.386761163528213991e+00,-1.144991431457168085e+00,0.000000000000000000e+00
5.415697149629591145e+00,-1.052704886141260010e+00,0.000000000000000000e+00
5.444722544108246076e+00,-9.600514869979193122e-01,0.000000000000000000e+00
5.473843140431284837e+00,-8.669715822215126044e-01,0.000000000000000000e+00
5.503078848779599852e+00,-7.734072948405629200e-01,0.000000000000000000e+00
5.532477158432335784e+00,-6.793027786034622206e-01,0.000000000000000000e+00
5.562086447703017633e+00,-5.845988425674083500e-01,0.000000000000000000e+00
5.591952708121252336e+00,-4.892324689337005927e-01,0.000000000000000000e+00
5.622119374419686899e+00,-3.931368842190138269e-01,0.000000000000000000e+00
5.652627156381300644e+00,-2.962416363809590725e-01,0.000000000000000000e+00
5.683513872728793714e+00,-1.984726778527118041e-01,0.000000000000000000e+00
5.714130977378480303e+00,-9.974052721848106207e-02,0.000000000000000000e+00
5.743497239007322896e+00,-1.406751101932395676e-15,0.000000000000000000e+00
