5.831947684543124844e+00,0.000000000000000000e+00,0.000000000000000000e+00
5.835869783384993070e+00,1.018654859816081337e-01,0.000000000000000000e+00
5.839790623558296367e+00,2.039299822453489730e-01,0.000000000000000000e+00
5.843721741601941133e+00,3.062564792253836821e-01,0.000000000000000000e+00
5.847665463440675282e+00,4.089086031705767565e-01,0.000000000000000000e+00
5.851624155035887398e+00,5.119507767801040332e-01,0.000000000000000000e+00
5.855600346195326544e+00,6.154483964082901881e-01,0.000000000000000000e+00
5.859596587856718664e+00,7.194679941081452146e-01,0.000000000000000000e+00
5.863615492118860573e+00,8.240774156362582481e-01,0.000000000000000000e+00
5.867659718447122863e+00,9.293460005210737451e-01,0.000000000000000000e+00
5.871731998305022238e+00,1.035344774790405875e+00,0.000000000000000000e+00
5.875835131510568132e+00,1.142146649305290973e+00,0.000000000000000000e+00
5.879971999858173426e+00,1.249826631005857003e+00,0.000000000000000000e+00
5.884145574477768648e+00,1.358462045099169790e+00,0.000000000000000000e+00
5.888358923703113312e+00,1.468132770470718329e+00,0.000000000000000000e+00
5.892615223948567404e+00,1.578921490564357821e+00,0.000000000000000000e+00
5.896917771229501781e+00,1.690913961099173246e+00,0.000000000000000000e+00
5.901269985765576820e+00,1.804199294219648975e+00,0.000000000000000000e+00
5.905675437347922774e+00,1.918870269153222896e+00,0.000000000000000000e+00
5.910137836820208435e+00,2.035023655565247669e+00,0.000000000000000000e+00
5.914661075282523051e+00,2.152760577175768297e+00,0.000000000000000000e+00
5.919249217222072090e+00,2.272186888903091173e+00,0.000000000000000000e+00
5.923906524538709917e+00,2.393413595309636044e+00,0.000000000000000000e+00
5.928637481818476829e+00,2.516557305468271721e+00,0.000000000000000000e+00
5.933446801569984608e+00,2.641740718811143029e+00,0.000000000000000000e+00
5.938339449305293449e+00,2.769093161934995440e+00,0.000000000000000000e+00
5.943320672767584689e+00,2.898751176405931496e+00,0.000000000000000000e+00
5.948396020399463247e+00,3.030859156064908078e+00,0.000000000000000000e+00
5.953571367744467935e+00,3.165570048299464201e+00,0.000000000000000000e+00
5.958852948449549380e+00,3.303046125601605709e+00,0.000000000000000000e+00
5.964247387356247820e+00,3.443459834603651348e+00,0.000000000000000000e+00
5.969761736396387519e+00,3.586994732378177009e+00,0.000000000000000000e+00
5.975403514111954806e+00,3.733846521259855056e+00,0.000000000000000000e+00
5.981180749625302440e+00,3.884224195093449961e+00,0.000000000000000000e+00
5.987102031758815279e+00,4.038351311625918427e+00,0.000000000000000000e+00
5.993176563705164384e+00,4.196467407728119881e+00,0.000000000000000000e+00
5.999414223144233560e+00,4.358829576234529490e+00,0.000000000000000000e+00
6.005825627208296602e+00,4.525714225593966411e+00,0.000000000000000000e+00
6.012422212390429621e+00,4.697419055030361612e+00,0.000000000000000000e+00
6.019216322961835175e+00,4.874265270681255480e+00,0.000000000000000000e+00
6.026221291725449625e+00,5.056600063279495849e+00,0.000000000000000000e+00
6.033451569494881817e+00,5.244799432618398427e+00,0.000000000000000000e+00
6.040922825224792625e+00,5.439271343123536440e+00,0.000000000000000000e+00
6.048652100265821119e+00,5.640459334296130223e+00,0.000000000000000000e+00
6.056657959092209609e+00,5.848846603941268540e+00,0.000000000000000000e+00
6.064960666980862669e+00,6.064960666980861781e+00,0.000000000000000000e+00
6.073582415169800797e+00,6.289378704213667959e+00,0.000000000000000000e+00
6.082546837306578524e+00,6.522732905587168339e+00,0.000000000000000000e+00
6.091829426995057695e+00,6.765661999825461237e+00,0.000000000000000000e+00
6.099225204683404122e+00,7.016355983993883605e+00,0.000000000000000000e+00
6.102473958140430810e+00,7.272645263326466214e+00,0.000000000000000000e+00
6.100677652422122677e+00,7.533709485913012927e+00,0.000000000000000000e+00
6.093704779155429740e+00,7.799586441134965575e+00,0.000000000000000000e+00
6.081337968021589546e+00,8.070208058986635180e+00,0.000000000000000000e+00
6.063451425633742176e+00,8.345624917897444206e+00,0.000000000000000000e+00
6.039911003129511791e+00,8.625886860019178926e+00,0.000000000000000000e+00
6.010574120543005883e+00,8.911042589469850839e+00,0.000000000000000000e+00
5.975289705544880370e+00,9.201139266210518031e+00,0.000000000000000000e+00
5.933898146712785149e+00,9.496222095997167045e+00,0.000000000000000000e+00
5.886231217325743614e+00,9.796333843366349825e+00,0.000000000000000000e+00
5.831847882524776594e+00,1.010105683454588466e+01,0.000000000000000000e+00
5.769468144059461068e+00,1.040839605440045723e+01,0.000000000000000000e+00
5.697769900209833871e+00,1.071594664477835934e+01,0.000000000000000000e+00
5.615641084605969446e+00,1.102131618779401201e+01,0.000000000000000000e+00
5.522558547928385408e+00,1.132292300616414593e+01,0.000000000000000000e+00
5.418330476788288053e+00,1.161964720508034077e+01,0.000000000000000000e+00
5.303249619358886946e+00,1.191129366627359509e+01,0.000000000000000000e+00
5.178002868800174241e+00,1.219861030870507257e+01,0.000000000000000000e+00
5.042256732323657786e+00,1.248002334972409777e+01,0.000000000000000000e+00
4.895523841517187336e+00,1.275327562548421056e+01,0.000000000000000000e+00
4.739126865149519752e+00,1.302064404992907320e+01,0.000000000000000000e+00
4.573627304143075278e+00,1.328277816712746251e+01,0.000000000000000000e+00
4.398761385798898083e+00,1.353799550103547134e+01,0.000000000000000000e+00
4.214506134596771147e+00,1.378502842596332201e+01,0.000000000000000000e+00
4.021418554565772574e+00,1.402435315192250442e+01,0.000000000000000000e+00
3.819926266803880921e+00,1.425615890887899262e+01,0.000000000000000000e+00
3.610307148566031632e+00,1.448015107567680282e+01,0.000000000000000000e+00
3.392854118808890540e+00,1.469606576058634140e+01,0.000000000000000000e+00
3.167874582461570387e+00,1.490367814370018174e+01,0.000000000000000000e+00
2.935708204380304220e+00,1.510290943256167573e+01,0.000000000000000000e+00
2.696466863523582003e+00,1.529242350030287234e+01,0.000000000000000000e+00
2.450609434619512861e+00,1.547253902970589579e+01,0.000000000000000000e+00
2.198586695190808626e+00,1.564375720299744010e+01,0.000000000000000000e+00
1.940733130258037509e+00,1.580600293706899784e+01,0.000000000000000000e+00
1.677409856265927868e+00,1.595948871161916038e+01,0.000000000000000000e+00
1.408731081820896902e+00,1.610186994573842512e+01,0.000000000000000000e+00
1.135205017734847610e+00,1.623418809157081810e+01,0.000000000000000000e+00
8.572702374707563688e-01,1.635769057950068373e+01,0.000000000000000000e+00
5.751764218706953979e-01,1.647089769905030110e+01,0.000000000000000000e+00
2.892750041905309266e-01,1.657255389081320729e+01,0.000000000000000000e+00
1.020477306397198940e-15,1.666565914527674508e+01,0.000000000000000000e+00
-2.923248765673151506e-01,1.674728096225800655e+01,0.000000000000000000e+00
-5.873045740095864664e-01,1.681820253555337885e+01,0.000000000000000000e+00
-8.846608810551577218e-01,1.688033519369952984e+01,0.000000000000000000e+00
-1.183806873182764230e+00,1.692922700578840534e+01,0.000000000000000000e+00
-1.484661073625956673e+00,1.696975372341848143e+01,0.000000000000000000e+00
-1.786579989153823433e+00,1.699817314343049546e+01,0.000000000000000000e+00
-2.089361492288607902e+00,1.701648380646840764e+01,0.000000000000000000e+00
-2.392641146765163818e+00,1.702452637222349452e+01,0.000000000000000000e+00
-2.695805202384428778e+00,1.702064417982355593e+01,0.000000000000000000e+00
-2.999002847696448537e+00,1.700819032712260892e+01,0.000000000000000000e+00
-3.301057724015900252e+00,1.698246977103581301e+01,0.000000000000000000e+00
-3.602494564531845356e+00,1.694840439752899286e+01,0.000000000000000000e+00
-3.902205980411964426e+00,1.690231106064177169e+01,0.000000000000000000e+00
-4.200244252866412786e+00,1.684625956559011328e+01,0.000000000000000000e+00
-4.496332707580983801e+00,1.678054211242595883e+01,0.000000000000000000e+00
-4.789456095545045144e+00,1.670281836574568146e+01,0.000000000000000000e+00
-5.080219379045595396e+00,1.661664885842516881e+01,0.000000000000000000e+00
-5.367437733931409660e+00,1.651927475053395611e+01,0.000000000000000000e+00
-5.651001328528241885e+00,1.641169952807224774e+01,0.000000000000000000e+00
-5.931086994367157139e+00,1.629552758984475247e+01,0.000000000000000000e+00
-6.206526477221260940e+00,1.616855425554165038e+01,0.000000000000000000e+00
-6.477233131216280526e+00,1.603171456958588337e+01,0.000000000000000000e+00
-6.743286235668025874e+00,1.588618683172526502e+01,0.000000000000000000e+00
-7.004343166445843316e+00,1.573201232888206036e+01,0.000000000000000000e+00
-7.259219456988115660e+00,1.556744636300865992e+01,0.000000000000000000e+00
-7.508173094413669091e+00,1.539403613871865417e+01,0.000000000000000000e+00
-7.751021407582002531e+00,1.521223604291575882e+01,0.000000000000000000e+00
-7.987409780193245545e+00,1.502213296317556157e+01,0.000000000000000000e+00
-8.216986155939036252e+00,1.482383542971818713e+01,0.000000000000000000e+00
-8.439411007894285888e+00,1.461748865162897637e+01,0.000000000000000000e+00
-8.654361241776063807e+00,1.440327584753745249e+01,0.000000000000000000e+00
-8.861538601928501180e+00,1.418142620509634000e+01,0.000000000000000000e+00
-9.060670653573135169e+00,1.395220928810024574e+01,0.000000000000000000e+00
-9.251544258083473693e+00,1.371597841550272179e+01,0.000000000000000000e+00
-9.433910313700426542e+00,1.347302021029513774e+01,0.000000000000000000e+00
-9.607839779980109185e+00,1.322405696794836416e+01,0.000000000000000000e+00
-9.772872609514525521e+00,1.296903998881218989e+01,0.000000000000000000e+00
-9.927780835675553917e+00,1.270698000686973472e+01,0.000000000000000000e+00
-1.007359892075890251e+01,1.243985866331973789e+01,0.000000000000000000e+00
-1.020999836492222812e+01,1.216780223177707398e+01,0.000000000000000000e+00
-1.033598419431383775e+01,1.189018967467434074e+01,0.000000000000000000e+00
-1.045200891385552033e+01,1.160813190483421842e+01,0.000000000000000000e+00
-1.055797279231359376e+01,1.132203966376902748e+01,0.000000000000000000e+00
-1.065293429190358054e+01,1.103143639008522925e+01,0.000000000000000000e+00
-1.073759227874890954e+01,1.073759227874891131e+01,0.000000000000000000e+00
-1.081462349872179907e+01,1.044356051648044215e+01,0.000000000000000000e+00
-1.088669642791637671e+01,1.015200865723301504e+01,0.000000000000000000e+00
-1.095504697542549266e+01,9.863968602145940068e+00,0.000000000000000000e+00
-1.102044610950136772e+01,9.579927647807970459e+00,0.000000000000000000e+00
-1.108365503684494513e+01,9.300290853512800382e+00,0.000000000000000000e+00
-1.114515901449393454e+01,9.025171817356588022e+00,0.000000000000000000e+00
-1.120531711981033496e+01,8.754553206157465794e+00,0.000000000000000000e+00
-1.126448603117809100e+01,8.488399071120596773e+00,0.000000000000000000e+00
-1.132288949015035229e+01,8.226560754499169903e+00,0.000000000000000000e+00
-1.138054094020708185e+01,7.968740555237213918e+00,0.000000000000000000e+00
-1.143741936641083434e+01,7.714636773342620657e+00,0.000000000000000000e+00
-1.149349311620377101e+01,7.463961702026050027e+00,0.000000000000000000e+00
-1.154879524334341312e+01,7.216488199041523721e+00,0.000000000000000000e+00
-1.160339811418980993e+01,6.972024973715319263e+00,0.000000000000000000e+00
-1.165736449696499477e+01,6.730382530364325433e+00,0.000000000000000000e+00
-1.171074762724887819e+01,6.491373409063092126e+00,0.000000000000000000e+00
-1.176359577088701514e+01,6.254814821633708277e+00,0.000000000000000000e+00
-1.181594970077581763e+01,6.020527082491360815e+00,0.000000000000000000e+00
-1.186784073824636998e+01,5.788332683952283730e+00,0.000000000000000000e+00
-1.191929391408133121e+01,5.558058031936393029e+00,0.000000000000000000e+00
-1.197034854910999790e+01,5.329542547205191383e+00,0.000000000000000000e+00
-1.202104675554060798e+01,5.102631612205164480e+00,0.000000000000000000e+00
-1.207142301942343110e+01,4.877171482997284535e+00,0.000000000000000000e+00
-1.212150525720874050e+01,4.653009918735151906e+00,0.000000000000000000e+00
-1.217132801260739328e+01,4.430001108079506977e+00,0.000000000000000000e+00
-1.222092910679102751e+01,4.208003351523553981e+00,0.000000000000000000e+00
-1.227033989840435169e+01,3.986875112464053572e+00,0.000000000000000000e+00
-1.231958530512209293e+01,3.766475210623074332e+00,0.000000000000000000e+00
-1.236869381334851603e+01,3.546665878841201547e+00,0.000000000000000000e+00
-1.241770231854659379e+01,3.327313308104643319e+00,0.000000000000000000e+00
-1.246664283851446697e+01,3.108283161086053070e+00,0.000000000000000000e+00
-1.251554137116876397e+01,2.889440397318885356e+00,0.000000000000000000e+00
-1.256442262811451727e+01,2.670650473201044317e+00,0.000000000000000000e+00
-1.261332205601355660e+01,2.451781440501520137e+00,0.000000000000000000e+00
-1.266227302430987578e+01,2.232700371282803076e+00,0.000000000000000000e+00
-1.271130314151380425e+01,2.013272633864185313e+00,0.000000000000000000e+00
-1.276043585831225080e+01,1.793362306693529140e+00,0.000000000000000000e+00
-1.280970469718051596e+01,1.572833966539185058e+00,0.000000000000000000e+00
-1.285914625374689990e+01,1.351550733169559759e+00,0.000000000000000000e+00
-1.290879138681959404e+01,1.129372906167805723e+00,0.000000000000000000e+00
-1.295866540094759145e+01,9.061581585309401721e-01,0.000000000000000000e+00
-1.300879962875321816e+01,6.817622996810066560e-01,0.000000000000000000e+00
-1.305923324266712804e+01,4.560384738061502019e-01,0.000000000000000000e+00
-1.310999992781703938e+01,2.288358999489732981e-01,0.000000000000000000e+00
-1.316112702502556431e+01,1.611773208436928492e-15,0.000000000000000000e+00
-1.321264704415849955e+01,-2.306276120294104004e-01,0.000000000000000000e+00
-1.326460816919502328e+01,-4.632103242748123462e-01,0.000000000000000000e+00
-1.331705401388070875e+01,-6.979172274597946757e-01,0.000000000000000000e+00
-1.337002084027986193e+01,-9.349229329790645915e-01,0.000000000000000000e+00
-1.342354257438855747e+01,-1.174407799616593140e+00,0.000000000000000000e+00
-1.347765709831917036e+01,-1.416558842491852932e+00,0.000000000000000000e+00
-1.353239560404616704e+01,-1.661569252207202529e+00,0.000000000000000000e+00
-1.358778120009594303e+01,-1.909638111614947231e+00,0.000000000000000000e+00
-1.364386930781089013e+01,-2.160976604178744154e+00,0.000000000000000000e+00
-1.370077511252177693e+01,-2.415816308956646008e+00,0.000000000000000000e+00
-1.375860947434534509e+01,-2.674402762928389521e+00,0.000000000000000000e+00
-1.381746318347250480e+01,-2.936992465281035969e+00,0.000000000000000000e+00
-1.387728565036905337e+01,-3.203823835833436995e+00,0.000000000000000000e+00
-1.393791429232525303e+01,-3.475112334304875983e+00,0.000000000000000000e+00
-1.399917479184495228e+01,-3.751067580176985938e+00,0.000000000000000000e+00
-1.406079451726940732e+01,-4.031867947929744567e+00,0.000000000000000000e+00
-1.412221577369972358e+01,-4.317594652199459482e+00,0.000000000000000000e+00
-1.418282676002495535e+01,-4.608279762591241280e+00,0.000000000000000000e+00
-1.424203754078316564e+01,-4.903926794799682298e+00,0.000000000000000000e+00
-1.429953149206338026e+01,-5.204603827063245092e+00,0.000000000000000000e+00
-1.435518621156617769e+01,-5.510439702856560373e+00,0.000000000000000000e+00
-1.440887658105800639e+01,-5.821564023569443691e+00,0.000000000000000000e+00
-1.446046384434534815e+01,-6.138102732634123093e+00,0.000000000000000000e+00
-1.450976192802219700e+01,-6.460162227353174025e+00,0.000000000000000000e+00
-1.455656297961718515e+01,-6.787836793811034219e+00,0.000000000000000000e+00
-1.460065373286694346e+01,-7.121214639885002917e+00,0.000000000000000000e+00
-1.464181561354600625e+01,-7.460377681906572356e+00,0.000000000000000000e+00
-1.467981938909094630e+01,-7.805398424266704716e+00,0.000000000000000000e+00
-1.471442242556633317e+01,-8.156337537391022963e+00,0.000000000000000000e+00
-1.474537718827606270e+01,-8.513247488953753717e+00,0.000000000000000000e+00
-1.477243224945204503e+01,-8.876172785948449828e+00,0.000000000000000000e+00
-1.479533251385867132e+01,-9.245149839217864596e+00,0.000000000000000000e+00
-1.481381944816884477e+01,-9.620206833897803733e+00,0.000000000000000000e+00
-1.482763131396471223e+01,-1.000136360586865614e+01,0.000000000000000000e+00
-1.483650340421418079e+01,-1.038863152430479175e+01,0.000000000000000000e+00
-1.484016828307202474e+01,-1.078201338040812374e+01,0.000000000000000000e+00
-1.483845032715964329e+01,-1.118157434128028171e+01,0.000000000000000000e+00
-1.483140883915282693e+01,-1.158756654687477905e+01,0.000000000000000000e+00
-1.481866143776812983e+01,-1.199991542562720426e+01,0.000000000000000000e+00
-1.479970203135991724e+01,-1.241842451604774844e+01,0.000000000000000000e+00
-1.477403520885588506e+01,-1.284287287108840125e+01,0.000000000000000000e+00
-1.474117715794569961e+01,-1.327301553072524598e+01,0.000000000000000000e+00
-1.470065656610946903e+01,-1.370858402402575038e+01,0.000000000000000000e+00
-1.465201550363273952e+01,-1.414928690015735491e+01,0.000000000000000000e+00
-1.459460636651537691e+01,-1.459460636651537335e+01,0.000000000000000000e+00
-1.452471767998072849e+01,-1.504078545686987844e+01,0.000000000000000000e+00
-1.443650746479115021e+01,-1.548125888727978072e+01,0.000000000000000000e+00
-1.432532985229019751e+01,-1.590989061300973262e+01,0.000000000000000000e+00
-1.419201643866178486e+01,-1.632604734579774330e+01,0.000000000000000000e+00
-1.403858804890849754e+01,-1.673053774223683376e+01,0.000000000000000000e+00
-1.386516801620845563e+01,-1.712205655809654203e+01,0.000000000000000000e+00
-1.367282963703670262e+01,-1.750042388232666823e+01,0.000000000000000000e+00
-1.346226477624125373e+01,-1.786502875859380524e+01,0.000000000000000000e+00
-1.323396063071841766e+01,-1.821498414834811186e+01,0.000000000000000000e+00
-1.298902087734960986e+01,-1.855024427551854416e+01,0.000000000000000000e+00
-1.272699516652910035e+01,-1.886854628034636150e+01,0.000000000000000000e+00
-1.244802644780408052e+01,-1.916827979561081108e+01,0.000000000000000000e+00
-1.215609349688541130e+01,-1.945381616131708569e+01,0.000000000000000000e+00
-1.184823274443060548e+01,-1.971877065866941336e+01,0.000000000000000000e+00
-1.152832810521532991e+01,-1.996765000455717498e+01,0.000000000000000000e+00
-1.119410833334334932e+01,-2.019470601103321883e+01,0.000000000000000000e+00
-1.084986905476534425e+01,-2.040563587683937641e+01,0.000000000000000000e+00
-1.049338718043730623e+01,-2.059443191865931766e+01,0.000000000000000000e+00
-1.012638649578504513e+01,-2.076216913362476291e+01,0.000000000000000000e+00
-9.750647772271596736e+00,-2.091033162708756521e+01,0.000000000000000000e+00
-9.366672287721419465e+00,-2.103789040733184379e+01,0.000000000000000000e+00
-8.975074404559480357e+00,-2.114395026942565536e+01,0.000000000000000000e+00
-8.576642980845338826e+00,-2.122793628833543522e+01,0.000000000000000000e+00
-8.172021002008399648e+00,-2.128884254878013493e+01,0.000000000000000000e+00
-7.762541239903393731e+00,-2.132740677421987385e+01,0.000000000000000000e+00
-7.349123835877047206e+00,-2.134340538554079458e+01,0.000000000000000000e+00
-6.932681650531718809e+00,-2.133660018431842431e+01,0.000000000000000000e+00
-6.514137829456773332e+00,-2.130678477664525516e+01,0.000000000000000000e+00
-6.094424519552312347e+00,-2.125378409638495114e+01,0.000000000000000000e+00
-5.674481228869638016e+00,-2.117745225273737830e+01,0.000000000000000000e+00
-5.255253626218966190e+00,-2.107767104493413157e+01,0.000000000000000000e+00
-4.837692570696401795e+00,-2.095434865717513517e+01,0.000000000000000000e+00
-4.422753099830899259e+00,-2.080741740025356989e+01,0.000000000000000000e+00
-4.011393790759624878e+00,-2.063683203589081572e+01,0.000000000000000000e+00
-3.604577943962877118e+00,-2.044257736099164546e+01,0.000000000000000000e+00
-3.203278435685751546e+00,-2.022470407523679725e+01,0.000000000000000000e+00
-2.808486133448019562e+00,-1.998341719967187657e+01,0.000000000000000000e+00
-2.421215579393010131e+00,-1.971921845538595264e+01,0.000000000000000000e+00
-2.042491215997724652e+00,-1.943300582355063355e+01,0.000000000000000000e+00
-1.673279388573289284e+00,-1.912567092852520290e+01,0.000000000000000000e+00
-1.314061416001248483e+00,-1.879195375105607368e+01,0.000000000000000000e+00
-9.661530533499601558e-01,-1.843529847223638640e+01,0.000000000000000000e+00
-6.307571398003448682e-01,-1.806252121533018951e+01,0.000000000000000000e+00
-3.082590831958826882e-01,-1.766015104862521312e+01,0.000000000000000000e+00
-3.167697900587229008e-15,-1.724414420436817252e+01,0.000000000000000000e+00
2.932290164360757956e-01,-1.679907910064847698e+01,0.000000000000000000e+00
5.706197717563049610e-01,-1.634041231225289792e+01,0.000000000000000000e+00
8.312237369227407635e-01,-1.586069374230701712e+01,0.000000000000000000e+00
1.073805363237575250e+00,-1.535613212432790498e+01,0.000000000000000000e+00
1.298015419689823924e+00,-1.483638413684545121e+01,0.000000000000000000e+00
1.504673806415651960e+00,-1.431601497896094166e+01,0.000000000000000000e+00
1.695448708630449275e+00,-1.380832163394851442e+01,0.000000000000000000e+00
1.871793217864401226e+00,-1.331850078895646838e+01,0.000000000000000000e+00
2.036478888536899401e+00,-1.285782166710361452e+01,0.000000000000000000e+00
2.190971831674710657e+00,-1.242561871627132852e+01,0.000000000000000000e+00
2.336275615655255766e+00,-1.201909610093273351e+01,0.000000000000000000e+00
2.473272424304490347e+00,-1.163583191632566738e+01,0.000000000000000000e+00
2.602727986191407439e+00,-1.127365347951226937e+01,0.000000000000000000e+00
2.725323608558431143e+00,-1.093067596692127452e+01,0.000000000000000000e+00
2.841657340730904924e+00,-1.060520957330882297e+01,0.000000000000000000e+00
2.952264417027935739e+00,-1.029576956998077364e+01,0.000000000000000000e+00
3.057619131393925382e+00,-1.000102154224702566e+01,0.000000000000000000e+00
3.158147341034478028e+00,-9.719778079475620558e+00,0.000000000000000000e+00
3.254229566403373131e+00,-9.450968905202962844e+00,0.000000000000000000e+00
3.346211560197777324e+00,-9.193640702361408401e+00,0.000000000000000000e+00
3.434398256620355028e+00,-8.946913342125139224e+00,0.000000000000000000e+00
3.519077412258405424e+00,-8.710022239235019725e+00,0.000000000000000000e+00
3.600494429410825425e+00,-8.482233319662743298e+00,0.000000000000000000e+00
3.678887699989379811e+00,-8.262917061240059979e+00,0.000000000000000000e+00
3.754467007353591956e+00,-8.051480480094586056e+00,0.000000000000000000e+00
3.827418624755955623e+00,-7.847371109669283307e+00,0.000000000000000000e+00
3.897928502925871452e+00,-7.650115429550282009e+00,0.000000000000000000e+00
3.966154083873595138e+00,-7.459250951182513134e+00,0.000000000000000000e+00
4.032239166440602318e+00,-7.274352016934682474e+00,0.000000000000000000e+00
4.096330160381761232e+00,-7.095051962357976194e+00,0.000000000000000000e+00
4.158550944614281875e+00,-6.920991013430915828e+00,0.000000000000000000e+00
4.219010184437527400e+00,-6.751827676531230615e+00,0.000000000000000000e+00
4.277825566842472504e+00,-6.587273711690988520e+00,0.000000000000000000e+00
4.335101620093903207e+00,-6.427052456487563958e+00,0.000000000000000000e+00
4.390924641380713922e+00,-6.270890274342701964e+00,0.000000000000000000e+00
4.445380112106959380e+00,-6.118540815926141185e+00,0.000000000000000000e+00
4.498554788576433872e+00,-5.969783836956061407e+00,0.000000000000000000e+00
4.550521328539399057e+00,-5.824401696580132182e+00,0.000000000000000000e+00
4.601339410033236987e+00,-5.682180953702713921e+00,0.000000000000000000e+00
4.651080685585082364e+00,-5.542942116491563986e+00,0.000000000000000000e+00
4.699826162146531594e+00,-5.406531536364139967e+00,0.000000000000000000e+00
4.747647404332900223e+00,-5.272796623248457770e+00,0.000000000000000000e+00
4.794605992080213319e+00,-5.141585442803669359e+00,0.000000000000000000e+00
4.840746158784611453e+00,-5.012739388786723538e+00,0.000000000000000000e+00
4.886089140332511072e+00,-4.886089140332513736e+00,0.000000000000000000e+00
4.930644046228708000e+00,-4.761467608012399211e+00,0.000000000000000000e+00
4.974409232722738494e+00,-4.638711654136422169e+00,0.000000000000000000e+00
5.017367285311029157e+00,-4.517657795421722966e+00,0.000000000000000000e+00
5.059427295619310705e+00,-4.398093049027285595e+00,0.000000000000000000e+00
5.100442689834912890e+00,-4.279779579881331841e+00,0.000000000000000000e+00
5.140250186235324925e+00,-4.162492527441032486e+00,0.000000000000000000e+00
5.178671121397415256e+00,-4.046021311553222866e+00,0.000000000000000000e+00
5.215517629729656157e+00,-3.930174433265307243e+00,0.000000000000000000e+00
5.250722953057488596e+00,-3.814873528170162675e+00,0.000000000000000000e+00
5.284354327823004738e+00,-3.700144734912775402e+00,0.000000000000000000e+00
5.316486259851728846e+00,-3.586015261945727506e+00,0.000000000000000000e+00
5.347194225361614706e+00,-3.472508532251711966e+00,0.000000000000000000e+00
5.376554527198470268e+00,-3.359644142915669818e+00,0.000000000000000000e+00
5.404644149596400382e+00,-3.247437829350177996e+00,0.000000000000000000e+00
5.431535212891643205e+00,-3.135898317275925162e+00,0.000000000000000000e+00
5.457273592562339459e+00,-3.025016148611474165e+00,0.000000000000000000e+00
5.481896132286289358e+00,-2.914775876925201903e+00,0.000000000000000000e+00
5.505438362217129900e+00,-2.805160956172556563e+00,0.000000000000000000e+00
5.527934474861218028e+00,-2.696153790846530285e+00,0.000000000000000000e+00
5.549417300734873493e+00,-2.587735785630511209e+00,0.000000000000000000e+00
5.569918285497750254e+00,-2.479887395528138860e+00,0.000000000000000000e+00
5.589467468570171071e+00,-2.372588176430888929e+00,0.000000000000000000e+00
5.608093463241229593e+00,-2.265816836084169505e+00,0.000000000000000000e+00
5.625823613411697011e+00,-2.159551352641740252e+00,0.000000000000000000e+00
5.642686336668008451e+00,-2.053769867847753172e+00,0.000000000000000000e+00
5.658710546915624917e+00,-1.948450296916513613e+00,0.000000000000000000e+00
5.673923816839295142e+00,-1.843569603016077529e+00,0.000000000000000000e+00
5.688352306018571447e+00,-1.739103826896002625e+00,0.000000000000000000e+00
5.702020735538585683e+00,-1.635028135416731976e+00,0.000000000000000000e+00
5.714952363973741178e+00,-1.531316870709099165e+00,0.000000000000000000e+00
5.727168964758977410e+00,-1.427943599928803042e+00,0.000000000000000000e+00
5.738690804962367054e+00,-1.324881165570565456e+00,0.000000000000000000e+00
5.749536625472058127e+00,-1.222101736306205666e+00,0.000000000000000000e+00
5.759723622609603133e+00,-1.119576858310673551e+00,0.000000000000000000e+00
5.769267431180987948e+00,-1.017277507039825446e+00,0.000000000000000000e+00
5.778182108975654430e+00,-9.151741394233593452e-01,0.000000000000000000e+00
5.786480122723122399e+00,-8.132367464363067233e-01,0.000000000000000000e+00
5.794172335515764161e+00,-7.114349060120587209e-01,0.000000000000000000e+00
5.801267995705522651e+00,-6.097378362598724344e-01,0.000000000000000000e+00
5.807774727281460159e+00,-5.081144489494935357e-01,0.000000000000000000e+00
5.813698521734074198e+00,-4.065334032255650820e-01,0.000000000000000000e+00
5.819043731411528420e+00,-3.049631595141830132e-01,0.000000000000000000e+00
5.823813064371965886e+00,-2.033720335839615256e-01,0.000000000000000000e+00
5.828047700663026021e+00,-1.017289510198226138e-01,0.000000000000000000e+00
5.831905559566900266e+00,-1.428404895290651664e-15,0.000000000000000000e+00
