7.725119959091213850e+00,0.000000000000000000e+00,0.000000000000000000e+00
7.712812544711927565e+00,1.346276437471178034e-01,0.000000000000000000e+00
7.701418990757773031e+00,2.689394773356206247e-01,0.000000000000000000e+00
7.690985117078335875e+00,4.030674504849962592e-01,0.000000000000000000e+00
7.681551323028964262e+00,5.371463947998699195e-01,0.000000000000000000e+00
7.673152464483560031e+00,6.713138541483166799e-01,0.000000000000000000e+00
7.665817735511064157e+00,8.057099107769500890e-01,0.000000000000000000e+00
7.659570554845467782e+00,9.404770072815179516e-01,0.000000000000000000e+00
7.654428457276375219e+00,1.075759764555360043e+00,0.000000000000000000e+00
7.650402990084131716e+00,1.211704795841634263e+00,0.000000000000000000e+00
7.647499614640488552e+00,1.348460517018706506e+00,0.000000000000000000e+00
7.645717613292593029e+00,1.486176953251513222e+00,0.000000000000000000e+00
7.645050001644900561e+00,1.625005542145037118e+00,0.000000000000000000e+00
7.645483446350278101e+00,1.765098933539325010e+00,0.000000000000000000e+00
7.646998188518042028e+00,1.906610786088624110e+00,0.000000000000000000e+00
7.649567972843351882e+00,2.049695560770356639e+00,0.000000000000000000e+00
7.653159982558641161e+00,2.194508311472649353e+00,0.000000000000000000e+00
7.657734780304183531e+00,2.341204472812083104e+00,0.000000000000000000e+00
7.663246255011113561e+00,2.489939645336167739e+00,0.000000000000000000e+00
7.669641574886441937e+00,2.640869378267838297e+00,0.000000000000000000e+00
7.676861146585603812e+00,2.794148949951868577e+00,0.000000000000000000e+00
7.684838580654329121e+00,2.949933146165808040e+00,0.000000000000000000e+00
7.693500663317264454e+00,3.108376036460349212e+00,0.000000000000000000e+00
7.702767334686980938e+00,3.269630748696603195e+00,0.000000000000000000e+00
7.712551673462580304e+00,3.433849241949895159e+00,0.000000000000000000e+00
7.722759888183116317e+00,3.601182077952027605e+00,0.000000000000000000e+00
7.733291315096439966e+00,3.771778191245882095e+00,0.000000000000000000e+00
7.744038422700042723e+00,3.945784658228366659e+00,0.000000000000000000e+00
7.754886823005776364e+00,4.123346465259491112e+00,0.000000000000000000e+00
7.765715289576094804e+00,4.304606276017191036e+00,0.000000000000000000e+00
7.776395782374722287e+00,4.489704198279115488e+00,0.000000000000000000e+00
7.786793479470205170e+00,4.678777550314237921e+00,0.000000000000000000e+00
7.796766815626224201e+00,4.871960627068509631e+00,0.000000000000000000e+00
7.806167527807680528e+00,5.069384466330147276e+00,0.000000000000000000e+00
7.814840707627159766e+00,5.271176615061416548e+00,0.000000000000000000e+00
7.822624860751277609e+00,5.477460896084726194e+00,0.000000000000000000e+00
7.829351973281988286e+00,5.688357175312055425e+00,0.000000000000000000e+00
7.834847585122796332e+00,5.903981129707378983e+00,0.000000000000000000e+00
7.838930870335240719e+00,6.124444016172716054e+00,0.000000000000000000e+00
7.841414724485931131e+00,6.349852441548931914e+00,0.000000000000000000e+00
7.842105858979628863e+00,6.580308133922992297e+00,0.000000000000000000e+00
7.840590037148593261e+00,6.815720935947306991e+00,0.000000000000000000e+00
7.835822546750458528e+00,7.055406311494312632e+00,0.000000000000000000e+00
7.827420125211348001e+00,7.299187352297126452e+00,0.000000000000000000e+00
7.815212250134835337e+00,7.547062742689943704e+00,0.000000000000000000e+00
7.799026209454031466e+00,7.799026209454030578e+00,0.000000000000000000e+00
7.778687223544618057e+00,8.055066421475851612e+00,0.000000000000000000e+00
7.754018570652480236e+00,8.315166892118032393e+00,0.000000000000000000e+00
7.724841715580184065e+00,8.579305884397964377e+00,0.000000000000000000e+00
7.690976441573857514e+00,8.847456319067626751e+00,0.000000000000000000e+00
7.652240985349741287e+00,9.119585685687210841e+00,0.000000000000000000e+00
7.608447438793574769e+00,9.395650107812580032e+00,0.000000000000000000e+00
7.559381024288295059e+00,9.675566486596949289e+00,0.000000000000000000e+00
7.504819738887484881e+00,9.959232171685275858e+00,0.000000000000000000e+00
7.444544347555628327e+00,1.024653624612143688e+01,0.000000000000000000e+00
7.378364292171695205e+00,1.053739625688219839e+01,0.000000000000000000e+00
7.306152298299672054e+00,1.083181622746874595e+01,0.000000000000000000e+00
7.227782874947695113e+00,1.112980961519099665e+01,0.000000000000000000e+00
7.143060722454663392e+00,1.143128671718111100e+01,0.000000000000000000e+00
7.051715542718898888e+00,1.173602549311931220e+01,0.000000000000000000e+00
6.953470634248259508e+00,1.204376442745616771e+01,0.000000000000000000e+00
6.848029659667742131e+00,1.235417253555571904e+01,0.000000000000000000e+00
6.734527453563398325e+00,1.266580401351811958e+01,0.000000000000000000e+00
6.611140325083188607e+00,1.297509345537699943e+01,0.000000000000000000e+00
6.476600896552115572e+00,1.327899969857671358e+01,0.000000000000000000e+00
6.330567927197845002e+00,1.357594673063162993e+01,0.000000000000000000e+00
6.173844259371089827e+00,1.386668124290490667e+01,0.000000000000000000e+00
6.006897228177629167e+00,1.415136304626241248e+01,0.000000000000000000e+00
5.829891392177402487e+00,1.442948754162311964e+01,0.000000000000000000e+00
5.643006940595588716e+00,1.470053567293678931e+01,0.000000000000000000e+00
5.446510149277794532e+00,1.496416364997116055e+01,0.000000000000000000e+00
5.240707012482742400e+00,1.522011831236433821e+01,0.000000000000000000e+00
5.025946738931446944e+00,1.546827353712896347e+01,0.000000000000000000e+00
4.802564057854136870e+00,1.570847922407002351e+01,0.000000000000000000e+00
4.570985043934682857e+00,1.594091926479858401e+01,0.000000000000000000e+00
4.330884147639194381e+00,1.616307968068410617e+01,0.000000000000000000e+00
4.083076647968972850e+00,1.637632596983940658e+01,0.000000000000000000e+00
3.828187691548091021e+00,1.658170262817211693e+01,0.000000000000000000e+00
3.566150306844532825e+00,1.677741810850660897e+01,0.000000000000000000e+00
3.297144263910733120e+00,1.696233676413542568e+01,0.000000000000000000e+00
3.022239167112324765e+00,1.713997004298068916e+01,0.000000000000000000e+00
2.740802527416062784e+00,1.730474610889834963e+01,0.000000000000000000e+00
2.454138902769612773e+00,1.746210564329210513e+01,0.000000000000000000e+00
2.161846913261727732e+00,1.760683018585105231e+01,0.000000000000000000e+00
1.864942597986317674e+00,1.774374356344654302e+01,0.000000000000000000e+00
1.563188688932150017e+00,1.786732847357941267e+01,0.000000000000000000e+00
1.257479183770259246e+00,1.798279013186101949e+01,0.000000000000000000e+00
9.478316773145298857e-01,1.808570579179719573e+01,0.000000000000000000e+00
6.347993266290108405e-01,1.817827430117257137e+01,0.000000000000000000e+00
3.187504798275194728e-01,1.826120275910465907e+01,0.000000000000000000e+00
1.122433841785081470e-15,1.833073572831878906e+01,0.000000000000000000e+00
-3.210097524914434786e-01,1.839063640333441185e+01,0.000000000000000000e+00
-6.439418348633871858e-01,1.844008148261337610e+01,0.000000000000000000e+00
-9.683022560981184856e-01,1.847630770364380481e+01,0.000000000000000000e+00
-1.293820467251986850e+00,1.850249469827373971e+01,0.000000000000000000e+00
-1.620156400438645283e+00,1.851847239566725278e+01,0.000000000000000000e+00
-1.946648210408342461e+00,1.852112053798512648e+01,0.000000000000000000e+00
-2.273145055282761007e+00,1.851328081126028025e+01,0.000000000000000000e+00
-2.599361677333615006e+00,1.849541937642544909e+01,0.000000000000000000e+00
-2.924555524456267097e+00,1.846491687228702716e+01,0.000000000000000000e+00
-3.248513381285835333e+00,1.842323488007121313e+01,0.000000000000000000e+00
-3.571128016565891183e+00,1.837186097916814376e+01,0.000000000000000000e+00
-3.891536729099585479e+00,1.830824086786320848e+01,0.000000000000000000e+00
-4.209520472232884281e+00,1.823343636778198018e+01,0.000000000000000000e+00
-4.525156479528510189e+00,1.814941132935913259e+01,0.000000000000000000e+00
-4.837193432449383934e+00,1.805265165593958443e+01,0.000000000000000000e+00
-5.145988873705567457e+00,1.794619592600541580e+01,0.000000000000000000e+00
-5.451063313240108954e+00,1.782962471163425278e+01,0.000000000000000000e+00
-5.751486859626886883e+00,1.770125642215347384e+01,0.000000000000000000e+00
-6.048014656310139792e+00,1.756470995319871164e+01,0.000000000000000000e+00
-6.338741212883672205e+00,1.741554835016429692e+01,0.000000000000000000e+00
-6.625102448130628652e+00,1.725898194010123632e+01,0.000000000000000000e+00
-6.904910994580458983e+00,1.709025442669573280e+01,0.000000000000000000e+00
-7.179453643958032316e+00,1.691373285244048930e+01,0.000000000000000000e+00
-7.447372040372353119e+00,1.672707147162237717e+01,0.000000000000000000e+00
-7.708446612440363666e+00,1.653081710675682814e+01,0.000000000000000000e+00
-7.963202674638861112e+00,1.632698503508657950e+01,0.000000000000000000e+00
-8.210183737551428607e+00,1.611339285544597999e+01,0.000000000000000000e+00
-8.449340610573308652e+00,1.589089850103075285e+01,0.000000000000000000e+00
-8.680906514256658824e+00,1.566076991076580782e+01,0.000000000000000000e+00
-8.904433070867050048e+00,1.542293049133829896e+01,0.000000000000000000e+00
-9.119534820113296192e+00,1.517745468969568279e+01,0.000000000000000000e+00
-9.325829395254238818e+00,1.492444679317138245e+01,0.000000000000000000e+00
-9.522967322213304442e+00,1.466408373102744278e+01,0.000000000000000000e+00
-9.710642839993514741e+00,1.439662005374209564e+01,0.000000000000000000e+00
-9.888605118000185712e+00,1.412239168873183282e+01,0.000000000000000000e+00
-1.005669771609152541e+01,1.384185691607212298e+01,0.000000000000000000e+00
-1.021473399937257476e+01,1.355540985809731325e+01,0.000000000000000000e+00
-1.036306467031707257e+01,1.326411790864806406e+01,0.000000000000000000e+00
-1.050112908156367553e+01,1.296781444323052490e+01,0.000000000000000000e+00
-1.062738289893635901e+01,1.266522174968167391e+01,0.000000000000000000e+00
-1.074272351449530660e+01,1.235808973858565629e+01,0.000000000000000000e+00
-1.084759345446734358e+01,1.204747304631066740e+01,0.000000000000000000e+00
-1.094129127142389990e+01,1.173309840674116877e+01,0.000000000000000000e+00
-1.102332172804049293e+01,1.141498380805217217e+01,0.000000000000000000e+00
-1.109337824669130868e+01,1.109337824669131045e+01,0.000000000000000000e+00
-1.115133675525487789e+01,1.076872072864317076e+01,0.000000000000000000e+00
-1.119739757971576033e+01,1.044174216856628945e+01,0.000000000000000000e+00
-1.123182668171338427e+01,1.011318216906712486e+01,0.000000000000000000e+00
-1.125492554590155692e+01,9.783757512161280090e+00,0.000000000000000000e+00
-1.126703011320931580e+01,9.454160812457246266e+00,0.000000000000000000e+00
-1.126483696714269911e+01,9.122085112537025253e+00,0.000000000000000000e+00
-1.125019509366920900e+01,8.789615722080148075e+00,0.000000000000000000e+00
-1.122303359163822201e+01,8.457162417418686573e+00,0.000000000000000000e+00
-1.119123361222245094e+01,8.130907160122667676e+00,0.000000000000000000e+00
-1.116158714909528626e+01,7.815427460181139097e+00,0.000000000000000000e+00
-1.113387460021649922e+01,7.509893243301599242e+00,0.000000000000000000e+00
-1.110782867895332870e+01,7.213508288049368389e+00,0.000000000000000000e+00
-1.108313615474799185e+01,6.925512106140215174e+00,0.000000000000000000e+00
-1.105943965521831451e+01,6.645181757332428774e+00,0.000000000000000000e+00
-1.103633952760603343e+01,6.371833597131448812e+00,0.000000000000000000e+00
-1.101343494087261554e+01,6.104846675311883075e+00,0.000000000000000000e+00
-1.099064010635703070e+01,5.843827004546949588e+00,0.000000000000000000e+00
-1.096803328396748789e+01,5.588492089083391789e+00,0.000000000000000000e+00
-1.094567962990683618e+01,5.338564659507079924e+00,0.000000000000000000e+00
-1.092362992457733561e+01,5.093772288681521765e+00,0.000000000000000000e+00
-1.090192091181328138e+01,4.853847914904268812e+00,0.000000000000000000e+00
-1.088057565420737660e+01,4.618530351074376483e+00,0.000000000000000000e+00
-1.085960390406502896e+01,4.387564779424129924e+00,0.000000000000000000e+00
-1.083900248950913792e+01,4.160703231381894796e+00,0.000000000000000000e+00
-1.081876215306009748e+01,3.937707395319609116e+00,0.000000000000000000e+00
-1.079889225927410834e+01,3.718356797808093361e+00,0.000000000000000000e+00
-1.077940041162186446e+01,3.502439507317042455e+00,0.000000000000000000e+00
-1.076028391923233940e+01,3.289748935315566225e+00,0.000000000000000000e+00
-1.074153010731152946e+01,3.080084194260894304e+00,0.000000000000000000e+00
-1.072311663947920657e+01,2.873250443893191175e+00,0.000000000000000000e+00
-1.070501185036552450e+01,2.669059225064218666e+00,0.000000000000000000e+00
-1.068717508806507510e+01,2.467328780823766721e+00,0.000000000000000000e+00
-1.066955706603933329e+01,2.267884364499409777e+00,0.000000000000000000e+00
-1.065210022405153012e+01,2.070558534517098703e+00,0.000000000000000000e+00
-1.063474281278570821e+01,1.875192090789551402e+00,0.000000000000000000e+00
-1.061746944040207552e+01,1.681641954980951592e+00,0.000000000000000000e+00
-1.060029876497878121e+01,1.489774836524845547e+00,0.000000000000000000e+00
-1.058324448142959895e+01,1.299459026580422227e+00,0.000000000000000000e+00
-1.056631443580620910e+01,1.110564398352092086e+00,0.000000000000000000e+00
-1.054951072663584988e+01,9.229625943257702136e-01,0.000000000000000000e+00
-1.053282981142307939e+01,7.365272094563843908e-01,0.000000000000000000e+00
-1.051626261818321240e+01,5.511339701762425491e-01,0.000000000000000000e+00
-1.049979466187201993e+01,3.666609090979179308e-01,0.000000000000000000e+00
-1.048340616557321781e+01,1.829885352889562833e-01,0.000000000000000000e+00
-1.046707218630238856e+01,1.281846644939951046e-15,0.000000000000000000e+00
-1.045076276097251800e+01,-1.824187425421750774e-01,0.000000000000000000e+00
-1.043445562175914709e+01,-3.643792195393216193e-01,0.000000000000000000e+00
-1.041815894945756682e+01,-5.459925747588098011e-01,0.000000000000000000e+00
-1.040188219523322921e+01,-7.273704601246229196e-01,0.000000000000000000e+00
-1.038562993087633402e+01,-9.086248825272027485e-01,0.000000000000000000e+00
-1.036940183543187288e+01,-1.089868050075569306e+00,0.000000000000000000e+00
-1.035319268601984533e+01,-1.271212217896108276e+00,0.000000000000000000e+00
-1.033699235285943985e+01,-1.452769533583103678e+00,0.000000000000000000e+00
-1.032078579850862354e+01,-1.634651882406209067e+00,0.000000000000000000e+00
-1.030455308132801129e+01,-1.816970732380678744e+00,0.000000000000000000e+00
-1.028826936317542184e+01,-1.999836979306155671e+00,0.000000000000000000e+00
-1.027190492133496491e+01,-2.183360791880340823e+00,0.000000000000000000e+00
-1.025542541734344226e+01,-2.367651515325203793e+00,0.000000000000000000e+00
-1.023881358023421839e+01,-2.552822941443432025e+00,0.000000000000000000e+00
-1.022208536009941326e+01,-2.738999517200640277e+00,0.000000000000000000e+00
-1.020525459718427186e+01,-2.926309666236449836e+00,0.000000000000000000e+00
-1.018832889720063051e+01,-3.114884736666110765e+00,0.000000000000000000e+00
-1.017130947560657184e+01,-3.304858785104967112e+00,0.000000000000000000e+00
-1.015419100832377275e+01,-3.496368354783504717e+00,0.000000000000000000e+00
-1.013696148908133310e+01,-3.689552247928403084e+00,0.000000000000000000e+00
-1.011960209357036611e+01,-3.884551292590764593e+00,0.000000000000000000e+00
-1.010208705058893131e+01,-4.081508104107657076e+00,0.000000000000000000e+00
-1.008438352035214258e+01,-4.280566841388639965e+00,0.000000000000000000e+00
-1.006645148307708126e+01,-4.481872959532572587e+00,0.000000000000000000e+00
-1.004825828089544260e+01,-4.685579787500923743e+00,0.000000000000000000e+00
-1.002981167421629038e+01,-4.891866010693608047e+00,0.000000000000000000e+00
-1.001111967256965229e+01,-5.100920251108569836e+00,0.000000000000000000e+00
-9.992179968994602035e+00,-5.312936332373333848e+00,0.000000000000000000e+00
-9.972979648859400470e+00,-5.528112889317021050e+00,0.000000000000000000e+00
-9.953494911142685808e+00,-5.746652966325800804e+00,0.000000000000000000e+00
-9.933690802536171205e+00,-5.968763604840265913e+00,0.000000000000000000e+00
-9.913520964719765516e+00,-6.194655420363969434e+00,0.000000000000000000e+00
-9.892927395150108438e+00,-6.424542169362149835e+00,0.000000000000000000e+00
-9.871840317531519915e+00,-6.658640371083452969e+00,0.000000000000000000e+00
-9.850221754693176734e+00,-6.897199525673437748e+00,0.000000000000000000e+00
-9.828131365448909307e+00,-7.140555407822027689e+00,0.000000000000000000e+00
-9.805625937052052876e+00,-7.389069138658580727e+00,0.000000000000000000e+00
-9.782740162669332662e+00,-7.643114276943534513e+00,0.000000000000000000e+00
-9.759485983312234936e+00,-7.903075921476725441e+00,0.000000000000000000e+00
-9.735851959826488766e+00,-8.169349788687005898e+00,0.000000000000000000e+00
-9.711802675728050005e+00,-8.442341266298532432e+00,0.000000000000000000e+00
-9.687278171649303715e+00,-8.722464443991217564e+00,0.000000000000000000e+00
-9.662192136865805026e+00,-9.010139932788051809e+00,0.000000000000000000e+00
-9.636423624918421638e+00,-9.305786123869415505e+00,0.000000000000000000e+00
-9.609822376236360597e+00,-9.609822376236357044e+00,0.000000000000000000e+00
-9.582212660099653334e+00,-9.922671682720963560e+00,0.000000000000000000e+00
-9.553392938292473602e+00,-1.024475966159560869e+01,0.000000000000000000e+00
-9.523135544166573041e+00,-1.057651351576611631e+01,0.000000000000000000e+00
-9.491186396313414875e+00,-1.091836097736477562e+01,0.000000000000000000e+00
-9.457442294914983449e+00,-1.127094083171735583e+01,0.000000000000000000e+00
-9.422544495766903339e+00,-1.163587340514753521e+01,0.000000000000000000e+00
-9.387240880970480816e+00,-1.201512041497895744e+01,0.000000000000000000e+00
-9.352146072566435819e+00,-1.241071701663694427e+01,0.000000000000000000e+00
-9.317737944441145004e+00,-1.282476604641702345e+01,0.000000000000000000e+00
-9.284311174230277075e+00,-1.325937049745050267e+01,0.000000000000000000e+00
-9.250292470112935206e+00,-1.371412256351675119e+01,0.000000000000000000e+00
-9.211905373661521068e+00,-1.418509033487666571e+01,0.000000000000000000e+00
-9.165505726422709998e+00,-1.466787529011773650e+01,0.000000000000000000e+00
-9.107758979500003349e+00,-1.515785639977553956e+01,0.000000000000000000e+00
-9.035009289074290351e+00,-1.564909513553341291e+01,0.000000000000000000e+00
-8.941143278205425204e+00,-1.613024946060668796e+01,0.000000000000000000e+00
-8.820734750782069256e+00,-1.658938928959592474e+01,0.000000000000000000e+00
-8.675374593880658125e+00,-1.702638131714265413e+01,0.000000000000000000e+00
-8.507555417616760707e+00,-1.744307355518838065e+01,0.000000000000000000e+00
-8.316595638437252802e+00,-1.783499690170831542e+01,0.000000000000000000e+00
-8.103944645943624181e+00,-1.820175768847356679e+01,0.000000000000000000e+00
-7.871380996958360576e+00,-1.854381154398447862e+01,0.000000000000000000e+00
-7.620892468231506456e+00,-1.886237075941905061e+01,0.000000000000000000e+00
-7.353469470028609400e+00,-1.915644290393122517e+01,0.000000000000000000e+00
-7.067864963362898933e+00,-1.941879939059404592e+01,0.000000000000000000e+00
-6.769177581717617187e+00,-1.965911916574362550e+01,0.000000000000000000e+00
-6.455508817411085509e+00,-1.986801321143577681e+01,0.000000000000000000e+00
-6.129378272250326276e+00,-2.004829297146974554e+01,0.000000000000000000e+00
-5.792941173141055167e+00,-2.020238671953283927e+01,0.000000000000000000e+00
-5.446704846254331933e+00,-2.032737922005280851e+01,0.000000000000000000e+00
-5.091120153350435551e+00,-2.041936764139800786e+01,0.000000000000000000e+00
-4.728577105648605894e+00,-2.048171765280930856e+01,0.000000000000000000e+00
-4.360401775629285659e+00,-2.051407748304880485e+01,0.000000000000000000e+00
-3.987906540255124810e+00,-2.051600060698378769e+01,0.000000000000000000e+00
-3.612435661228900141e+00,-2.048714069006614125e+01,0.000000000000000000e+00
-3.235360458100543291e+00,-2.042726199285202071e+01,0.000000000000000000e+00
-2.858070040873817330e+00,-2.033622503328690101e+01,0.000000000000000000e+00
-2.481964684298079149e+00,-2.021398021092220176e+01,0.000000000000000000e+00
-2.108451684638039225e+00,-2.006057776176590934e+01,0.000000000000000000e+00
-1.738941304026486945e+00,-1.987619005645474246e+01,0.000000000000000000e+00
-1.374839113142042768e+00,-1.966111531371808141e+01,0.000000000000000000e+00
-1.017519613048157190e+00,-1.941543081901603074e+01,0.000000000000000000e+00
-6.682070009175321568e-01,-1.913494492369198952e+01,0.000000000000000000e+00
-3.285718031340473244e-01,-1.882386599449902675e+01,0.000000000000000000e+00
-3.395747950536646279e-15,-1.848559085444553318e+01,0.000000000000000000e+00
3.162629248338486576e-01,-1.811869082896333794e+01,0.000000000000000000e+00
6.185948270602044108e-01,-1.771423814719722856e+01,0.000000000000000000e+00
9.062217399754550762e-01,-1.729174088986251334e+01,0.000000000000000000e+00
1.176704070056282081e+00,-1.682765218878948232e+01,0.000000000000000000e+00
1.429814801736718266e+00,-1.634285796711308336e+01,0.000000000000000000e+00
1.664604164129020347e+00,-1.583765068954012456e+01,0.000000000000000000e+00
1.882608162651307593e+00,-1.533261306476496522e+01,0.000000000000000000e+00
2.085167740776309397e+00,-1.483673940881203457e+01,0.000000000000000000e+00
2.273093709438521071e+00,-1.435174885096579445e+01,0.000000000000000000e+00
2.447697410745784730e+00,-1.388158182548793995e+01,0.000000000000000000e+00
2.612061530689567590e+00,-1.343789163767054795e+01,0.000000000000000000e+00
2.767303305438475025e+00,-1.301913845282509286e+01,0.000000000000000000e+00
2.914174715842483110e+00,-1.262267747512060545e+01,0.000000000000000000e+00
3.053472054590285367e+00,-1.224680749763525434e+01,0.000000000000000000e+00
3.185820843409291392e+00,-1.188964525141543049e+01,0.000000000000000000e+00
3.311807512706213430e+00,-1.154964535503247269e+01,0.000000000000000000e+00
3.431955128379843956e+00,-1.122541941818128919e+01,0.000000000000000000e+00
3.546724829225059494e+00,-1.091569661779668543e+01,0.000000000000000000e+00
3.656537014189273460e+00,-1.061935457123277615e+01,0.000000000000000000e+00
3.761768807779549029e+00,-1.033537485658303900e+01,0.000000000000000000e+00
3.862760327182060305e+00,-1.006283468787503388e+01,0.000000000000000000e+00
3.959822231208863563e+00,-9.800903946330645766e+00,0.000000000000000000e+00
4.053233382040366983e+00,-9.548819452315617795e+00,0.000000000000000000e+00
4.143251747491111026e+00,-9.305895788407953617e+00,0.000000000000000000e+00
4.230109449315810899e+00,-9.071498988570628086e+00,0.000000000000000000e+00
4.314020496421925976e+00,-8.845052796465697753e+00,0.000000000000000000e+00
4.395182646492395762e+00,-8.626031635619909821e+00,0.000000000000000000e+00
4.473772038185837019e+00,-8.413941472142511202e+00,0.000000000000000000e+00
4.549960174921972467e+00,-8.208345440142354121e+00,0.000000000000000000e+00
4.623894478139347619e+00,-8.008820164974526534e+00,0.000000000000000000e+00
4.695719572459255531e+00,-7.814989739315686634e+00,0.000000000000000000e+00
4.765567871978797498e+00,-7.626502816016355268e+00,0.000000000000000000e+00
4.833555279779310432e+00,-7.443022425993163438e+00,0.000000000000000000e+00
4.899800579745895668e+00,-7.264253093027358332e+00,0.000000000000000000e+00
4.964407704925871023e+00,-7.089908968445078230e+00,0.000000000000000000e+00
5.027470107160533885e+00,-6.919718961205036045e+00,0.000000000000000000e+00
5.089085301966676411e+00,-6.753444296759425924e+00,0.000000000000000000e+00
5.149338067997685009e+00,-6.590852171466907272e+00,0.000000000000000000e+00
5.208303464151192941e+00,-6.431719138251965617e+00,0.000000000000000000e+00
5.266062145792176352e+00,-6.275848481072201501e+00,0.000000000000000000e+00
5.322686174097232659e+00,-6.123050016233526627e+00,0.000000000000000000e+00
5.378236716626108027e+00,-5.973137005198830174e+00,0.000000000000000000e+00
5.432778804483969992e+00,-5.825941998413909140e+00,0.000000000000000000e+00
5.486375903850876590e+00,-5.681308561287718994e+00,0.000000000000000000e+00
5.539081590170781055e+00,-5.539081590170783720e+00,0.000000000000000000e+00
5.590945428315420962e+00,-5.399113240683135473e+00,0.000000000000000000e+00
5.642022918649846730e+00,-5.261271487975421657e+00,0.000000000000000000e+00
5.692363819937547476e+00,-5.125427405086466770e+00,0.000000000000000000e+00
5.742010132487513907e+00,-4.991453256577790931e+00,0.000000000000000000e+00
5.791004094167595539e+00,-4.859229399562151386e+00,0.000000000000000000e+00
5.839392222066599025e+00,-4.728646584992650226e+00,0.000000000000000000e+00
5.887215450567524044e+00,-4.599596811676672559e+00,0.000000000000000000e+00
5.934508552129221570e+00,-4.471972954826644475e+00,0.000000000000000000e+00
5.981307273888496923e+00,-4.345674107547804255e+00,0.000000000000000000e+00
6.027651434034562605e+00,-4.220606971811572627e+00,0.000000000000000000e+00
6.073576335589399022e+00,-4.096678966047663017e+00,0.000000000000000000e+00
6.119112182174375469e+00,-3.973797914731427294e+00,0.000000000000000000e+00
6.164288964823263939e+00,-3.851875250430933484e+00,0.000000000000000000e+00
6.209142101432091110e+00,-3.730828966696576376e+00,0.000000000000000000e+00
6.253703988343080056e+00,-3.610577681102117520e+00,0.000000000000000000e+00
6.298002794124443859e+00,-3.491039954858007555e+00,0.000000000000000000e+00
6.342064217978209406e+00,-3.372135360901795220e+00,0.000000000000000000e+00
6.385918698721456011e+00,-3.253788095400929059e+00,0.000000000000000000e+00
6.429595744517522249e+00,-3.135923375905581345e+00,0.000000000000000000e+00
6.473121222650323858e+00,-3.018465998287491292e+00,0.000000000000000000e+00
6.516517799225808538e+00,-2.901340652538981768e+00,0.000000000000000000e+00
6.559813761680045374e+00,-2.784475740858374238e+00,0.000000000000000000e+00
6.603042948337269458e+00,-2.667802521444155861e+00,0.000000000000000000e+00
6.646236463572714470e+00,-2.551251146706539075e+00,0.000000000000000000e+00
6.689422295422851938e+00,-2.434750599970611606e+00,0.000000000000000000e+00
6.732624328364591904e+00,-2.318228466161715406e+00,0.000000000000000000e+00
6.775860076461198034e+00,-2.201610397760451754e+00,0.000000000000000000e+00
6.819143101466473844e+00,-2.084821267375471354e+00,0.000000000000000000e+00
6.862483643710617365e+00,-1.967785519679309258e+00,0.000000000000000000e+00
6.905891973106164095e+00,-1.850428177210368563e+00,0.000000000000000000e+00
6.949422822545016309e+00,-1.732685713257969828e+00,0.000000000000000000e+00
6.993163986138303478e+00,-1.614499119724185139e+00,0.000000000000000000e+00
7.037202015449494752e+00,-1.495803464181298503e+00,0.000000000000000000e+00
7.081620652856488896e+00,-1.376527611698295184e+00,0.000000000000000000e+00
7.126422052929203943e+00,-1.256580483847227425e+00,0.000000000000000000e+00
7.171437594205557708e+00,-1.135844129680588344e+00,0.000000000000000000e+00
7.216471892921176412e+00,-1.014208983437492106e+00,0.000000000000000000e+00
7.261324315402559293e+00,-8.915785176402856171e-01,0.000000000000000000e+00
7.305810807593317691e+00,-7.678716579278095367e-01,0.000000000000000000e+00
7.349847963443828291e+00,-6.430283754404360064e-01,0.000000000000000000e+00
7.393381605390945133e+00,-5.169956051467842206e-01,0.000000000000000000e+00
7.436355013784903711e+00,-3.897228522327800260e-01,0.000000000000000000e+00
7.478709018954827314e+00,-2.611622737467751976e-01,0.000000000000000000e+00
7.520382103894639236e+00,-1.312687579084868550e-01,0.000000000000000000e+00
7.561310509122838752e+00,-1.851986942471305680e-15,0.000000000000000000e+00
