4.923493606548213108e+00,0.000000000000000000e+00,0.000000000000000000e+00
4.934434610409061506e+00,8.613087650873420265e-02,0.000000000000000000e+00
4.946397183394374508e+00,1.727319958559451474e-01,0.000000000000000000e+00
4.959388201143059227e+00,2.599105222244242341e-01,0.000000000000000000e+00
4.973410286329752239e+00,3.477747258101008820e-01,0.000000000000000000e+00
4.988461753021171674e+00,4.364338518220102769e-01,0.000000000000000000e+00
5.004536554593099318e+00,5.259979874296311086e-01,0.000000000000000000e+00
5.021624235272497572e+00,6.165779267473177061e-01,0.000000000000000000e+00
5.039709885367039455e+00,7.082850339473771850e-01,0.000000000000000000e+00
5.058774100242243499e+00,8.012311045951273636e-01,0.000000000000000000e+00
5.078792943104041946e+00,8.955282253009945181e-01,0.000000000000000000e+00
5.099737911642397314e+00,9.912886317863919272e-01,0.000000000000000000e+00
5.121575908589237613e+00,1.088624565461747906e+00,0.000000000000000000e+00
5.144269216241570852e+00,1.187648128616609622e+00,0.000000000000000000e+00
5.167775474998265395e+00,1.288471138323287191e+00,0.000000000000000000e+00
5.192047665956438962e+00,1.391204979156923427e+00,0.000000000000000000e+00
5.217034097611021437e+00,1.495960454836326781e+00,0.000000000000000000e+00
5.242678396698360110e+00,1.602847638891186755e+00,0.000000000000000000e+00
5.268919503222328160e+00,1.711975724462634574e+00,0.000000000000000000e+00
5.295691669698608273e+00,1.823452873345283942e+00,0.000000000000000000e+00
5.322925540744732231e+00,1.937386456046411798e+00,0.000000000000000000e+00
5.350606528639660908e+00,2.053905411970458950e+00,0.000000000000000000e+00
5.378802696427847252e+00,2.173177352949707597e+00,0.000000000000000000e+00
5.407580359101352485e+00,2.295381679068214886e+00,0.000000000000000000e+00
5.436996126085908543e+00,2.420706637244833370e+00,0.000000000000000000e+00
5.467096461640641003e+00,2.549348947935126564e+00,0.000000000000000000e+00
5.497917257379186573e+00,2.681513415662472255e+00,0.000000000000000000e+00
5.529483417419504221e+00,2.817412523732663487e+00,0.000000000000000000e+00
5.561819983860041283e+00,2.957272142621677258e+00,0.000000000000000000e+00
5.595098696415286454e+00,3.101413851194581905e+00,0.000000000000000000e+00
5.629587777284974948e+00,3.250244018642106880e+00,0.000000000000000000e+00
5.665533614101296855e+00,3.404196034490356126e+00,0.000000000000000000e+00
5.703156828432037528e+00,3.563727911219582545e+00,0.000000000000000000e+00
5.742651106701312180e+00,3.729321233775920064e+00,0.000000000000000000e+00
5.784174973053495705e+00,3.901475282231396946e+00,0.000000000000000000e+00
5.827449146567141192e+00,4.080423820960052517e+00,0.000000000000000000e+00
5.871565125706284860e+00,4.265941769778758719e+00,0.000000000000000000e+00
5.915584944786368204e+00,4.457712993870881490e+00,0.000000000000000000e+00
5.958597912036024624e+00,4.655366902806683527e+00,0.000000000000000000e+00
5.999722833466953453e+00,4.858479754137045248e+00,0.000000000000000000e+00
6.038223914212001553e+00,5.066671459381121956e+00,0.000000000000000000e+00
6.073790948107753884e+00,5.279865919458314849e+00,0.000000000000000000e+00
6.106205284151983825e+00,5.498051933163287330e+00,0.000000000000000000e+00
6.135247571900683816e+00,5.721210917986846667e+00,0.000000000000000000e+00
6.160697979799393487e+00,5.949316884068891476e+00,0.000000000000000000e+00
6.182336414085564336e+00,6.182336414085563447e+00,0.000000000000000000e+00
6.199942738110153506e+00,6.420228649078770111e+00,0.000000000000000000e+00
6.213296991926492652e+00,6.662945280232452916e+00,0.000000000000000000e+00
6.222179611994667958e+00,6.910430546596328938e+00,0.000000000000000000e+00
6.226371650849745976e+00,7.162621238754070419e+00,0.000000000000000000e+00
6.225659479698719245e+00,7.419452051199147746e+00,0.000000000000000000e+00
6.219847327814697735e+00,7.680871779200508342e+00,0.000000000000000000e+00
6.208741633300590479e+00,7.946826899991879856e+00,0.000000000000000000e+00
6.192147766623764760e+00,8.217257628406454018e+00,0.000000000000000000e+00
6.169870573222897114e+00,8.492098308631112147e+00,0.000000000000000000e+00
6.141714524753443705e+00,8.771277356505724043e+00,0.000000000000000000e+00
6.107483872623177490e+00,9.054717205372160294e+00,0.000000000000000000e+00
6.066982803739519703e+00,9.342334255544052724e+00,0.000000000000000000e+00
6.020009888448197621e+00,9.634029689652214401e+00,0.000000000000000000e+00
5.966330361182743403e+00,9.929641205041397356e+00,0.000000000000000000e+00
5.905701869513797497e+00,1.022897569235239779e+01,0.000000000000000000e+00
5.837726921327747398e+00,1.053153814830888102e+01,0.000000000000000000e+00
5.761031947987889978e+00,1.083492525228655445e+01,0.000000000000000000e+00
5.674051818864724872e+00,1.113595370848451438e+01,0.000000000000000000e+00
5.575808988867840377e+00,1.143210258978810323e+01,0.000000000000000000e+00
5.466012192984804230e+00,1.172190097544554277e+01,0.000000000000000000e+00
5.345818655545522269e+00,1.200690528697843540e+01,0.000000000000000000e+00
5.215742834674938599e+00,1.228752009659724287e+01,0.000000000000000000e+00
5.075301540342009865e+00,1.256181211962398869e+01,0.000000000000000000e+00
4.924528666233517704e+00,1.282883577717608503e+01,0.000000000000000000e+00
4.764232487506543379e+00,1.308962118045634959e+01,0.000000000000000000e+00
4.594668003701351644e+00,1.334388479565851604e+01,0.000000000000000000e+00
4.416116219503219753e+00,1.359140818701767550e+01,0.000000000000000000e+00
4.228447419980749800e+00,1.383062831576654261e+01,0.000000000000000000e+00
4.032191779978318458e+00,1.406192385383297072e+01,0.000000000000000000e+00
3.827875845983350178e+00,1.428582714227556139e+01,0.000000000000000000e+00
3.615908487789324610e+00,1.450261682023585408e+01,0.000000000000000000e+00
3.396181654211402279e+00,1.471047889990314950e+01,0.000000000000000000e+00
3.168944151224796890e+00,1.490871006910781382e+01,0.000000000000000000e+00
2.935240710987548240e+00,1.510050438755053470e+01,0.000000000000000000e+00
2.694384130671287014e+00,1.528061173534253037e+01,0.000000000000000000e+00
2.447678317058440189e+00,1.545403268176498379e+01,0.000000000000000000e+00
2.194661825971303770e+00,1.561583030738865396e+01,0.000000000000000000e+00
1.936415694804008991e+00,1.577084024705097143e+01,0.000000000000000000e+00
1.672548437973002677e+00,1.591323540621584698e+01,0.000000000000000000e+00
1.403999276696751730e+00,1.604778516568297420e+01,0.000000000000000000e+00
1.130879215369878343e+00,1.617232623565689309e+01,0.000000000000000000e+00
8.534847424942270111e-01,1.628545903242281767e+01,0.000000000000000000e+00
5.723413573351372463e-01,1.638971207293664634e+01,0.000000000000000000e+00
2.877344923397173182e-01,1.648429802598836602e+01,0.000000000000000000e+00
1.014417014220073112e-15,1.656668706318180284e+01,0.000000000000000000e+00
-2.904384289166699884e-01,1.663920644873410737e+01,0.000000000000000000e+00
-5.832441907902248257e-01,1.670192837325803836e+01,0.000000000000000000e+00
-8.780654199640405277e-01,1.675448629910133036e+01,0.000000000000000000e+00
-1.174451527522088590e+00,1.679543932977890819e+01,0.000000000000000000e+00
-1.472042248000448916e+00,1.682551988651950481e+01,0.000000000000000000e+00
-1.770520000179220288e+00,1.684537255519532550e+01,0.000000000000000000e+00
-2.069534821674306801e+00,1.685500853247219766e+01,0.000000000000000000e+00
-2.368717525844815430e+00,1.685430096427704427e+01,0.000000000000000000e+00
-2.667570480597709626e+00,1.684237716237623061e+01,0.000000000000000000e+00
-2.965689220558861194e+00,1.681925935919169035e+01,0.000000000000000000e+00
-3.262849120727911334e+00,1.678590354754597058e+01,0.000000000000000000e+00
-3.558731893641181809e+00,1.674251721838557927e+01,0.000000000000000000e+00
-3.852984673112620051e+00,1.668911015557393540e+01,0.000000000000000000e+00
-4.144950852566309685e+00,1.662448984991609535e+01,0.000000000000000000e+00
-4.434313663324975785e+00,1.654908388822567744e+01,0.000000000000000000e+00
-4.721023981235453526e+00,1.646416722187984050e+01,0.000000000000000000e+00
-5.004789678075264980e+00,1.636992942349488800e+01,0.000000000000000000e+00
-5.284597823082504142e+00,1.626431972069320864e+01,0.000000000000000000e+00
-5.560527675718928364e+00,1.614894496144037461e+01,0.000000000000000000e+00
-5.832701250970772300e+00,1.602521498146692380e+01,0.000000000000000000e+00
-6.099715964185692840e+00,1.589030335603835731e+01,0.000000000000000000e+00
-6.362051858812994176e+00,1.574663091650074875e+01,0.000000000000000000e+00
-6.619343462697197644e+00,1.559419595679518267e+01,0.000000000000000000e+00
-6.870548881018146758e+00,1.543150544367321864e+01,0.000000000000000000e+00
-7.116485991791465793e+00,1.526135345910613417e+01,0.000000000000000000e+00
-7.355580682639946133e+00,1.508117533066313776e+01,0.000000000000000000e+00
-7.588482514240233456e+00,1.489323550329002188e+01,0.000000000000000000e+00
-7.814784124560786971e+00,1.469747132402983070e+01,0.000000000000000000e+00
-8.033198038380707118e+00,1.449227288879152198e+01,0.000000000000000000e+00
-8.244750216321401481e+00,1.428032627038316704e+01,0.000000000000000000e+00
-8.448954757836864005e+00,1.406142205077568264e+01,0.000000000000000000e+00
-8.644486476132440700e+00,1.383407019358314471e+01,0.000000000000000000e+00
-8.831707568643029305e+00,1.359963705560947389e+01,0.000000000000000000e+00
-9.010543291970794400e+00,1.335867978977019810e+01,0.000000000000000000e+00
-9.180668186034820266e+00,1.311135297044636872e+01,0.000000000000000000e+00
-9.341814004317550157e+00,1.285790389994709848e+01,0.000000000000000000e+00
-9.493769838751466850e+00,1.259865810217116433e+01,0.000000000000000000e+00
-9.636432076016683723e+00,1.233407059989453458e+01,0.000000000000000000e+00
-9.769352080480095069e+00,1.206414510537466178e+01,0.000000000000000000e+00
-9.891456407244026749e+00,1.178817870932208578e+01,0.000000000000000000e+00
-1.000418495719038248e+01,1.150849831474748619e+01,0.000000000000000000e+00
-1.010720708885545527e+01,1.122519068285320465e+01,0.000000000000000000e+00
-1.019898627007523473e+01,1.093707375000003168e+01,0.000000000000000000e+00
-1.028383529740891511e+01,1.064922319249638605e+01,0.000000000000000000e+00
-1.036711755535390367e+01,1.036711755535390544e+01,0.000000000000000000e+00
-1.044877233158078411e+01,1.009026215112229607e+01,0.000000000000000000e+00
-1.052895969754350958e+01,9.818413759294754684e+00,0.000000000000000000e+00
-1.060776009471655890e+01,9.551270090224031506e+00,0.000000000000000000e+00
-1.068525503112400621e+01,9.288550488740209943e+00,0.000000000000000000e+00
-1.076152319881456165e+01,9.029990147031044856e+00,0.000000000000000000e+00
-1.083663880522883360e+01,8.775337077975727595e+00,0.000000000000000000e+00
-1.091067255942200553e+01,8.524351646197672494e+00,0.000000000000000000e+00
-1.098369183701304763e+01,8.276805468862178827e+00,0.000000000000000000e+00
-1.105576095001761416e+01,8.032480509648749489e+00,0.000000000000000000e+00
-1.112694140187282699e+01,7.791168246809065501e+00,0.000000000000000000e+00
-1.119729211730068208e+01,7.552668898691879740e+00,0.000000000000000000e+00
-1.126686965796565865e+01,7.316790707449540854e+00,0.000000000000000000e+00
-1.133572842135327008e+01,7.083349272071162162e+00,0.000000000000000000e+00
-1.140392081792160717e+01,6.852166921997662641e+00,0.000000000000000000e+00
-1.147149744240351410e+01,6.623072136379771102e+00,0.000000000000000000e+00
-1.153850723499213871e+01,6.395899000609405860e+00,0.000000000000000000e+00
-1.160499763249404559e+01,6.170486695606213878e+00,0.000000000000000000e+00
-1.167101471058514939e+01,5.946679016466990930e+00,0.000000000000000000e+00
-1.173660331818535241e+01,5.724323917349218860e+00,0.000000000000000000e+00
-1.180180720486572277e+01,5.503273079697724945e+00,0.000000000000000000e+00
-1.186666914211719792e+01,5.283381501136219072e+00,0.000000000000000000e+00
-1.193123103923847950e+01,5.064507102535085181e+00,0.000000000000000000e+00
-1.199553405454148347e+01,4.846510350933494138e+00,0.000000000000000000e+00
-1.205961870252317603e+01,4.629253896139111646e+00,0.000000000000000000e+00
-1.212352495761169813e+01,4.412602218954083000e+00,0.000000000000000000e+00
-1.218729235506131481e+01,4.196421289081644801e+00,0.000000000000000000e+00
-1.225096008954343674e+01,3.980578230855913446e+00,0.000000000000000000e+00
-1.231456711195977149e+01,3.764940995007866054e+00,0.000000000000000000e+00
-1.237815222498723777e+01,3.549378034735212406e+00,0.000000000000000000e+00
-1.244175417785301008e+01,3.333757984382264006e+00,0.000000000000000000e+00
-1.250541176083115502e+01,3.117949339059655323e+00,0.000000000000000000e+00
-1.256916389997063277e+01,2.901820133546951119e+00,0.000000000000000000e+00
-1.263304975253620732e+01,2.685237618805419668e+00,0.000000000000000000e+00
-1.269710880361388305e+01,2.468067934401715569e+00,0.000000000000000000e+00
-1.276138096445284731e+01,2.250175775132448486e+00,0.000000000000000000e+00
-1.282590667305156629e+01,2.031424050066009013e+00,0.000000000000000000e+00
-1.289072699753153017e+01,1.811673532153731836e+00,0.000000000000000000e+00
-1.295588374286954902e+01,1.590782496477318508e+00,0.000000000000000000e+00
-1.302141956158902580e+01,1.368606345094338206e+00,0.000000000000000000e+00
-1.308737806904379752e+01,1.144997216319129985e+00,0.000000000000000000e+00
-1.315380396396597007e+01,9.198035761300531465e-01,0.000000000000000000e+00
-1.322074315498990416e+01,6.928697892244883860e-01,0.000000000000000000e+00
-1.328824289390805191e+01,4.640356670485201174e-01,0.000000000000000000e+00
-1.335635191645942044e+01,2.331359899059215757e-01,0.000000000000000000e+00
-1.342512059149621706e+01,1.644103096054306356e-15,0.000000000000000000e+00
-1.349460107941723308e+01,-2.355491380216245823e-01,0.000000000000000000e+00
-1.356484750079530599e+01,-4.736949127659821901e-01,0.000000000000000000e+00
-1.363591611945750870e+01,-7.146280823105892743e-01,0.000000000000000000e+00
-1.370786554698566739e+01,-9.585473362509919770e-01,0.000000000000000000e+00
-1.378075694730168088e+01,-1.205660007695013247e+00,0.000000000000000000e+00
-1.385465425875627332e+01,-1.456182840736926165e+00,0.000000000000000000e+00
-1.392962443432694286e+01,-1.710342819711201834e+00,0.000000000000000000e+00
-1.400573769958022829e+01,-1.968378066921758318e+00,0.000000000000000000e+00
-1.408306786176845904e+01,-2.230538821338658995e+00,0.000000000000000000e+00
-1.416169264527103877e+01,-2.497088505861918328e+00,0.000000000000000000e+00
-1.424169398827681121e+01,-2.768304880086031705e+00,0.000000000000000000e+00
-1.432315839367115196e+01,-3.044481300413859781e+00,0.000000000000000000e+00
-1.440617741222029125e+01,-3.325928120193244464e+00,0.000000000000000000e+00
-1.449084808515366696e+01,-3.612974212575290167e+00,0.000000000000000000e+00
-1.457727332872256198e+01,-3.905968616278954642e+00,0.000000000000000000e+00
-1.466556260183732796e+01,-4.205282405633789189e+00,0.000000000000000000e+00
-1.475583247786458152e+01,-4.511310718947372678e+00,0.000000000000000000e+00
-1.484820800493625725e+01,-4.824475234566894422e+00,0.000000000000000000e+00
-1.494282179846535996e+01,-5.145226165678362662e+00,0.000000000000000000e+00
-1.503977942805672718e+01,-5.474032041741815569e+00,0.000000000000000000e+00
-1.513907062090141054e+01,-5.811344735225336677e+00,0.000000000000000000e+00
-1.523791778310497591e+01,-6.156518411494321441e+00,0.000000000000000000e+00
-1.533423694251168357e+01,-6.508997407887174624e+00,0.000000000000000000e+00
-1.542895038517262130e+01,-6.869411295681039142e+00,0.000000000000000000e+00
-1.552000382747891472e+01,-7.237096639348304272e+00,0.000000000000000000e+00
-1.560881088649695592e+01,-7.612925738106159912e+00,0.000000000000000000e+00
-1.569414175046713744e+01,-7.996564629836049320e+00,0.000000000000000000e+00
-1.577545309886965796e+01,-8.387957201402302942e+00,0.000000000000000000e+00
-1.585343552451204729e+01,-8.787702807859899323e+00,0.000000000000000000e+00
-1.592746598371965661e+01,-9.195726773209152327e+00,0.000000000000000000e+00
-1.599679874603870289e+01,-9.611846397004113030e+00,0.000000000000000000e+00
-1.606103805928879069e+01,-1.003605044309882643e+01,0.000000000000000000e+00
-1.612038821936156197e+01,-1.046870251494509496e+01,0.000000000000000000e+00
-1.617373291092295773e+01,-1.090932059755218297e+01,0.000000000000000000e+00
-1.622127515246566531e+01,-1.135825914113032020e+01,0.000000000000000000e+00
-1.626295867861311706e+01,-1.181573111120629704e+01,0.000000000000000000e+00
-1.629843646687479364e+01,-1.228175280995657914e+01,0.000000000000000000e+00
-1.632733766202412440e+01,-1.275631423446123591e+01,0.000000000000000000e+00
-1.634914611854036082e+01,-1.323927748316611464e+01,0.000000000000000000e+00
-1.636327583685412534e+01,-1.373041871955639159e+01,0.000000000000000000e+00
-1.636915147368834766e+01,-1.422948628538221527e+01,0.000000000000000000e+00
-1.636699611117090924e+01,-1.473690949150530649e+01,0.000000000000000000e+00
-1.635860469836012498e+01,-1.525464566938324396e+01,0.000000000000000000e+00
-1.634054406752049005e+01,-1.577987998024486771e+01,0.000000000000000000e+00
-1.630814073720159385e+01,-1.630814073720158675e+01,0.000000000000000000e+00
-1.625702786288971424e+01,-1.683464516416021794e+01,0.000000000000000000e+00
-1.618315852609682537e+01,-1.735431283275539016e+01,0.000000000000000000e+00
-1.608293217263233998e+01,-1.786190574607454806e+01,0.000000000000000000e+00
-1.595539325924159257e+01,-1.835458033021858526e+01,0.000000000000000000e+00
-1.580189866577666180e+01,-1.883196950474898301e+01,0.000000000000000000e+00
-1.562405925432507026e+01,-1.929410634670116664e+01,0.000000000000000000e+00
-1.542258122930681274e+01,-1.974000379126931293e+01,0.000000000000000000e+00
-1.519713848191739025e+01,-2.016728392587673113e+01,0.000000000000000000e+00
-1.494868708045900618e+01,-2.057510263232478209e+01,0.000000000000000000e+00
-1.467868440737512437e+01,-2.096333387798932435e+01,0.000000000000000000e+00
-1.438871503907200200e+01,-2.133214730398043457e+01,0.000000000000000000e+00
-1.408078167597085262e+01,-2.168250236594990454e+01,0.000000000000000000e+00
-1.375027994623770589e+01,-2.200504778194491351e+01,0.000000000000000000e+00
-1.340605421003083997e+01,-2.231142096103310024e+01,0.000000000000000000e+00
-1.304143887706896976e+01,-2.258843473888743603e+01,0.000000000000000000e+00
-1.266347232610239715e+01,-2.284550882384683845e+01,0.000000000000000000e+00
-1.227098804175043156e+01,-2.307837196606839925e+01,0.000000000000000000e+00
-1.186322287102690076e+01,-2.328288583582635951e+01,0.000000000000000000e+00
-1.144350232836570846e+01,-2.346265678496980911e+01,0.000000000000000000e+00
-1.101269219345324224e+01,-2.361679462230208770e+01,0.000000000000000000e+00
-1.057166661828987841e+01,-2.374435198613469922e+01,0.000000000000000000e+00
-1.012144923114027684e+01,-2.384464011674681672e+01,0.000000000000000000e+00
-9.663168411171868755e+00,-2.391718109683911209e+01,0.000000000000000000e+00
-9.198009645446305171e+00,-2.396163434430024708e+01,0.000000000000000000e+00
-8.727188738245089894e+00,-2.397775399364707738e+01,0.000000000000000000e+00
-8.251935213711158568e+00,-2.396536000953611278e+01,0.000000000000000000e+00
-7.773476592573008048e+00,-2.392430093557911874e+01,0.000000000000000000e+00
-7.293023998498674665e+00,-2.385440664215703421e+01,0.000000000000000000e+00
-6.811765227874956530e+00,-2.375544844374441311e+01,0.000000000000000000e+00
-6.330872114232940717e+00,-2.362713638653834280e+01,0.000000000000000000e+00
-5.851233225033125152e+00,-2.346801465663430264e+01,0.000000000000000000e+00
-5.374370355641804764e+00,-2.327895553493040737e+01,0.000000000000000000e+00
-4.901641570942521398e+00,-2.306041052052740881e+01,0.000000000000000000e+00
-4.434291059349575903e+00,-2.281244987735812302e+01,0.000000000000000000e+00
-3.973552612049419785e+00,-2.253513668801033631e+01,0.000000000000000000e+00
-3.520665464137896272e+00,-2.222860690686473006e+01,0.000000000000000000e+00
-3.076883286551209018e+00,-2.189316217643642659e+01,0.000000000000000000e+00
-2.643469748872728342e+00,-2.152933340669055795e+01,0.000000000000000000e+00
-2.221594693825789779e+00,-2.113706158662562373e+01,0.000000000000000000e+00
-1.812015724515088966e+00,-2.071143450463343783e+01,0.000000000000000000e+00
-1.416592300016468853e+00,-2.025821370436337432e+01,0.000000000000000000e+00
-1.036766075273980015e+00,-1.978267519550214715e+01,0.000000000000000000e+00
-6.730891310082636192e-01,-1.927475083753031626e+01,0.000000000000000000e+00
-3.271160234142686529e-01,-1.874046443021007136e+01,0.000000000000000000e+00
-3.339482906935427487e-15,-1.817929822302237497e+01,0.000000000000000000e+00
3.071730613593455228e-01,-1.759793289928020599e+01,0.000000000000000000e+00
5.929447257519869785e-01,-1.697971534940268157e+01,0.000000000000000000e+00
8.564099172924594106e-01,-1.634127469258339360e+01,0.000000000000000000e+00
1.096359582695694224e+00,-1.567867248947910852e+01,0.000000000000000000e+00
1.311852332836014101e+00,-1.499454077781517292e+01,0.000000000000000000e+00
1.502963633718698899e+00,-1.429974377264247032e+01,0.000000000000000000e+00
1.671969057408835946e+00,-1.361709522039167730e+01,0.000000000000000000e+00
1.823451916206558554e+00,-1.297453455479961271e+01,0.000000000000000000e+00
1.961369653580218309e+00,-1.238360062112978355e+01,0.000000000000000000e+00
2.088327673605801404e+00,-1.184349476872515261e+01,0.000000000000000000e+00
2.205359329336317842e+00,-1.134559019439472394e+01,0.000000000000000000e+00
2.313544917222726038e+00,-1.088437307719686764e+01,0.000000000000000000e+00
2.413981929691159767e+00,-1.045610448941517490e+01,0.000000000000000000e+00
2.507578238610630006e+00,-1.005734698876892352e+01,0.000000000000000000e+00
2.595047328986930246e+00,-9.684848479825149070e+00,0.000000000000000000e+00
2.676973147085269567e+00,-9.335714818919415237e+00,0.000000000000000000e+00
2.753948710849088322e+00,-9.007760352051766617e+00,0.000000000000000000e+00
2.826440849611833173e+00,-8.698890471649981748e+00,0.000000000000000000e+00
2.894852706017844390e+00,-8.407262718086325748e+00,0.000000000000000000e+00
2.959596443894819462e+00,-8.131424400299207988e+00,0.000000000000000000e+00
3.020994727963750126e+00,-7.869960330315988628e+00,0.000000000000000000e+00
3.079289623018619082e+00,-7.621509263794607136e+00,0.000000000000000000e+00
3.134760229046499092e+00,-7.385032301889410178e+00,0.000000000000000000e+00
3.187670321379741267e+00,-7.159624764901978189e+00,0.000000000000000000e+00
3.238220784938955710e+00,-6.944386883439482183e+00,0.000000000000000000e+00
3.286554643041797341e+00,-6.738435610188870939e+00,0.000000000000000000e+00
3.332837206876770875e+00,-6.541061315354794736e+00,0.000000000000000000e+00
3.377257760115335739e+00,-6.351698049745191810e+00,0.000000000000000000e+00
3.419968950115380935e+00,-6.169787307553617595e+00,0.000000000000000000e+00
3.461085090089078609e+00,-5.994775225353387249e+00,0.000000000000000000e+00
3.500683312957414195e+00,-5.826115411961861668e+00,0.000000000000000000e+00
3.538848987587707828e+00,-5.663342227898575665e+00,0.000000000000000000e+00
3.575709002306452167e+00,-5.506109013448109657e+00,0.000000000000000000e+00
3.611373353254165863e+00,-5.354081176261596298e+00,0.000000000000000000e+00
3.645929540590703510e+00,-5.206927006116807810e+00,0.000000000000000000e+00
3.679442852223988147e+00,-5.064318619207988093e+00,0.000000000000000000e+00
3.711956679546781768e+00,-4.925932889671853943e+00,0.000000000000000000e+00
3.743502790907655697e+00,-4.791465072313688012e+00,0.000000000000000000e+00
3.774152177137899855e+00,-4.660689791878165344e+00,0.000000000000000000e+00
3.803983104351993827e+00,-4.533410530779165448e+00,0.000000000000000000e+00
3.833061099293028295e+00,-4.409432391574535259e+00,0.000000000000000000e+00
3.861439093400730105e+00,-4.288562582381548083e+00,0.000000000000000000e+00
3.889157613805297231e+00,-4.170610933399057529e+00,0.000000000000000000e+00
3.916244991558068378e+00,-4.055390404988872710e+00,0.000000000000000000e+00
3.942717586807583441e+00,-3.942717586807585217e+00,0.000000000000000000e+00
3.968588849758560855e+00,-3.832421704036362620e+00,0.000000000000000000e+00
3.993903942101143745e+00,-3.724375678593993211e+00,0.000000000000000000e+00
4.018712975267189513e+00,-3.618465415802782026e+00,0.000000000000000000e+00
4.043059103464799797e+00,-3.514577658849114439e+00,0.000000000000000000e+00
4.066978622095744456e+00,-3.412600261806424395e+00,0.000000000000000000e+00
4.090501077049347955e+00,-3.312422459961545051e+00,0.000000000000000000e+00
4.113649382774651642e+00,-3.213935135250064246e+00,0.000000000000000000e+00
4.136439948961302626e+00,-3.117031076546784796e+00,0.000000000000000000e+00
4.158882815652903631e+00,-3.021605234562515285e+00,0.000000000000000000e+00
4.180982180833119344e+00,-2.927555240139824821e+00,0.000000000000000000e+00
4.202752347087174378e+00,-2.834792252289795478e+00,0.000000000000000000e+00
4.224224339464717204e+00,-2.743243361418125303e+00,0.000000000000000000e+00
4.245426674005010170e+00,-2.652837014364082702e+00,0.000000000000000000e+00
4.266383935033660535e+00,-2.563502092213566286e+00,0.000000000000000000e+00
4.287116830005919255e+00,-2.475168055851295623e+00,0.000000000000000000e+00
4.307642248867281864e+00,-2.387765088967495064e+00,0.000000000000000000e+00
4.327973327842031814e+00,-2.301224238392925781e+00,0.000000000000000000e+00
4.348119517556969349e+00,-2.215477551638714626e+00,0.000000000000000000e+00
4.368086655404461283e+00,-2.130458211520416256e+00,0.000000000000000000e+00
4.387877042045721154e+00,-2.046100667748421031e+00,0.000000000000000000e+00
4.407489790529871776e+00,-1.962340884948410080e+00,0.000000000000000000e+00
4.426935094347741462e+00,-1.879122460545107787e+00,0.000000000000000000e+00
4.446241859165407817e+00,-1.796398317508892228e+00,0.000000000000000000e+00
4.465438533152588541e+00,-1.714121253538583689e+00,0.000000000000000000e+00
4.484551379411550798e+00,-1.632243216143242304e+00,0.000000000000000000e+00
4.503604456318493376e+00,-1.550715373644847128e+00,0.000000000000000000e+00
4.522619599844056815e+00,-1.469488186558320475e+00,0.000000000000000000e+00
4.541616407858785287e+00,-1.388511479298501605e+00,0.000000000000000000e+00
4.560612226428141902e+00,-1.307734512163472473e+00,0.000000000000000000e+00
4.579622138100580386e+00,-1.227106053543741693e+00,0.000000000000000000e+00
4.598658952190824323e+00,-1.146574452306653003e+00,0.000000000000000000e+00
4.617733197059386008e+00,-1.066087710305565706e+00,0.000000000000000000e+00
4.636853033401922453e+00,-9.855935377491275018e-01,0.000000000000000000e+00
4.656021477698946143e+00,-9.050388941869772497e-01,0.000000000000000000e+00
4.675235667611666202e+00,-8.243701893704897810e-01,0.000000000000000000e+00
4.694490156914799428e+00,-7.435341961119963372e-01,0.000000000000000000e+00
4.713777156835921467e+00,-6.624781762227880400e-01,0.000000000000000000e+00
4.733086560902871831e+00,-5.811499550958966198e-01,0.000000000000000000e+00
4.752405971842101451e+00,-4.994979953424977803e-01,0.000000000000000000e+00
4.771720730497415630e+00,-4.174714694301653317e-01,0.000000000000000000e+00
4.791013946737310292e+00,-3.350203312722371263e-01,0.000000000000000000e+00
4.810266532317934107e+00,-2.520953867183208796e-01,0.000000000000000000e+00
4.829457235667491410e+00,-1.686483628969969450e-01,0.000000000000000000e+00
4.848562678556760375e+00,-8.463197636274104318e-02,0.000000000000000000e+00
4.867557394619276501e+00,-1.192207716597305398e-15,0.000000000000000000e+00
