5.204128276213714877e+00,0.000000000000000000e+00,0.000000000000000000e+00
5.225010470015280184e+00,9.120289700473339922e-02,0.000000000000000000e+00
5.246229142775742815e+00,1.832023585957609779e-01,0.000000000000000000e+00
5.267727997355990510e+00,2.760699262085293815e-01,0.000000000000000000e+00
5.289449612114162314e+00,3.698743483109811492e-01,0.000000000000000000e+00
5.311381358701611433e+00,4.646856565493103219e-01,0.000000000000000000e+00
5.333559096614632900e+00,5.605796500939732585e-01,0.000000000000000000e+00
5.356011545632087589e+00,6.576355258213231192e-01,0.000000000000000000e+00
5.378753723712972779e+00,7.559345379892172812e-01,0.000000000000000000e+00
5.401801128673244357e+00,8.555612485093602171e-01,0.000000000000000000e+00
5.425176084084264438e+00,9.566049187183516267e-01,0.000000000000000000e+00
5.448900503365674552e+00,1.059158964304889539e+00,0.000000000000000000e+00
5.472997549389440941e+00,1.163321541126676850e+00,0.000000000000000000e+00
5.497490080771915366e+00,1.269195590678537933e+00,0.000000000000000000e+00
5.522403978463658270e+00,1.376889954843579567e+00,0.000000000000000000e+00
5.547765288216563562e+00,1.486519228775042833e+00,0.000000000000000000e+00
5.573602448492299466e+00,1.598204784159160674e+00,0.000000000000000000e+00
5.599944966843554361e+00,1.712074990844075550e+00,0.000000000000000000e+00
5.626824273850782987e+00,1.828266033815540093e+00,0.000000000000000000e+00
5.654274245944900912e+00,1.946922755991429499e+00,0.000000000000000000e+00
5.682329832130423419e+00,2.068198920178340394e+00,0.000000000000000000e+00
5.711029773311858015e+00,2.192258932990885700e+00,0.000000000000000000e+00
5.740414004926845060e+00,2.319277805141870097e+00,0.000000000000000000e+00
5.770526074784367410e+00,2.449442995026826164e+00,0.000000000000000000e+00
5.801412719837467868e+00,2.582955358185455186e+00,0.000000000000000000e+00
5.833123181141986358e+00,2.720030010327955328e+00,0.000000000000000000e+00
5.865711375685325635e+00,2.860898593043224025e+00,0.000000000000000000e+00
5.899235114523431633e+00,3.005810423400869791e+00,0.000000000000000000e+00
5.933756216498652591e+00,3.155034145492264575e+00,0.000000000000000000e+00
5.969341928767335048e+00,3.308860262332263602e+00,0.000000000000000000e+00
6.006065241589592318e+00,3.467603384002205580e+00,0.000000000000000000e+00
6.044005028535844204e+00,3.631604602851734587e+00,0.000000000000000000e+00
6.083246930084126092e+00,3.801234566706073625e+00,0.000000000000000000e+00
6.123884281598061641e+00,3.976896952332662938e+00,0.000000000000000000e+00
6.166019077756939026e+00,4.159032382959940932e+00,0.000000000000000000e+00
6.209762829494909653e+00,4.348122743706792193e+00,0.000000000000000000e+00
6.255237730346096647e+00,4.544696233880168634e+00,0.000000000000000000e+00
6.302578028986011383e+00,4.749333199831294650e+00,0.000000000000000000e+00
6.351931609910803189e+00,4.962672867376984875e+00,0.000000000000000000e+00
6.403461735693100287e+00,5.185421070739458571e+00,0.000000000000000000e+00
6.457349266861784898e+00,5.418359388206602567e+00,0.000000000000000000e+00
6.513794953757386708e+00,5.662355566155557796e+00,0.000000000000000000e+00
6.573019989568787302e+00,5.918373781858282001e+00,0.000000000000000000e+00
6.635288494659217662e+00,6.187506622145376056e+00,0.000000000000000000e+00
6.700867349717331223e+00,6.470952381093254324e+00,0.000000000000000000e+00
6.769488332192265645e+00,6.769488332192264757e+00,0.000000000000000000e+00
6.839208073373650443e+00,7.082207282299612494e+00,0.000000000000000000e+00
6.901671658095793305e+00,7.401136733006097757e+00,0.000000000000000000e+00
6.959241821968547015e+00,7.729021061200981535e+00,0.000000000000000000e+00
7.010568422942927036e+00,8.064736430414759738e+00,0.000000000000000000e+00
7.055090141871728449e+00,8.407929022651627449e+00,0.000000000000000000e+00
7.093028727376076148e+00,8.759161006658152004e+00,0.000000000000000000e+00
7.124058345573341278e+00,9.118378866671868366e+00,0.000000000000000000e+00
7.147026393232609465e+00,9.484424365123730993e+00,0.000000000000000000e+00
7.161944152592766066e+00,9.857570447052921736e+00,0.000000000000000000e+00
7.169011757465110435e+00,1.023840985173458051e+01,0.000000000000000000e+00
7.166556110085616105e+00,1.062485636746942852e+01,0.000000000000000000e+00
7.147671381734835627e+00,1.100644873359364340e+01,0.000000000000000000e+00
7.111195560929449933e+00,1.138029179891884013e+01,0.000000000000000000e+00
7.057786769698053853e+00,1.174612971161341335e+01,0.000000000000000000e+00
6.988096162928040478e+00,1.210373760236848106e+01,0.000000000000000000e+00
6.902757228393951117e+00,1.245290368306769935e+01,0.000000000000000000e+00
6.802059709069562921e+00,1.279281371371309461e+01,0.000000000000000000e+00
6.685923818431522392e+00,1.312186432506081601e+01,0.000000000000000000e+00
6.554896713894397209e+00,1.343952991365318361e+01,0.000000000000000000e+00
6.410595319913470647e+00,1.374756602814062489e+01,0.000000000000000000e+00
6.252966792999895773e+00,1.404439336307967601e+01,0.000000000000000000e+00
6.081269931750403757e+00,1.432657415592704275e+01,0.000000000000000000e+00
5.897352620057666250e+00,1.459645993986488044e+01,0.000000000000000000e+00
5.701989270764946660e+00,1.485418989627114073e+01,0.000000000000000000e+00
5.495455912540048615e+00,1.509864102931217289e+01,0.000000000000000000e+00
5.278304736701578292e+00,1.532931003201654008e+01,0.000000000000000000e+00
5.051107194164235814e+00,1.554570945598675280e+01,0.000000000000000000e+00
4.814501939054175672e+00,1.574752627405232097e+01,0.000000000000000000e+00
4.569155418968431803e+00,1.593453860426446944e+01,0.000000000000000000e+00
4.315756878650546469e+00,1.610662394423871291e+01,0.000000000000000000e+00
4.054984311499928218e+00,1.626365376235089144e+01,0.000000000000000000e+00
3.787561810277034979e+00,1.640573260357500374e+01,0.000000000000000000e+00
3.513745000948546693e+00,1.653087052849192418e+01,0.000000000000000000e+00
3.234274861124970979e+00,1.663890172555227664e+01,0.000000000000000000e+00
2.950247982798550606e+00,1.673168774820923232e+01,0.000000000000000000e+00
2.662339966897482313e+00,1.680935299857888054e+01,0.000000000000000000e+00
2.370819180663060521e+00,1.686925501533767857e+01,0.000000000000000000e+00
2.076464785488714160e+00,1.691144855851003470e+01,0.000000000000000000e+00
1.780329490012639848e+00,1.693870361658048296e+01,0.000000000000000000e+00
1.482933079821317612e+00,1.695000266385263288e+01,0.000000000000000000e+00
1.185262919762699374e+00,1.695004944198230845e+01,0.000000000000000000e+00
8.879854912475116935e-01,1.694377253521320981e+01,0.000000000000000000e+00
5.912525086726487800e-01,1.693125659250917536e+01,0.000000000000000000e+00
2.951699696895770386e-01,1.691027623806821012e+01,0.000000000000000000e+00
1.033789932421902173e-15,1.688307082730574749e+01,0.000000000000000000e+00
-2.941115117372640198e-01,1.684963722259254126e+01,0.000000000000000000e+00
-5.869663667134357166e-01,1.680851754575867574e+01,0.000000000000000000e+00
-8.783801740610260866e-01,1.676049216504893380e+01,0.000000000000000000e+00
-1.168214718801988017e+00,1.670624880976579973e+01,0.000000000000000000e+00
-1.456304638384402717e+00,1.664563818548765539e+01,0.000000000000000000e+00
-1.742322445693429422e+00,1.657709074509971003e+01,0.000000000000000000e+00
-2.026248953448968493e+00,1.650247342620938440e+01,0.000000000000000000e+00
-2.307910427329393332e+00,1.642163597659437713e+01,0.000000000000000000e+00
-2.587148652211350264e+00,1.633461372158891578e+01,0.000000000000000000e+00
-2.863546214300484394e+00,1.623997758479745457e+01,0.000000000000000000e+00
-3.137176012343009024e+00,1.613937145310495325e+01,0.000000000000000000e+00
-3.407860154284131582e+00,1.603272149073701769e+01,0.000000000000000000e+00
-3.675438852890262620e+00,1.592007471870080337e+01,0.000000000000000000e+00
-3.939758972459769470e+00,1.580151016946841303e+01,0.000000000000000000e+00
-4.200400256343498562e+00,1.567610716879926791e+01,0.000000000000000000e+00
-4.457405222081684215e+00,1.554481935353956601e+01,0.000000000000000000e+00
-4.710640269235038424e+00,1.540781005936426773e+01,0.000000000000000000e+00
-4.959949666327234219e+00,1.526515543327322533e+01,0.000000000000000000e+00
-5.205173300879589959e+00,1.511692092060227566e+01,0.000000000000000000e+00
-5.446154832328711670e+00,1.496318742467681240e+01,0.000000000000000000e+00
-5.682740173309771770e+00,1.480404428298544417e+01,0.000000000000000000e+00
-5.914779153041750170e+00,1.463959212255440789e+01,0.000000000000000000e+00
-6.142126444664299356e+00,1.446994311585102366e+01,0.000000000000000000e+00
-6.364642720883385785e+00,1.429522160386587082e+01,0.000000000000000000e+00
-6.582196174280262824e+00,1.411556524789556910e+01,0.000000000000000000e+00
-6.794662705660099000e+00,1.393112304765047149e+01,0.000000000000000000e+00
-7.001931660079940833e+00,1.374206463490201102e+01,0.000000000000000000e+00
-7.203891108694902456e+00,1.354854866159562832e+01,0.000000000000000000e+00
-7.400480999462988763e+00,1.335082113501002965e+01,0.000000000000000000e+00
-7.591561387657445259e+00,1.314897003220078986e+01,0.000000000000000000e+00
-7.776770678269475212e+00,1.294271987878900632e+01,0.000000000000000000e+00
-7.955999270444666926e+00,1.273226034551801256e+01,0.000000000000000000e+00
-8.129459331108360942e+00,1.251826959872929734e+01,0.000000000000000000e+00
-8.297138429600376952e+00,1.230101358607261552e+01,0.000000000000000000e+00
-8.458698609524393675e+00,1.208027355882455467e+01,0.000000000000000000e+00
-8.613788578285705100e+00,1.185586286591354011e+01,0.000000000000000000e+00
-8.762632002047828550e+00,1.162840542208285299e+01,0.000000000000000000e+00
-8.905373112456558715e+00,1.139835779684600681e+01,0.000000000000000000e+00
-9.041712386868626439e+00,1.116558491675182552e+01,0.000000000000000000e+00
-9.171385181448801660e+00,1.093003123905690899e+01,0.000000000000000000e+00
-9.294276825375487050e+00,1.069184242787834371e+01,0.000000000000000000e+00
-9.410652147368109510e+00,1.045158804757124038e+01,0.000000000000000000e+00
-9.520555322398967846e+00,1.020954562979961011e+01,0.000000000000000000e+00
-9.623327809661208931e+00,9.965247666447982766e+00,0.000000000000000000e+00
-9.718774421347720960e+00,9.718774421347720960e+00,0.000000000000000000e+00
-9.808497894332610656e+00,9.471956314275820077e+00,0.000000000000000000e+00
-9.894492714508054121e+00,9.226763725957948026e+00,0.000000000000000000e+00
-9.978051107505555350e+00,8.984277571408549434e+00,0.000000000000000000e+00
-1.005994771847848845e+01,8.744979134797956632e+00,0.000000000000000000e+00
-1.014086492914483451e+01,8.509196021864049442e+00,0.000000000000000000e+00
-1.022091753716667206e+01,8.276735826200404489e+00,0.000000000000000000e+00
-1.030001678697034251e+01,8.047255068437833003e+00,0.000000000000000000e+00
-1.037810262441849396e+01,7.820461265012991880e+00,0.000000000000000000e+00
-1.045525575407644503e+01,7.596187946509298961e+00,0.000000000000000000e+00
-1.053157872775226522e+01,7.374290814421157414e+00,0.000000000000000000e+00
-1.060715766410697825e+01,7.154618183930577580e+00,0.000000000000000000e+00
-1.068204807607251894e+01,6.937003131502356368e+00,0.000000000000000000e+00
-1.075629268091835833e+01,6.721277636472498429e+00,0.000000000000000000e+00
-1.082993330499068030e+01,6.507280429663895305e+00,0.000000000000000000e+00
-1.090302632582734432e+01,6.294865184197991681e+00,0.000000000000000000e+00
-1.097562446545762072e+01,6.083887986549619598e+00,0.000000000000000000e+00
-1.104777568534411003e+01,5.874206530777819069e+00,0.000000000000000000e+00
-1.111953075062497831e+01,5.665683903879317640e+00,0.000000000000000000e+00
-1.119093591641368413e+01,5.458184142987114740e+00,0.000000000000000000e+00
-1.126203275281367411e+01,5.251572119029437324e+00,0.000000000000000000e+00
-1.133286871010425756e+01,5.045718236573968341e+00,0.000000000000000000e+00
-1.140348972802813243e+01,4.840494206452857107e+00,0.000000000000000000e+00
-1.147393652868444391e+01,4.635771271156519546e+00,0.000000000000000000e+00
-1.154425373000148447e+01,4.431423818271017723e+00,0.000000000000000000e+00
-1.161448671121098286e+01,4.227327449161157880e+00,0.000000000000000000e+00
-1.168467558979559762e+01,4.023356457898327854e+00,0.000000000000000000e+00
-1.175486261436473612e+01,3.819386389918938640e+00,0.000000000000000000e+00
-1.182509376871554885e+01,3.615293976221961803e+00,0.000000000000000000e+00
-1.189541024619579446e+01,3.410953999804689829e+00,0.000000000000000000e+00
-1.196585299824921300e+01,3.206240647630408613e+00,0.000000000000000000e+00
-1.203646893915913196e+01,3.001028761884524165e+00,0.000000000000000000e+00
-1.210730121648217583e+01,2.795190731261572470e+00,0.000000000000000000e+00
-1.217839084126963911e+01,2.588596883893962364e+00,0.000000000000000000e+00
-1.224978648149281568e+01,2.381117283143620700e+00,0.000000000000000000e+00
-1.232153475760686234e+01,2.172619021503225056e+00,0.000000000000000000e+00
-1.239367859534867833e+01,1.962965847886486870e+00,0.000000000000000000e+00
-1.246626760153836955e+01,1.752019654343580424e+00,0.000000000000000000e+00
-1.253935091302252935e+01,1.539638695862907802e+00,0.000000000000000000e+00
-1.261297356169289330e+01,1.325676940627930511e+00,0.000000000000000000e+00
-1.268719173647563991e+01,1.109985448921401163e+00,0.000000000000000000e+00
-1.276206554573281871e+01,8.924105574272154229e-01,0.000000000000000000e+00
-1.283764903891386844e+01,6.727926773445437325e-01,0.000000000000000000e+00
-1.291399117985340261e+01,4.509665092101261541e-01,0.000000000000000000e+00
-1.299113507083936980e+01,2.267611061527447791e-01,0.000000000000000000e+00
-1.306912353758994882e+01,1.600506030797086529e-15,0.000000000000000000e+00
-1.314806294122473496e+01,-2.295002923193708577e-01,0.000000000000000000e+00
-1.322809388038763423e+01,-4.619352172122143663e-01,0.000000000000000000e+00
-1.330931746459829945e+01,-6.975117720925897435e-01,0.000000000000000000e+00
-1.339161758604208963e+01,-9.364331245585717500e-01,0.000000000000000000e+00
-1.347478559761438710e+01,-1.178890983233648715e+00,0.000000000000000000e+00
-1.355855951294712547e+01,-1.425062028912470691e+00,0.000000000000000000e+00
-1.364252737741568566e+01,-1.675091733641836944e+00,0.000000000000000000e+00
-1.372624781804923266e+01,-1.929098325680519865e+00,0.000000000000000000e+00
-1.380943731108906647e+01,-2.187199999713608900e+00,0.000000000000000000e+00
-1.389203092125113592e+01,-2.449539868252849750e+00,0.000000000000000000e+00
-1.397396844919494896e+01,-2.716264307035237024e+00,0.000000000000000000e+00
-1.405512198352656839e+01,-2.987508402671151586e+00,0.000000000000000000e+00
-1.413531548199339838e+01,-3.263394716316982969e+00,0.000000000000000000e+00
-1.421436794037399842e+01,-3.544039970251581462e+00,0.000000000000000000e+00
-1.429210253037511968e+01,-3.829557331156819178e+00,0.000000000000000000e+00
-1.436834087459220477e+01,-4.120055446798986942e+00,0.000000000000000000e+00
-1.444290259242017527e+01,-4.415638451821672916e+00,0.000000000000000000e+00
-1.451561935203538312e+01,-4.716410630495830425e+00,0.000000000000000000e+00
-1.458632294101227345e+01,-5.022473764951048913e+00,0.000000000000000000e+00
-1.465483945337539495e+01,-5.333925348978626246e+00,0.000000000000000000e+00
-1.472098825218522578e+01,-5.650857950192776258e+00,0.000000000000000000e+00
-1.478458277957855849e+01,-5.973359180980576610e+00,0.000000000000000000e+00
-1.484543116656225337e+01,-6.301511665978846821e+00,0.000000000000000000e+00
-1.490332513604796283e+01,-6.635387857048295146e+00,0.000000000000000000e+00
-1.495803173988974066e+01,-6.975044751236120888e+00,0.000000000000000000e+00
-1.500931220858795001e+01,-7.320530696087788947e+00,0.000000000000000000e+00
-1.505692430786772817e+01,-7.671886125969893833e+00,0.000000000000000000e+00
-1.510062773075167009e+01,-8.029146188449537647e+00,0.000000000000000000e+00
-1.514019745379915705e+01,-8.392348489423035574e+00,0.000000000000000000e+00
-1.517540889392137871e+01,-8.761526409968151796e+00,0.000000000000000000e+00
-1.520603377879466933e+01,-9.136706869280558863e+00,0.000000000000000000e+00
-1.523184030987078685e+01,-9.517910182815324305e+00,0.000000000000000000e+00
-1.525259332964263237e+01,-9.905149924223627167e+00,0.000000000000000000e+00
-1.526805449308177742e+01,-1.029843279119793387e+01,0.000000000000000000e+00
-1.527798244316137577e+01,-1.069775847533719748e+01,0.000000000000000000e+00
-1.528213299037532735e+01,-1.110311953614141345e+01,0.000000000000000000e+00
-1.528019061426737935e+01,-1.151444952372388641e+01,0.000000000000000000e+00
-1.527166450108626883e+01,-1.193153196753157985e+01,0.000000000000000000e+00
-1.525638145593098827e+01,-1.235437410734531660e+01,0.000000000000000000e+00
-1.523425498112326615e+01,-1.278305773592117411e+01,0.000000000000000000e+00
-1.520518787258762394e+01,-1.321766816364454122e+01,0.000000000000000000e+00
-1.516907194095720079e+01,-1.365829372388274976e+01,0.000000000000000000e+00
-1.512578775003959564e+01,-1.410502526662815903e+01,0.000000000000000000e+00
-1.507504400933373212e+01,-1.455780077953621543e+01,0.000000000000000000e+00
-1.501307626317737842e+01,-1.501307626317737309e+01,0.000000000000000000e+00
-1.493303443166566957e+01,-1.546360983086813157e+01,0.000000000000000000e+00
-1.482978744879947186e+01,-1.590300003640931337e+01,0.000000000000000000e+00
-1.470583520714535553e+01,-1.633248462207139085e+01,0.000000000000000000e+00
-1.456253877352340176e+01,-1.675228453399231299e+01,0.000000000000000000e+00
-1.439741962823314836e+01,-1.715817656603324082e+01,0.000000000000000000e+00
-1.421309430900575599e+01,-1.755170974775571224e+01,0.000000000000000000e+00
-1.400869366096905111e+01,-1.793031022931357299e+01,0.000000000000000000e+00
-1.378579405142505365e+01,-1.829436660786906899e+01,0.000000000000000000e+00
-1.354643918139548830e+01,-1.864507397603506789e+01,0.000000000000000000e+00
-1.329021962651332878e+01,-1.898040066876992782e+01,0.000000000000000000e+00
-1.301659838891923116e+01,-1.929790071421748365e+01,0.000000000000000000e+00
-1.272783739192405861e+01,-1.959915086495304237e+01,0.000000000000000000e+00
-1.242548172644563031e+01,-1.988492744679954072e+01,0.000000000000000000e+00
-1.210705481670245476e+01,-2.014952292313089544e+01,0.000000000000000000e+00
-1.177567553432294822e+01,-2.039606831889311067e+01,0.000000000000000000e+00
-1.143204202388253599e+01,-2.062394975135388719e+01,0.000000000000000000e+00
-1.107676219874811885e+01,-2.083235981753341903e+01,0.000000000000000000e+00
-1.071062170019433957e+01,-2.102077866929284156e+01,0.000000000000000000e+00
-1.033451438137744560e+01,-2.118889453699463843e+01,0.000000000000000000e+00
-9.949329701953638860e+00,-2.133640640027089930e+01,0.000000000000000000e+00
-9.555432169162175526e+00,-2.146185204248558520e+01,0.000000000000000000e+00
-9.153677709780646765e+00,-2.156471328857488245e+01,0.000000000000000000e+00
-8.745775905332427769e+00,-2.164655496621327302e+01,0.000000000000000000e+00
-8.332659046073150222e+00,-2.170731896074701694e+01,0.000000000000000000e+00
-7.913859213602414400e+00,-2.174314949011555953e+01,0.000000000000000000e+00
-7.491642107871875567e+00,-2.175730850133573213e+01,0.000000000000000000e+00
-7.066852613499679414e+00,-2.174953594821186798e+01,0.000000000000000000e+00
-6.639327571555321938e+00,-2.171626197239564604e+01,0.000000000000000000e+00
-6.211452561971708697e+00,-2.166190938185278370e+01,0.000000000000000000e+00
-5.783054545268224267e+00,-2.158265338588315174e+01,0.000000000000000000e+00
-5.355609477462775381e+00,-2.148017637967156546e+01,0.000000000000000000e+00
-4.930353772729715089e+00,-2.135570841826460153e+01,0.000000000000000000e+00
-4.507215066202801879e+00,-2.120477971035258236e+01,0.000000000000000000e+00
-4.088283201586002669e+00,-2.103239376314325071e+01,0.000000000000000000e+00
-3.674070437608777162e+00,-2.083668887680553894e+01,0.000000000000000000e+00
-3.265140028067053279e+00,-2.061528279783444617e+01,0.000000000000000000e+00
-2.863090807840559027e+00,-2.037194964654520390e+01,0.000000000000000000e+00
-2.468770154593708188e+00,-2.010651939005560962e+01,0.000000000000000000e+00
-2.082949929549088086e+00,-1.981794476962730300e+01,0.000000000000000000e+00
-1.706429879926715687e+00,-1.950458277855710421e+01,0.000000000000000000e+00
-1.340423689932761286e+00,-1.916895183231865119e+01,0.000000000000000000e+00
-9.858675246777791612e-01,-1.881147299436879905e+01,0.000000000000000000e+00
-6.436846811991148165e-01,-1.843271756515074955e+01,0.000000000000000000e+00
-3.147408171568135127e-01,-1.803148933854772906e+01,0.000000000000000000e+00
-3.234087890446147429e-15,-1.760555447604890844e+01,0.000000000000000000e+00
2.995445347255739632e-01,-1.716089490113219540e+01,0.000000000000000000e+00
5.832110377352982544e-01,-1.670097899397989849e+01,0.000000000000000000e+00
8.495533329564731728e-01,-1.621044326965750315e+01,0.000000000000000000e+00
1.098578207096533532e+00,-1.571040029658450621e+01,0.000000000000000000e+00
1.329442569229172033e+00,-1.519559809980690268e+01,0.000000000000000000e+00
1.543220958155764322e+00,-1.468276662928859189e+01,0.000000000000000000e+00
1.740522144817123751e+00,-1.417541531295199597e+01,0.000000000000000000e+00
1.921640412138191589e+00,-1.367318200583799914e+01,0.000000000000000000e+00
2.086896449054158165e+00,-1.317614561618567670e+01,0.000000000000000000e+00
2.236846060056183916e+00,-1.268578439368016753e+01,0.000000000000000000e+00
2.371936949245581960e+00,-1.220255775786970531e+01,0.000000000000000000e+00
2.491849370865156121e+00,-1.172322957845715052e+01,0.000000000000000000e+00
2.599299222765841577e+00,-1.125880187345580374e+01,0.000000000000000000e+00
2.699322745221834907e+00,-1.082639219999538227e+01,0.000000000000000000e+00
2.792731077375876669e+00,-1.042261427264336149e+01,0.000000000000000000e+00
2.880208034134860817e+00,-1.004447909950853557e+01,0.000000000000000000e+00
2.962349398275164969e+00,-9.689408286213241794e+00,0.000000000000000000e+00
3.039674527777382007e+00,-9.355156252511417136e+00,0.000000000000000000e+00
3.112638206325136547e+00,-9.039757737078836897e+00,0.000000000000000000e+00
3.181640109998930654e+00,-8.741484359053174558e+00,0.000000000000000000e+00
3.247033271420266765e+00,-8.458810868073875611e+00,0.000000000000000000e+00
3.309130318594643683e+00,-8.190384947794882464e+00,0.000000000000000000e+00
3.368209512835067088e+00,-7.935004349402570156e+00,0.000000000000000000e+00
3.424519143388128573e+00,-7.691595928988711250e+00,0.000000000000000000e+00
3.478281475462408512e+00,-7.459198695609328134e+00,0.000000000000000000e+00
3.529696146395123968e+00,-7.236949568561560575e+00,0.000000000000000000e+00
3.578943005085897244e+00,-7.024071140385758305e+00,0.000000000000000000e+00
3.626184515292982358e+00,-6.819861186140579790e+00,0.000000000000000000e+00
3.671567815038536242e+00,-6.623683675047074004e+00,0.000000000000000000e+00
3.715226499396739435e+00,-6.434961058581413873e+00,0.000000000000000000e+00
3.757282173053285046e+00,-6.253167630013951594e+00,0.000000000000000000e+00
3.797845802301629270e+00,-6.077823773396913154e+00,0.000000000000000000e+00
3.837018883432908645e+00,-5.908490944093293784e+00,0.000000000000000000e+00
3.874894436310284629e+00,-5.744767248380801661e+00,0.000000000000000000e+00
3.911557827755668182e+00,-5.586283514965773023e+00,0.000000000000000000e+00
3.947087490799329412e+00,-5.432699860854129703e+00,0.000000000000000000e+00
3.981555963521877128e+00,-5.283703223383574787e+00,0.000000000000000000e+00
4.015030347280890588e+00,-5.139004496003444444e+00,0.000000000000000000e+00
4.047572453021071048e+00,-4.998335713105322320e+00,0.000000000000000000e+00
4.079239529459614211e+00,-4.861448364285811508e+00,0.000000000000000000e+00
4.110085293516302585e+00,-4.728112272644847458e+00,0.000000000000000000e+00
4.140159215959428707e+00,-4.598112638629965332e+00,0.000000000000000000e+00
4.169507365993599279e+00,-4.471249235508965469e+00,0.000000000000000000e+00
4.198173406926136941e+00,-4.347335825421446920e+00,0.000000000000000000e+00
4.226197245689220949e+00,-4.226197245689222726e+00,0.000000000000000000e+00
4.253617044453248397e+00,-4.107670232156547918e+00,0.000000000000000000e+00
4.280468289688260874e+00,-3.991601255868176601e+00,0.000000000000000000e+00
4.306784090738161375e+00,-3.877845813218234294e+00,0.000000000000000000e+00
4.332596343026982488e+00,-3.766268541304440109e+00,0.000000000000000000e+00
4.357934041412368842e+00,-3.656740846844034554e+00,0.000000000000000000e+00
4.382825860753682967e+00,-3.549142402312499556e+00,0.000000000000000000e+00
4.407297539430859779e+00,-3.443358219295752143e+00,0.000000000000000000e+00
4.431374877995899020e+00,-3.339280486837584938e+00,0.000000000000000000e+00
4.455080956326562536e+00,-3.236805780478042571e+00,0.000000000000000000e+00
4.478439116006297738e+00,-3.135836828440841551e+00,0.000000000000000000e+00
4.501470181109618274e+00,-3.036279975470656201e+00,0.000000000000000000e+00
4.524195442644852960e+00,-2.938046873563139538e+00,0.000000000000000000e+00
4.546633793274212465e+00,-2.841052111772305100e+00,0.000000000000000000e+00
4.568804794515635592e+00,-2.745214877048752999e+00,0.000000000000000000e+00
4.590725745841866434e+00,-2.650456745137550030e+00,0.000000000000000000e+00
4.612414665488905996e+00,-2.556703198133994714e+00,0.000000000000000000e+00
4.633887652688508219e+00,-2.463881770194150445e+00,0.000000000000000000e+00
4.655161247770989164e+00,-2.371923127239560447e+00,0.000000000000000000e+00
4.676250754899651696e+00,-2.280759885470272863e+00,0.000000000000000000e+00
4.697171272046437807e+00,-2.190326935820908982e+00,0.000000000000000000e+00
4.717937627355997421e+00,-2.100561167195384549e+00,0.000000000000000000e+00
4.738563608379844361e+00,-2.011400916764556790e+00,0.000000000000000000e+00
4.759063677992008579e+00,-1.922786536328293217e+00,0.000000000000000000e+00
4.779450678340448455e+00,-1.834659222640522502e+00,0.000000000000000000e+00
4.799738521552534110e+00,-1.746961954105991088e+00,0.000000000000000000e+00
4.819939712191613879e+00,-1.659638337299014221e+00,0.000000000000000000e+00
4.840067289388759519e+00,-1.572633193415023500e+00,0.000000000000000000e+00
4.860133911417247710e+00,-1.485892052717942224e+00,0.000000000000000000e+00
4.880151683329886581e+00,-1.399360976997922945e+00,0.000000000000000000e+00
4.900133490129127800e+00,-1.312986811484798011e+00,0.000000000000000000e+00
4.920090896191504193e+00,-1.226716436954343736e+00,0.000000000000000000e+00
4.940036755527896339e+00,-1.140497349842522823e+00,0.000000000000000000e+00
4.959982857360561326e+00,-1.054276902102815550e+00,0.000000000000000000e+00
4.979941397469620057e+00,-9.680025483278659193e-01,0.000000000000000000e+00
4.999924542846565956e+00,-8.816215984102871994e-01,0.000000000000000000e+00
5.019944141646355718e+00,-7.950810433350941064e-01,0.000000000000000000e+00
5.040013916330300603e+00,-7.083277627127317899e-01,0.000000000000000000e+00
5.060146058488991905e+00,-6.213078118961329332e-01,0.000000000000000000e+00
5.080351659442954748e+00,-5.339664760464618576e-01,0.000000000000000000e+00
5.100640408788907898e+00,-4.462482124912650616e-01,0.000000000000000000e+00
5.121029784608202462e+00,-3.580972867054151298e-01,0.000000000000000000e+00
5.141544730124298468e+00,-2.694569413902406785e-01,0.000000000000000000e+00
5.162194141180513007e+00,-1.802677916758145538e-01,0.000000000000000000e+00
5.182952647088627351e+00,-9.046877497480944330e-02,0.000000000000000000e+00
5.203787924220706351e+00,-1.274560444967707649e-15,0.000000000000000000e+00
