5.474606534805033675e+00,0.000000000000000000e+00,0.000000000000000000e+00
5.479076563367062391e+00,9.563763716024734074e-02,0.000000000000000000e+00
5.484101373313972516e+00,1.915090399268743748e-01,0.000000000000000000e+00
5.489692046947229009e+00,2.877025691282770747e-01,0.000000000000000000e+00
5.495856025630382113e+00,3.843076907728642522e-01,0.000000000000000000e+00
5.502597057461581009e+00,4.814148624789957864e-01,0.000000000000000000e+00
5.509915148051484302e+00,5.791154180147178865e-01,0.000000000000000000e+00
5.517806514465373624e+00,6.775014500258172978e-01,0.000000000000000000e+00
5.526263542386353755e+00,7.766656910323727070e-01,0.000000000000000000e+00
5.535274746554659231e+00,8.767013927755991087e-01,0.000000000000000000e+00
5.544824734536017097e+00,9.777022039983516155e-01,0.000000000000000000e+00
5.554894173870095209e+00,1.079762046744180415e+00,0.000000000000000000e+00
5.565459762647960495e+00,1.182974991261307895e+00,0.000000000000000000e+00
5.576494203565387942e+00,1.287435129599329153e+00,0.000000000000000000e+00
5.587966181496776485e+00,1.393236447987825866e+00,0.000000000000000000e+00
5.599840344632130318e+00,1.500472698087399026e+00,0.000000000000000000e+00
5.612077289217553222e+00,1.609237267204932431e+00,0.000000000000000000e+00
5.624633547937240685e+00,1.719623047566095186e+00,0.000000000000000000e+00
5.637461581972914360e+00,1.831722304739318963e+00,0.000000000000000000e+00
5.650509776774102377e+00,1.945626545306545774e+00,0.000000000000000000e+00
5.663722441570519628e+00,2.061426383877169588e+00,0.000000000000000000e+00
5.677039812655316986e+00,2.179211409542570976e+00,0.000000000000000000e+00
5.690398060465621022e+00,2.299070051869621434e+00,0.000000000000000000e+00
5.703737940356798930e+00,2.421093113940702146e+00,0.000000000000000000e+00
5.717081417167396928e+00,2.545408643167302642e+00,0.000000000000000000e+00
5.730492157753354299e+00,2.672172378157551709e+00,0.000000000000000000e+00
5.744025508137098335e+00,2.801548429872044554e+00,0.000000000000000000e+00
5.757727498007350952e+00,2.933708691488628784e+00,0.000000000000000000e+00
5.771634450271821315e+00,3.068832473311841280e+00,0.000000000000000000e+00
5.785772602583096003e+00,3.207106123259254371e+00,0.000000000000000000e+00
5.800157741291118718e+00,3.348722633276718597e+00,0.000000000000000000e+00
5.814794848266006788e+00,3.493881232047381769e+00,0.000000000000000000e+00
5.829677761025067184e+00,3.642786964371952596e+00,0.000000000000000000e+00
5.844788846587555931e+00,3.795650257610078349e+00,0.000000000000000000e+00
5.860098689470174094e+00,3.952686475584775039e+00,0.000000000000000000e+00
5.875565794225289906e+00,4.114115460363668042e+00,0.000000000000000000e+00
5.891136302912774347e+00,4.280161062342402900e+00,0.000000000000000000e+00
5.906773495119873374e+00,4.451073090287416711e+00,0.000000000000000000e+00
5.922711824115122425e+00,4.627329618122526966e+00,0.000000000000000000e+00
5.939313821046023456e+00,4.809561500417498081e+00,0.000000000000000000e+00
5.956902995732641592e+00,4.998435106678093653e+00,0.000000000000000000e+00
5.975760386524092915e+00,5.194649252372962600e+00,0.000000000000000000e+00
5.996123017540130995e+00,5.398933415100501954e+00,0.000000000000000000e+00
6.018182417038591581e+00,5.612045895016903430e+00,0.000000000000000000e+00
6.042083198638579233e+00,5.834771921375695669e+00,0.000000000000000000e+00
6.067921707077654325e+00,6.067921707077653437e+00,0.000000000000000000e+00
6.095744730128673794e+00,6.312328453177356025e+00,0.000000000000000000e+00
6.125372910453377173e+00,6.568658246403022538e+00,0.000000000000000000e+00
6.155817884933194151e+00,6.836728382016178607e+00,0.000000000000000000e+00
6.185900956491570568e+00,7.116065030546127268e+00,0.000000000000000000e+00
6.214483253096029891e+00,7.406132742993746021e+00,0.000000000000000000e+00
6.240468124229619384e+00,7.706336342058784261e+00,0.000000000000000000e+00
6.262803458055963723e+00,8.016022880208607759e+00,0.000000000000000000e+00
6.280483927593893512e+00,8.334483673383690672e+00,0.000000000000000000e+00
6.292553163694271312e+00,8.660956408112479465e+00,0.000000000000000000e+00
6.298105852675126570e+00,8.994627319748829564e+00,0.000000000000000000e+00
6.296529458469152907e+00,9.334988812217027032e+00,0.000000000000000000e+00
6.287964269288782049e+00,9.682615871995761125e+00,0.000000000000000000e+00
6.271909258209571902e+00,1.003715294892501930e+01,0.000000000000000000e+00
6.247682582881773250e+00,1.039788993492882518e+01,0.000000000000000000e+00
6.214645313077810762e+00,1.076408143327055633e+01,0.000000000000000000e+00
6.172202789348230745e+00,1.113494858720369329e+01,0.000000000000000000e+00
6.119805221847250287e+00,1.150967964349280237e+01,0.000000000000000000e+00
6.056548005411889868e+00,1.188664474251763892e+01,0.000000000000000000e+00
5.980587118836770522e+00,1.226202074465068215e+01,0.000000000000000000e+00
5.890255723085648043e+00,1.263169416172820725e+01,0.000000000000000000e+00
5.784934309799499630e+00,1.299317519442988100e+01,0.000000000000000000e+00
5.664918827927444944e+00,1.334571242297239380e+01,0.000000000000000000e+00
5.531683838414544141e+00,1.369139794571523439e+01,0.000000000000000000e+00
5.385640354352623227e+00,1.403007279349766456e+01,0.000000000000000000e+00
5.226732585386288044e+00,1.436032975587649752e+01,0.000000000000000000e+00
5.055292017765567358e+00,1.468163406782251457e+01,0.000000000000000000e+00
4.871734749030836475e+00,1.499365783457681545e+01,0.000000000000000000e+00
4.676570526294078434e+00,1.529637295145473885e+01,0.000000000000000000e+00
4.470361255694548674e+00,1.559000241229595396e+01,0.000000000000000000e+00
4.253271111032564278e+00,1.587342388473846100e+01,0.000000000000000000e+00
4.025122441624625402e+00,1.614388434401529793e+01,0.000000000000000000e+00
3.787726955898836678e+00,1.640644792785158046e+01,0.000000000000000000e+00
3.540314029786025607e+00,1.665586798154032522e+01,0.000000000000000000e+00
3.284128558231905970e+00,1.689537676321472759e+01,0.000000000000000000e+00
3.018994945990225443e+00,1.712157115071210711e+01,0.000000000000000000e+00
2.746191708289373867e+00,1.733877205780007102e+01,0.000000000000000000e+00
2.465119228054457157e+00,1.754023471736581641e+01,0.000000000000000000e+00
2.177089739731650209e+00,1.773097304516360140e+01,0.000000000000000000e+00
1.882451118568637005e+00,1.791032600932098617e+01,0.000000000000000000e+00
1.581426421679278382e+00,1.807578671276287352e+01,0.000000000000000000e+00
1.274595067947894789e+00,1.822755867917392436e+01,0.000000000000000000e+00
9.625609454138233101e-01,1.836675696971000704e+01,0.000000000000000000e+00
6.457929524530675591e-01,1.849309055476786057e+01,0.000000000000000000e+00
3.247732629472705468e-01,1.860624777294558285e+01,0.000000000000000000e+00
1.145411601260742823e-15,1.870599101811597009e+01,0.000000000000000000e+00
-3.280184049000250401e-01,1.879216183090538550e+01,0.000000000000000000e+00
-6.587684930098640645e-01,1.886466142063509466e+01,0.000000000000000000e+00
-9.917349605765789500e-01,1.892343034076045072e+01,0.000000000000000000e+00
-1.326402175874817013e+00,1.896843483936227059e+01,0.000000000000000000e+00
-1.662254846597180258e+00,1.899965983712429107e+01,0.000000000000000000e+00
-1.998778405201272701e+00,1.901710621031467952e+01,0.000000000000000000e+00
-2.335459369781190286e+00,1.902079017595725574e+01,0.000000000000000000e+00
-2.671785742955085752e+00,1.901074338012042730e+01,0.000000000000000000e+00
-3.007247423080619875e+00,1.898701297247789199e+01,0.000000000000000000e+00
-3.341336439787176982e+00,1.894966060419118747e+01,0.000000000000000000e+00
-3.673501012941842170e+00,1.889852438880095775e+01,0.000000000000000000e+00
-4.003251602038352175e+00,1.883381802276749184e+01,0.000000000000000000e+00
-4.330081445170725907e+00,1.875564331344246938e+01,0.000000000000000000e+00
-4.653490180848733004e+00,1.866412969174436398e+01,0.000000000000000000e+00
-4.972994581433741068e+00,1.855946844367543846e+01,0.000000000000000000e+00
-5.288139864511795629e+00,1.844193534454934991e+01,0.000000000000000000e+00
-5.598506097142214699e+00,1.831188832743704964e+01,0.000000000000000000e+00
-5.903688215393537497e+00,1.816968402913225233e+01,0.000000000000000000e+00
-6.202956715848948477e+00,1.801469436792081780e+01,0.000000000000000000e+00
-6.495427745662071928e+00,1.784604106090558773e+01,0.000000000000000000e+00
-6.781490602945029700e+00,1.766638701205587125e+01,0.000000000000000000e+00
-7.060919138188124222e+00,1.747638813196494567e+01,0.000000000000000000e+00
-7.331435060568185058e+00,1.727177863232276422e+01,0.000000000000000000e+00
-7.594914854280328420e+00,1.705845805738499621e+01,0.000000000000000000e+00
-7.849082035108005506e+00,1.683241074393637504e+01,0.000000000000000000e+00
-8.095091500978684351e+00,1.659739720239250360e+01,0.000000000000000000e+00
-8.330657623433310732e+00,1.634983616951678798e+01,0.000000000000000000e+00
-8.557518361448673616e+00,1.609435126006369288e+01,0.000000000000000000e+00
-8.773737325974737544e+00,1.582824112826583196e+01,0.000000000000000000e+00
-8.978838733563417662e+00,1.555180487949924029e+01,0.000000000000000000e+00
-9.173354865727940677e+00,1.526702628735130141e+01,0.000000000000000000e+00
-9.356633089801471570e+00,1.497374300917735113e+01,0.000000000000000000e+00
-9.528216739961742121e+00,1.467216712549868696e+01,0.000000000000000000e+00
-9.687712173468744581e+00,1.436262394257049024e+01,0.000000000000000000e+00
-9.834934095695777145e+00,1.404574152520798158e+01,0.000000000000000000e+00
-9.969750003729640042e+00,1.372218365675089302e+01,0.000000000000000000e+00
-1.009160135402124148e+01,1.339200731871140171e+01,0.000000000000000000e+00
-1.019952024119222145e+01,1.305479058509791557e+01,0.000000000000000000e+00
-1.029406812908899660e+01,1.271211546179010377e+01,0.000000000000000000e+00
-1.037556811507697851e+01,1.236512057634892336e+01,0.000000000000000000e+00
-1.044248402597305336e+01,1.201270371638946166e+01,0.000000000000000000e+00
-1.049481633310601225e+01,1.165567436038135440e+01,0.000000000000000000e+00
-1.054019867141231437e+01,1.130297925266629910e+01,0.000000000000000000e+00
-1.058436392403609716e+01,1.096042969553068147e+01,0.000000000000000000e+00
-1.062726941648257295e+01,1.062726941648257473e+01,0.000000000000000000e+00
-1.066903645785080279e+01,1.030296874535394203e+01,0.000000000000000000e+00
-1.070973321240761145e+01,9.986987789079659450e+00,0.000000000000000000e+00
-1.074942287112654427e+01,9.678823827030043958e+00,0.000000000000000000e+00
-1.078816593235388943e+01,9.378009570356063307e+00,0.000000000000000000e+00
-1.082601865333516322e+01,9.084108259131893348e+00,0.000000000000000000e+00
-1.086303367461273339e+01,8.796711221761077226e+00,0.000000000000000000e+00
-1.089926032583342064e+01,8.515435432128574789e+00,0.000000000000000000e+00
-1.093474490938468335e+01,8.239921313307736028e+00,0.000000000000000000e+00
-1.096953096588428345e+01,7.969830758986659269e+00,0.000000000000000000e+00
-1.100365950624188827e+01,7.704845334163499260e+00,0.000000000000000000e+00
-1.103716922229840058e+01,7.444664642271376032e+00,0.000000000000000000e+00
-1.107009667479878345e+01,7.189004838044845691e+00,0.000000000000000000e+00
-1.110247646528061161e+01,6.937597273448457891e+00,0.000000000000000000e+00
-1.113434139599203121e+01,6.690187263659965744e+00,0.000000000000000000e+00
-1.116572261584199843e+01,6.446532957953069243e+00,0.000000000000000000e+00
-1.119664975385950534e+01,6.206404304510742875e+00,0.000000000000000000e+00
-1.122715104155573052e+01,5.969582099483175419e+00,0.000000000000000000e+00
-1.125725342536691898e+01,5.735857111632778782e+00,0.000000000000000000e+00
-1.128698267042848968e+01,5.505029274946104501e+00,0.000000000000000000e+00
-1.131636345866167481e+01,5.276906943239326964e+00,0.000000000000000000e+00
-1.134541947856715716e+01,5.051306198716317475e+00,0.000000000000000000e+00
-1.137417350729666055e+01,4.828050209045905206e+00,0.000000000000000000e+00
-1.140264748723505228e+01,4.606968628796315635e+00,0.000000000000000000e+00
-1.143086259717103204e+01,4.387897040485484013e+00,0.000000000000000000e+00
-1.145883931863864014e+01,4.170676431223678371e+00,0.000000000000000000e+00
-1.148659749798361673e+01,3.955152701299738727e+00,0.000000000000000000e+00
-1.151415640466658452e+01,3.741176201382440780e+00,0.000000000000000000e+00
-1.154153478632823138e+01,3.528601295302962182e+00,0.000000000000000000e+00
-1.156875093061740500e+01,3.317285948347456603e+00,0.000000000000000000e+00
-1.159582272785734958e+01,3.107091335503838536e+00,0.000000000000000000e+00
-1.162276770319778763e+01,2.897881458948526667e+00,0.000000000000000000e+00
-1.164960305933774798e+01,2.689522785640134472e+00,0.000000000000000000e+00
-1.167634572006001825e+01,2.481883899126435811e+00,0.000000000000000000e+00
-1.170301237254097160e+01,2.274835162817059775e+00,0.000000000000000000e+00
-1.172961951098314337e+01,2.068248393230758264e+00,0.000000000000000000e+00
-1.175618350263996703e+01,1.861996544418179411e+00,0.000000000000000000e+00
-1.178272061961993522e+01,1.655953390946462989e+00,0.000000000000000000e+00
-1.180924706103092525e+01,1.449993214982599588e+00,0.000000000000000000e+00
-1.183577899183614335e+01,1.243990499710500242e+00,0.000000000000000000e+00
-1.186233258216805098e+01,1.037819623913906142e+00,0.000000000000000000e+00
-1.188892404837629257e+01,8.313545561414902307e-01,0.000000000000000000e+00
-1.191556971650780561e+01,6.244685477344306124e-01,0.000000000000000000e+00
-1.194228605896026707e+01,4.170338186694659832e-01,0.000000000000000000e+00
-1.196908971468743665e+01,2.089212381015295994e-01,0.000000000000000000e+00
-1.199599753102651967e+01,1.469085997895117852e-15,0.000000000000000000e+00
-1.202302660765643516e+01,-2.098627100703321924e-01,0.000000000000000000e+00
-1.205019434221289742e+01,-4.208020589551783597e-01,0.000000000000000000e+00
-1.207751848452340226e+01,-6.329559230237494782e-01,0.000000000000000000e+00
-1.210501719905345119e+01,-8.464652612511696095e-01,0.000000000000000000e+00
-1.213270909584191415e+01,-1.061474503744028297e+00,0.000000000000000000e+00
-1.216061327951675253e+01,-1.278131959105238469e+00,0.000000000000000000e+00
-1.218874940592571754e+01,-1.496590243762126349e+00,0.000000000000000000e+00
-1.221713774194691915e+01,-1.717006735927310901e+00,0.000000000000000000e+00
-1.224579922878845828e+01,-1.939544057178296477e+00,0.000000000000000000e+00
-1.227475554910734523e+01,-2.164370584908575701e+00,0.000000000000000000e+00
-1.230402919832158304e+01,-2.391660999209262339e+00,0.000000000000000000e+00
-1.233364356170000953e+01,-2.621596868338562203e+00,0.000000000000000000e+00
-1.236362299515372243e+01,-2.854367276649556473e+00,0.000000000000000000e+00
-1.239399290838233370e+01,-3.090169499099509220e+00,0.000000000000000000e+00
-1.242477985874960744e+01,-3.329209729286436659e+00,0.000000000000000000e+00
-1.245601165312205083e+01,-3.571703866490686607e+00,0.000000000000000000e+00
-1.248771745800601884e+01,-3.817878368299390868e+00,0.000000000000000000e+00
-1.251992791894742219e+01,-4.067971176282276780e+00,0.000000000000000000e+00
-1.255267529024700046e+01,-4.322232723090906781e+00,0.000000000000000000e+00
-1.258599357611029568e+01,-4.580927030369780439e+00,0.000000000000000000e+00
-1.261991868437847408e+01,-4.844332908004360227e+00,0.000000000000000000e+00
-1.265448859398420289e+01,-5.112745266501476316e+00,0.000000000000000000e+00
-1.268974354209307798e+01,-5.386476557776974872e+00,0.000000000000000000e+00
-1.272572623674853531e+01,-5.665858361983896252e+00,0.000000000000000000e+00
-1.276248207968503579e+01,-5.951243130823062444e+00,0.000000000000000000e+00
-1.280005941035931194e+01,-6.243006110011362075e+00,0.000000000000000000e+00
-1.283850976999923077e+01,-6.541547461397472674e+00,0.000000000000000000e+00
-1.287788818439648786e+01,-6.847294607525530097e+00,0.000000000000000000e+00
-1.291825353146170663e+01,-7.160704861450919445e+00,0.000000000000000000e+00
-1.295966899020548091e+01,-7.482268380103581862e+00,0.000000000000000000e+00
-1.300220233439990913e+01,-7.812511343369120453e+00,0.000000000000000000e+00
-1.304592636561394947e+01,-8.151999553137994070e+00,0.000000000000000000e+00
-1.309091967726746297e+01,-8.501342640356195801e+00,0.000000000000000000e+00
-1.313726695493012109e+01,-8.861198449132935195e+00,0.000000000000000000e+00
-1.318505982517399389e+01,-9.232278281332829906e+00,0.000000000000000000e+00
-1.323439755792800909e+01,-9.615352658364988869e+00,0.000000000000000000e+00
-1.328538756241320584e+01,-1.001125760484176119e+01,0.000000000000000000e+00
-1.333814339562006346e+01,-1.042089971928345449e+01,0.000000000000000000e+00
-1.339277385147270216e+01,-1.084525442511419691e+01,0.000000000000000000e+00
-1.344941833545759025e+01,-1.128540196483140967e+01,0.000000000000000000e+00
-1.350267793782773218e+01,-1.173769885635739563e+01,0.000000000000000000e+00
-1.355011099422576493e+01,-1.220057473988550356e+01,0.000000000000000000e+00
-1.359014750732239740e+01,-1.267301757341427049e+01,0.000000000000000000e+00
-1.362218276989806753e+01,-1.315478898926090068e+01,0.000000000000000000e+00
-1.363796800390989539e+01,-1.363796800390989006e+01,0.000000000000000000e+00
-1.362845017249556179e+01,-1.411267328360347229e+01,0.000000000000000000e+00
-1.359484877421744642e+01,-1.457869044298819539e+01,0.000000000000000000e+00
-1.353875748105850008e+01,-1.503631349370093595e+01,0.000000000000000000e+00
-1.346119330623541011e+01,-1.548533150298814398e+01,0.000000000000000000e+00
-1.336305237790910994e+01,-1.592546567939777802e+01,0.000000000000000000e+00
-1.324387394465116330e+01,-1.635482227575835878e+01,0.000000000000000000e+00
-1.310287804598229933e+01,-1.677091911260145096e+01,0.000000000000000000e+00
-1.294235706441093647e+01,-1.717508792188886702e+01,0.000000000000000000e+00
-1.276331532336816821e+01,-1.756719645635662985e+01,0.000000000000000000e+00
-1.256529961855239108e+01,-1.794510760435303709e+01,0.000000000000000000e+00
-1.234907733006947872e+01,-1.830826004670653973e+01,0.000000000000000000e+00
-1.211559054980272165e+01,-1.865637340356427742e+01,0.000000000000000000e+00
-1.186601988385284301e+01,-1.898960134241737663e+01,0.000000000000000000e+00
-1.160088149718603034e+01,-1.930710905294645841e+01,0.000000000000000000e+00
-1.131849812096427499e+01,-1.960421381088296755e+01,0.000000000000000000e+00
-1.102425697819604977e+01,-1.988828605504992453e+01,0.000000000000000000e+00
-1.071381186306769351e+01,-2.014974951561290339e+01,0.000000000000000000e+00
-1.039282218544279779e+01,-2.039706200299702488e+01,0.000000000000000000e+00
-1.005802802218587111e+01,-2.062201349259988703e+01,0.000000000000000000e+00
-9.712238015955422910e+00,-2.082796163885244667e+01,0.000000000000000000e+00
-9.356728955669710857e+00,-2.101555731788857528e+01,0.000000000000000000e+00
-8.991705158584522906e+00,-2.118312987064098962e+01,0.000000000000000000e+00
-8.617219791628434322e+00,-2.132836741925822821e+01,0.000000000000000000e+00
-8.234783772048738015e+00,-2.145234515468211356e+01,0.000000000000000000e+00
-7.845455549896708902e+00,-2.155521196867616851e+01,0.000000000000000000e+00
-7.450071079723175060e+00,-2.163657746919010805e+01,0.000000000000000000e+00
-7.049492482203055133e+00,-2.169610695791704913e+01,0.000000000000000000e+00
-6.644607911575042714e+00,-2.173353318637563447e+01,0.000000000000000000e+00
-6.236323158753546814e+00,-2.174864346029670870e+01,0.000000000000000000e+00
-5.825553841745131578e+00,-2.174126291962090463e+01,0.000000000000000000e+00
-5.413220290982057925e+00,-2.171124073210019034e+01,0.000000000000000000e+00
-5.000245436303692337e+00,-2.165844247284886848e+01,0.000000000000000000e+00
-4.587555227341140629e+00,-2.158275045144435822e+01,0.000000000000000000e+00
-4.176080371982152428e+00,-2.148407104869558992e+01,0.000000000000000000e+00
-3.766757686409711869e+00,-2.136234438584066808e+01,0.000000000000000000e+00
-3.360501482914035165e+00,-2.121737132781619195e+01,0.000000000000000000e+00
-2.958317863467138764e+00,-2.104952535490236087e+01,0.000000000000000000e+00
-2.561134375811523700e+00,-2.085876560520357970e+01,0.000000000000000000e+00
-2.169855128818842349e+00,-2.064479250844658509e+01,0.000000000000000000e+00
-1.785451747056868266e+00,-2.040780685291660390e+01,0.000000000000000000e+00
-1.408888199555654586e+00,-2.014803993486509270e+01,0.000000000000000000e+00
-1.041142567519250717e+00,-1.986618364224693778e+01,0.000000000000000000e+00
-6.831749948651969495e-01,-1.956357218951446342e+01,0.000000000000000000e+00
-3.358589230044133345e-01,-1.924134481227103777e+01,0.000000000000000000e+00
-3.470396684375965618e-15,-1.889195963435983572e+01,0.000000000000000000e+00
3.233390865279255899e-01,-1.852408386091006065e+01,0.000000000000000000e+00
6.333649070048453789e-01,-1.813719789750087941e+01,0.000000000000000000e+00
9.289733067062978522e-01,-1.772586664451369387e+01,0.000000000000000000e+00
1.209629096726536623e+00,-1.729850200669412885e+01,0.000000000000000000e+00
1.475564958343712707e+00,-1.686578464999055171e+01,0.000000000000000000e+00
1.727242513100874843e+00,-1.643361477046912711e+01,0.000000000000000000e+00
1.965441294655052573e+00,-1.600723478751761064e+01,0.000000000000000000e+00
2.190479541171858280e+00,-1.558607180475628873e+01,0.000000000000000000e+00
2.402719524900243542e+00,-1.517017403967823341e+01,0.000000000000000000e+00
2.602523821088857936e+00,-1.475964603166328537e+01,0.000000000000000000e+00
2.790298059069308501e+00,-1.435483908553914922e+01,0.000000000000000000e+00
2.966450429508179276e+00,-1.395605200893946574e+01,0.000000000000000000e+00
3.131540832130101037e+00,-1.356419356370726526e+01,0.000000000000000000e+00
3.285905721332917473e+00,-1.317904801651842739e+01,0.000000000000000000e+00
3.429480139889896417e+00,-1.279899412561753991e+01,0.000000000000000000e+00
3.563317044446090875e+00,-1.242676332878578371e+01,0.000000000000000000e+00
3.687856954107378460e+00,-1.206243657493706678e+01,0.000000000000000000e+00
3.802965485055250561e+00,-1.170432426580025442e+01,0.000000000000000000e+00
3.909320140711538105e+00,-1.135349007697164225e+01,0.000000000000000000e+00
4.007630102940779260e+00,-1.101087321335638336e+01,0.000000000000000000e+00
4.098167426636391220e+00,-1.067609114841479645e+01,0.000000000000000000e+00
4.181206009963051251e+00,-1.034884802668475423e+01,0.000000000000000000e+00
4.257235592587782058e+00,-1.002941854266701860e+01,0.000000000000000000e+00
4.326790878332161583e+00,-9.718131425727371209e+00,0.000000000000000000e+00
4.390332983687276425e+00,-9.415099466858737998e+00,0.000000000000000000e+00
4.448254696477234482e+00,-9.120273692510419750e+00,0.000000000000000000e+00
4.500938896365642705e+00,-8.833589962643971560e+00,0.000000000000000000e+00
4.548764953723303250e+00,-8.554982633107307777e+00,0.000000000000000000e+00
4.592113475141544221e+00,-8.284392006780754159e+00,0.000000000000000000e+00
4.631358740286059650e+00,-8.021748646253644921e+00,0.000000000000000000e+00
4.666867530291818333e+00,-7.766971877512508726e+00,0.000000000000000000e+00
4.698998818146149503e+00,-7.519970060602375383e+00,0.000000000000000000e+00
4.728101707320917946e+00,-7.280638164455401018e+00,0.000000000000000000e+00
4.754514083262814772e+00,-7.048857004089579270e+00,0.000000000000000000e+00
4.778564606339332776e+00,-6.824497517631935573e+00,0.000000000000000000e+00
4.800572695063761941e+00,-6.607421465393341187e+00,0.000000000000000000e+00
4.820848323559628668e+00,-6.397481803597246497e+00,0.000000000000000000e+00
4.839691831208909889e+00,-6.194523061749038995e+00,0.000000000000000000e+00
4.857393744532411795e+00,-5.998381723294220258e+00,0.000000000000000000e+00
4.874234611341418777e+00,-5.808886609213180563e+00,0.000000000000000000e+00
4.890484833593212066e+00,-5.625859248559130776e+00,0.000000000000000000e+00
4.906373445287498747e+00,-5.449079750761926633e+00,0.000000000000000000e+00
4.922017603017607712e+00,-5.278217667666769586e+00,0.000000000000000000e+00
4.937494621834625619e+00,-5.112925355087660328e+00,0.000000000000000000e+00
4.952860537960456000e+00,-4.952860537960457776e+00,0.000000000000000000e+00
4.968150499932175279e+00,-4.797687169336659174e+00,0.000000000000000000e+00
4.983379188197742060e+00,-4.647076272938845065e+00,0.000000000000000000e+00
4.998541262608290126e+00,-4.500706768442134020e+00,0.000000000000000000e+00
5.013611837229656309e+00,-4.358266278662187965e+00,0.000000000000000000e+00
5.028546981873582844e+00,-4.219451917847750089e+00,0.000000000000000000e+00
5.043284249727332025e+00,-4.083971060293058564e+00,0.000000000000000000e+00
5.057743230439256443e+00,-3.951542088503841033e+00,0.000000000000000000e+00
5.071826127997073996e+00,-3.821895120169367388e+00,0.000000000000000000e+00
5.085418362715397933e+00,-3.694772713212130189e+00,0.000000000000000000e+00
5.098398580473737063e+00,-3.569937118845397883e+00,0.000000000000000000e+00
5.110762099486606758e+00,-3.447252563659195967e+00,0.000000000000000000e+00
5.122593412133609192e+00,-3.326651058703109509e+00,0.000000000000000000e+00
5.133975585791795027e+00,-3.208063997012029489e+00,0.000000000000000000e+00
5.144988072304379045e+00,-3.091420718014226132e+00,0.000000000000000000e+00
5.155706671101778049e+00,-2.976648634423364026e+00,0.000000000000000000e+00
5.166203496078287216e+00,-2.863673359523132955e+00,0.000000000000000000e+00
5.176546946220253353e+00,-2.752418834743734166e+00,0.000000000000000000e+00
5.186801679979225810e+00,-2.642807457429874773e+00,0.000000000000000000e+00
5.197028593380944805e+00,-2.534760208700488349e+00,0.000000000000000000e+00
5.207284801858546253e+00,-2.428196781300772766e+00,0.000000000000000000e+00
5.217623625795938302e+00,-2.323035707347882894e+00,0.000000000000000000e+00
5.228094579764793970e+00,-2.219194485872092226e+00,0.000000000000000000e+00
5.238743365436175914e+00,-2.116589710056147933e+00,0.000000000000000000e+00
5.249611868145415805e+00,-2.015137194076110028e+00,0.000000000000000000e+00
5.260738157086479738e+00,-1.914752099447915024e+00,0.000000000000000000e+00
5.272156489109661948e+00,-1.815349060784750890e+00,0.000000000000000000e+00
5.283897316094151364e+00,-1.716842310871181887e+00,0.000000000000000000e+00
5.295987295864675204e+00,-1.619145804961117818e+00,0.000000000000000000e+00
5.308449306619172248e+00,-1.522173344207589762e+00,0.000000000000000000e+00
5.321302464832166734e+00,-1.425838698133521598e+00,0.000000000000000000e+00
5.334562146596349308e+00,-1.330055726053699594e+00,0.000000000000000000e+00
5.348240012362634133e+00,-1.234738497359522791e+00,0.000000000000000000e+00
5.362344035036842094e+00,-1.139801410579186935e+00,0.000000000000000000e+00
5.376878531389050586e+00,-1.045159311127364488e+00,0.000000000000000000e+00
5.391844196729570271e+00,-9.507276076597840353e-01,0.000000000000000000e+00
5.407238142803432623e+00,-8.564223869494080876e-01,0.000000000000000000e+00
5.423053938853350076e+00,-7.621605272025440136e-01,0.000000000000000000e+00
5.439281655799083737e+00,-6.678598097345128659e-01,0.000000000000000000e+00
5.455907913479228988e+00,-5.734390289261865892e-01,0.000000000000000000e+00
5.472915930899636905e+00,-4.788181003841482375e-01,0.000000000000000000e+00
5.490285579430728369e+00,-3.839181672290215008e-01,0.000000000000000000e+00
5.507993438894289717e+00,-2.886617044380139774e-01,0.000000000000000000e+00
5.526012856478494939e+00,-1.929726211695191318e-01,0.000000000000000000e+00
5.544314008418237627e+00,-9.677636099936690051e-02,0.000000000000000000e+00
5.562863964376235870e+00,-1.362508709613102540e-15,0.000000000000000000e+00
