7.161467006183945827e+00,0.000000000000000000e+00,0.000000000000000000e+00
7.121672047950819540e+00,1.243092479944538503e-01,0.000000000000000000e+00
7.082068752027363523e+00,2.473112904142570345e-01,0.000000000000000000e+00
7.042669815442827996e+00,3.690906852510642544e-01,0.000000000000000000e+00
7.003484372818268966e+00,4.897313346873770623e-01,0.000000000000000000e+00
6.964518041234341261e+00,6.093163755297785755e-01,0.000000000000000000e+00
6.925772968014272557e+00,7.279280714268343555e-01,0.000000000000000000e+00
6.887247881364235269e+00,8.456477069427674742e-01,0.000000000000000000e+00
6.848938143811839296e+00,9.625554835563632228e-01,0.000000000000000000e+00
6.810835808381772161e+00,1.078730417652857598e+00,0.000000000000000000e+00
6.772929677446135166e+00,1.194250240574834532e+00,0.000000000000000000e+00
6.735205364185484989e+00,1.309191300796394231e+00,0.000000000000000000e+00
6.697645356595140598e+00,1.423628468283052229e+00,0.000000000000000000e+00
6.660229083969967157e+00,1.537635041098012412e+00,0.000000000000000000e+00
6.622932985799359074e+00,1.651282654313577902e+00,0.000000000000000000e+00
6.585730583003006622e+00,1.764641191284602284e+00,0.000000000000000000e+00
6.548592551436587250e+00,1.877778697338940317e+00,0.000000000000000000e+00
6.511486797595487985e+00,1.990761295937938824e+00,0.000000000000000000e+00
6.474378536443357923e+00,2.103653107358024243e+00,0.000000000000000000e+00
6.437230371291255082e+00,2.216516169942463144e+00,0.000000000000000000e+00
6.399999809005119999e+00,2.329409429787243635e+00,0.000000000000000000e+00
6.362585081330415449e+00,2.442367582575632134e+00,0.000000000000000000e+00
6.324828138033693925e+00,2.555396441665755525e+00,0.000000000000000000e+00
6.286569744702240392e+00,2.668490536971344973e+00,0.000000000000000000e+00
6.247652312711920786e+00,2.781634025453564085e+00,0.000000000000000000e+00
6.207920336697076102e+00,2.894800794218004292e+00,0.000000000000000000e+00
6.167220827722119658e+00,3.007954578562203718e+00,0.000000000000000000e+00
6.125403741705043537e+00,3.121049094827118342e+00,0.000000000000000000e+00
6.082322402647523774e+00,3.234028187893595252e+00,0.000000000000000000e+00
6.037833920230943896e+00,3.346825993152567680e+00,0.000000000000000000e+00
5.991802416307356438e+00,3.459368737986102005e+00,0.000000000000000000e+00
5.944164542339060553e+00,3.571614386511522632e+00,0.000000000000000000e+00
5.894928501250827679e+00,3.683560152128427578e+00,0.000000000000000000e+00
5.844104748866304710e+00,3.795205999355408810e+00,0.000000000000000000e+00
5.791702641425742648e+00,3.906552758660442493e+00,0.000000000000000000e+00
5.737730392428509241e+00,4.017602072993398110e+00,0.000000000000000000e+00
5.682195031349771774e+00,4.128356342696363868e+00,0.000000000000000000e+00
5.625102364283093515e+00,4.238818668848328031e+00,0.000000000000000000e+00
5.566459162385816839e+00,4.348994534108659771e+00,0.000000000000000000e+00
5.506290533757853822e+00,4.458906156369922158e+00,0.000000000000000000e+00
5.444629303865611725e+00,4.568586440770645574e+00,0.000000000000000000e+00
5.381505096021201417e+00,4.678071009461668872e+00,0.000000000000000000e+00
5.316944109483142888e+00,4.787397979484198984e+00,0.000000000000000000e+00
5.250969000558478150e+00,4.896607809861979632e+00,0.000000000000000000e+00
5.183596924611900469e+00,5.005741363222182549e+00,0.000000000000000000e+00
5.114724840684268692e+00,5.114724840684267804e+00,0.000000000000000000e+00
5.044072159812997391e+00,5.223289626433427202e+00,0.000000000000000000e+00
4.971360386203784287e+00,5.331131324421159334e+00,0.000000000000000000e+00
4.896331017016768428e+00,5.437926504245172765e+00,0.000000000000000000e+00
4.818746356606913750e+00,5.543333571051938691e+00,0.000000000000000000e+00
4.738393164646175215e+00,5.646997077090926354e+00,0.000000000000000000e+00
4.655102573758192364e+00,5.748572931712990552e+00,0.000000000000000000e+00
4.568736986457888172e+00,5.847716675507797390e+00,0.000000000000000000e+00
4.479179427113444412e+00,5.944071863859571536e+00,0.000000000000000000e+00
4.386334078842408779e+00,6.037270923265270817e+00,0.000000000000000000e+00
4.290180736302448672e+00,6.127013067113760592e+00,0.000000000000000000e+00
4.190867816243312838e+00,6.213217048558559163e+00,0.000000000000000000e+00
4.088571454098519631e+00,6.295847934218752329e+00,0.000000000000000000e+00
3.983465920563987961e+00,6.374878057936844478e+00,0.000000000000000000e+00
3.875718464807608843e+00,6.450278720346350525e+00,0.000000000000000000e+00
3.765479659189400419e+00,6.522002084583180093e+00,0.000000000000000000e+00
3.652897061698763270e+00,6.590000744395232424e+00,0.000000000000000000e+00
3.538117358579300653e+00,6.654230953781347324e+00,0.000000000000000000e+00
3.421260350758026814e+00,6.714601506465939451e+00,0.000000000000000000e+00
3.302418285607996218e+00,6.770960897483787377e+00,0.000000000000000000e+00
3.181689479606879534e+00,6.823155107929408381e+00,0.000000000000000000e+00
3.059192768330890377e+00,6.871059456133020937e+00,0.000000000000000000e+00
2.935098868553005946e+00,6.914659613407216021e+00,0.000000000000000000e+00
2.809587563521356302e+00,6.953973241993631760e+00,0.000000000000000000e+00
2.682832553112018292e+00,6.989017746516668517e+00,0.000000000000000000e+00
2.554983005011702168e+00,7.019758113359965357e+00,0.000000000000000000e+00
2.426178570573827020e+00,7.046134195844485859e+00,0.000000000000000000e+00
2.296561539805896501e+00,7.068089643170456959e+00,0.000000000000000000e+00
2.166277164301465330e+00,7.085573335217846491e+00,0.000000000000000000e+00
2.035473370281319472e+00,7.098539231572608799e+00,0.000000000000000000e+00
1.904300933923999350e+00,7.106947838305230469e+00,0.000000000000000000e+00
1.772925503869970054e+00,7.110815807501102093e+00,0.000000000000000000e+00
1.641522916609747584e+00,7.110216910379685729e+00,0.000000000000000000e+00
1.510262813185588415e+00,7.105227904138548212e+00,0.000000000000000000e+00
1.379273875173235409e+00,7.095748953645396817e+00,0.000000000000000000e+00
1.248652332866012626e+00,7.081459274406254778e+00,0.000000000000000000e+00
1.118516572702267675e+00,7.062035705088079318e+00,0.000000000000000000e+00
9.890997564967342059e-01,7.037810459794442863e+00,0.000000000000000000e+00
8.607384822115422551e-01,7.010152383019847555e+00,0.000000000000000000e+00
7.336838239462499800e-01,6.980535295192301426e+00,0.000000000000000000e+00
6.080595937671847695e-01,6.950152959954740695e+00,0.000000000000000000e+00
4.838599491320939583e-01,6.919519647527669903e+00,0.000000000000000000e+00
3.610398872081310162e-01,6.889051437540307354e+00,0.000000000000000000e+00
2.395247152303624782e-01,6.859090412854871310e+00,0.000000000000000000e+00
1.192114234769138942e-01,6.829617876940663912e+00,0.000000000000000000e+00
4.164105483868195777e-16,6.800500334900492660e+00,0.000000000000000000e+00
-1.181988015753352994e-01,6.771604807052720609e+00,0.000000000000000000e+00
-2.354663973505880803e-01,6.742875394147134216e+00,0.000000000000000000e+00
-3.518826876381508928e-01,6.714321660868754371e+00,0.000000000000000000e+00
-4.675273074833683484e-01,6.685951990218784502e+00,0.000000000000000000e+00
-5.824790681975104967e-01,6.657766214761231538e+00,0.000000000000000000e+00
-6.968143085725450048e-01,6.629745288676319070e+00,0.000000000000000000e+00
-8.106069866787893874e-01,6.601864116448654229e+00,0.000000000000000000e+00
-9.239288255406770123e-01,6.574095190890139051e+00,0.000000000000000000e+00
-1.036850892028182924e+00,6.546418890035100802e+00,0.000000000000000000e+00
-1.149444192163616707e+00,6.518821949682685357e+00,0.000000000000000000e+00
-1.261778651125055495e+00,6.491288426911004272e+00,0.000000000000000000e+00
-1.373923257666247677e+00,6.463800726129361074e+00,0.000000000000000000e+00
-1.485947092158598215e+00,6.436343980147668731e+00,0.000000000000000000e+00
-1.597918714569110055e+00,6.408901913733890510e+00,0.000000000000000000e+00
-1.709905819258589421e+00,6.381455393630739437e+00,0.000000000000000000e+00
-1.821976379638511334e+00,6.353986742688314315e+00,0.000000000000000000e+00
-1.934199537627326437e+00,6.326481622319157339e+00,0.000000000000000000e+00
-2.046644180767115184e+00,6.298923101602485808e+00,0.000000000000000000e+00
-2.159378979929689191e+00,6.271291922536330610e+00,0.000000000000000000e+00
-2.272474439964532689e+00,6.243572210090342800e+00,0.000000000000000000e+00
-2.386002146363711773e+00,6.215748099828044992e+00,0.000000000000000000e+00
-2.500033645035490082e+00,6.187800407925762691e+00,0.000000000000000000e+00
-2.614641631480889128e+00,6.159709673305532540e+00,0.000000000000000000e+00
-2.729901903848868994e+00,6.131460065195694753e+00,0.000000000000000000e+00
-2.845891037827961600e+00,6.103033025638195497e+00,0.000000000000000000e+00
-2.962686173049936755e+00,6.074406841998147399e+00,0.000000000000000000e+00
-3.080368164627834471e+00,6.045562920722207245e+00,0.000000000000000000e+00
-3.199020663715536283e+00,6.016482825439601889e+00,0.000000000000000000e+00
-3.318728044025806678e+00,5.987143878181081291e+00,0.000000000000000000e+00
-3.439577645077513068e+00,5.957523237852366371e+00,0.000000000000000000e+00
-3.561662229160128756e+00,5.927601371054011636e+00,0.000000000000000000e+00
-3.685076136874818165e+00,5.897354583985977783e+00,0.000000000000000000e+00
-3.809915955765348805e+00,5.866756095361210122e+00,0.000000000000000000e+00
-3.936285637644468594e+00,5.835783447288974912e+00,0.000000000000000000e+00
-4.064292429694929432e+00,5.804411132285884456e+00,0.000000000000000000e+00
-4.194045724448464796e+00,5.772608708760294860e+00,0.000000000000000000e+00
-4.325663583585571459e+00,5.740349458669216531e+00,0.000000000000000000e+00
-4.459269613416330991e+00,5.707604827385098112e+00,0.000000000000000000e+00
-4.594989961563063829e+00,5.674340037841335338e+00,0.000000000000000000e+00
-4.732961257107006325e+00,5.640523581766482941e+00,0.000000000000000000e+00
-4.873327590155678735e+00,5.606122097753586608e+00,0.000000000000000000e+00
-5.016236617251753849e+00,5.571095164464252569e+00,0.000000000000000000e+00
-5.161849709522384977e+00,5.535406114341803629e+00,0.000000000000000000e+00
-5.310336392474275691e+00,5.499014310832371244e+00,0.000000000000000000e+00
-5.461872506851632281e+00,5.461872506851633169e+00,0.000000000000000000e+00
-5.616651913493532433e+00,5.423937704859375764e+00,0.000000000000000000e+00
-5.774875498273091878e+00,5.385158522706404938e+00,0.000000000000000000e+00
-5.936758291465956461e+00,5.345481175654684947e+00,0.000000000000000000e+00
-6.102534133438888730e+00,5.304851989269265822e+00,0.000000000000000000e+00
-6.272445466954132520e+00,5.263206677900816644e+00,0.000000000000000000e+00
-6.446760761489797709e+00,5.220483930482527235e+00,0.000000000000000000e+00
-6.625761058063341480e+00,5.176611879332829957e+00,0.000000000000000000e+00
-6.809752681411073816e+00,5.131516713275675379e+00,0.000000000000000000e+00
-6.999064553877240691e+00,5.085118054646685870e+00,0.000000000000000000e+00
-7.194049901159036864e+00,5.037327971048378039e+00,0.000000000000000000e+00
-7.395094148872255246e+00,4.988053986265933659e+00,0.000000000000000000e+00
-7.602610102139125914e+00,4.937192728449248058e+00,0.000000000000000000e+00
-7.817050449220933395e+00,4.884635248047202616e+00,0.000000000000000000e+00
-8.038903410001593031e+00,4.830260479236325288e+00,0.000000000000000000e+00
-8.268703106778620082e+00,4.773937964547729784e+00,0.000000000000000000e+00
-8.507033182103540980e+00,4.715525493849045624e+00,0.000000000000000000e+00
-8.754528438326099504e+00,4.654865340406627361e+00,0.000000000000000000e+00
-9.011891432023961812e+00,4.591788032697000865e+00,0.000000000000000000e+00
-9.279888075994700003e+00,4.526103832906364310e+00,0.000000000000000000e+00
-9.559365543777648355e+00,4.457605360166540187e+00,0.000000000000000000e+00
-9.851261212091131370e+00,4.386064078090313956e+00,0.000000000000000000e+00
-1.015661048963329449e+01,4.311225370899641973e+00,0.000000000000000000e+00
-1.047656408205707734e+01,4.232806645793687927e+00,0.000000000000000000e+00
-1.081240610898872312e+01,4.150493837437990052e+00,0.000000000000000000e+00
-1.116557103155964725e+01,4.063935504072689220e+00,0.000000000000000000e+00
-1.153766706085553118e+01,3.972737361995176464e+00,0.000000000000000000e+00
-1.193050401870515742e+01,3.876455741663148657e+00,0.000000000000000000e+00
-1.234612620246375414e+01,3.774589577253870676e+00,0.000000000000000000e+00
-1.278685175021532849e+01,3.666570737756190024e+00,0.000000000000000000e+00
-1.325532028252542638e+01,3.551752365118573174e+00,0.000000000000000000e+00
-1.375455049261444174e+01,3.429394604329246032e+00,0.000000000000000000e+00
-1.428801029073527573e+01,3.298647090605481225e+00,0.000000000000000000e+00
-1.485970844945779845e+01,3.158528535435725093e+00,0.000000000000000000e+00
-1.547429723081905628e+01,3.007898679415552223e+00,0.000000000000000000e+00
-1.613713752854154393e+01,2.845412737684989590e+00,0.000000000000000000e+00
-1.685351824136902010e+01,2.669335054158597398e+00,0.000000000000000000e+00
-1.761804231584764935e+01,2.476054372891288047e+00,0.000000000000000000e+00
-1.839497308692355304e+01,2.258618693298657387e+00,0.000000000000000000e+00
-1.916214817814882210e+01,2.014022930311912596e+00,0.000000000000000000e+00
-1.991584052684562423e+01,1.742410270689167096e+00,0.000000000000000000e+00
-2.065206421310379525e+01,1.444133010475015411e+00,0.000000000000000000e+00
-2.136638798548615981e+01,1.119764945619181384e+00,0.000000000000000000e+00
-2.206673516363253995e+01,7.705873720846500019e-01,0.000000000000000000e+00
-2.275516365013496056e+01,3.971928589653207498e-01,0.000000000000000000e+00
-2.341917063916220698e+01,2.868021236193566847e-15,0.000000000000000000e+00
-2.406361642368197096e+01,-4.200319870830841462e-01,0.000000000000000000e+00
-2.469579992644561628e+01,-8.623963366457261248e-01,0.000000000000000000e+00
-2.529741131705617008e+01,-1.325781148736581816e+00,0.000000000000000000e+00
-2.588811517858452760e+01,-1.810273361664805680e+00,0.000000000000000000e+00
-2.645064402700014483e+01,-2.314131495322200749e+00,0.000000000000000000e+00
-2.699323091241767969e+01,-2.837102892399467002e+00,0.000000000000000000e+00
-2.751841096575098078e+01,-3.378836007175415990e+00,0.000000000000000000e+00
-2.801606310267019495e+01,-3.937400893524142464e+00,0.000000000000000000e+00
-2.848988118701695171e+01,-4.512353886718210916e+00,0.000000000000000000e+00
-2.894182715798701366e+01,-5.103224998954107861e+00,0.000000000000000000e+00
-2.937049442005825028e+01,-5.709045784898555631e+00,0.000000000000000000e+00
-2.977519010810694766e+01,-6.328912032450458192e+00,0.000000000000000000e+00
-3.015548940052617866e+01,-6.961943290405569584e+00,0.000000000000000000e+00
-3.051181281283997393e+01,-7.607449351750355859e+00,0.000000000000000000e+00
-3.084379659280497776e+01,-8.264570388551893743e+00,0.000000000000000000e+00
-3.114946607349788366e+01,-8.931965665426044865e+00,0.000000000000000000e+00
-3.142858530177184662e+01,-9.608682801592328460e+00,0.000000000000000000e+00
-3.168222150489234679e+01,-1.029417778735328426e+01,0.000000000000000000e+00
-3.191100279035356735e+01,-1.098783942848229600e+01,0.000000000000000000e+00
-3.211432169402535663e+01,-1.168865719027459171e+01,0.000000000000000000e+00
-3.229182350895906239e+01,-1.239566967080053139e+01,0.000000000000000000e+00
-3.244345247869969029e+01,-1.310800565803129736e+01,0.000000000000000000e+00
-3.256915270669387752e+01,-1.382478510927642645e+01,0.000000000000000000e+00
-3.266883063140935661e+01,-1.454510051258960779e+01,0.000000000000000000e+00
-3.274241377855014434e+01,-1.526803829141767110e+01,0.000000000000000000e+00
-3.278985817036302564e+01,-1.599268240413860198e+01,0.000000000000000000e+00
-3.281114842841198254e+01,-1.671811515141501303e+01,0.000000000000000000e+00
-3.280626782166522304e+01,-1.744340201839187898e+01,0.000000000000000000e+00
-3.277518704598929844e+01,-1.816758284264940215e+01,0.000000000000000000e+00
-3.271818221561164819e+01,-1.888985130957861713e+01,0.000000000000000000e+00
-3.263562517566850119e+01,-1.960946194540360921e+01,0.000000000000000000e+00
-3.252790466574154493e+01,-2.032569070745029549e+01,0.000000000000000000e+00
-3.239542185757295556e+01,-2.103783293914447938e+01,0.000000000000000000e+00
-3.223852693159457772e+01,-2.174516098581447565e+01,0.000000000000000000e+00
-3.205751475349112667e+01,-2.244691348666345476e+01,0.000000000000000000e+00
-3.185217141319084178e+01,-2.314195714099975376e+01,0.000000000000000000e+00
-3.162194996190333640e+01,-2.382884846594014405e+01,0.000000000000000000e+00
-3.136848944423088170e+01,-2.450774992800524643e+01,0.000000000000000000e+00
-3.109291347888672163e+01,-2.517854488071629859e+01,0.000000000000000000e+00
-3.079407753680067117e+01,-2.583929910357400317e+01,0.000000000000000000e+00
-3.047143217807785120e+01,-2.648841187466970126e+01,0.000000000000000000e+00
-3.012722971518409310e+01,-2.712667947904182242e+01,0.000000000000000000e+00
-2.976045812760286680e+01,-2.775207617435785679e+01,0.000000000000000000e+00
-2.937221103033715508e+01,-2.836441448326111825e+01,0.000000000000000000e+00
-2.896280126899837981e+01,-2.896280126899837271e+01,0.000000000000000000e+00
-2.853006175160530944e+01,-2.954374379810414908e+01,0.000000000000000000e+00
-2.807076477179752771e+01,-3.010220980773878452e+01,0.000000000000000000e+00
-2.758221531903159018e+01,-3.063315352002994274e+01,0.000000000000000000e+00
-2.707259533343919955e+01,-3.114345837306736087e+01,0.000000000000000000e+00
-2.653528869013366887e+01,-3.162352562699129166e+01,0.000000000000000000e+00
-2.597595787408191015e+01,-3.207763651697806040e+01,0.000000000000000000e+00
-2.539673774826580299e+01,-3.250634196589492575e+01,0.000000000000000000e+00
-2.479494304915350611e+01,-3.290400077575214510e+01,0.000000000000000000e+00
-2.417261956106429821e+01,-3.327075653427672819e+01,0.000000000000000000e+00
-2.353235573632399991e+01,-3.360768693877745505e+01,0.000000000000000000e+00
-2.287509194626239406e+01,-3.391371847066872647e+01,0.000000000000000000e+00
-2.220191121424550573e+01,-3.418794520853874985e+01,0.000000000000000000e+00
-2.151405875604808671e+01,-3.442969108712169657e+01,0.000000000000000000e+00
-2.081287304565866947e+01,-3.463843757865583939e+01,0.000000000000000000e+00
-2.009967830801243238e+01,-3.481366404526753655e+01,0.000000000000000000e+00
-1.937522964146399573e+01,-3.495383954255149916e+01,0.000000000000000000e+00
-1.864029712861644228e+01,-3.505730013170819603e+01,0.000000000000000000e+00
-1.789753344965591353e+01,-3.512588717092452129e+01,0.000000000000000000e+00
-1.714867156876665888e+01,-3.515998719542390916e+01,0.000000000000000000e+00
-1.639495483118636088e+01,-3.515909409692073240e+01,0.000000000000000000e+00
-1.563580463262167974e+01,-3.511859219445020130e+01,0.000000000000000000e+00
-1.487413588084164040e+01,-3.504126820446474255e+01,0.000000000000000000e+00
-1.411220120683116441e+01,-3.492892367979337109e+01,0.000000000000000000e+00
-1.335086284462725814e+01,-3.478018680076520042e+01,0.000000000000000000e+00
-1.258967741751203562e+01,-3.458985442283202616e+01,0.000000000000000000e+00
-1.183228207876025451e+01,-3.436344232086423034e+01,0.000000000000000000e+00
-1.108023306317526036e+01,-3.410145088659940882e+01,0.000000000000000000e+00
-1.033438669466679016e+01,-3.380225578067848602e+01,0.000000000000000000e+00
-9.594903239633932657e+00,-3.346140414515534900e+01,0.000000000000000000e+00
-8.864751600534116704e+00,-3.308370336967086445e+01,0.000000000000000000e+00
-8.145444199243446093e+00,-3.266959228950575067e+01,0.000000000000000000e+00
-7.438308795342284618e+00,-3.221885509250070356e+01,0.000000000000000000e+00
-6.744662173807271621e+00,-3.173114074115402516e+01,0.000000000000000000e+00
-6.065879135891746543e+00,-3.120624286894228305e+01,0.000000000000000000e+00
-5.403393427376252944e+00,-3.064416690892077000e+01,0.000000000000000000e+00
-4.758697675907876956e+00,-3.004523465914392943e+01,0.000000000000000000e+00
-4.133381078654094765e+00,-2.941053457813123728e+01,0.000000000000000000e+00
-3.529152304731974610e+00,-2.874263896682224129e+01,0.000000000000000000e+00
-2.947604055441038096e+00,-2.804457925021058173e+01,0.000000000000000000e+00
-2.388492406225188880e+00,-2.730059312790217874e+01,0.000000000000000000e+00
-1.855053580203687824e+00,-2.652850213881142238e+01,0.000000000000000000e+00
-1.348264560725291439e+00,-2.572642037441888263e+01,0.000000000000000000e+00
-8.690836126608623147e-01,-2.488729845618728831e+01,0.000000000000000000e+00
-4.191807088976270412e-01,-2.401484672909960594e+01,0.000000000000000000e+00
-4.247169495441835509e-15,-2.312051386788354534e+01,0.000000000000000000e+00
3.874653752632206682e-01,-2.219787648207820041e+01,0.000000000000000000e+00
7.416889875781389474e-01,-2.123919370543664442e+01,0.000000000000000000e+00
1.062390908659352817e+00,-2.027162614392884521e+01,0.000000000000000000e+00
1.355392227616436296e+00,-1.938301189408400660e+01,0.000000000000000000e+00
1.624409274538678671e+00,-1.856708296906776923e+01,0.000000000000000000e+00
1.872418437331602403e+00,-1.781487142357887876e+01,0.000000000000000000e+00
2.101922573229510149e+00,-1.711878560116090142e+01,0.000000000000000000e+00
2.315043463206441388e+00,-1.647239016410259183e+01,0.000000000000000000e+00
2.513591716187593583e+00,-1.587019350535408257e+01,0.000000000000000000e+00
2.699121862097075386e+00,-1.530748074544387549e+01,0.000000000000000000e+00
2.872976129661065414e+00,-1.478018088563471899e+01,0.000000000000000000e+00
3.036319565197167059e+00,-1.428476044842517467e+01,0.000000000000000000e+00
3.190168342548305613e+00,-1.381813721065306133e+01,0.000000000000000000e+00
3.335412918891592859e+00,-1.337761054055955690e+01,0.000000000000000000e+00
3.472836898285005969e+00,-1.296080375079952951e+01,0.000000000000000000e+00
3.603132651419289623e+00,-1.256561685163441311e+01,0.000000000000000000e+00
3.726914270885617331e+00,-1.219018730179213428e+01,0.000000000000000000e+00
3.844728378557170867e+00,-1.183285723559591851e+01,0.000000000000000000e+00
3.957063184239800080e+00,-1.149214594331976791e+01,0.000000000000000000e+00
4.064356093008465010e+00,-1.116672659016358793e+01,0.000000000000000000e+00
4.167000282949622658e+00,-1.085540686968806590e+01,0.000000000000000000e+00
4.265350102955656197e+00,-1.055711196504339178e+01,0.000000000000000000e+00
4.359725843948885959e+00,-1.027087044380994740e+01,0.000000000000000000e+00
4.450417747527323442e+00,-9.995801920182328715e+00,0.000000000000000000e+00
4.537689567413623948e+00,-9.731106680442534795e+00,0.000000000000000000e+00
4.621781405944867416e+00,-9.476056171548524532e+00,0.000000000000000000e+00
4.702912515954372097e+00,-9.229985510283714945e+00,0.000000000000000000e+00
4.781283496907144936e+00,-8.992286410956934262e+00,0.000000000000000000e+00
4.857078238719041430e+00,-8.762401093738780844e+00,0.000000000000000000e+00
4.930465689399997409e+00,-8.539817079015904255e+00,0.000000000000000000e+00
5.001601392894213127e+00,-8.324062577089613058e+00,0.000000000000000000e+00
5.070628834532024065e+00,-8.114702407852782073e+00,0.000000000000000000e+00
5.137680624159380649e+00,-7.911334388412077701e+00,0.000000000000000000e+00
5.202879542566436477e+00,-7.713586133682430734e+00,0.000000000000000000e+00
5.266339475957271254e+00,-7.521112225415688357e+00,0.000000000000000000e+00
5.328166246826932628e+00,-7.333591691397342238e+00,0.000000000000000000e+00
5.388458355837665970e+00,-7.150725757631610335e+00,0.000000000000000000e+00
5.447307650302830595e+00,-6.972235844986446551e+00,0.000000000000000000e+00
5.504799920852058825e+00,-6.797861769554581990e+00,0.000000000000000000e+00
5.561015434766784615e+00,-6.627360122855169067e+00,0.000000000000000000e+00
5.616029411613517652e+00,-6.460502809144188952e+00,0.000000000000000000e+00
5.669912446108243742e+00,-6.297075720633625195e+00,0.000000000000000000e+00
5.722730883100921595e+00,-6.136877534929356059e+00,0.000000000000000000e+00
5.774547181102120952e+00,-5.979718654445138171e+00,0.000000000000000000e+00
5.825420329445114120e+00,-5.825420329445116785e+00,0.000000000000000000e+00
5.875406065246244758e+00,-5.673813684641702437e+00,0.000000000000000000e+00
5.924557080668108711e+00,-5.524738856406712806e+00,0.000000000000000000e+00
5.972923249139680202e+00,-5.378044249805960852e+00,0.000000000000000000e+00
6.020552038006575124e+00,-5.233586040971572650e+00,0.000000000000000000e+00
6.067488635881142400e+00,-5.091227476540208130e+00,0.000000000000000000e+00
6.113775969839230662e+00,-4.950838162907134077e+00,0.000000000000000000e+00
6.159454967228747080e+00,-4.812293633011231364e+00,0.000000000000000000e+00
6.204564963111769416e+00,-4.675475057078767094e+00,0.000000000000000000e+00
6.249143516204281212e+00,-4.540268528131370829e+00,0.000000000000000000e+00
6.293226525378415204e+00,-4.406564652731270293e+00,0.000000000000000000e+00
6.336848750590100110e+00,-4.274258452215319082e+00,0.000000000000000000e+00
6.380043584582522520e+00,-4.143248748758952438e+00,0.000000000000000000e+00
6.422843071835845130e+00,-4.013437787713387550e+00,0.000000000000000000e+00
6.465278477859116357e+00,-3.884731228391995028e+00,0.000000000000000000e+00
6.507379979727004660e+00,-3.757037583014572135e+00,0.000000000000000000e+00
6.549176732403819479e+00,-3.630267942335304365e+00,0.000000000000000000e+00
6.590697330392009334e+00,-3.504335931795560466e+00,0.000000000000000000e+00
6.631969580641484008e+00,-3.379157281609732166e+00,0.000000000000000000e+00
6.673020793535042294e+00,-3.254649705184661457e+00,0.000000000000000000e+00
6.713876811922772525e+00,-3.130732173308861110e+00,0.000000000000000000e+00
6.754564041097590454e+00,-3.007325667850193618e+00,0.000000000000000000e+00
6.795112253343205566e+00,-2.884354024861498722e+00,0.000000000000000000e+00
6.835537820658841746e+00,-2.761736547234267203e+00,0.000000000000000000e+00
6.875859814420965499e+00,-2.639395292701501194e+00,0.000000000000000000e+00
6.916159396980795293e+00,-2.517276155941495563e+00,0.000000000000000000e+00
6.956400234782075032e+00,-2.395280689930185947e+00,0.000000000000000000e+00
6.996232173426934153e+00,-2.273213632564767384e+00,0.000000000000000000e+00
7.034247058133181518e+00,-2.150585146631630806e+00,0.000000000000000000e+00
7.068822523127151314e+00,-2.026952241254649678e+00,0.000000000000000000e+00
7.099853935934902438e+00,-1.902400128512684363e+00,0.000000000000000000e+00
7.127559015585262614e+00,-1.777100054502781523e+00,0.000000000000000000e+00
7.151985574983203975e+00,-1.651165972652495428e+00,0.000000000000000000e+00
7.173143553553260610e+00,-1.524698730108769107e+00,0.000000000000000000e+00
7.191024017557990256e+00,-1.397793471549679367e+00,0.000000000000000000e+00
7.205593765651904015e+00,-1.270540592909145783e+00,0.000000000000000000e+00
7.216820302672818599e+00,-1.143032044561587135e+00,0.000000000000000000e+00
7.224673548878561391e+00,-1.015361651011684962e+00,0.000000000000000000e+00
7.229125917159435311e+00,-8.876250514502335154e-01,0.000000000000000000e+00
7.230152388862865820e+00,-7.599196376857350055e-01,0.000000000000000000e+00
7.227737439026349797e+00,-6.323450888567010431e-01,0.000000000000000000e+00
7.221895737152257411e+00,-5.050041450874814819e-01,0.000000000000000000e+00
7.212651741190240884e+00,-3.779990604977448432e-01,0.000000000000000000e+00
7.200032815731122859e+00,-2.514306862911648288e-01,0.000000000000000000e+00
7.184069174018134163e+00,-1.253983938812997245e-01,0.000000000000000000e+00
7.164793818050544161e+00,-1.754868363165268445e-15,0.000000000000000000e+00
