7.174079139711898812e+00,0.000000000000000000e+00,0.000000000000000000e+00
7.155640366730953161e+00,1.249021672042634895e-01,0.000000000000000000e+00
7.136603818213721695e+00,2.492156968897680791e-01,0.000000000000000000e+00
7.116903024283626422e+00,3.729810828754647201e-01,0.000000000000000000e+00
7.096469634789517755e+00,4.962334976147586563e-01,0.000000000000000000e+00
7.075233658444497920e+00,6.190027369109429856e-01,0.000000000000000000e+00
7.053123703289618796e+00,7.413131730684713316e-01,0.000000000000000000e+00
7.030067218223521763e+00,8.631837165074791596e-01,0.000000000000000000e+00
7.005990735338817110e+00,9.846277858617386025e-01,0.000000000000000000e+00
6.980820112805450783e+00,1.105653286572957805e+00,0.000000000000000000e+00
6.954480778041523870e+00,1.226262597987118230e+00,0.000000000000000000e+00
6.926897970911721991e+00,1.346452568951255424e+00,0.000000000000000000e+00
6.897996986694117538e+00,1.466214521901874734e+00,0.000000000000000000e+00
6.867703418556407868e+00,1.585534265428963696e+00,0.000000000000000000e+00
6.835943399283252120e+00,1.704392115292316934e+00,0.000000000000000000e+00
6.802643841997396024e+00,1.822762923859751805e+00,0.000000000000000000e+00
6.767732679618032599e+00,1.940616117929563345e+00,0.000000000000000000e+00
6.731139102801356522e+00,2.057915744892494736e+00,0.000000000000000000e+00
6.692793796109375748e+00,2.174620527181338137e+00,0.000000000000000000e+00
6.652629172154867376e+00,2.290683924949286965e+00,0.000000000000000000e+00
6.610579603471959054e+00,2.406054206911067528e+00,0.000000000000000000e+00
6.566581651863850233e+00,2.520674529273983833e+00,0.000000000000000000e+00
6.520574353404147594e+00,2.634483046283395691e+00,0.000000000000000000e+00
6.472509503420344146e+00,2.747417281879270146e+00,0.000000000000000000e+00
6.422362883476419704e+00,2.859420183184545383e+00,0.000000000000000000e+00
6.370115066431254469e+00,2.970433438805431425e+00,0.000000000000000000e+00
6.315748711096605739e+00,3.080396467594650467e+00,0.000000000000000000e+00
6.259248669641571006e+00,3.189246491896527314e+00,0.000000000000000000e+00
6.200602092642266250e+00,3.296918614637795120e+00,0.000000000000000000e+00
6.139798531666514236e+00,3.403345900199168828e+00,0.000000000000000000e+00
6.076839420743302078e+00,3.508464875388274340e+00,0.000000000000000000e+00
6.011764485034490235e+00,3.612232529925726077e+00,0.000000000000000000e+00
5.944622862273273967e+00,3.714612635294071818e+00,0.000000000000000000e+00
5.875464007312277914e+00,3.815570939907266812e+00,0.000000000000000000e+00
5.804337621144560089e+00,3.915075160090915940e+00,0.000000000000000000e+00
5.731293512364070253e+00,4.013094921049725983e+00,0.000000000000000000e+00
5.656373854978567373e+00,4.109596159939556514e+00,0.000000000000000000e+00
5.579606624875777854e+00,4.204535170155524249e+00,0.000000000000000000e+00
5.501019340030720350e+00,4.297867341501468985e+00,0.000000000000000000e+00
5.420640780756317056e+00,4.389548353942182679e+00,0.000000000000000000e+00
5.338501020414040177e+00,4.479534237268953945e+00,0.000000000000000000e+00
5.254634387591263334e+00,4.567783985206173902e+00,0.000000000000000000e+00
5.169081892245106502e+00,4.654262241084225593e+00,0.000000000000000000e+00
5.081885882832758661e+00,4.738935251771556167e+00,0.000000000000000000e+00
4.993089362909387319e+00,4.821770349370200215e+00,0.000000000000000000e+00
4.902735466694529975e+00,4.902735466694529087e+00,0.000000000000000000e+00
4.810863541623938033e+00,4.981795032861445094e+00,0.000000000000000000e+00
4.717511553187081041e+00,5.058911778817766880e+00,0.000000000000000000e+00
4.622718534648276645e+00,5.134049057113243997e+00,0.000000000000000000e+00
4.526525453299844237e+00,5.207171875957899765e+00,0.000000000000000000e+00
4.428989849972435167e+00,5.278264565267939190e+00,0.000000000000000000e+00
4.330182455019784271e+00,5.347330000981898479e+00,0.000000000000000000e+00
4.230172912012258202e+00,5.414374421459919873e+00,0.000000000000000000e+00
4.129030690001970427e+00,5.479408795478863503e+00,0.000000000000000000e+00
4.026846154779005538e+00,5.542478243956687756e+00,0.000000000000000000e+00
3.923722979614105100e+00,5.603657152344116099e+00,0.000000000000000000e+00
3.819759153622626080e+00,5.663025830280165707e+00,0.000000000000000000e+00
3.715039132935795241e+00,5.720658600007936911e+00,0.000000000000000000e+00
3.609589982759679128e+00,5.776551485091004245e+00,0.000000000000000000e+00
3.503415992237016052e+00,5.830663354018746247e+00,0.000000000000000000e+00
3.396523777109786035e+00,5.882951751069896318e+00,0.000000000000000000e+00
3.288931544233630877e+00,5.933389569616059234e+00,0.000000000000000000e+00
3.180684256457040782e+00,5.981997059029175112e+00,0.000000000000000000e+00
3.071829346376919290e+00,6.028804546318361268e+00,0.000000000000000000e+00
2.962410797611072066e+00,6.073842238677967131e+00,0.000000000000000000e+00
2.852451327330929320e+00,6.117101611877854062e+00,0.000000000000000000e+00
2.741956258288810400e+00,6.158534588553474798e+00,0.000000000000000000e+00
2.630933257362370714e+00,6.198090338681529587e+00,0.000000000000000000e+00
2.519399269027378985e+00,6.235732009276292231e+00,0.000000000000000000e+00
2.407398638161898141e+00,6.271487866634309682e+00,0.000000000000000000e+00
2.294979907974224353e+00,6.305405475261226300e+00,0.000000000000000000e+00
2.182187310110831113e+00,6.337532123150016794e+00,0.000000000000000000e+00
2.069045923825967748e+00,6.367868577418743570e+00,0.000000000000000000e+00
1.955565455989789481e+00,6.396366392341334084e+00,0.000000000000000000e+00
1.841758189198020590e+00,6.422974111071455106e+00,0.000000000000000000e+00
1.727644320897695707e+00,6.447656382998030011e+00,0.000000000000000000e+00
1.613260866244299319e+00,6.470435923152152213e+00,0.000000000000000000e+00
1.498645995131908437e+00,6.491348972006433904e+00,0.000000000000000000e+00
1.383834727742199178e+00,6.510430526677865259e+00,0.000000000000000000e+00
1.268853873408643640e+00,6.527687290123918018e+00,0.000000000000000000e+00
1.153726109836554770e+00,6.543105911534314423e+00,0.000000000000000000e+00
1.038474939953153653e+00,6.556672725081295283e+00,0.000000000000000000e+00
9.231249279734635715e-01,6.568375162480474039e+00,0.000000000000000000e+00
8.077017355444344737e-01,6.578202744750194064e+00,0.000000000000000000e+00
6.922317809989652071e-01,6.586145451219747926e+00,0.000000000000000000e+00
5.767425746229638550e-01,6.592197793169717102e+00,0.000000000000000000e+00
4.612638565235220312e-01,6.596380468426728427e+00,0.000000000000000000e+00
3.458244881700190398e-01,6.598724328735763756e+00,0.000000000000000000e+00
2.304512209838535941e-01,6.599259533450766213e+00,0.000000000000000000e+00
1.151683127883322971e-01,6.597988220722908359e+00,0.000000000000000000e+00
4.038201235643739784e-16,6.594883093566721755e+00,0.000000000000000000e+00
-1.150274066802719902e-01,6.589915715198555901e+00,0.000000000000000000e+00
-2.298858134106046280e-01,6.583068378975195145e+00,0.000000000000000000e+00
-3.445473516357596688e-01,6.574355111956712960e+00,0.000000000000000000e+00
-4.589853397139671554e-01,6.563796159972988598e+00,0.000000000000000000e+00
-5.731770615667173274e-01,6.551443792450632131e+00,0.000000000000000000e+00
-6.871388488551589679e-01,6.537689438662959596e+00,0.000000000000000000e+00
-8.009392760679797663e-01,6.523126932068814554e+00,0.000000000000000000e+00
-9.146882460907117540e-01,6.508345051654571556e+00,0.000000000000000000e+00
-1.028502511299002720e+00,6.493709288561157145e+00,0.000000000000000000e+00
-1.142453505248970824e+00,6.479175794077014494e+00,0.000000000000000000e+00
-1.256601401596503687e+00,6.464653787057214274e+00,0.000000000000000000e+00
-1.371002878200462405e+00,6.450061420963525194e+00,0.000000000000000000e+00
-1.485726131968663877e+00,6.435386896415789870e+00,0.000000000000000000e+00
-1.600846389127298819e+00,6.420644175031472223e+00,0.000000000000000000e+00
-1.716440583647427909e+00,6.405843466345375603e+00,0.000000000000000000e+00
-1.832585184455177485e+00,6.390984041837845631e+00,0.000000000000000000e+00
-1.949355076577170331e+00,6.376053156577793146e+00,0.000000000000000000e+00
-2.066825271419074461e+00,6.361034112064261059e+00,0.000000000000000000e+00
-2.185072345580915343e+00,6.345910874544722802e+00,0.000000000000000000e+00
-2.304177718532225416e+00,6.330676252077758193e+00,0.000000000000000000e+00
-2.424224749216349561e+00,6.315321384543585381e+00,0.000000000000000000e+00
-2.545298269140608749e+00,6.299834283973173576e+00,0.000000000000000000e+00
-2.667487005429381330e+00,6.284205572544928842e+00,0.000000000000000000e+00
-2.790882283611935577e+00,6.268424240630187327e+00,0.000000000000000000e+00
-2.915577089916488784e+00,6.252475246605031955e+00,0.000000000000000000e+00
-3.041669640046711809e+00,6.236346947802886120e+00,0.000000000000000000e+00
-3.169262678559223279e+00,6.220028227645724606e+00,0.000000000000000000e+00
-3.298461091761368369e+00,6.203503070190766522e+00,0.000000000000000000e+00
-3.429375899364714986e+00,6.186757893230835137e+00,0.000000000000000000e+00
-3.562124119362582331e+00,6.169779957602539611e+00,0.000000000000000000e+00
-3.696825558620913998e+00,6.152550927041778195e+00,0.000000000000000000e+00
-3.833608072967434666e+00,6.135055369980310758e+00,0.000000000000000000e+00
-3.972606821199007321e+00,6.117278058975173849e+00,0.000000000000000000e+00
-4.113960813736200706e+00,6.099197728436204002e+00,0.000000000000000000e+00
-4.257820213546436250e+00,6.080797451042632140e+00,0.000000000000000000e+00
-4.404342756234973066e+00,6.062057741239995856e+00,0.000000000000000000e+00
-4.553692684227997667e+00,6.042954295855507141e+00,0.000000000000000000e+00
-4.706049016789020101e+00,6.023468059729572666e+00,0.000000000000000000e+00
-4.861597501770092755e+00,6.003572931153800418e+00,0.000000000000000000e+00
-5.020537353629413779e+00,5.983243427941280501e+00,0.000000000000000000e+00
-5.183082551388623394e+00,5.962454419135934991e+00,0.000000000000000000e+00
-5.349456694594579176e+00,5.941173552553546067e+00,0.000000000000000000e+00
-5.519905130771633139e+00,5.919373544544205501e+00,0.000000000000000000e+00
-5.694684182709734088e+00,5.897018098659607688e+00,0.000000000000000000e+00
-5.874073945749206160e+00,5.874073945749207049e+00,0.000000000000000000e+00
-6.058371682959365678e+00,5.850501527842898675e+00,0.000000000000000000e+00
-6.247899324663894305e+00,5.826260376918391160e+00,0.000000000000000000e+00
-6.443003063502266592e+00,5.801306015800816951e+00,0.000000000000000000e+00
-6.644056976451528485e+00,5.775590614924691835e+00,0.000000000000000000e+00
-6.851465605254777103e+00,5.749062262393105804e+00,0.000000000000000000e+00
-7.065668337342580152e+00,5.721665403431538621e+00,0.000000000000000000e+00
-7.287140236778176572e+00,5.693337925333547211e+00,0.000000000000000000e+00
-7.516402211930443222e+00,5.664015329001784949e+00,0.000000000000000000e+00
-7.754016829838592528e+00,5.633622989747046894e+00,0.000000000000000000e+00
-8.000604935144457031e+00,5.602083885825958731e+00,0.000000000000000000e+00
-8.256842437314670491e+00,5.569310546194726541e+00,0.000000000000000000e+00
-8.523471777353108791e+00,5.535207292617787544e+00,0.000000000000000000e+00
-8.801312988925767300e+00,5.499670743341191326e+00,0.000000000000000000e+00
-9.091267991981528240e+00,5.462584913407469323e+00,0.000000000000000000e+00
-9.394334344178062679e+00,5.423821462468549903e+00,0.000000000000000000e+00
-9.711621579328122422e+00,5.383239745705615142e+00,0.000000000000000000e+00
-1.004435793635405716e+01,5.340679849743283469e+00,0.000000000000000000e+00
-1.039393290414748883e+01,5.295973335000685012e+00,0.000000000000000000e+00
-1.076184366818964655e+01,5.248901870027260053e+00,0.000000000000000000e+00
-1.114995167221633920e+01,5.199307852812613540e+00,0.000000000000000000e+00
-1.155960371138459308e+01,5.146667163107441212e+00,0.000000000000000000e+00
-1.198774058511653351e+01,5.088493981635767049e+00,0.000000000000000000e+00
-1.242890562284862810e+01,5.021603830060892726e+00,0.000000000000000000e+00
-1.288166136900679071e+01,4.944806511066785149e+00,0.000000000000000000e+00
-1.334650313375567698e+01,4.857729872227660728e+00,0.000000000000000000e+00
-1.382086359920104179e+01,4.758904976714913637e+00,0.000000000000000000e+00
-1.430564122836789309e+01,4.648184602338237603e+00,0.000000000000000000e+00
-1.480210304875454241e+01,4.525457052117045187e+00,0.000000000000000000e+00
-1.531096276173626691e+01,4.390347923452817547e+00,0.000000000000000000e+00
-1.582640705040895845e+01,4.240672988243312069e+00,0.000000000000000000e+00
-1.635313681729166646e+01,4.077294942876619643e+00,0.000000000000000000e+00
-1.689226863142792467e+01,3.899887502944852979e+00,0.000000000000000000e+00
-1.743427729304682572e+01,3.705770036611772955e+00,0.000000000000000000e+00
-1.798084575856174538e+01,3.495122357106870137e+00,0.000000000000000000e+00
-1.852118370843470885e+01,3.265784402455101709e+00,0.000000000000000000e+00
-1.905427063449171499e+01,3.017899990236219576e+00,0.000000000000000000e+00
-1.958660642620704095e+01,2.752718016126368017e+00,0.000000000000000000e+00
-2.010740537323404808e+01,2.468878939649248316e+00,0.000000000000000000e+00
-2.062258947417831578e+01,2.167521495881506333e+00,0.000000000000000000e+00
-2.113384205409940719e+01,1.848971596481135515e+00,0.000000000000000000e+00
-2.163434896153153986e+01,1.512821051353300916e+00,0.000000000000000000e+00
-2.212570161431297322e+01,1.159558886685342349e+00,0.000000000000000000e+00
-2.261049707126647945e+01,7.895759563195277053e-01,0.000000000000000000e+00
-2.308775833522163268e+01,4.029983207882886220e-01,0.000000000000000000e+00
-2.355395680623329824e+01,2.884527781000862502e-15,0.000000000000000000e+00
-2.400837502597795847e+01,-4.190677448994351018e-01,0.000000000000000000e+00
-2.445351417337263200e+01,-8.539355317115298050e-01,0.000000000000000000e+00
-2.488841365030794606e+01,-1.304346489290362010e+00,0.000000000000000000e+00
-2.531248897426386790e+01,-1.770021656325518222e+00,0.000000000000000000e+00
-2.572511574735695916e+01,-2.250655995785956431e+00,0.000000000000000000e+00
-2.612577632171346664e+01,-2.745929741015800563e+00,0.000000000000000000e+00
-2.651402791764762412e+01,-3.255513275635724568e+00,0.000000000000000000e+00
-2.688951352907001890e+01,-3.779074676116750187e+00,0.000000000000000000e+00
-2.725197158483969773e+01,-4.316288267204997808e+00,0.000000000000000000e+00
-2.760120138617535801e+01,-4.866836504350602333e+00,0.000000000000000000e+00
-2.793718497165952286e+01,-5.430438651228798541e+00,0.000000000000000000e+00
-2.825973550349548447e+01,-6.006792212327243696e+00,0.000000000000000000e+00
-2.856746335228353928e+01,-6.595318589187515457e+00,0.000000000000000000e+00
-2.885836608070421505e+01,-7.195198780219363321e+00,0.000000000000000000e+00
-2.913595377730402447e+01,-7.806955285339118866e+00,0.000000000000000000e+00
-2.939947366445767329e+01,-8.430163417020823502e+00,0.000000000000000000e+00
-2.964495001652872830e+01,-9.063370770361242279e+00,0.000000000000000000e+00
-2.987478156496708692e+01,-9.706904951113546787e+00,0.000000000000000000e+00
-3.008984118369617988e+01,-1.036076319904718446e+01,0.000000000000000000e+00
-3.028829049825092312e+01,-1.102403618817117525e+01,0.000000000000000000e+00
-3.046965982743092027e+01,-1.169620656751415133e+01,0.000000000000000000e+00
-3.063437835882664473e+01,-1.237709226912293303e+01,0.000000000000000000e+00
-3.078239956269078448e+01,-1.306635339686378039e+01,0.000000000000000000e+00
-3.091325835209884332e+01,-1.376346937470807674e+01,0.000000000000000000e+00
-3.102651821686738387e+01,-1.446790305041082547e+01,0.000000000000000000e+00
-3.112194347493007029e+01,-1.517918605222804906e+01,0.000000000000000000e+00
-3.119939077704136565e+01,-1.589688360962431268e+01,0.000000000000000000e+00
-3.125872696383886407e+01,-1.662055994840410733e+01,0.000000000000000000e+00
-3.129982866462726321e+01,-1.734977833772372335e+01,0.000000000000000000e+00
-3.132258224857415030e+01,-1.808410129292848012e+01,0.000000000000000000e+00
-3.132688377204348384e+01,-1.882309077547448339e+01,0.000000000000000000e+00
-3.131230307877051189e+01,-1.956609853161975821e+01,0.000000000000000000e+00
-3.127775528553993567e+01,-2.031201178060320345e+01,0.000000000000000000e+00
-3.122445140227795690e+01,-2.106115840456892485e+01,0.000000000000000000e+00
-3.115408402203014404e+01,-2.181432447824416698e+01,0.000000000000000000e+00
-3.106529951695344494e+01,-2.257026124429106773e+01,0.000000000000000000e+00
-3.095523541545339796e+01,-2.332644301920034380e+01,0.000000000000000000e+00
-3.082694845174430753e+01,-2.408465173441130958e+01,0.000000000000000000e+00
-3.067918818909064171e+01,-2.484351674691045631e+01,0.000000000000000000e+00
-3.051076416391073209e+01,-2.560157095687446471e+01,0.000000000000000000e+00
-3.032643100733806563e+01,-2.636236427997777554e+01,0.000000000000000000e+00
-3.011947909520975841e+01,-2.711970078947111062e+01,0.000000000000000000e+00
-2.989474278472255264e+01,-2.787729864295878457e+01,0.000000000000000000e+00
-2.965055145267722736e+01,-2.863320470468998735e+01,0.000000000000000000e+00
-2.938250375159240235e+01,-2.938250375159239169e+01,0.000000000000000000e+00
-2.907898358254494298e+01,-3.011216899394356616e+01,0.000000000000000000e+00
-2.873262069020189458e+01,-3.081196338518027744e+01,0.000000000000000000e+00
-2.834985125739822465e+01,-3.148569960001257328e+01,0.000000000000000000e+00
-2.792927347339465882e+01,-3.212895384042897717e+01,0.000000000000000000e+00
-2.747475149244382564e+01,-3.274313379675304958e+01,0.000000000000000000e+00
-2.698519613304051390e+01,-3.332394197323242935e+01,0.000000000000000000e+00
-2.646344604043042281e+01,-3.387166631844200282e+01,0.000000000000000000e+00
-2.590974978455645683e+01,-3.438339928107617993e+01,0.000000000000000000e+00
-2.532767222070524582e+01,-3.486055013219866794e+01,0.000000000000000000e+00
-2.471751571231709832e+01,-3.530027079616253616e+01,0.000000000000000000e+00
-2.408054795416945737e+01,-3.570088049725092105e+01,0.000000000000000000e+00
-2.341907923240887968e+01,-3.606221959478416039e+01,0.000000000000000000e+00
-2.273512720593477354e+01,-3.638380908979799244e+01,0.000000000000000000e+00
-2.202938986583154701e+01,-3.666306156240384695e+01,0.000000000000000000e+00
-2.130397386704817109e+01,-3.689956514084699535e+01,0.000000000000000000e+00
-2.056104039438288567e+01,-3.709309876953154372e+01,0.000000000000000000e+00
-1.980232619219679435e+01,-3.724275894508537021e+01,0.000000000000000000e+00
-1.902975176296020976e+01,-3.734799072714085355e+01,0.000000000000000000e+00
-1.824452716640694661e+01,-3.740682413708196208e+01,0.000000000000000000e+00
-1.744865375112616945e+01,-3.741875872286508553e+01,0.000000000000000000e+00
-1.664425846416217425e+01,-3.738361658487475836e+01,0.000000000000000000e+00
-1.583340897362886857e+01,-3.730117398957860075e+01,0.000000000000000000e+00
-1.501819582893558014e+01,-3.717133905822986861e+01,0.000000000000000000e+00
-1.420067136704432187e+01,-3.699401368959748027e+01,0.000000000000000000e+00
-1.338278560676057793e+01,-3.676890126397693592e+01,0.000000000000000000e+00
-1.256638518045568453e+01,-3.649543253414366006e+01,0.000000000000000000e+00
-1.175240723113332209e+01,-3.617019025743840643e+01,0.000000000000000000e+00
-1.094395803665262257e+01,-3.579607380076573264e+01,0.000000000000000000e+00
-1.014311205863846155e+01,-3.537323549879270956e+01,0.000000000000000000e+00
-9.351844109191409515e+00,-3.490155735996606268e+01,0.000000000000000000e+00
-8.572125378734083867e+00,-3.438091702890537960e+01,0.000000000000000000e+00
-7.805972887373191504e+00,-3.381138323697317105e+01,0.000000000000000000e+00
-7.055484640906843019e+00,-3.319344547857304661e+01,0.000000000000000000e+00
-6.322840392267258913e+00,-3.252819393237770385e+01,0.000000000000000000e+00
-5.609850215196159340e+00,-3.181504153622047326e+01,0.000000000000000000e+00
-4.917552221674562851e+00,-3.104820278809135914e+01,0.000000000000000000e+00
-4.249909540454674506e+00,-3.023967766702308424e+01,0.000000000000000000e+00
-3.607564985235912847e+00,-2.938125900119240441e+01,0.000000000000000000e+00
-2.993600279371023909e+00,-2.848220408819850391e+01,0.000000000000000000e+00
-2.408360755341660386e+00,-2.752768939747296528e+01,0.000000000000000000e+00
-1.855270545760043355e+00,-2.653160489082206652e+01,0.000000000000000000e+00
-1.335994380113624480e+00,-2.549229138098455749e+01,0.000000000000000000e+00
-8.524509747612122323e-01,-2.441100202452989620e+01,0.000000000000000000e+00
-4.066674104065958750e-01,-2.329796033867419069e+01,0.000000000000000000e+00
-4.066245317234057448e-15,-2.213560851485307879e+01,0.000000000000000000e+00
3.676841620038935332e-01,-2.106461153344145742e+01,0.000000000000000000e+00
7.015468028664629818e-01,-2.008967193670352103e+01,0.000000000000000000e+00
1.006207232997540668e+00,-1.919957774900681713e+01,0.000000000000000000e+00
1.285515954034047059e+00,-1.838373462631956201e+01,0.000000000000000000e+00
1.542652938399605933e+00,-1.763260377091602393e+01,0.000000000000000000e+00
1.780299674028875012e+00,-1.693841993644446475e+01,0.000000000000000000e+00
2.000719512658948762e+00,-1.629455281630295360e+01,0.000000000000000000e+00
2.205841455561509790e+00,-1.569537750528227704e+01,0.000000000000000000e+00
2.397317052165968576e+00,-1.513606416926921305e+01,0.000000000000000000e+00
2.576568724211758976e+00,-1.461244736261778066e+01,0.000000000000000000e+00
2.744831985161682919e+00,-1.412093641242733533e+01,0.000000000000000000e+00
2.903180888634577794e+00,-1.365839222193270253e+01,0.000000000000000000e+00
3.052551940125375118e+00,-1.322205508365235893e+01,0.000000000000000000e+00
3.193776589521366560e+00,-1.280953825122544742e+01,0.000000000000000000e+00
3.327576258401863551e+00,-1.241868366241568111e+01,0.000000000000000000e+00
3.454604488091620684e+00,-1.204763758952833541e+01,0.000000000000000000e+00
3.575425836393733015e+00,-1.169469095916429069e+01,0.000000000000000000e+00
3.690562692357822971e+00,-1.135838404118286071e+01,0.000000000000000000e+00
3.800461525916835281e+00,-1.103734170375614454e+01,0.000000000000000000e+00
3.905544444316388031e+00,-1.073039517143574528e+01,0.000000000000000000e+00
4.006175471574068503e+00,-1.043644391224216506e+01,0.000000000000000000e+00
4.102687581146987839e+00,-1.015450809577121483e+01,0.000000000000000000e+00
4.195393658236710621e+00,-9.883728075318931161e+00,0.000000000000000000e+00
4.284554493538709430e+00,-9.623266952284485143e+00,0.000000000000000000e+00
4.370427900562887658e+00,-9.372412878345167897e+00,0.000000000000000000e+00
4.453248345984865075e+00,-9.130512191279416712e+00,0.000000000000000000e+00
4.533209723276198311e+00,-8.896925026559967975e+00,0.000000000000000000e+00
4.610509627148094758e+00,-8.671107474511480007e+00,0.000000000000000000e+00
4.685332717210110687e+00,-8.452563971182671665e+00,0.000000000000000000e+00
4.757829671488046586e+00,-8.240802724776035149e+00,0.000000000000000000e+00
4.828143843038342986e+00,-8.035380735805695451e+00,0.000000000000000000e+00
4.896426393770374474e+00,-7.835920226858686277e+00,0.000000000000000000e+00
4.962805247435780664e+00,-7.642049922761529501e+00,0.000000000000000000e+00
5.027384750804817060e+00,-7.453404405239382413e+00,0.000000000000000000e+00
5.090275444636343849e+00,-7.269666730025726942e+00,0.000000000000000000e+00
5.151591166758187512e+00,-7.090556943584972238e+00,0.000000000000000000e+00
5.211427446744036907e+00,-6.915797806452156138e+00,0.000000000000000000e+00
5.269861588718156575e+00,-6.745115243295523477e+00,0.000000000000000000e+00
5.326972249360885314e+00,-6.578262883676883277e+00,0.000000000000000000e+00
5.382848599556570690e+00,-6.415029156912257058e+00,0.000000000000000000e+00
5.437567761019155732e+00,-6.255206164399921498e+00,0.000000000000000000e+00
5.491193223279597468e+00,-6.098587915119581204e+00,0.000000000000000000e+00
5.543777665254483011e+00,-5.944973703552604682e+00,0.000000000000000000e+00
5.595385539963859678e+00,-5.794191343978000397e+00,0.000000000000000000e+00
5.646083950246125305e+00,-5.646083950246127969e+00,0.000000000000000000e+00
5.695930214896819166e+00,-5.500495870610307314e+00,0.000000000000000000e+00
5.744971875951060625e+00,-5.357272943760944095e+00,0.000000000000000000e+00
5.793248037709962439e+00,-5.216263962774574381e+00,0.000000000000000000e+00
5.840805370793773044e+00,-5.077334646996816581e+00,0.000000000000000000e+00
5.887695026334849757e+00,-4.940362725081882012e+00,0.000000000000000000e+00
5.933961115216574989e+00,-4.805226964702424830e+00,0.000000000000000000e+00
5.979640526360153530e+00,-4.671807194922257267e+00,0.000000000000000000e+00
6.024763037793697151e+00,-4.539984588039053470e+00,0.000000000000000000e+00
6.069358461586476849e+00,-4.409647040051769551e+00,0.000000000000000000e+00
6.113473344795925080e+00,-4.280700120670238640e+00,0.000000000000000000e+00
6.157153753669120100e+00,-4.153052646358143640e+00,0.000000000000000000e+00
6.200440749313773203e+00,-4.026613303775625319e+00,0.000000000000000000e+00
6.243370429414859757e+00,-3.901290833958332094e+00,0.000000000000000000e+00
6.285973972971468982e+00,-3.776994212590773170e+00,0.000000000000000000e+00
6.328276347322142392e+00,-3.653632052632784788e+00,0.000000000000000000e+00
6.370294095987858896e+00,-3.531111677822202477e+00,0.000000000000000000e+00
6.412038254754246047e+00,-3.409341216227040228e+00,0.000000000000000000e+00
6.453514996744360133e+00,-3.288230129535209212e+00,0.000000000000000000e+00
6.494725724140224976e+00,-3.167689389460197180e+00,0.000000000000000000e+00
6.535667165302710302e+00,-3.047631650332829345e+00,0.000000000000000000e+00
6.576349180155854235e+00,-2.927979299610660391e+00,0.000000000000000000e+00
6.616862593073342680e+00,-2.808691533079024083e+00,0.000000000000000000e+00
6.657322234053170362e+00,-2.689732776392979474e+00,0.000000000000000000e+00
6.697842037726611686e+00,-2.571060670631573064e+00,0.000000000000000000e+00
6.738534763573126085e+00,-2.452626076508657604e+00,0.000000000000000000e+00
6.779511719757556065e+00,-2.334373089733440043e+00,0.000000000000000000e+00
6.820868740439263611e+00,-2.216234599188053878e+00,0.000000000000000000e+00
6.862489123829529802e+00,-2.098073476331043352e+00,0.000000000000000000e+00
6.904084825429397831e+00,-1.979714466579289622e+00,0.000000000000000000e+00
6.945353765953386826e+00,-1.861001932735666164e+00,0.000000000000000000e+00
6.985985029142287139e+00,-1.741801695208406775e+00,0.000000000000000000e+00
7.025659808832417141e+00,-1.622001371528712488e+00,0.000000000000000000e+00
7.064052458658592215e+00,-1.501510702069140502e+00,0.000000000000000000e+00
7.100841788789939990e+00,-1.380263822043017230e+00,0.000000000000000000e+00
7.135721676356668652e+00,-1.258220258367924504e+00,0.000000000000000000e+00
7.168384574134543108e+00,-1.135360578805340914e+00,0.000000000000000000e+00
7.198520189072686648e+00,-1.011686035994295185e+00,0.000000000000000000e+00
7.225816378198850032e+00,-8.872186911621667837e-01,0.000000000000000000e+00
7.249960048678710578e+00,-7.620015066230820810e-01,0.000000000000000000e+00
7.270638061076197367e+00,-6.360984069442729982e-01,0.000000000000000000e+00
7.287538134858736250e+00,-5.095943086874233918e-01,0.000000000000000000e+00
7.300349755188801026e+00,-3.825951186589424680e-01,0.000000000000000000e+00
7.308765080041563778e+00,-2.552277006294655370e-01,0.000000000000000000e+00
7.312479846687288010e+00,-1.276398105102160285e-01,0.000000000000000000e+00
7.311251455320266324e+00,-1.790740138503878316e-15,0.000000000000000000e+00
