6.916099048585827802e+00,0.000000000000000000e+00,0.000000000000000000e+00
6.888419395960132086e+00,1.202378078092774388e-01,0.000000000000000000e+00
6.860496614198641652e+00,2.395738208633464983e-01,0.000000000000000000e+00
6.832298721353047277e+00,3.580656033844751285e-01,0.000000000000000000e+00
6.803791220196331757e+00,4.757674291575761383e-01,0.000000000000000000e+00
6.774937252830244283e+00,5.927302057221131015e-01,0.000000000000000000e+00
6.745697757224870195e+00,7.090014041065088035e-01,0.000000000000000000e+00
6.716031625518869674e+00,8.246249941493548619e-01,0.000000000000000000e+00
6.685895863908193348e+00,9.396413854469238824e-01,0.000000000000000000e+00
6.655245753950101317e+00,1.054087373961633434e+00,0.000000000000000000e+00
6.624035015108733049e+00,1.167996094321273937e+00,0.000000000000000000e+00
6.592215968367900913e+00,1.281396977833956674e+00,0.000000000000000000e+00
6.559739700736302304e+00,1.394315716238848202e+00,0.000000000000000000e+00
6.526556230470112574e+00,1.506774231207908876e+00,0.000000000000000000e+00
6.492614672837698109e+00,1.618790649608954135e+00,0.000000000000000000e+00
6.457863406251145300e+00,1.730379284535493500e+00,0.000000000000000000e+00
6.422250238589386484e+00,1.841550622103909518e+00,0.000000000000000000e+00
6.385722573537952584e+00,1.952311314013708943e+00,0.000000000000000000e+00
6.348229735454097522e+00,2.062664877260448559e+00,0.000000000000000000e+00
6.309740515423845508e+00,2.172617892152994834e+00,0.000000000000000000e+00
6.270233679021634643e+00,2.282178421057336148e+00,0.000000000000000000e+00
6.229687471206988292e+00,2.391352969707090548e+00,0.000000000000000000e+00
6.188079582961118597e+00,2.500146439071371685e+00,0.000000000000000000e+00
6.145387218705329779e+00,2.608562110196798400e+00,0.000000000000000000e+00
6.101587163994718566e+00,2.716601631320807897e+00,0.000000000000000000e+00
6.056655853419635527e+00,2.824265007258874860e+00,0.000000000000000000e+00
6.010569438647606511e+00,2.931550591066453659e+00,0.000000000000000000e+00
5.963303912245926597e+00,3.038455106358991742e+00,0.000000000000000000e+00
5.914840009560803580e+00,3.144976219852150479e+00,0.000000000000000000e+00
5.865166782976596771e+00,3.251115036084045951e+00,0.000000000000000000e+00
5.814273606112512205e+00,3.356872431631194864e+00,0.000000000000000000e+00
5.762149294497104002e+00,3.462248592020749971e+00,0.000000000000000000e+00
5.708782130742647176e+00,3.567242990228707722e+00,0.000000000000000000e+00
5.654159890331058591e+00,3.671854365933792774e+00,0.000000000000000000e+00
5.598269867990831372e+00,3.776080705542143701e+00,0.000000000000000000e+00
5.541100713557342239e+00,3.879920489612052048e+00,0.000000000000000000e+00
5.482663592694424715e+00,3.983388266839161140e+00,0.000000000000000000e+00
5.422983799751077250e+00,4.086511405944264652e+00,0.000000000000000000e+00
5.362084381815471978e+00,4.189319455628584876e+00,0.000000000000000000e+00
5.299985715055061775e+00,4.291843808213211986e+00,0.000000000000000000e+00
5.236705416550432091e+00,4.394117583611531153e+00,0.000000000000000000e+00
5.172258217522094803e+00,4.496175473052952398e+00,0.000000000000000000e+00
5.106598547981613834e+00,4.598001985208122200e+00,0.000000000000000000e+00
5.039513137245603680e+00,4.699422027270460767e+00,0.000000000000000000e+00
4.970769803359284644e+00,4.800216601254026827e+00,0.000000000000000000e+00
4.900150864611941159e+00,4.900150864611940271e+00,0.000000000000000000e+00
4.827453816490640648e+00,4.998974765400033604e+00,0.000000000000000000e+00
4.752493187775182371e+00,5.096424989175563525e+00,0.000000000000000000e+00
4.675159481478397439e+00,5.192290628952267895e+00,0.000000000000000000e+00
4.595440324712881441e+00,5.286449366819157447e+00,0.000000000000000000e+00
4.513335728498109489e+00,5.378784069021427250e+00,0.000000000000000000e+00
4.428851146916673365e+00,5.469175688044400019e+00,0.000000000000000000e+00
4.341998325076365184e+00,5.557504423177856978e+00,0.000000000000000000e+00
4.252817137957833893e+00,5.643678960225477326e+00,0.000000000000000000e+00
4.161376767405476684e+00,5.727643746925673796e+00,0.000000000000000000e+00
4.067748905834930540e+00,5.809347491795573859e+00,0.000000000000000000e+00
3.972006120378861471e+00,5.888741240767418006e+00,0.000000000000000000e+00
3.874219060102610079e+00,5.965774192794672359e+00,0.000000000000000000e+00
3.774451475095654374e+00,6.040385023785503016e+00,0.000000000000000000e+00
3.672767538550883337e+00,6.112511657853249680e+00,0.000000000000000000e+00
3.569233416735507092e+00,6.182093621858556709e+00,0.000000000000000000e+00
3.463921837973323203e+00,6.249080416231437063e+00,0.000000000000000000e+00
3.356919164869468286e+00,6.313446715398313813e+00,0.000000000000000000e+00
3.248313442822987618e+00,6.375174088057999455e+00,0.000000000000000000e+00
3.138191607189494636e+00,6.434246307832526490e+00,0.000000000000000000e+00
3.026625855150341771e+00,6.490620092163069010e+00,0.000000000000000000e+00
2.913672520545052436e+00,6.544215628258374551e+00,0.000000000000000000e+00
2.799390771466127248e+00,6.594951371823653652e+00,0.000000000000000000e+00
2.683847960639132335e+00,6.642756803946054944e+00,0.000000000000000000e+00
2.567138253345406351e+00,6.687623791347261815e+00,0.000000000000000000e+00
2.449363144694893801e+00,6.729569932093582452e+00,0.000000000000000000e+00
2.330621049462092476e+00,6.768615003588048573e+00,0.000000000000000000e+00
2.210994951314135815e+00,6.804742762437117065e+00,0.000000000000000000e+00
2.090554347663234669e+00,6.837895162137693994e+00,0.000000000000000000e+00
1.969371118627901929e+00,6.868013284386073281e+00,0.000000000000000000e+00
1.847523054479242699e+00,6.895049907471378248e+00,0.000000000000000000e+00
1.725097183577672721e+00,6.918986892389709986e+00,0.000000000000000000e+00
1.602182073187635503e+00,6.939812996222816999e+00,0.000000000000000000e+00
1.478866725168592744e+00,6.957520923133956536e+00,0.000000000000000000e+00
1.355241768615034870e+00,6.972114483339179714e+00,0.000000000000000000e+00
1.231397665467027336e+00,6.983603192882839927e+00,0.000000000000000000e+00
1.107423662910873574e+00,6.991997829090509597e+00,0.000000000000000000e+00
9.834056969244121538e-01,6.997295120716091610e+00,0.000000000000000000e+00
8.594284338330946404e-01,6.999482895188362974e+00,0.000000000000000000e+00
7.355774093814433368e-01,6.998551557147939306e+00,0.000000000000000000e+00
6.119404759891634571e-01,6.994511646732814114e+00,0.000000000000000000e+00
4.886064361010049595e-01,6.987397573561898945e+00,0.000000000000000000e+00
3.656620363327847678e-01,6.977247296778886998e+00,0.000000000000000000e+00
2.431901723530360548e-01,6.964055371417419593e+00,0.000000000000000000e+00
1.212728208821983594e-01,6.947715255195158868e+00,0.000000000000000000e+00
4.242242923678291015e-16,6.928108458098948041e+00,0.000000000000000000e+00
-1.205321417107549503e-01,6.905281773882423479e+00,0.000000000000000000e+00
-2.402585673382513776e-01,6.880105187688648982e+00,0.000000000000000000e+00
-3.591875495202559998e-01,6.853706728926177050e+00,0.000000000000000000e+00
-4.774022713678641172e-01,6.827170553028042654e+00,0.000000000000000000e+00
-5.950044796971912797e-01,6.800932323316191130e+00,0.000000000000000000e+00
-7.120715431391946293e-01,6.774908178906986933e+00,0.000000000000000000e+00
-8.286726351123471224e-01,6.748997015737544736e+00,0.000000000000000000e+00
-9.448738240142365852e-01,6.723126598864289427e+00,0.000000000000000000e+00
-1.060747419070267705e+00,6.697295623842538070e+00,0.000000000000000000e+00
-1.176367242439679828e+00,6.671510155241977102e+00,0.000000000000000000e+00
-1.291807197138201024e+00,6.645771903896683597e+00,0.000000000000000000e+00
-1.407139173545687294e+00,6.620069324089675966e+00,0.000000000000000000e+00
-1.522433153990027099e+00,6.594382476718142705e+00,0.000000000000000000e+00
-1.637757974586380616e+00,6.568688458217336823e+00,0.000000000000000000e+00
-1.753182813992015143e+00,6.542967336774775156e+00,0.000000000000000000e+00
-1.868778960476035644e+00,6.517206739110128488e+00,0.000000000000000000e+00
-1.984617760078391857e+00,6.491392197242540796e+00,0.000000000000000000e+00
-2.100770523672521595e+00,6.465506856089958454e+00,0.000000000000000000e+00
-2.217310132319703975e+00,6.439536205463706864e+00,0.000000000000000000e+00
-2.334310238376979374e+00,6.413464669942487539e+00,0.000000000000000000e+00
-2.451844529889842139e+00,6.387273373145341715e+00,0.000000000000000000e+00
-2.569988543614110554e+00,6.360944857729776025e+00,0.000000000000000000e+00
-2.688820530797929820e+00,6.334464208755783865e+00,0.000000000000000000e+00
-2.808419324616551638e+00,6.307813079632019537e+00,0.000000000000000000e+00
-2.928865108582072274e+00,6.280971494593235782e+00,0.000000000000000000e+00
-3.050242179114595942e+00,6.253923257585857876e+00,0.000000000000000000e+00
-3.172636409484270725e+00,6.226649547401970963e+00,0.000000000000000000e+00
-3.296134872029556018e+00,6.199128087176935864e+00,0.000000000000000000e+00
-3.420829667682726782e+00,6.171340083148915134e+00,0.000000000000000000e+00
-3.546816163070429351e+00,6.143265799544487038e+00,0.000000000000000000e+00
-3.674191096117771949e+00,6.114880855503767698e+00,0.000000000000000000e+00
-3.803056812530130504e+00,6.086163132996766478e+00,0.000000000000000000e+00
-3.933520884834651898e+00,6.057090994989815513e+00,0.000000000000000000e+00
-4.065692691376248113e+00,6.027637294201942275e+00,0.000000000000000000e+00
-4.199688208830496983e+00,5.997776344379641245e+00,0.000000000000000000e+00
-4.335630514422242676e+00,5.967483453893909662e+00,0.000000000000000000e+00
-4.473645128371456892e+00,5.936727601372713714e+00,0.000000000000000000e+00
-4.613866206618369326e+00,5.905479443219604718e+00,0.000000000000000000e+00
-4.756436362334055090e+00,5.873709739086251602e+00,0.000000000000000000e+00
-4.901501661943909127e+00,5.841382214728144007e+00,0.000000000000000000e+00
-5.049220470015356454e+00,5.808463709799279506e+00,0.000000000000000000e+00
-5.199759642729815390e+00,5.774918133319506097e+00,0.000000000000000000e+00
-5.353292313424246274e+00,5.740703172531810061e+00,0.000000000000000000e+00
-5.510008314855621592e+00,5.705780639271092802e+00,0.000000000000000000e+00
-5.670104336729217209e+00,5.670104336729218097e+00,0.000000000000000000e+00
-5.833791566653145466e+00,5.633627030481115128e+00,0.000000000000000000e+00
-6.001297559706191720e+00,5.596300510827159513e+00,0.000000000000000000e+00
-6.172859688031936187e+00,5.558067827987061449e+00,0.000000000000000000e+00
-6.348739563718141632e+00,5.518875104589357150e+00,0.000000000000000000e+00
-6.529209973542884349e+00,5.478657680678854724e+00,0.000000000000000000e+00
-6.714570288964768707e+00,5.437351809769258359e+00,0.000000000000000000e+00
-6.905137659369273706e+00,5.394884802315452532e+00,0.000000000000000000e+00
-7.101257095538310971e+00,5.351181045164096872e+00,0.000000000000000000e+00
-7.303298810916988515e+00,5.306157180862176581e+00,0.000000000000000000e+00
-7.511664910876105772e+00,5.259724395100820793e+00,0.000000000000000000e+00
-7.726789008764856526e+00,5.211784994256348114e+00,0.000000000000000000e+00
-7.949144870270674623e+00,5.162235038180813973e+00,0.000000000000000000e+00
-8.179243168850291568e+00,5.110958378028276350e+00,0.000000000000000000e+00
-8.417646750676036405e+00,5.057832437366537981e+00,0.000000000000000000e+00
-8.664963467970945743e+00,5.002718990751297667e+00,0.000000000000000000e+00
-8.921864450332419594e+00,4.945470220653945148e+00,0.000000000000000000e+00
-9.189083983486574070e+00,4.885922622349247568e+00,0.000000000000000000e+00
-9.467427291789888955e+00,4.823895146405067891e+00,0.000000000000000000e+00
-9.757786287684069748e+00,4.759190364764616987e+00,0.000000000000000000e+00
-1.006114530068139246e+01,4.691589103517910253e+00,0.000000000000000000e+00
-1.037859419468678368e+01,4.620847848651205680e+00,0.000000000000000000e+00
-1.071134513107151243e+01,4.546696255869230541e+00,0.000000000000000000e+00
-1.106075061131024739e+01,4.468833324391584760e+00,0.000000000000000000e+00
-1.142832287447521722e+01,4.386922132283597620e+00,0.000000000000000000e+00
-1.181575889247468680e+01,4.300584532126978665e+00,0.000000000000000000e+00
-1.222496935305021992e+01,4.209394519875090168e+00,0.000000000000000000e+00
-1.265811562728715067e+01,4.112871084499147400e+00,0.000000000000000000e+00
-1.311764606752220175e+01,4.010466871357083463e+00,0.000000000000000000e+00
-1.360635682260233104e+01,3.901560035869101384e+00,0.000000000000000000e+00
-1.412750919833035113e+01,3.785454680755878876e+00,0.000000000000000000e+00
-1.468437177387804837e+01,3.661225087387788513e+00,0.000000000000000000e+00
-1.528002139520597424e+01,3.527670899871103050e+00,0.000000000000000000e+00
-1.589657425580219829e+01,3.378921166145505861e+00,0.000000000000000000e+00
-1.652556844101984623e+01,3.212245102241965355e+00,0.000000000000000000e+00
-1.717405981938757975e+01,3.028250114459176245e+00,0.000000000000000000e+00
-1.782907746542077021e+01,2.823848455863473106e+00,0.000000000000000000e+00
-1.850007268226501367e+01,2.600015656820440668e+00,0.000000000000000000e+00
-1.918237340939478131e+01,2.355299296148092747e+00,0.000000000000000000e+00
-1.984682583281272983e+01,2.085985451608859620e+00,0.000000000000000000e+00
-2.050285994850354143e+01,1.793767815353779715e+00,0.000000000000000000e+00
-2.115264718085370887e+01,1.479137181522987454e+00,0.000000000000000000e+00
-2.177776564374589796e+01,1.141324335135232237e+00,0.000000000000000000e+00
-2.239972947519699176e+01,7.822157896808553668e-01,0.000000000000000000e+00
-2.299890423519425298e+01,4.014473667031723814e-01,0.000000000000000000e+00
-2.359121649695650191e+01,2.889090777099001524e-15,0.000000000000000000e+00
-2.415968729187138209e+01,-4.217089103250405424e-01,0.000000000000000000e+00
-2.472102116321841336e+01,-8.632770816413658510e-01,0.000000000000000000e+00
-2.525855427051076063e+01,-1.323744737217639189e+00,0.000000000000000000e+00
-2.578122638873076511e+01,-1.802798969357832126e+00,0.000000000000000000e+00
-2.628979205552965226e+01,-2.300058771312738060e+00,0.000000000000000000e+00
-2.677899602169049587e+01,-2.814585898042360590e+00,0.000000000000000000e+00
-2.724664388124903880e+01,-3.345467205036983138e+00,0.000000000000000000e+00
-2.769721725905696630e+01,-3.892590032521351162e+00,0.000000000000000000e+00
-2.812920492508281356e+01,-4.455228378833427705e+00,0.000000000000000000e+00
-2.854195806408562319e+01,-5.032717288947845979e+00,0.000000000000000000e+00
-2.893490856176073933e+01,-5.624376471106667275e+00,0.000000000000000000e+00
-2.930775657489811437e+01,-6.229555967822319573e+00,0.000000000000000000e+00
-2.966066138938761299e+01,-6.847703242555748915e+00,0.000000000000000000e+00
-2.999340661389271290e+01,-7.478196169505309854e+00,0.000000000000000000e+00
-3.030427935895485092e+01,-8.120007181439079957e+00,0.000000000000000000e+00
-3.059183025939161027e+01,-8.772066168797215013e+00,0.000000000000000000e+00
-3.085885204120115333e+01,-9.434497863588388711e+00,0.000000000000000000e+00
-3.110624510532100828e+01,-1.010703171056724337e+01,0.000000000000000000e+00
-3.133143036776101553e+01,-1.078827663948249338e+01,0.000000000000000000e+00
-3.153330523317633549e+01,-1.147718449290685427e+01,0.000000000000000000e+00
-3.171161946257902642e+01,-1.217295020441321540e+01,0.000000000000000000e+00
-3.186707409295211946e+01,-1.287513367418474708e+01,0.000000000000000000e+00
-3.200058007501113622e+01,-1.358344034594108329e+01,0.000000000000000000e+00
-3.211237408928605674e+01,-1.429735009790871558e+01,0.000000000000000000e+00
-3.220205486438631226e+01,-1.501606479159075391e+01,0.000000000000000000e+00
-3.226922260094436723e+01,-1.573875147016657827e+01,0.000000000000000000e+00
-3.231350764424411892e+01,-1.646455450717512292e+01,0.000000000000000000e+00
-3.233457142617871227e+01,-1.719259659603097745e+01,0.000000000000000000e+00
-3.233216548955277858e+01,-1.792201198392794836e+01,0.000000000000000000e+00
-3.230635895402711100e+01,-1.865208503864423406e+01,0.000000000000000000e+00
-3.225752236245095617e+01,-1.938227485499765379e+01,0.000000000000000000e+00
-3.218608920859556832e+01,-2.011210070427090457e+01,0.000000000000000000e+00
-3.209249675878615449e+01,-2.084111107982222677e+01,0.000000000000000000e+00
-3.197718087182612479e+01,-2.156888084265744610e+01,0.000000000000000000e+00
-3.183999759570783894e+01,-2.229460633309364681e+01,0.000000000000000000e+00
-3.167965303708967895e+01,-2.301661520389984261e+01,0.000000000000000000e+00
-3.149555256525836455e+01,-2.373360119577587568e+01,0.000000000000000000e+00
-3.129013822024156255e+01,-2.444653524288318991e+01,0.000000000000000000e+00
-3.106424578619424892e+01,-2.515533024090539271e+01,0.000000000000000000e+00
-3.081552909835036758e+01,-2.585729910095853512e+01,0.000000000000000000e+00
-3.054563978529407109e+01,-2.655291956346783522e+01,0.000000000000000000e+00
-3.025541799713126778e+01,-2.724210072653864501e+01,0.000000000000000000e+00
-2.994416571263442606e+01,-2.792338626883769948e+01,0.000000000000000000e+00
-2.961244459285550690e+01,-2.859640533791700179e+01,0.000000000000000000e+00
-2.925923080743981686e+01,-2.925923080743980620e+01,0.000000000000000000e+00
-2.887931782919650203e+01,-2.990540905372542468e+01,0.000000000000000000e+00
-2.846994181321343831e+01,-3.053027477671343703e+01,0.000000000000000000e+00
-2.802777887296033299e+01,-3.112800197917497513e+01,0.000000000000000000e+00
-2.755444417778546651e+01,-3.169776206065925805e+01,0.000000000000000000e+00
-2.705527640438107539e+01,-3.224322285355049900e+01,0.000000000000000000e+00
-2.652653519744992749e+01,-3.275754288805790537e+01,0.000000000000000000e+00
-2.597076226466752402e+01,-3.324105984233698763e+01,0.000000000000000000e+00
-2.539198805852990048e+01,-3.369630626371939286e+01,0.000000000000000000e+00
-2.478959632055154216e+01,-3.411995219138586322e+01,0.000000000000000000e+00
-2.416419578223340636e+01,-3.451004804092282541e+01,0.000000000000000000e+00
-2.351710530529741305e+01,-3.486554241803779775e+01,0.000000000000000000e+00
-2.285015281158304035e+01,-3.518614973236601173e+01,0.000000000000000000e+00
-2.216452799377559302e+01,-3.547065946833603789e+01,0.000000000000000000e+00
-2.146193662772009247e+01,-3.571866078102159747e+01,0.000000000000000000e+00
-2.074426275245888718e+01,-3.593011705281735146e+01,0.000000000000000000e+00
-2.001345885484474962e+01,-3.610523552229968658e+01,0.000000000000000000e+00
-1.927093633800587114e+01,-3.624335998289198102e+01,0.000000000000000000e+00
-1.851531720449795770e+01,-3.633835605830792304e+01,0.000000000000000000e+00
-1.775144583336622262e+01,-3.639585758573752372e+01,0.000000000000000000e+00
-1.698110690868555750e+01,-3.641610128358879450e+01,0.000000000000000000e+00
-1.620226920962265638e+01,-3.639089246550849310e+01,0.000000000000000000e+00
-1.542048484820225518e+01,-3.632838571178660914e+01,0.000000000000000000e+00
-1.463550436307547642e+01,-3.622414444216492058e+01,0.000000000000000000e+00
-1.384868699125913416e+01,-3.607706304129642660e+01,0.000000000000000000e+00
-1.306382598621685887e+01,-3.589256690881526168e+01,0.000000000000000000e+00
-1.227879254627343997e+01,-3.566020287761214291e+01,0.000000000000000000e+00
-1.149893743516665090e+01,-3.539009043922061437e+01,0.000000000000000000e+00
-1.072420943241022506e+01,-3.507730850317125260e+01,0.000000000000000000e+00
-9.955821678448293355e+00,-3.472007632172506675e+01,0.000000000000000000e+00
-9.197315980374289879e+00,-3.432485053202202607e+01,0.000000000000000000e+00
-8.448754884130892151e+00,-3.388610500139002824e+01,0.000000000000000000e+00
-7.711606203125536574e+00,-3.340263622081825901e+01,0.000000000000000000e+00
-6.988828798417367594e+00,-3.287985439502440244e+01,0.000000000000000000e+00
-6.281870568204482197e+00,-3.231742245946194458e+01,0.000000000000000000e+00
-5.592082820304434598e+00,-3.171427763258907007e+01,0.000000000000000000e+00
-4.920979842527168024e+00,-3.106984393444122361e+01,0.000000000000000000e+00
-4.270195753937370498e+00,-3.038402157621969124e+01,0.000000000000000000e+00
-3.641389177290937695e+00,-2.965673493893486778e+01,0.000000000000000000e+00
-3.036293960951181869e+00,-2.888840733464465416e+01,0.000000000000000000e+00
-2.456891554320036697e+00,-2.808239896809060099e+01,0.000000000000000000e+00
-1.905269962975534748e+00,-2.724662986945090637e+01,0.000000000000000000e+00
-1.381714014969999127e+00,-2.636467398299206266e+01,0.000000000000000000e+00
-8.886647984624691521e-01,-2.544803025238191907e+01,0.000000000000000000e+00
-4.275512785052553166e-01,-2.449439634074823502e+01,0.000000000000000000e+00
-4.320663349247551013e-15,-2.352059577371350585e+01,0.000000000000000000e+00
3.927468171365266492e-01,-2.250045008435499483e+01,0.000000000000000000e+00
7.489616830937791958e-01,-2.144745645627203956e+01,0.000000000000000000e+00
1.072208338234854175e+00,-2.045895385958113266e+01,0.000000000000000000e+00
1.367450218897392045e+00,-1.955544920311929857e+01,0.000000000000000000e+00
1.638350728842594251e+00,-1.872643452093808136e+01,0.000000000000000000e+00
1.887946970289864357e+00,-1.796261554558319418e+01,0.000000000000000000e+00
2.118792295789741154e+00,-1.725617846583523729e+01,0.000000000000000000e+00
2.333048995905273149e+00,-1.660050618630326014e+01,0.000000000000000000e+00
2.532560473828749270e+00,-1.598995752764243150e+01,0.000000000000000000e+00
2.718907992606309776e+00,-1.541969346768147986e+01,0.000000000000000000e+00
2.893455723810065106e+00,-1.488553926395939619e+01,0.000000000000000000e+00
3.057386856668410147e+00,-1.438387426220594634e+01,0.000000000000000000e+00
3.211732644224399635e+00,-1.391154246310884979e+01,0.000000000000000000e+00
3.357396128919494238e+00,-1.346578038019737633e+01,0.000000000000000000e+00
3.495171507286427115e+00,-1.304415764636002173e+01,0.000000000000000000e+00
3.625760089238188488e+00,-1.264452810511114933e+01,0.000000000000000000e+00
3.749783539225360673e+00,-1.226498930802399911e+01,0.000000000000000000e+00
3.867794904613128804e+00,-1.190384870309816279e+01,0.000000000000000000e+00
3.980287925314670350e+00,-1.155959548898061229e+01,0.000000000000000000e+00
4.087704774459500534e+00,-1.123087656522434763e+01,0.000000000000000000e+00
4.190442616921050245e+00,-1.091647623756793273e+01,0.000000000000000000e+00
4.288859394185254637e+00,-1.061529950269890676e+01,0.000000000000000000e+00
4.383278384364543534e+00,-1.032635675186933533e+01,0.000000000000000000e+00
4.473992499819785529e+00,-1.004875168076688219e+01,0.000000000000000000e+00
4.561267789510396575e+00,-9.781670340902376637e+00,0.000000000000000000e+00
4.645346384802324202e+00,-9.524371538226700906e+00,0.000000000000000000e+00
4.726449256781052100e+00,-9.276178965095507323e+00,0.000000000000000000e+00
4.804778546060896716e+00,-9.036474171705009439e+00,0.000000000000000000e+00
4.880519508983470978e+00,-8.804690264740033356e+00,0.000000000000000000e+00
4.953842291802017073e+00,-8.580306542084539245e+00,0.000000000000000000e+00
5.024903487472800023e+00,-8.362843774992546386e+00,0.000000000000000000e+00
5.093847500995635436e+00,-8.151860041512787092e+00,0.000000000000000000e+00
5.160807752908918467e+00,-7.946947043687119461e+00,0.000000000000000000e+00
5.225907744505930985e+00,-7.747726847052955002e+00,0.000000000000000000e+00
5.289262003357128705e+00,-7.553848987231288170e+00,0.000000000000000000e+00
5.350976923757127857e+00,-7.364987894717771155e+00,0.000000000000000000e+00
5.411151513698524873e+00,-7.180840595257079073e+00,0.000000000000000000e+00
5.469878057815817485e+00,-7.001124649217881135e+00,0.000000000000000000e+00
5.527242706380238069e+00,-6.825576301588056616e+00,0.000000000000000000e+00
5.583326053821744850e+00,-6.653948883266919800e+00,0.000000000000000000e+00
5.638203651757621948e+00,-6.486011354460099909e+00,0.000000000000000000e+00
5.691946392978443292e+00,-6.321546897778748786e+00,0.000000000000000000e+00
5.744620870780326349e+00,-6.160351672779574628e+00,0.000000000000000000e+00
5.796289708786192207e+00,-6.002233700960425189e+00,0.000000000000000000e+00
5.847012058606011031e+00,-5.847012058606013696e+00,0.000000000000000000e+00
5.896843862215364496e+00,-5.694515924531375006e+00,0.000000000000000000e+00
5.945837932863029529e+00,-5.544583572124341053e+00,0.000000000000000000e+00
5.994044215403621756e+00,-5.397061653249492608e+00,0.000000000000000000e+00
6.041510353114476928e+00,-5.251804826341844645e+00,0.000000000000000000e+00
6.088281595649242206e+00,-5.108674841412703671e+00,0.000000000000000000e+00
6.134400823362507360e+00,-4.967539839977269445e+00,0.000000000000000000e+00
6.179909177540868548e+00,-4.828274213529637926e+00,0.000000000000000000e+00
6.224846012867168099e+00,-4.690757924262284106e+00,0.000000000000000000e+00
6.269248721657445067e+00,-4.554875814927379807e+00,0.000000000000000000e+00
6.313153463334839621e+00,-4.420517644901795329e+00,0.000000000000000000e+00
6.356594955565114446e+00,-4.287577435646282353e+00,0.000000000000000000e+00
6.399606347719651644e+00,-4.155952955684129257e+00,0.000000000000000000e+00
6.442220036194838961e+00,-4.025545858874362004e+00,0.000000000000000000e+00
6.484467051856159792e+00,-3.896260886842114690e+00,0.000000000000000000e+00
6.526377393236582947e+00,-3.768005744818234248e+00,0.000000000000000000e+00
6.567980652260202667e+00,-3.640691125314489796e+00,0.000000000000000000e+00
6.609305006068044719e+00,-3.514229808453806392e+00,0.000000000000000000e+00
6.650377737896025820e+00,-3.388536706209216653e+00,0.000000000000000000e+00
6.691226991174250571e+00,-3.263529461087174344e+00,0.000000000000000000e+00
6.731880637103586196e+00,-3.139127494866758017e+00,0.000000000000000000e+00
6.772357919591878606e+00,-3.015248012978745340e+00,0.000000000000000000e+00
6.812685928050008499e+00,-2.891813607202796010e+00,0.000000000000000000e+00
6.852921780635507609e+00,-2.768760122973709326e+00,0.000000000000000000e+00
6.893044368517541542e+00,-2.645991824977297124e+00,0.000000000000000000e+00
6.932981155119060546e+00,-2.523398775191849630e+00,0.000000000000000000e+00
6.973082364661292942e+00,-2.401024807896084745e+00,0.000000000000000000e+00
7.013323199232243788e+00,-2.278766843477737059e+00,0.000000000000000000e+00
7.051408464775319906e+00,-2.155831915179120983e+00,0.000000000000000000e+00
7.085268155109486266e+00,-2.031667950341471851e+00,0.000000000000000000e+00
7.114188592545451328e+00,-1.906241088175258502e+00,0.000000000000000000e+00
7.137743987355475994e+00,-1.779639453173263108e+00,0.000000000000000000e+00
7.155870742515323180e+00,-1.652062934252855664e+00,0.000000000000000000e+00
7.168562408787045648e+00,-1.523724977728750041e+00,0.000000000000000000e+00
7.175819528748279552e+00,-1.394838018314566774e+00,0.000000000000000000e+00
7.177649572864297056e+00,-1.265613277766571843e+00,0.000000000000000000e+00
7.174068002280655776e+00,-1.136260745391387772e+00,0.000000000000000000e+00
7.165101614103176253e+00,-1.006989361573515929e+00,0.000000000000000000e+00
7.150785097778196153e+00,-8.780060083417340344e-01,0.000000000000000000e+00
7.131159804581304051e+00,-7.495150978178484191e-01,0.000000000000000000e+00
7.106273637153638134e+00,-6.217183831640797909e-01,0.000000000000000000e+00
7.076180934123111221e+00,-4.948147734586767488e-01,0.000000000000000000e+00
7.040942349932318933e+00,-3.690001526198742332e-01,0.000000000000000000e+00
7.000624729997444007e+00,-2.444672024944684052e-01,0.000000000000000000e+00
6.955300981325471810e+00,-1.214052302243381065e-01,0.000000000000000000e+00
6.905049938719333369e+00,-1.691249461081051749e-15,0.000000000000000000e+00
