6.926639546541666803e+00,0.000000000000000000e+00,0.000000000000000000e+00
6.893403768735936410e+00,1.203248103597055613e-01,0.000000000000000000e+00
6.859808937498522496e+00,2.395498066638168111e-01,0.000000000000000000e+00
6.825842349244585883e+00,3.577272392600456818e-01,0.000000000000000000e+00
6.791488936583106373e+00,4.749071696848784496e-01,0.000000000000000000e+00
6.756731377567827046e+00,5.911373980270845374e-01,0.000000000000000000e+00
6.721550206835993357e+00,7.064633942893465690e-01,0.000000000000000000e+00
6.685923928510122849e+00,8.209282337923382578e-01,0.000000000000000000e+00
6.649829130737053617e+00,9.345725366620636354e-01,0.000000000000000000e+00
6.613240601737600421e+00,1.047434411437709434e+00,0.000000000000000000e+00
6.576131447239427885e+00,1.159549402833716103e+00,0.000000000000000000e+00
6.538473209165020172e+00,1.270950443686186926e+00,0.000000000000000000e+00
6.500235985446035869e+00,1.381667811110157240e+00,0.000000000000000000e+00
6.461388550834859856e+00,1.491729086890667633e+00,0.000000000000000000e+00
6.421898478583742076e+00,1.601159122126945000e+00,0.000000000000000000e+00
6.381732262861620875e+00,1.709980006145412457e+00,0.000000000000000000e+00
6.340855386359424806e+00,1.818211023802448256e+00,0.000000000000000000e+00
6.299218293642105060e+00,1.925864301572060899e+00,0.000000000000000000e+00
6.256738181596429804e+00,2.032937469373138573e+00,0.000000000000000000e+00
6.213328152494770329e+00,2.139420453334009320e+00,0.000000000000000000e+00
6.168902226024784774e+00,2.245296788371538010e+00,0.000000000000000000e+00
6.123375617833016094e+00,2.350543672698863773e+00,0.000000000000000000e+00
6.076665015787750868e+00,2.455132031993258579e+00,0.000000000000000000e+00
6.028688853668040970e+00,2.559026593145634187e+00,0.000000000000000000e+00
5.979367581988283220e+00,2.662185967505124040e+00,0.000000000000000000e+00
5.928624004303142847e+00,2.764562775528108585e+00,0.000000000000000000e+00
5.876412088433115244e+00,2.866117679371203320e+00,0.000000000000000000e+00
5.822759825637537467e+00,2.966844317456068136e+00,0.000000000000000000e+00
5.767705796848630939e+00,3.066743571233002008e+00,0.000000000000000000e+00
5.711287481317791404e+00,3.165818346343339140e+00,0.000000000000000000e+00
5.653541173213885607e+00,3.264073518229669180e+00,0.000000000000000000e+00
5.594501900162635266e+00,3.361515874882583077e+00,0.000000000000000000e+00
5.534203343813972609e+00,3.458154056783469876e+00,0.000000000000000000e+00
5.472674745670367713e+00,3.553996534938591800e+00,0.000000000000000000e+00
5.409924660629572557e+00,3.649040259070521763e+00,0.000000000000000000e+00
5.345953529832113915e+00,3.743276960507252227e+00,0.000000000000000000e+00
5.280761646470930160e+00,3.836697916420741539e+00,0.000000000000000000e+00
5.214349196478291759e+00,3.929293955656467663e+00,0.000000000000000000e+00
5.146716278993683780e+00,4.021055452485900794e+00,0.000000000000000000e+00
5.077862663516943265e+00,4.111972107673091514e+00,0.000000000000000000e+00
5.007782160138619432e+00,4.202028163588477305e+00,0.000000000000000000e+00
4.936463104109528821e+00,4.291201908121535347e+00,0.000000000000000000e+00
4.863894321936282239e+00,4.379470118508727694e+00,0.000000000000000000e+00
4.790065450803829172e+00,4.466808296461368677e+00,0.000000000000000000e+00
4.714966994792447075e+00,4.553190700456910101e+00,0.000000000000000000e+00
4.638585421017995536e+00,4.638585421017994648e+00,0.000000000000000000e+00
4.560873680171940059e+00,4.722922953187598694e+00,0.000000000000000000e+00
4.481773759486755715e+00,4.806113945083284378e+00,0.000000000000000000e+00
4.401232812244364467e+00,4.888064241955474287e+00,0.000000000000000000e+00
4.319203431157063733e+00,4.968675171563671888e+00,0.000000000000000000e+00
4.235646919053778880e+00,5.047847432742937457e+00,0.000000000000000000e+00
4.150569953210484719e+00,5.125527033219447581e+00,0.000000000000000000e+00
4.064009084716903253e+00,5.201694421140053315e+00,0.000000000000000000e+00
3.976001299323449700e+00,5.276331935023206299e+00,0.000000000000000000e+00
3.886583357313054599e+00,5.349423065409843581e+00,0.000000000000000000e+00
3.795791190881186772e+00,5.420951623266244468e+00,0.000000000000000000e+00
3.703657410500077685e+00,5.490897917550384477e+00,0.000000000000000000e+00
3.610213631369123544e+00,5.559241482831128955e+00,0.000000000000000000e+00
3.515491602886606337e+00,5.625962598653305058e+00,0.000000000000000000e+00
3.419523075982891402e+00,5.691042094782456928e+00,0.000000000000000000e+00
3.322336939283146773e+00,5.754456378701284791e+00,0.000000000000000000e+00
3.223959405479323692e+00,5.816176728541166518e+00,0.000000000000000000e+00
3.124417374667123326e+00,5.876174445324362949e+00,0.000000000000000000e+00
3.023738621586931519e+00,5.934421184628174473e+00,0.000000000000000000e+00
2.921953065268276806e+00,5.990891594633946049e+00,0.000000000000000000e+00
2.819093479441293404e+00,6.045565476225224444e+00,0.000000000000000000e+00
2.715193187247080697e+00,6.098423746811138635e+00,0.000000000000000000e+00
2.610285798973854821e+00,6.149447974988698107e+00,0.000000000000000000e+00
2.504405040595045762e+00,6.198619991606303614e+00,0.000000000000000000e+00
2.397584660415756908e+00,6.245921580526688111e+00,0.000000000000000000e+00
2.289858706731178195e+00,6.291335090485472570e+00,0.000000000000000000e+00
2.181261585640232870e+00,6.334843624072775015e+00,0.000000000000000000e+00
2.071829190483492678e+00,6.376434591390175655e+00,0.000000000000000000e+00
1.961598774004956969e+00,6.416100486369392897e+00,0.000000000000000000e+00
1.850607369959599513e+00,6.453834871875544721e+00,0.000000000000000000e+00
1.738891105108079538e+00,6.489629953092945769e+00,0.000000000000000000e+00
1.626480250868831634e+00,6.523455978957302115e+00,0.000000000000000000e+00
1.513403316287896372e+00,6.555269952562658986e+00,0.000000000000000000e+00
1.399691097762679526e+00,6.585028882503248582e+00,0.000000000000000000e+00
1.285379530488053978e+00,6.612704425618346704e+00,0.000000000000000000e+00
1.170514797454526024e+00,6.638319290397357797e+00,0.000000000000000000e+00
1.055142644554313280e+00,6.661908470253025349e+00,0.000000000000000000e+00
9.393055940074200860e-01,6.683506583666498635e+00,0.000000000000000000e+00
8.230377880477650621e-01,6.703104869174926428e+00,0.000000000000000000e+00
7.063683425609524891e-01,6.720645850050048331e+00,0.000000000000000000e+00
5.893297391302299015e-01,6.736069741831228974e+00,0.000000000000000000e+00
4.719592136719814590e-01,6.749331201503184552e+00,0.000000000000000000e+00
3.543004618485123269e-01,6.760455541056680673e+00,0.000000000000000000e+00
2.363958275908711049e-01,6.769490793916613569e+00,0.000000000000000000e+00
1.182839759982614314e-01,6.776484446474118961e+00,0.000000000000000000e+00
4.152432446059706597e-16,6.781436817457558774e+00,0.000000000000000000e+00
-1.184202393802896991e-01,6.784290970402157228e+00,0.000000000000000000e+00
-2.369369740721360695e-01,6.784987201617341590e+00,0.000000000000000000e+00
-3.555072607858086875e-01,6.783482636533882726e+00,0.000000000000000000e+00
-4.740905038071898669e-01,6.779810070423034851e+00,0.000000000000000000e+00
-5.926503766275532659e-01,6.774024802104137599e+00,0.000000000000000000e+00
-7.111542630604715809e-01,6.766180841931418222e+00,0.000000000000000000e+00
-8.295677787548588755e-01,6.756287375664959960e+00,0.000000000000000000e+00
-9.478503669241622465e-01,6.744305802162951835e+00,0.000000000000000000e+00
-1.065958350196859028e+00,6.730196148135921597e+00,0.000000000000000000e+00
-1.183845629263251098e+00,6.713922194474563732e+00,0.000000000000000000e+00
-1.301465519120197589e+00,6.695459663036696263e+00,0.000000000000000000e+00
-1.418770035495139581e+00,6.674788227416255992e+00,0.000000000000000000e+00
-1.535710844121415120e+00,6.651894471188470881e+00,0.000000000000000000e+00
-1.652273191723650836e+00,6.626905814357632707e+00,0.000000000000000000e+00
-1.768489628054539908e+00,6.600093144558127456e+00,0.000000000000000000e+00
-1.884413162134796149e+00,6.571729679792811751e+00,0.000000000000000000e+00
-2.000123110007758331e+00,6.542107911659522657e+00,0.000000000000000000e+00
-2.115756847924250561e+00,6.511630019522274715e+00,0.000000000000000000e+00
-2.231491625107862031e+00,6.480722251080757168e+00,0.000000000000000000e+00
-2.347532856043714311e+00,6.449793513407924728e+00,0.000000000000000000e+00
-2.464032995800593984e+00,6.419025412404835151e+00,0.000000000000000000e+00
-2.581041584626168284e+00,6.388302094228992978e+00,0.000000000000000000e+00
-2.698592694814337278e+00,6.357485984473055574e+00,0.000000000000000000e+00
-2.816719566099223471e+00,6.326455727234386650e+00,0.000000000000000000e+00
-2.935495236787658779e+00,6.295189850413981603e+00,0.000000000000000000e+00
-3.055011040262823219e+00,6.263700871918026714e+00,0.000000000000000000e+00
-3.175360650657716555e+00,6.231996171748505731e+00,0.000000000000000000e+00
-3.296634187952142803e+00,6.200067163847114315e+00,0.000000000000000000e+00
-3.418915306474704430e+00,6.167886484108803025e+00,0.000000000000000000e+00
-3.542287284192067176e+00,6.135421551225837433e+00,0.000000000000000000e+00
-3.666835933930306268e+00,6.102639809985807240e+00,0.000000000000000000e+00
-3.792657015539428578e+00,6.069519978777528912e+00,0.000000000000000000e+00
-3.919849645904938562e+00,6.036039133150012503e+00,0.000000000000000000e+00
-4.048514607222988282e+00,6.002169737122491355e+00,0.000000000000000000e+00
-4.178758784257865955e+00,5.967886028393977860e+00,0.000000000000000000e+00
-4.310692966432346118e+00,5.933159863699733805e+00,0.000000000000000000e+00
-4.444429709288664654e+00,5.897957430767425180e+00,0.000000000000000000e+00
-4.580089986436166605e+00,5.862247852830283712e+00,0.000000000000000000e+00
-4.717801906664741196e+00,5.826000159635935205e+00,0.000000000000000000e+00
-4.857695919297974285e+00,5.789176563553593446e+00,0.000000000000000000e+00
-4.999912407896648148e+00,5.751741272916627956e+00,0.000000000000000000e+00
-5.144600413418889850e+00,5.713657602938458702e+00,0.000000000000000000e+00
-5.291912328994698989e+00,5.674881197807760458e+00,0.000000000000000000e+00
-5.442014241890492876e+00,5.635370715557614929e+00,0.000000000000000000e+00
-5.595081417494272458e+00,5.595081417494273346e+00,0.000000000000000000e+00
-5.751295230764299937e+00,5.553961244950542664e+00,0.000000000000000000e+00
-5.910855623357723410e+00,5.511962040762710124e+00,0.000000000000000000e+00
-6.073969987167364692e+00,5.469027141389197766e+00,0.000000000000000000e+00
-6.240860261522386487e+00,5.425097057905717612e+00,0.000000000000000000e+00
-6.411767646047395353e+00,5.380111866992788983e+00,0.000000000000000000e+00
-6.586942445312293337e+00,5.334000819788375480e+00,0.000000000000000000e+00
-6.766661850325431438e+00,5.286695643090610019e+00,0.000000000000000000e+00
-6.951215540728151510e+00,5.238116623853181331e+00,0.000000000000000000e+00
-7.140920387887168985e+00,5.188182350900567563e+00,0.000000000000000000e+00
-7.336114995858398657e+00,5.136803021273347980e+00,0.000000000000000000e+00
-7.537165106881164256e+00,5.083882057438906088e+00,0.000000000000000000e+00
-7.744467337474583601e+00,5.029315894226100703e+00,0.000000000000000000e+00
-7.958449281465179048e+00,4.972991044712401276e+00,0.000000000000000000e+00
-8.179576716388510249e+00,4.914785529192622349e+00,0.000000000000000000e+00
-8.408355474722418066e+00,4.854566296773050738e+00,0.000000000000000000e+00
-8.645335210911186508e+00,4.792187560251405465e+00,0.000000000000000000e+00
-8.891120206834937534e+00,4.727492472010097480e+00,0.000000000000000000e+00
-9.146365018038883576e+00,4.660305747056382231e+00,0.000000000000000000e+00
-9.411794951707429746e+00,4.590439114847369773e+00,0.000000000000000000e+00
-9.688202557131987191e+00,4.517683046147486614e+00,0.000000000000000000e+00
-9.976460998187464568e+00,4.441806614254893759e+00,0.000000000000000000e+00
-1.027753889372184837e+01,4.362556432999650902e+00,0.000000000000000000e+00
-1.059250670695730001e+01,4.279650506945546162e+00,0.000000000000000000e+00
-1.092255293941086514e+01,4.192775244210195318e+00,0.000000000000000000e+00
-1.126900329477171958e+01,4.101581769144671874e+00,0.000000000000000000e+00
-1.163334019356060089e+01,4.005680263435458244e+00,0.000000000000000000e+00
-1.201722557165674310e+01,3.904633282305024711e+00,0.000000000000000000e+00
-1.242252969672724561e+01,3.797948469620870071e+00,0.000000000000000000e+00
-1.285136527524386629e+01,3.685069693377158284e+00,0.000000000000000000e+00
-1.330612824413285189e+01,3.565366317400354035e+00,0.000000000000000000e+00
-1.378954693069957393e+01,3.438120196343637414e+00,0.000000000000000000e+00
-1.430474150778545983e+01,3.302509796421186472e+00,0.000000000000000000e+00
-1.485529832721258359e+01,3.157591135014737205e+00,0.000000000000000000e+00
-1.544536089613074203e+01,3.002274025733525420e+00,0.000000000000000000e+00
-1.607973789096437045e+01,2.835291632897246838e+00,0.000000000000000000e+00
-1.676405133727371677e+01,2.655164888625893838e+00,0.000000000000000000e+00
-1.750493911897558519e+01,2.460158755195378522e+00,0.000000000000000000e+00
-1.830883458427085486e+01,2.248042215073611683e+00,0.000000000000000000e+00
-1.914535454342399845e+01,2.012257848176829178e+00,0.000000000000000000e+00
-1.996557107093510197e+01,1.746761129527972578e+00,0.000000000000000000e+00
-2.076678878380838711e+01,1.452155333955975181e+00,0.000000000000000000e+00
-2.154843280320720922e+01,1.129305510245927735e+00,0.000000000000000000e+00
-2.231070387316692916e+01,7.791069471534994850e-01,0.000000000000000000e+00
-2.305468925415574688e+01,4.024210978311671405e-01,0.000000000000000000e+00
-2.378135777514911453e+01,2.912376367871438379e-15,0.000000000000000000e+00
-2.448143023000495333e+01,-4.273249542003574319e-01,0.000000000000000000e+00
-2.515568823352171179e+01,-8.784559902090804950e-01,0.000000000000000000e+00
-2.581717975938618181e+01,-1.353021058540502697e+00,0.000000000000000000e+00
-2.644364386385995402e+01,-1.849119711569285451e+00,0.000000000000000000e+00
-2.705670656762604764e+01,-2.367155097014687293e+00,0.000000000000000000e+00
-2.763479746441856122e+01,-2.904534254219556466e+00,0.000000000000000000e+00
-2.819688335059339579e+01,-3.462141941033039405e+00,0.000000000000000000e+00
-2.872941573803298709e+01,-4.037656068335180315e+00,0.000000000000000000e+00
-2.923336400656502931e+01,-4.630109996983241771e+00,0.000000000000000000e+00
-2.971354501085776079e+01,-5.239299677909626141e+00,0.000000000000000000e+00
-3.016757083567134501e+01,-5.863981744971813903e+00,0.000000000000000000e+00
-3.059436619286249126e+01,-6.503033284428407335e+00,0.000000000000000000e+00
-3.099336154388743481e+01,-7.155381316537881453e+00,0.000000000000000000e+00
-3.136437610910857643e+01,-7.820017255706404491e+00,0.000000000000000000e+00
-3.170868550465699798e+01,-8.496316674025273130e+00,0.000000000000000000e+00
-3.202531682456577045e+01,-9.183111826908147535e+00,0.000000000000000000e+00
-3.231203447680190521e+01,-9.878780319908363694e+00,0.000000000000000000e+00
-3.257159398013224916e+01,-1.058315242184614213e+01,0.000000000000000000e+00
-3.280311952158911026e+01,-1.129501985332440839e+01,0.000000000000000000e+00
-3.300445222972258819e+01,-1.201263820987981390e+01,0.000000000000000000e+00
-3.317632802266079040e+01,-1.273519914243711604e+01,0.000000000000000000e+00
-3.331992436753284892e+01,-1.346212328732717189e+01,0.000000000000000000e+00
-3.343542796580488385e+01,-1.419249714067449908e+01,0.000000000000000000e+00
-3.352265537597174472e+01,-1.492524778109501504e+01,0.000000000000000000e+00
-3.358145815820599012e+01,-1.565929111118309969e+01,0.000000000000000000e+00
-3.361172444095754486e+01,-1.639353336775063852e+01,0.000000000000000000e+00
-3.361337936320394704e+01,-1.712687222906322404e+01,0.000000000000000000e+00
-3.358637185433610739e+01,-1.785819069024014283e+01,0.000000000000000000e+00
-3.353074096887937827e+01,-1.858639322096801649e+01,0.000000000000000000e+00
-3.344696818289390450e+01,-1.931061608397064688e+01,0.000000000000000000e+00
-3.333565894886784520e+01,-2.003008467170835871e+01,0.000000000000000000e+00
-3.319743075600621296e+01,-2.074405704156037444e+01,0.000000000000000000e+00
-3.303275598237141253e+01,-2.145172255919248627e+01,0.000000000000000000e+00
-3.284187981714021021e+01,-2.215212764577645643e+01,0.000000000000000000e+00
-3.262466268927627056e+01,-2.284403474658029154e+01,0.000000000000000000e+00
-3.238066929661622595e+01,-2.352593332926911884e+01,0.000000000000000000e+00
-3.211160724115771359e+01,-2.419783169188459127e+01,0.000000000000000000e+00
-3.181836879962825293e+01,-2.485923420203932466e+01,0.000000000000000000e+00
-3.150021096541528465e+01,-2.550836788206758499e+01,0.000000000000000000e+00
-3.115748122997650782e+01,-2.614423100848631165e+01,0.000000000000000000e+00
-3.079075740356323720e+01,-2.676599705823432274e+01,0.000000000000000000e+00
-3.040100075074202124e+01,-2.737318402666978656e+01,0.000000000000000000e+00
-2.998925461492502365e+01,-2.796543235044106623e+01,0.000000000000000000e+00
-2.955708943490214224e+01,-2.854294948325376780e+01,0.000000000000000000e+00
-2.909875126068828521e+01,-2.909875126068827811e+01,0.000000000000000000e+00
-2.861530758595430513e+01,-2.963201844369690718e+01,0.000000000000000000e+00
-2.810957706132016654e+01,-3.014383089258728177e+01,0.000000000000000000e+00
-2.757792377774193682e+01,-3.062838728056575022e+01,0.000000000000000000e+00
-2.702446429257047100e+01,-3.108808994424531136e+01,0.000000000000000000e+00
-2.645202596092766356e+01,-3.152429697033083755e+01,0.000000000000000000e+00
-2.585574803037370017e+01,-3.192918972279527168e+01,0.000000000000000000e+00
-2.524059984328534867e+01,-3.230649456094703709e+01,0.000000000000000000e+00
-2.460796834666570376e+01,-3.265587696504168491e+01,0.000000000000000000e+00
-2.395845555643965241e+01,-3.297598507029565695e+01,0.000000000000000000e+00
-2.329291982196482635e+01,-3.326573701494292834e+01,0.000000000000000000e+00
-2.261245126746744205e+01,-3.352433765154363954e+01,0.000000000000000000e+00
-2.191828084414094846e+01,-3.375119273894098626e+01,0.000000000000000000e+00
-2.121173025630823616e+01,-3.394586434987483869e+01,0.000000000000000000e+00
-2.049418161817961348e+01,-3.410804597470144728e+01,0.000000000000000000e+00
-1.976701605485970603e+01,-3.423747612104667581e+01,0.000000000000000000e+00
-1.903148953506983787e+01,-3.433371597521435348e+01,0.000000000000000000e+00
-1.828795808026952230e+01,-3.439464675870719645e+01,0.000000000000000000e+00
-1.753763402776879587e+01,-3.441954478460363731e+01,0.000000000000000000e+00
-1.678308459174047229e+01,-3.441042281199575115e+01,0.000000000000000000e+00
-1.602584973842299831e+01,-3.436754567109436920e+01,0.000000000000000000e+00
-1.526695011611596442e+01,-3.429013138615770373e+01,0.000000000000000000e+00
-1.450564202826308247e+01,-3.417315109007603269e+01,0.000000000000000000e+00
-1.374544156563786501e+01,-3.402116171351215712e+01,0.000000000000000000e+00
-1.298798554069196420e+01,-3.383485910445779865e+01,0.000000000000000000e+00
-1.223435402311815245e+01,-3.361361142013086578e+01,0.000000000000000000e+00
-1.148450895217191281e+01,-3.335343582366304105e+01,0.000000000000000000e+00
-1.074061817135737407e+01,-3.305622372507195195e+01,0.000000000000000000e+00
-1.000467535861291601e+01,-3.272381859380277547e+01,0.000000000000000000e+00
-9.278008537130441269e+00,-3.235626098246800098e+01,0.000000000000000000e+00
-8.561836182185896149e+00,-3.195320763799932351e+01,0.000000000000000000e+00
-7.857403657288394072e+00,-3.151432477574710234e+01,0.000000000000000000e+00
-7.166024315290867364e+00,-3.103946143621598708e+01,0.000000000000000000e+00
-6.489058885593826709e+00,-3.052862181534334951e+01,0.000000000000000000e+00
-5.827887965367941625e+00,-2.998188443685857862e+01,0.000000000000000000e+00
-5.183933375797458609e+00,-2.939954710826959072e+01,0.000000000000000000e+00
-4.558740276574591910e+00,-2.878275332623292115e+01,0.000000000000000000e+00
-3.954024753366313316e+00,-2.813434801166045673e+01,0.000000000000000000e+00
-3.371377192683016055e+00,-2.745766379658300593e+01,0.000000000000000000e+00
-2.810136486208634210e+00,-2.673666269589741162e+01,0.000000000000000000e+00
-2.273738810565664625e+00,-2.598895352758388810e+01,0.000000000000000000e+00
-1.762938316167730557e+00,-2.521119249068430435e+01,0.000000000000000000e+00
-1.278741592551510875e+00,-2.439984311575841147e+01,0.000000000000000000e+00
-8.225429675087942982e-01,-2.355454875366239520e+01,0.000000000000000000e+00
-3.960310123299621288e-01,-2.268860150097436090e+01,0.000000000000000000e+00
-4.003901055325222943e-15,-2.179622216034258742e+01,0.000000000000000000e+00
3.642640783422996242e-01,-2.086867507169474578e+01,0.000000000000000000e+00
6.965186783972289186e-01,-1.994568529086450681e+01,0.000000000000000000e+00
1.000983048767175587e+00,-1.909989437562535031e+01,0.000000000000000000e+00
1.281167732080456201e+00,-1.832155215535114934e+01,0.000000000000000000e+00
1.540017285093191912e+00,-1.760247811577176691e+01,0.000000000000000000e+00
1.780020066419622404e+00,-1.693575964774585785e+01,0.000000000000000000e+00
2.003293356568580208e+00,-1.631551509275452716e+01,0.000000000000000000e+00
2.211650095743454170e+00,-1.573670812776110850e+01,0.000000000000000000e+00
2.406651741403684319e+00,-1.519500107758286234e+01,0.000000000000000000e+00
2.589650475757249382e+00,-1.468663766232647383e+01,0.000000000000000000e+00
2.761823184296436029e+00,-1.420834855417218456e+01,0.000000000000000000e+00
2.924199019340510741e+00,-1.375727475249679088e+01,0.000000000000000000e+00
3.077681944489270904e+00,-1.333090509127522694e+01,0.000000000000000000e+00
3.223069261349675863e+00,-1.292702474088675402e+01,0.000000000000000000e+00
3.361066929619953125e+00,-1.254367254898117423e+01,0.000000000000000000e+00
3.492302343759965400e+00,-1.217910563588795192e+01,0.000000000000000000e+00
3.617335018485252185e+00,-1.183176971714686587e+01,0.000000000000000000e+00
3.736665569278715626e+00,-1.150027410649870774e+01,0.000000000000000000e+00
3.850743289531428193e+00,-1.118337054859436819e+01,0.000000000000000000e+00
3.959972682553703827e+00,-1.087993552697346900e+01,0.000000000000000000e+00
4.064718869954649705e+00,-1.058895467917342970e+01,0.000000000000000000e+00
4.165312355553767887e+00,-1.030950985160359679e+01,0.000000000000000000e+00
4.262053079640884867e+00,-1.004076783093839786e+01,0.000000000000000000e+00
4.355213935726210295e+00,-9.781970657861171148e+00,0.000000000000000000e+00
4.445043696841023184e+00,-9.532426969842960673e+00,0.000000000000000000e+00
4.531769830915267860e+00,-9.291505093478731325e+00,0.000000000000000000e+00
4.615600661514376313e+00,-9.058626347504642240e+00,0.000000000000000000e+00
4.696727385879157168e+00,-8.833259495139833106e+00,0.000000000000000000e+00
4.775325871540055722e+00,-8.614915919241406428e+00,0.000000000000000000e+00
4.851558225554071235e+00,-8.403145342538355322e+00,0.000000000000000000e+00
4.925574135455775604e+00,-8.197531972435438519e+00,0.000000000000000000e+00
4.997512076123018510e+00,-7.997691134719299377e+00,0.000000000000000000e+00
5.067500387899244174e+00,-7.803266301442862485e+00,0.000000000000000000e+00
5.135658232683699254e+00,-7.613926443397984301e+00,0.000000000000000000e+00
5.202096444782910112e+00,-7.429363668496953288e+00,0.000000000000000000e+00
5.266918290220094612e+00,-7.249291111257885944e+00,0.000000000000000000e+00
5.330220145670312881e+00,-7.073441042408583179e+00,0.000000000000000000e+00
5.392092106203981494e+00,-6.901563171350136194e+00,0.000000000000000000e+00
5.452618529652307089e+00,-6.733423117937966218e+00,0.000000000000000000e+00
5.511878538144477702e+00,-6.568801049776604728e+00,0.000000000000000000e+00
5.569946483203469967e+00,-6.407490464189042889e+00,0.000000000000000000e+00
5.626892336361680513e+00,-6.249297048359765405e+00,0.000000000000000000e+00
5.682782043975747044e+00,-6.094037649849708416e+00,0.000000000000000000e+00
5.737677845085416450e+00,-5.941539339350509152e+00,0.000000000000000000e+00
5.791638558856781138e+00,-5.791638558856783803e+00,0.000000000000000000e+00
5.844719934535008043e+00,-5.644180432671598524e+00,0.000000000000000000e+00
5.896974920797604547e+00,-5.499018076219206463e+00,0.000000000000000000e+00
5.948453798775092949e+00,-5.356011857735942350e+00,0.000000000000000000e+00
5.999204362016451242e+00,-5.215028789350158789e+00,0.000000000000000000e+00
6.049272218138093571e+00,-5.075942087130644431e+00,0.000000000000000000e+00
6.098701043600136984e+00,-4.938630728337123799e+00,0.000000000000000000e+00
6.147532552651995275e+00,-4.802978821869160697e+00,0.000000000000000000e+00
6.195806640747740346e+00,-4.668875187789248038e+00,0.000000000000000000e+00
6.243561785713265699e+00,-4.536213163549783545e+00,0.000000000000000000e+00
6.290835011456668013e+00,-4.404890096655528886e+00,0.000000000000000000e+00
6.337661860455830798e+00,-4.274806901744883980e+00,0.000000000000000000e+00
6.384076788472745179e+00,-4.145867941990177385e+00,0.000000000000000000e+00
6.430113189184451628e+00,-4.017980661229316297e+00,0.000000000000000000e+00
6.475803324493348612e+00,-3.891055194255809813e+00,0.000000000000000000e+00
6.521178755818100470e+00,-3.765004310105253715e+00,0.000000000000000000e+00
6.566269712399867231e+00,-3.639742735863414680e+00,0.000000000000000000e+00
6.611106324608363671e+00,-3.515187586511120621e+00,0.000000000000000000e+00
6.655719892563539908e+00,-3.391258669967450956e+00,0.000000000000000000e+00
6.700132790904893554e+00,-3.267873109843049573e+00,0.000000000000000000e+00
6.744375219505082342e+00,-3.144953814326024499e+00,0.000000000000000000e+00
6.788506287378162085e+00,-3.022437729538110407e+00,0.000000000000000000e+00
6.832478666508881027e+00,-2.900215126222411399e+00,0.000000000000000000e+00
6.876298029641540133e+00,-2.778204740633799297e+00,0.000000000000000000e+00
6.920435264273597120e+00,-2.656506204745451516e+00,0.000000000000000000e+00
6.963852118443470296e+00,-2.534634886945058785e+00,0.000000000000000000e+00
7.003996537685731383e+00,-2.411669411310413569e+00,0.000000000000000000e+00
7.040001734438084746e+00,-2.287435225032758090e+00,0.000000000000000000e+00
7.071701337116567565e+00,-2.162036068868764094e+00,0.000000000000000000e+00
7.099145272334405732e+00,-2.035647149673351475e+00,0.000000000000000000e+00
7.122422298732757007e+00,-1.908447303098862236e+00,0.000000000000000000e+00
7.141525613725773880e+00,-1.780582318523668661e+00,0.000000000000000000e+00
7.156394586698338500e+00,-1.652183873211819920e+00,0.000000000000000000e+00
7.166971541641770749e+00,-1.523386828478276778e+00,0.000000000000000000e+00
7.173202559704872527e+00,-1.394329331062905686e+00,0.000000000000000000e+00
7.175037612790878150e+00,-1.265152718733094872e+00,0.000000000000000000e+00
7.172441751191468207e+00,-1.136003172522799476e+00,0.000000000000000000e+00
7.165428632386788621e+00,-1.007035320996057637e+00,0.000000000000000000e+00
7.154027792014381326e+00,-8.784041611296664609e-01,0.000000000000000000e+00
7.138273576389448927e+00,-7.502627853635979172e-01,0.000000000000000000e+00
7.118205059873385920e+00,-6.227622473917934220e-01,0.000000000000000000e+00
7.093865958784173920e+00,-4.960514308523673033e-01,0.000000000000000000e+00
7.065304541937964977e+00,-3.702769210013572287e-01,0.000000000000000000e+00
7.032573537912801598e+00,-2.455828794512167068e-01,0.000000000000000000e+00
6.995730039127602495e+00,-1.221109220532610035e-01,0.000000000000000000e+00
6.954835402831101021e+00,-1.703443382934760285e-15,0.000000000000000000e+00
