2.907150069012164195e+01,0.000000000000000000e+00,0.000000000000000000e+00
2.911753759512703610e+01,5.082485092727588860e-01,0.000000000000000000e+00
2.914908358817847756e+01,1.017908428878467442e+00,0.000000000000000000e+00
2.916596709877739713e+01,1.528523566289167412e+00,0.000000000000000000e+00
2.916803011642519294e+01,2.039627356713912931e+00,0.000000000000000000e+00
2.915512862678691519e+01,2.550743238483994979e+00,0.000000000000000000e+00
2.912716034511260688e+01,3.061387913533797356e+00,0.000000000000000000e+00
2.908414661953291613e+01,3.571084171915046124e+00,0.000000000000000000e+00
2.902614993162920598e+01,4.079359339587931288e+00,0.000000000000000000e+00
2.895324640313992504e+01,4.585743727139710124e+00,0.000000000000000000e+00
2.886552568425971899e+01,5.089770990468163170e+00,0.000000000000000000e+00
2.876309083303658554e+01,5.590978487881927528e+00,0.000000000000000000e+00
2.864602570047432550e+01,6.088900728403909390e+00,0.000000000000000000e+00
2.851429617028252395e+01,6.583043978051698275e+00,0.000000000000000000e+00
2.836785060787852686e+01,7.072899537016062332e+00,0.000000000000000000e+00
2.820674168389340508e+01,7.557973655312522965e+00,0.000000000000000000e+00
2.803137287632982222e+01,8.037866828772180838e+00,0.000000000000000000e+00
2.784224046349873660e+01,8.512227150241358231e+00,0.000000000000000000e+00
2.763988551738685828e+01,8.980743206221644570e+00,0.000000000000000000e+00
2.742470747948673093e+01,9.443084071578896399e+00,0.000000000000000000e+00
2.719559471675768592e+01,9.898386980066987917e+00,0.000000000000000000e+00
2.695159529183006342e+01,1.034574811936340311e+01,0.000000000000000000e+00
2.669553721949932878e+01,1.078569714943626856e+01,0.000000000000000000e+00
2.642791672030544348e+01,1.121798509265439137e+01,0.000000000000000000e+00
2.614605303997214136e+01,1.164097282099404929e+01,0.000000000000000000e+00
2.585214023378390280e+01,1.205505097071038989e+01,0.000000000000000000e+00
2.554770634583062261e+01,1.246044894797245384e+01,0.000000000000000000e+00
2.523160861074635619e+01,1.285614671885803872e+01,0.000000000000000000e+00
2.490238439317457519e+01,1.324083265271053200e+01,0.000000000000000000e+00
2.456232873738521860e+01,1.361512114389109129e+01,0.000000000000000000e+00
2.421195281930545917e+01,1.397877747783252289e+01,0.000000000000000000e+00
2.385124730147834171e+01,1.433127521814570393e+01,0.000000000000000000e+00
2.348054677889344433e+01,1.467227404820379277e+01,0.000000000000000000e+00
2.310011987860829308e+01,1.500139325294098036e+01,0.000000000000000000e+00
2.271030533308051247e+01,1.531829436725478821e+01,0.000000000000000000e+00
2.231146739859373440e+01,1.562265766101551456e+01,0.000000000000000000e+00
2.190400287216612440e+01,1.591418962018025951e+01,0.000000000000000000e+00
2.148833561071648646e+01,1.619262232942350721e+01,0.000000000000000000e+00
2.106490836919949317e+01,1.645771013253661863e+01,0.000000000000000000e+00
2.063419741709088484e+01,1.670924360615385496e+01,0.000000000000000000e+00
2.019664644501278161e+01,1.694699858302814732e+01,0.000000000000000000e+00
1.975283255820690087e+01,1.717087537715382339e+01,0.000000000000000000e+00
1.930197433717689037e+01,1.737957575612718841e+01,0.000000000000000000e+00
1.884494060054868925e+01,1.757319140737977392e+01,0.000000000000000000e+00
1.838301227218746448e+01,1.775226859839211357e+01,0.000000000000000000e+00
1.791668835976169305e+01,1.791668835976168950e+01,0.000000000000000000e+00
1.744647352411051600e+01,1.806635220296102062e+01,0.000000000000000000e+00
1.697266095709860778e+01,1.820095053625012937e+01,0.000000000000000000e+00
1.649361524200382334e+01,1.831801550254697375e+01,0.000000000000000000e+00
1.601235321925896571e+01,1.842010526869914244e+01,0.000000000000000000e+00
1.552917271046088210e+01,1.850694736770772053e+01,0.000000000000000000e+00
1.504483214759668464e+01,1.857882043961427243e+01,0.000000000000000000e+00
1.455752370166944054e+01,1.863278064740421414e+01,0.000000000000000000e+00
1.406921184025193128e+01,1.867047471688688631e+01,0.000000000000000000e+00
1.358111911491276302e+01,1.869280680953139395e+01,0.000000000000000000e+00
1.309384813918498658e+01,1.869995312056098413e+01,0.000000000000000000e+00
1.260603615285270784e+01,1.868921716787993148e+01,0.000000000000000000e+00
1.211885632641404698e+01,1.866140225854769596e+01,0.000000000000000000e+00
1.163394572358311407e+01,1.861820505043952778e+01,0.000000000000000000e+00
1.115173429277358785e+01,1.855960257608774100e+01,0.000000000000000000e+00
1.067186297839628928e+01,1.848420888999569200e+01,0.000000000000000000e+00
1.019396933331516664e+01,1.839040749307295641e+01,0.000000000000000000e+00
9.720325467791116836e+00,1.828127335905471540e+01,0.000000000000000000e+00
9.251236123002422929e+00,1.815657320391329321e+01,0.000000000000000000e+00
8.787194877950579297e+00,1.801641941496798438e+01,0.000000000000000000e+00
8.328195311775173693e+00,1.785987248145712059e+01,0.000000000000000000e+00
7.873907672856184981e+00,1.768508618756155570e+01,0.000000000000000000e+00
7.426200775491470729e+00,1.749503266602375717e+01,0.000000000000000000e+00
6.985423593539622722e+00,1.728953010191394313e+01,0.000000000000000000e+00
6.552059827567592976e+00,1.706869940801588470e+01,0.000000000000000000e+00
6.126547446499845506e+00,1.683255076847569498e+01,0.000000000000000000e+00
5.709345715557704537e+00,1.658114393153453392e+01,0.000000000000000000e+00
5.300919621506076318e+00,1.631455305099852282e+01,0.000000000000000000e+00
4.901745788963967954e+00,1.603288804897640318e+01,0.000000000000000000e+00
4.512312730317326270e+00,1.573630459083585542e+01,0.000000000000000000e+00
4.133122897543739072e+00,1.542502464755953362e+01,0.000000000000000000e+00
3.764688969719399037e+00,1.509934274044325697e+01,0.000000000000000000e+00
3.407546540776430266e+00,1.475970563187354223e+01,0.000000000000000000e+00
3.062201357524024115e+00,1.440652470789331119e+01,0.000000000000000000e+00
2.729281408652964647e+00,1.404093563159870861e+01,0.000000000000000000e+00
2.409129273409620353e+00,1.366285104939679584e+01,0.000000000000000000e+00
2.101869951446188267e+00,1.327068458959332631e+01,0.000000000000000000e+00
1.808500102803890508e+00,1.286814687441950866e+01,0.000000000000000000e+00
1.531046093265467478e+00,1.246936978075106595e+01,0.000000000000000000e+00
1.269669674468846710e+00,1.208010001937075728e+01,0.000000000000000000e+00
1.023269723180243229e+00,1.169602645578230415e+01,0.000000000000000000e+00
7.915402507519229136e-01,1.131955295475729528e+01,0.000000000000000000e+00
5.740395815084403663e-01,1.095332771892882384e+01,0.000000000000000000e+00
3.701026930492127276e-01,1.059835445884639071e+01,0.000000000000000000e+00
1.790542356511400091e-01,1.025801029027884859e+01,0.000000000000000000e+00
6.084851406396233517e-16,9.937316474648435261e+00,0.000000000000000000e+00
-1.682167853529730750e-01,9.637133178521542831e+00,0.000000000000000000e+00
-3.266746786920290413e-01,9.354738840140081280e+00,0.000000000000000000e+00
-4.762710362141743259e-01,9.087792742408648650e+00,0.000000000000000000e+00
-6.178070332774173723e-01,8.835052193949660904e+00,0.000000000000000000e+00
-7.519999276843677416e-01,8.595398505105064757e+00,0.000000000000000000e+00
-8.794891607348996887e-01,8.367780408770194356e+00,0.000000000000000000e+00
-1.000843649383213130e+00,8.151217400815237824e+00,0.000000000000000000e+00
-1.116557607719077527e+00,7.944720195262074292e+00,0.000000000000000000e+00
-1.227072242986658956e+00,7.747429232772710783e+00,0.000000000000000000e+00
-1.332801636955952995e+00,7.558693692825021238e+00,0.000000000000000000e+00
-1.434112962799334978e+00,7.377871602124399075e+00,0.000000000000000000e+00
-1.531325978215553052e+00,7.204322304539446442e+00,0.000000000000000000e+00
-1.624740824973375020e+00,7.037525685336715853e+00,0.000000000000000000e+00
-1.714640415642592730e+00,6.877047086929285236e+00,0.000000000000000000e+00
-1.801274554292148888e+00,6.722448154999281833e+00,0.000000000000000000e+00
-1.884859623553885033e+00,6.573286675794358658e+00,0.000000000000000000e+00
-1.965593548369882759e+00,6.429166804561167403e+00,0.000000000000000000e+00
-2.043674786110107888e+00,6.289784244551237968e+00,0.000000000000000000e+00
-2.119282056856613750e+00,6.154842002386174293e+00,0.000000000000000000e+00
-2.192571455057237273e+00,6.024040563310525620e+00,0.000000000000000000e+00
-2.263676504888207486e+00,5.897078908888555127e+00,0.000000000000000000e+00
-2.332721129848662756e+00,5.773687401174833589e+00,0.000000000000000000e+00
-2.399848888655880863e+00,5.653689681959463087e+00,0.000000000000000000e+00
-2.465197430189726369e+00,5.536924083140299935e+00,0.000000000000000000e+00
-2.528892071400842045e+00,5.423226548340859487e+00,0.000000000000000000e+00
-2.591045805263098245e+00,5.312431168238849644e+00,0.000000000000000000e+00
-2.651759326982451093e+00,5.204370713207026711e+00,0.000000000000000000e+00
-2.711118367122895112e+00,5.098872063734565252e+00,0.000000000000000000e+00
-2.769186251338425553e+00,4.995744240655575652e+00,0.000000000000000000e+00
-2.826010377391651840e+00,4.894793556359239517e+00,0.000000000000000000e+00
-2.881624322103753411e+00,4.795828235119497407e+00,0.000000000000000000e+00
-2.936048007397036752e+00,4.698659005159653290e+00,0.000000000000000000e+00
-2.989287886628914315e+00,4.603099683375202922e+00,0.000000000000000000e+00
-3.041337150962598379e+00,4.508967752104888760e+00,0.000000000000000000e+00
-3.092179967179153888e+00,4.416090656614809262e+00,0.000000000000000000e+00
-3.141805050888710760e+00,4.324323669688237892e+00,0.000000000000000000e+00
-3.190195062275599458e+00,4.233531837351834248e+00,0.000000000000000000e+00
-3.237322767232780674e+00,4.143584186627739641e+00,0.000000000000000000e+00
-3.283151256615316260e+00,4.054354151268737105e+00,0.000000000000000000e+00
-3.327634180099939609e+00,3.965719988973390731e+00,0.000000000000000000e+00
-3.370715994368830515e+00,3.877565189636451581e+00,0.000000000000000000e+00
-3.412332225327619817e+00,3.789778874203804104e+00,0.000000000000000000e+00
-3.452412650691559115e+00,3.702259300695002864e+00,0.000000000000000000e+00
-3.490965245097510827e+00,3.615000335687799993e+00,0.000000000000000000e+00
-3.528095969326651371e+00,3.528095969326652259e+00,0.000000000000000000e+00
-3.563921521639174195e+00,3.441639007740295408e+00,0.000000000000000000e+00
-3.598563965272975729e+00,3.355715186048414900e+00,0.000000000000000000e+00
-3.632150436140912486e+00,3.270402942199443608e+00,0.000000000000000000e+00
-3.664812842718909724e+00,3.185773200754132617e+00,0.000000000000000000e+00
-3.696687558424819553e+00,3.101889166851907298e+00,0.000000000000000000e+00
-3.727915106794504219e+00,3.018806130588651548e+00,0.000000000000000000e+00
-3.758639839767940583e+00,2.936571282026204432e+00,0.000000000000000000e+00
-3.789009609404358603e+00,2.855223537045059601e+00,0.000000000000000000e+00
-3.819175433351262861e+00,2.774793374242996880e+00,0.000000000000000000e+00
-3.849281878497459175e+00,2.695296188017954897e+00,0.000000000000000000e+00
-3.879389750071107645e+00,2.616681426574175351e+00,0.000000000000000000e+00
-3.909511073049126928e+00,2.538866176527848850e+00,0.000000000000000000e+00
-3.939653004460914598e+00,2.461768419645126826e+00,0.000000000000000000e+00
-3.969818343691576157e+00,2.385307507417486317e+00,0.000000000000000000e+00
-4.000005621693131452e+00,2.309404322444544633e+00,0.000000000000000000e+00
-4.030209195231753583e+00,2.233981436165141332e+00,0.000000000000000000e+00
-4.060419346049341627e+00,2.158963262795170479e+00,0.000000000000000000e+00
-4.090622384813868528e+00,2.084276209334258834e+00,0.000000000000000000e+00
-4.120800759729504215e+00,2.009848821507038696e+00,0.000000000000000000e+00
-4.150933169673919565e+00,1.935611925508551323e+00,0.000000000000000000e+00
-4.180994681726811990e+00,1.861498765427211266e+00,0.000000000000000000e+00
-4.210956852950363150e+00,1.787445136222683084e+00,0.000000000000000000e+00
-4.240792071040076827e+00,1.713391215013981839e+00,0.000000000000000000e+00
-4.270512711546270879e+00,1.639296241124186260e+00,0.000000000000000000e+00
-4.300154559917566566e+00,1.565128262554075667e+00,0.000000000000000000e+00
-4.329752450227666749e+00,1.490853327321974620e+00,0.000000000000000000e+00
-4.359339871713536319e+00,1.416435386893159620e+00,0.000000000000000000e+00
-4.388948884799242833e+00,1.341836333436901452e+00,0.000000000000000000e+00
-4.418610037996143269e+00,1.267016039862947752e+00,0.000000000000000000e+00
-4.448352285761377090e+00,1.191932402618901099e+00,0.000000000000000000e+00
-4.478202907396175547e+00,1.116541387227613757e+00,0.000000000000000000e+00
-4.508187427065180941e+00,1.040797076541543742e+00,0.000000000000000000e+00
-4.538329535017422423e+00,9.646517216888135238e-01,0.000000000000000000e+00
-4.568651010089059383e+00,8.880557956834621569e-01,0.000000000000000000e+00
-4.599171643567438572e+00,8.109580496702345487e-01,0.000000000000000000e+00
-4.629909805059532424e+00,7.333056732274375600e-01,0.000000000000000000e+00
-4.660892692068771659e+00,6.550457494016230786e-01,0.000000000000000000e+00
-4.692154602921195128e+00,5.761241426082218675e-01,0.000000000000000000e+00
-4.723727987319255028e+00,4.964838177102645633e-01,0.000000000000000000e+00
-4.755643031576092916e+00,4.160648530389681743e-01,0.000000000000000000e+00
-4.787927527567293673e+00,3.348045078193559454e-01,0.000000000000000000e+00
-4.820606743448088594e+00,2.526372942209673678e-01,0.000000000000000000e+00
-4.853703296277765311e+00,1.694950539906506515e-01,0.000000000000000000e+00
-4.887237026692014652e+00,8.530703962049782096e-02,0.000000000000000000e+00
-4.921224875762911566e+00,6.026762291987380552e-16,0.000000000000000000e+00
-4.955680764184903886e+00,-8.650172950236487135e-02,0.000000000000000000e+00
-4.990615473923997847e+00,-1.742761325868489308e-01,0.000000000000000000e+00
-5.026038719387625697e+00,-2.634035278736844288e-01,0.000000000000000000e+00
-5.061990854929952377e+00,-3.539688825724538468e-01,0.000000000000000000e+00
-5.098535400500876058e+00,-4.460640481294321780e-01,0.000000000000000000e+00
-5.135732528802322783e+00,-5.397872399688247169e-01,0.000000000000000000e+00
-5.173638033313921802e+00,-6.352428741910182142e-01,0.000000000000000000e+00
-5.212303034729848683e+00,-7.325414192227414079e-01,0.000000000000000000e+00
-5.251773691801884247e+00,-8.317992368871643949e-01,0.000000000000000000e+00
-5.292090916916965426e+00,-9.331384130146611611e-01,0.000000000000000000e+00
-5.333290096734434549e+00,-1.036686577724371450e+00,0.000000000000000000e+00
-5.375400818204735920e+00,-1.142576715515820851e+00,0.000000000000000000e+00
-5.418448493205707095e+00,-1.250947402333434377e+00,0.000000000000000000e+00
-5.462500202190234688e+00,-1.361954265942560749e+00,0.000000000000000000e+00
-5.507666089211937788e+00,-1.475774680784615933e+00,0.000000000000000000e+00
-5.554049845404302133e+00,-1.592598165444103042e+00,0.000000000000000000e+00
-5.601745700715767384e+00,-1.712625530437950516e+00,0.000000000000000000e+00
-5.650837881531900919e+00,-1.836068527928747196e+00,0.000000000000000000e+00
-5.701400079424357337e+00,-1.963149481757697545e+00,0.000000000000000000e+00
-5.753494931639587584e+00,-2.094100898118267828e+00,0.000000000000000000e+00
-5.807174381065453694e+00,-2.229165390070079411e+00,0.000000000000000000e+00
-5.862539918154584306e+00,-2.368619876939945801e+00,0.000000000000000000e+00
-5.919779695920104778e+00,-2.512797398427034423e+00,0.000000000000000000e+00
-5.979073198709549786e+00,-2.662054899624953563e+00,0.000000000000000000e+00
-6.040580621709518816e+00,-2.816769003605829713e+00,0.000000000000000000e+00
-6.104441922349363558e+00,-2.977335260537415706e+00,0.000000000000000000e+00
-6.170775896354774304e+00,-3.144167362319548520e+00,0.000000000000000000e+00
-6.239704493828729603e+00,-3.317709730149248859e+00,0.000000000000000000e+00
-6.311499209589860548e+00,-3.498521140112655026e+00,0.000000000000000000e+00
-6.386472763829124766e+00,-3.687231769368959799e+00,0.000000000000000000e+00
-6.464902126211807598e+00,-3.884505093508217044e+00,0.000000000000000000e+00
-6.547026653493793091e+00,-4.091036301901757710e+00,0.000000000000000000e+00
-6.633065268342320131e+00,-4.307562951436185728e+00,0.000000000000000000e+00
-6.723414261480111342e+00,-4.535000181628167759e+00,0.000000000000000000e+00
-6.818557781510533822e+00,-4.774405558332147415e+00,0.000000000000000000e+00
-6.918919845452510486e+00,-5.026889515581526524e+00,0.000000000000000000e+00
-7.024875008359256157e+00,-5.293623014015014228e+00,0.000000000000000000e+00
-7.137043343186937783e+00,-5.576069379787398361e+00,0.000000000000000000e+00
-7.256245378303982640e+00,-5.875991648295631364e+00,0.000000000000000000e+00
-7.383205219779317652e+00,-6.195244776822993238e+00,0.000000000000000000e+00
-7.518644723771764404e+00,-6.535858144726743646e+00,0.000000000000000000e+00
-7.663425373827378984e+00,-6.900179199768858851e+00,0.000000000000000000e+00
-7.818334556503891086e+00,-7.290714922411280163e+00,0.000000000000000000e+00
-7.985125474945604651e+00,-7.711146036580978524e+00,0.000000000000000000e+00
-8.166709184987620773e+00,-8.166709184987618997e+00,0.000000000000000000e+00
-8.364289366754920962e+00,-8.661475192590838645e+00,0.000000000000000000e+00
-8.574665109781335559e+00,-9.195202562669852142e+00,0.000000000000000000e+00
-8.791684539934443876e+00,-9.764154876481521583e+00,0.000000000000000000e+00
-9.004023191918989255e+00,-1.035794381786887008e+01,0.000000000000000000e+00
-9.200057352483183237e+00,-1.096420140189460390e+01,0.000000000000000000e+00
-9.368715595241917882e+00,-1.156940024894984731e+01,0.000000000000000000e+00
-9.503441170687425554e+00,-1.216385000346057232e+01,0.000000000000000000e+00
-9.604567444298202972e+00,-1.274569149085990638e+01,0.000000000000000000e+00
-9.673132625559423659e+00,-1.331392486013984033e+01,0.000000000000000000e+00
-9.710194974799284395e+00,-1.386759559833688549e+01,0.000000000000000000e+00
-9.716831257736020078e+00,-1.440579476034396755e+01,0.000000000000000000e+00
-9.693351896560441716e+00,-1.492645296743906869e+01,0.000000000000000000e+00
-9.639163403877189396e+00,-1.542588602629352756e+01,0.000000000000000000e+00
-9.560038419333482196e+00,-1.591057579177938486e+01,0.000000000000000000e+00
-9.453352808093491433e+00,-1.637368736549182557e+01,0.000000000000000000e+00
-9.323405760569752232e+00,-1.681986923384053867e+01,0.000000000000000000e+00
-9.166775703015542121e+00,-1.724019766655505848e+01,0.000000000000000000e+00
-8.987029900378228575e+00,-1.763803929577121110e+01,0.000000000000000000e+00
-8.785566561906772876e+00,-1.801308087232805022e+01,0.000000000000000000e+00
-8.563036260730797267e+00,-1.836349052171146212e+01,0.000000000000000000e+00
-8.320851527996365959e+00,-1.868893852207692774e+01,0.000000000000000000e+00
-8.059973417533049300e+00,-1.898810744417178853e+01,0.000000000000000000e+00
-7.782044956618664244e+00,-1.926123716482143067e+01,0.000000000000000000e+00
-7.487673223527234079e+00,-1.950605563461135716e+01,0.000000000000000000e+00
-7.178291261260477008e+00,-1.972219315058156042e+01,0.000000000000000000e+00
-6.855680802794881679e+00,-1.991034276135021486e+01,0.000000000000000000e+00
-6.521013176033248371e+00,-2.006961489758043271e+01,0.000000000000000000e+00
-6.175633886731098698e+00,-2.019958826921378048e+01,0.000000000000000000e+00
-5.820481767656390026e+00,-2.029843218663758719e+01,0.000000000000000000e+00
-5.457359084877637656e+00,-2.036714137991095086e+01,0.000000000000000000e+00
-5.087593260799765815e+00,-2.040522204800115347e+01,0.000000000000000000e+00
-4.712566335136803453e+00,-2.041236738660873939e+01,0.000000000000000000e+00
-4.333599315009241337e+00,-2.038798181980763502e+01,0.000000000000000000e+00
-3.951980535803906402e+00,-2.033117733650641057e+01,0.000000000000000000e+00
-3.569358896205968801e+00,-2.024284021574364800e+01,0.000000000000000000e+00
-3.187179675099065079e+00,-2.012306050119821421e+01,0.000000000000000000e+00
-2.806830633542996001e+00,-1.997163770577239106e+01,0.000000000000000000e+00
-2.429688443262091546e+00,-1.978822439397281840e+01,0.000000000000000000e+00
-2.057135668784117577e+00,-1.957233848459303260e+01,0.000000000000000000e+00
-1.692281567223610228e+00,-1.934286682436478344e+01,0.000000000000000000e+00
-1.336966512412652186e+00,-1.911951189041336718e+01,0.000000000000000000e+00
-9.905954450972567216e-01,-1.890168709014155013e+01,0.000000000000000000e+00
-6.526407870401750300e-01,-1.868918688044347221e+01,0.000000000000000000e+00
-3.225984475938010188e-01,-1.848165268479143108e+01,0.000000000000000000e+00
-3.357761412843984472e-15,-1.827880177469285528e+01,0.000000000000000000e+00
3.155937662230994256e-01,-1.808035475782862278e+01,0.000000000000000000e+00
6.245947514374825538e-01,-1.788605350134330862e+01,0.000000000000000000e+00
9.273899511563793441e-01,-1.769565442084042672e+01,0.000000000000000000e+00
1.224343556343799877e+00,-1.750892858282848152e+01,0.000000000000000000e+00
1.515798848099846108e+00,-1.732566011424669483e+01,0.000000000000000000e+00
1.802079929490338017e+00,-1.714564522481089526e+01,0.000000000000000000e+00
2.083493295985944904e+00,-1.696869118287211720e+01,0.000000000000000000e+00
2.360329269169838540e+00,-1.679461541670831437e+01,0.000000000000000000e+00
2.632863306925585789e+00,-1.662324469203377930e+01,0.000000000000000000e+00
2.901357210871581049e+00,-1.645441440223277851e+01,0.000000000000000000e+00
3.166060226427294122e+00,-1.628796785267045522e+01,0.000000000000000000e+00
3.427210051853188499e+00,-1.612375560145578746e+01,0.000000000000000000e+00
3.685033767412015493e+00,-1.596163485946759941e+01,0.000000000000000000e+00
3.939748691413051507e+00,-1.580146893444228340e+01,0.000000000000000000e+00
4.191563179076760903e+00,-1.564312674744937048e+01,0.000000000000000000e+00
4.440677395740975975e+00,-1.548648249034489766e+01,0.000000000000000000e+00
4.687283984017081906e+00,-1.533141509270104663e+01,0.000000000000000000e+00
4.931568686091081233e+00,-1.517780775763152690e+01,0.000000000000000000e+00
5.173710933696697545e+00,-1.502554757159230547e+01,0.000000000000000000e+00
5.413884444715457711e+00,-1.487452526339237302e+01,0.000000000000000000e+00
5.652257785874290619e+00,-1.472463494881154844e+01,0.000000000000000000e+00
5.888994807487182293e+00,-1.457577362784835628e+01,0.000000000000000000e+00
6.124255097459106345e+00,-1.442784086025722523e+01,0.000000000000000000e+00
6.358194473916160661e+00,-1.428073860405025286e+01,0.000000000000000000e+00
6.590965474037994376e+00,-1.413437107191403541e+01,0.000000000000000000e+00
6.822717666340804676e+00,-1.398864424130948514e+01,0.000000000000000000e+00
7.053598021471781720e+00,-1.384346557855086957e+01,0.000000000000000000e+00
7.283751380143462129e+00,-1.369874398763869472e+01,0.000000000000000000e+00
7.513320850369774817e+00,-1.355438961474359871e+01,0.000000000000000000e+00
7.742448049422168133e+00,-1.341031339656174204e+01,0.000000000000000000e+00
7.971273454886764753e+00,-1.326642685917336983e+01,0.000000000000000000e+00
8.199936895172793783e+00,-1.312264214930269546e+01,0.000000000000000000e+00
8.428577819480407740e+00,-1.297887167900261041e+01,0.000000000000000000e+00
8.657335545126159104e+00,-1.283502777052203037e+01,0.000000000000000000e+00
8.886349655220760368e+00,-1.269102254731700441e+01,0.000000000000000000e+00
9.115760474197678320e+00,-1.254676790803142339e+01,0.000000000000000000e+00
9.345709254603317362e+00,-1.240217507069128722e+01,0.000000000000000000e+00
9.576338488138564031e+00,-1.225715431494146834e+01,0.000000000000000000e+00
9.807792390908433688e+00,-1.211161493541893464e+01,0.000000000000000000e+00
1.004021730389429834e+01,-1.196546504234258634e+01,0.000000000000000000e+00
1.027376191687196183e+01,-1.181861113247987305e+01,0.000000000000000000e+00
1.050857765727468518e+01,-1.167095785922371931e+01,0.000000000000000000e+00
1.074481925186928244e+01,-1.152240796057545147e+01,0.000000000000000000e+00
1.098264510773727665e+01,-1.137286193466566431e+01,0.000000000000000000e+00
1.122221763905809411e+01,-1.122221763905809944e+01,0.000000000000000000e+00
1.146370373986360036e+01,-1.107037001930016196e+01,0.000000000000000000e+00
1.170727540756857543e+01,-1.091721093512613372e+01,0.000000000000000000e+00
1.195311024333352634e+01,-1.076262880503544217e+01,0.000000000000000000e+00
1.220139189687245462e+01,-1.060650815884959997e+01,0.000000000000000000e+00
1.245231065843790574e+01,-1.044872928080016727e+01,0.000000000000000000e+00
1.270606412610584535e+01,-1.028916785407239587e+01,0.000000000000000000e+00
1.296285797184077815e+01,-1.012769461184723419e+01,0.000000000000000000e+00
1.322290657081004461e+01,-9.964174800564757462e+00,0.000000000000000000e+00
1.348643375601245964e+01,-9.798467674870131816e+00,0.000000000000000000e+00
1.375367366877123665e+01,-9.630425980950024112e+00,0.000000000000000000e+00
1.402487167841885451e+01,-9.459895394715669426e+00,0.000000000000000000e+00
1.430028538989506437e+01,-9.286713917089274517e+00,0.000000000000000000e+00
1.458018573619752800e+01,-9.110711211695390332e+00,0.000000000000000000e+00
1.486485810492707316e+01,-8.931707842683337617e+00,0.000000000000000000e+00
1.515460360884568836e+01,-8.749514473029142536e+00,0.000000000000000000e+00
1.544974048342654882e+01,-8.563930992559610544e+00,0.000000000000000000e+00
1.575060561635288536e+01,-8.374745560595089344e+00,0.000000000000000000e+00
1.605755622515843584e+01,-8.181733553405917903e+00,0.000000000000000000e+00
1.637097170164885540e+01,-7.984656405383653066e+00,0.000000000000000000e+00
1.669125564445397814e+01,-7.783260331231748097e+00,0.000000000000000000e+00
1.701883810399421293e+01,-7.577274914520163662e+00,0.000000000000000000e+00
1.735417806724795042e+01,-7.366411545563849472e+00,0.000000000000000000e+00
1.769776621292059460e+01,-7.150361688719271136e+00,0.000000000000000000e+00
1.805012797086333975e+01,-6.928794955801235389e+00,0.000000000000000000e+00
1.841182692279758726e+01,-6.701356958359406590e+00,0.000000000000000000e+00
1.878346858651762830e+01,-6.467666907697035228e+00,0.000000000000000000e+00
1.916570472290225524e+01,-6.227314956654982581e+00,0.000000000000000000e+00
1.955923818081211962e+01,-5.979859217831926976e+00,0.000000000000000000e+00
1.996482815185489557e+01,-5.724822350011954164e+00,0.000000000000000000e+00
2.038329607864512383e+01,-5.461687723357429469e+00,0.000000000000000000e+00
2.081553273410280980e+01,-5.189895204710709642e+00,0.000000000000000000e+00
2.126250604216317797e+01,-4.908836308750577082e+00,0.000000000000000000e+00
2.172526926305890527e+01,-4.617848535911228680e+00,0.000000000000000000e+00
2.220497186277478363e+01,-4.316209295080499331e+00,0.000000000000000000e+00
2.270287000086365481e+01,-4.003128520669096524e+00,0.000000000000000000e+00
2.322034050146647743e+01,-3.677740634469937042e+00,0.000000000000000000e+00
2.375889507374608911e+01,-3.339094945270821846e+00,0.000000000000000000e+00
2.432019816674520030e+01,-2.986144852975450181e+00,0.000000000000000000e+00
2.490608689618566984e+01,-2.617735216684078825e+00,0.000000000000000000e+00
2.551859419820478081e+01,-2.232587701461338003e+00,0.000000000000000000e+00
2.615997605495826051e+01,-1.829283726041787572e+00,0.000000000000000000e+00
2.683274328012294063e+01,-1.406244487383204511e+00,0.000000000000000000e+00
2.753969888481744732e+01,-9.617074766288479237e-01,0.000000000000000000e+00
2.828398042789064348e+01,-4.936987147972930479e-01,0.000000000000000000e+00
2.906898726342313566e+01,-7.119848441321264118e-15,0.000000000000000000e+00
