2.683344054560547676e+01,0.000000000000000000e+00,0.000000000000000000e+00
2.676984709878960444e+01,4.672694192278296077e-01,0.000000000000000000e+00
2.668929803085158170e+01,9.320108244319247337e-01,0.000000000000000000e+00
2.659178089392766253e+01,1.393616183831952959e+00,0.000000000000000000e+00
2.647731786015106081e+01,1.851474426775333137e+00,0.000000000000000000e+00
2.634595019354818390e+01,2.304971971754088855e+00,0.000000000000000000e+00
2.619780230576932922e+01,2.753499976989260745e+00,0.000000000000000000e+00
2.603333272956972522e+01,3.196491328039433366e+00,0.000000000000000000e+00
2.585310945921787606e+01,3.633417583050771782e+00,0.000000000000000000e+00
2.565735025235126798e+01,4.063725059929256034e+00,0.000000000000000000e+00
2.544561225759911949e+01,4.486747981660760054e+00,0.000000000000000000e+00
2.521762058424841513e+01,4.901808884883899431e+00,0.000000000000000000e+00
2.497376152828669760e+01,5.308336882419697034e+00,0.000000000000000000e+00
2.471500324330844833e+01,5.705908092445047153e+00,0.000000000000000000e+00
2.444302098642012311e+01,6.094329605998082044e+00,0.000000000000000000e+00
2.415654519789192634e+01,6.472726777701056200e+00,0.000000000000000000e+00
2.385341800393925737e+01,6.839857547205655308e+00,0.000000000000000000e+00
2.353684877789425300e+01,7.195936816255048107e+00,0.000000000000000000e+00
2.320873622723041052e+01,7.540975524901353033e+00,0.000000000000000000e+00
2.286764862884707838e+01,7.873962873917599303e+00,0.000000000000000000e+00
2.251111843431787918e+01,8.193377050132903960e+00,0.000000000000000000e+00
2.214253193414675280e+01,8.499721654142122773e+00,0.000000000000000000e+00
2.176266421362182157e+01,8.792687086347456216e+00,0.000000000000000000e+00
2.137137132517818472e+01,9.071608915402224582e+00,0.000000000000000000e+00
2.096908933109633821e+01,9.336040075001273308e+00,0.000000000000000000e+00
2.055612366123417090e+01,9.585477885214661598e+00,0.000000000000000000e+00
2.013288719295047002e+01,9.819465185922211958e+00,0.000000000000000000e+00
1.969982742898170969e+01,1.003756342571458404e+01,0.000000000000000000e+00
1.925744131980678020e+01,1.023936317940873941e+01,0.000000000000000000e+00
1.880626679385429867e+01,1.042448390786908519e+01,0.000000000000000000e+00
1.834687938957311459e+01,1.059257575435963261e+01,0.000000000000000000e+00
1.787988986935834745e+01,1.074332169504726231e+01,0.000000000000000000e+00
1.740593196470145898e+01,1.087643342616084752e+01,0.000000000000000000e+00
1.692568968139390506e+01,1.099167139920195346e+01,0.000000000000000000e+00
1.643978532376116419e+01,1.108877521593803728e+01,0.000000000000000000e+00
1.594907129303397397e+01,1.116765994682647190e+01,0.000000000000000000e+00
1.545197092561591568e+01,1.122651401896232493e+01,0.000000000000000000e+00
1.494972952704373625e+01,1.126542923304513799e+01,0.000000000000000000e+00
1.444448542584004258e+01,1.128526884549458309e+01,0.000000000000000000e+00
1.393692708347174047e+01,1.128590102399847339e+01,0.000000000000000000e+00
1.342773832492259345e+01,1.126721027598757630e+01,0.000000000000000000e+00
1.291789286778425705e+01,1.122935295049567728e+01,0.000000000000000000e+00
1.240482204423631707e+01,1.116935193742537713e+01,0.000000000000000000e+00
1.189034215499203384e+01,1.108792343886866405e+01,0.000000000000000000e+00
1.137707712029446228e+01,1.098671566518275355e+01,0.000000000000000000e+00
1.086574041784744260e+01,1.086574041784744082e+01,0.000000000000000000e+00
1.035824448469257320e+01,1.072627616155313390e+01,0.000000000000000000e+00
9.861670556131667098e+00,1.057534693296730843e+01,0.000000000000000000e+00
9.378162005995203998e+00,1.041550408995392019e+01,0.000000000000000000e+00
8.909136755635650218e+00,1.024878945929473595e+01,0.000000000000000000e+00
8.456215675770193840e+00,1.007772541135060429e+01,0.000000000000000000e+00
8.028008557912441390e+00,9.913764940805130266e+00,0.000000000000000000e+00
7.624643623057126618e+00,9.759098803786288912e+00,0.000000000000000000e+00
7.244044406381614287e+00,9.613171617077018283e+00,0.000000000000000000e+00
6.884111362868920558e+00,9.475166418362952925e+00,0.000000000000000000e+00
6.543004266462880913e+00,9.344378501254114511e+00,0.000000000000000000e+00
6.219093383844938927e+00,9.220185110424328201e+00,0.000000000000000000e+00
5.910926587553086087e+00,9.102028755853087461e+00,0.000000000000000000e+00
5.617207227904985167e+00,8.989410683595307816e+00,0.000000000000000000e+00
5.336776562673842150e+00,8.881887735147197205e+00,0.000000000000000000e+00
5.068594151837698014e+00,8.779062593929371161e+00,0.000000000000000000e+00
4.811718800642043270e+00,8.680570501295585828e+00,0.000000000000000000e+00
4.565306018338548988e+00,8.586091851094193927e+00,0.000000000000000000e+00
4.328586074946362494e+00,8.495328504673034686e+00,0.000000000000000000e+00
4.100863003234529458e+00,8.408015169322165860e+00,0.000000000000000000e+00
3.881502070465521648e+00,8.323908052085492670e+00,0.000000000000000000e+00
3.669924348429633110e+00,8.242785044019424134e+00,0.000000000000000000e+00
3.465600517326858032e+00,8.164443177744495017e+00,0.000000000000000000e+00
3.268045955855282791e+00,8.088697581697704919e+00,0.000000000000000000e+00
3.076813971602949671e+00,8.015374431519946441e+00,0.000000000000000000e+00
2.891496759445324916e+00,7.944322055002240646e+00,0.000000000000000000e+00
2.711713426104602309e+00,7.875387629232555753e+00,0.000000000000000000e+00
2.537117901587361501e+00,7.808445997588045806e+00,0.000000000000000000e+00
2.367384650940880686e+00,7.743366284489142437e+00,0.000000000000000000e+00
2.202214975485164761e+00,7.680036313949717197e+00,0.000000000000000000e+00
2.041331419094339683e+00,7.618352571146752794e+00,0.000000000000000000e+00
1.884472885178572588e+00,7.558207917639497175e+00,0.000000000000000000e+00
1.731399988239386456e+00,7.499517277794774728e+00,0.000000000000000000e+00
1.581886887136440878e+00,7.442192679011240486e+00,0.000000000000000000e+00
1.435721715451830249e+00,7.386147917043492050e+00,0.000000000000000000e+00
1.292708577713713947e+00,7.331314654851651014e+00,0.000000000000000000e+00
1.152661712246031644e+00,7.277619631601308647e+00,0.000000000000000000e+00
1.015406275034427042e+00,7.224991065298882020e+00,0.000000000000000000e+00
8.807794251554633691e-01,7.173372765098414483e+00,0.000000000000000000e+00
7.486264532987718656e-01,7.122704916756560145e+00,0.000000000000000000e+00
6.188008028355496126e-01,7.072925541401044569e+00,0.000000000000000000e+00
4.911649931849730311e-01,7.023986644518473099e+00,0.000000000000000000e+00
3.655882930282063903e-01,6.975840190704422739e+00,0.000000000000000000e+00
2.419462262765157134e-01,6.928433416499893305e+00,0.000000000000000000e+00
1.201208921955481124e-01,6.881721304935594752e+00,0.000000000000000000e+00
4.185637867021881857e-16,6.835665385213248513e+00,0.000000000000000000e+00
-1.185237840629098510e-01,6.790223041296535200e+00,0.000000000000000000e+00
-2.355528260944441399e-01,6.745350389547120074e+00,0.000000000000000000e+00
-3.511852364490291589e-01,6.701013499396103690e+00,0.000000000000000000e+00
-4.655152769369062526e-01,6.657178612875521040e+00,0.000000000000000000e+00
-5.786332479155305020e-01,6.613808287791179019e+00,0.000000000000000000e+00
-6.906258866110239758e-01,6.570866386737893805e+00,0.000000000000000000e+00
-8.015774794662238190e-01,6.528324681635624849e+00,0.000000000000000000e+00
-9.115693945171137180e-01,6.486153269599181037e+00,0.000000000000000000e+00
-1.020679880696397257e+00,6.444319142745214890e+00,0.000000000000000000e+00
-1.128984841780055870e+00,6.402791207811208807e+00,0.000000000000000000e+00
-1.236559004575231713e+00,6.361544592971758227e+00,0.000000000000000000e+00
-1.343474907972144861e+00,6.320552503374555542e+00,0.000000000000000000e+00
-1.449802683303654138e+00,6.279785345202215652e+00,0.000000000000000000e+00
-1.555610964114437555e+00,6.239214794869496927e+00,0.000000000000000000e+00
-1.660968289247837459e+00,6.198818045233686291e+00,0.000000000000000000e+00
-1.765941690520629326e+00,6.158570558502478143e+00,0.000000000000000000e+00
-1.870596394754321823e+00,6.118445115909168841e+00,0.000000000000000000e+00
-1.974996627413850625e+00,6.078414606168258238e+00,0.000000000000000000e+00
-2.079207549176167458e+00,6.038457181263118478e+00,0.000000000000000000e+00
-2.183293535589474033e+00,5.998549689073327862e+00,0.000000000000000000e+00
-2.287317678949321031e+00,5.958666272911683492e+00,0.000000000000000000e+00
-2.391342353905958618e+00,5.918780022170216704e+00,0.000000000000000000e+00
-2.495431802262331633e+00,5.878868915111547189e+00,0.000000000000000000e+00
-2.599650360303634056e+00,5.838910308535310456e+00,0.000000000000000000e+00
-2.704061536552714085e+00,5.798878678621007587e+00,0.000000000000000000e+00
-2.808728360924834799e+00,5.758746548356906914e+00,0.000000000000000000e+00
-2.913716510226840306e+00,5.718490633035002269e+00,0.000000000000000000e+00
-3.019092866477716353e+00,5.678087855322965005e+00,0.000000000000000000e+00
-3.124923895807405483e+00,5.637511939625383661e+00,0.000000000000000000e+00
-3.231275862285740264e+00,5.596733966749838807e+00,0.000000000000000000e+00
-3.338218468565792296e+00,5.555728504837615489e+00,0.000000000000000000e+00
-3.445823880510590520e+00,5.514470936975322424e+00,0.000000000000000000e+00
-3.554164239411230941e+00,5.472932987912058955e+00,0.000000000000000000e+00
-3.663311844710431586e+00,5.431083156458092809e+00,0.000000000000000000e+00
-3.773343615463798262e+00,5.388893163177711720e+00,0.000000000000000000e+00
-3.884340111006960417e+00,5.346335501750973052e+00,0.000000000000000000e+00
-3.996382208220336629e+00,5.303378314634734636e+00,0.000000000000000000e+00
-4.109551541854380652e+00,5.259986108062680188e+00,0.000000000000000000e+00
-4.223936470338136573e+00,5.216127136605268610e+00,0.000000000000000000e+00
-4.339629612353748556e+00,5.171769181050797748e+00,0.000000000000000000e+00
-4.456724129539915147e+00,5.126874638322269639e+00,0.000000000000000000e+00
-4.575315537677222544e+00,5.081402695436780803e+00,0.000000000000000000e+00
-4.695509225072764359e+00,5.035317170600279724e+00,0.000000000000000000e+00
-4.817414117558274533e+00,4.988578352814243999e+00,0.000000000000000000e+00
-4.941139959051457531e+00,4.941139959051458419e+00,0.000000000000000000e+00
-5.066804071921360730e+00,4.892955816401230784e+00,0.000000000000000000e+00
-5.194534793219637514e+00,4.843982060144291779e+00,0.000000000000000000e+00
-5.324462262205778451e+00,4.794167354601311715e+00,0.000000000000000000e+00
-5.456720747782641823e+00,4.743454978014093548e+00,0.000000000000000000e+00
-5.591460720982812660e+00,4.691792628718927993e+00,0.000000000000000000e+00
-5.728838233890861886e+00,4.639121730561906354e+00,0.000000000000000000e+00
-5.869012360406713924e+00,4.585374998976028849e+00,0.000000000000000000e+00
-6.012160886286181061e+00,4.530488185730554562e+00,0.000000000000000000e+00
-6.158472124165757400e+00,4.474391905741935460e+00,0.000000000000000000e+00
-6.308138036520915648e+00,4.417005805239345051e+00,0.000000000000000000e+00
-6.461373731280312782e+00,4.358251612250501061e+00,0.000000000000000000e+00
-6.618407551893992213e+00,4.298044119075703939e+00,0.000000000000000000e+00
-6.779474891902903977e+00,4.236286081988926533e+00,0.000000000000000000e+00
-6.944841711924511607e+00,4.172881890075386124e+00,0.000000000000000000e+00
-7.114784987781725079e+00,4.107723027922085990e+00,0.000000000000000000e+00
-7.289602173912705929e+00,4.040692466489596235e+00,0.000000000000000000e+00
-7.469625845793218311e+00,3.971670513190608265e+00,0.000000000000000000e+00
-7.655199067459376394e+00,3.900518745816571986e+00,0.000000000000000000e+00
-7.846703919253792847e+00,3.827093214247541120e+00,0.000000000000000000e+00
-8.044541981391775565e+00,3.751231532272371716e+00,0.000000000000000000e+00
-8.249173809763039600e+00,3.672768810202409639e+00,0.000000000000000000e+00
-8.461110246842901361e+00,3.591528216957847963e+00,0.000000000000000000e+00
-8.680846047828492118e+00,3.507289465760185188e+00,0.000000000000000000e+00
-8.908865426960989709e+00,3.419793030380756882e+00,0.000000000000000000e+00
-9.145969874981989989e+00,3.328860797988825837e+00,0.000000000000000000e+00
-9.393033690033462335e+00,3.234280872038643118e+00,0.000000000000000000e+00
-9.647383321635652820e+00,3.134624858308264095e+00,0.000000000000000000e+00
-9.904533631062742316e+00,3.028119816555035371e+00,0.000000000000000000e+00
-1.016364234472966288e+01,2.914377544854068081e+00,0.000000000000000000e+00
-1.042513634598066652e+01,2.793406864889868224e+00,0.000000000000000000e+00
-1.068941389755543092e+01,2.665170218641635724e+00,0.000000000000000000e+00
-1.095360062331386786e+01,2.528837962216310853e+00,0.000000000000000000e+00
-1.121308643791583570e+01,2.383415098952145872e+00,0.000000000000000000e+00
-1.146776768450481221e+01,2.229108227633585848e+00,0.000000000000000000e+00
-1.171833494457090552e+01,2.066258619706684563e+00,0.000000000000000000e+00
-1.196435870291892911e+01,1.894968257003811107e+00,0.000000000000000000e+00
-1.220541463793839121e+01,1.715359161104652141e+00,0.000000000000000000e+00
-1.244120417903271480e+01,1.527587792225914454e+00,0.000000000000000000e+00
-1.267142801295039334e+01,1.331820751025224681e+00,0.000000000000000000e+00
-1.289579576353482260e+01,1.128235936454940358e+00,0.000000000000000000e+00
-1.311408182713225301e+01,9.170259337376875930e-01,0.000000000000000000e+00
-1.332608718876730336e+01,6.983906360954796888e-01,0.000000000000000000e+00
-1.353160812125104329e+01,4.725341680548655332e-01,0.000000000000000000e+00
-1.373047160894416407e+01,2.396662734291675201e-01,0.000000000000000000e+00
-1.392271864223921263e+01,1.705041282064743391e-15,0.000000000000000000e+00
-1.410846581375240483e+01,-2.462641868165818537e-01,0.000000000000000000e+00
-1.428743252352770732e+01,-4.989281377830095399e-01,0.000000000000000000e+00
-1.445900043104434474e+01,-7.577641032435658008e-01,0.000000000000000000e+00
-1.462273711919496755e+01,-1.022521388633328865e+00,0.000000000000000000e+00
-1.477874893233156151e+01,-1.292972992674861210e+00,0.000000000000000000e+00
-1.492723576378443084e+01,-1.568915699583012024e+00,0.000000000000000000e+00
-1.506820607868744588e+01,-1.850143066966120076e+00,0.000000000000000000e+00
-1.520140123338152982e+01,-2.136417617985404416e+00,0.000000000000000000e+00
-1.532654999226568471e+01,-2.427487042631024661e+00,0.000000000000000000e+00
-1.544343203884574756e+01,-2.723093743186046023e+00,0.000000000000000000e+00
-1.555194025289650384e+01,-3.022990954049348922e+00,0.000000000000000000e+00
-1.565199025808658462e+01,-3.326933232551561925e+00,0.000000000000000000e+00
-1.574350436032742628e+01,-3.634674373646208156e+00,0.000000000000000000e+00
-1.582640829601902865e+01,-3.945966772627167440e+00,0.000000000000000000e+00
-1.590062298876521218e+01,-4.260559088991375809e+00,0.000000000000000000e+00
-1.596607370119610891e+01,-4.578197962503034013e+00,0.000000000000000000e+00
-1.602269266018775440e+01,-4.898628745801872242e+00,0.000000000000000000e+00
-1.607041907261454128e+01,-5.221595683409426591e+00,0.000000000000000000e+00
-1.610919913675192205e+01,-5.546842090765728095e+00,0.000000000000000000e+00
-1.613898604933566361e+01,-5.874110533195671557e+00,0.000000000000000000e+00
-1.615974000828602186e+01,-6.203143004703919772e+00,0.000000000000000000e+00
-1.617142821110769191e+01,-6.533681106498021585e+00,0.000000000000000000e+00
-1.617402484897840509e+01,-6.865466225139684298e+00,0.000000000000000000e+00
-1.616749462138193039e+01,-7.198232375010697126e+00,0.000000000000000000e+00
-1.615176227515799212e+01,-7.531690441605173092e+00,0.000000000000000000e+00
-1.612681658793552941e+01,-7.865573999760662183e+00,0.000000000000000000e+00
-1.609267133017867835e+01,-8.199625593075385410e+00,0.000000000000000000e+00
-1.604934699110581420e+01,-8.533589167178739388e+00,0.000000000000000000e+00
-1.599689189680089640e+01,-8.867221973508188526e+00,0.000000000000000000e+00
-1.593554047848414257e+01,-9.200388584935000225e+00,0.000000000000000000e+00
-1.586557312523934016e+01,-9.532998089258336805e+00,0.000000000000000000e+00
-1.578656542372021754e+01,-9.864540905194246534e+00,0.000000000000000000e+00
-1.569785125839807272e+01,-1.019430380408880410e+01,0.000000000000000000e+00
-1.560042000108852633e+01,-1.052261615705314490e+01,0.000000000000000000e+00
-1.549468900012912265e+01,-1.084949804010547325e+01,0.000000000000000000e+00
-1.538007395568707025e+01,-1.117427781267429232e+01,0.000000000000000000e+00
-1.525650675367738529e+01,-1.149660245465421937e+01,0.000000000000000000e+00
-1.512408541629087111e+01,-1.181623054980790855e+01,0.000000000000000000e+00
-1.498282315386721741e+01,-1.213285096218613646e+01,0.000000000000000000e+00
-1.483298367583895683e+01,-1.244635113165508145e+01,0.000000000000000000e+00
-1.467487416205087314e+01,-1.275667348819284008e+01,0.000000000000000000e+00
-1.450885369927169499e+01,-1.306383054894991069e+01,0.000000000000000000e+00
-1.433491773018371340e+01,-1.336752704193855479e+01,0.000000000000000000e+00
-1.415169586270569901e+01,-1.366613383909860957e+01,0.000000000000000000e+00
-1.396193555391146113e+01,-1.396193555391145757e+01,0.000000000000000000e+00
-1.376155058120389363e+01,-1.425050279159885314e+01,0.000000000000000000e+00
-1.355177793762742766e+01,-1.453250262551446248e+01,0.000000000000000000e+00
-1.332921205948266774e+01,-1.480358972607363910e+01,0.000000000000000000e+00
-1.309554857678696749e+01,-1.506470535796376709e+01,0.000000000000000000e+00
-1.285164630199056290e+01,-1.531599565114733785e+01,0.000000000000000000e+00
-1.259755005515355286e+01,-1.555667874241711601e+01,0.000000000000000000e+00
-1.233356392382821731e+01,-1.578624193942236964e+01,0.000000000000000000e+00
-1.206017673321519723e+01,-1.600439508164018321e+01,0.000000000000000000e+00
-1.177797338247468417e+01,-1.621098962342886196e+01,0.000000000000000000e+00
-1.148747480495738138e+01,-1.640581424520013343e+01,0.000000000000000000e+00
-1.118823220606539337e+01,-1.658723637536972362e+01,0.000000000000000000e+00
-1.088155293241274357e+01,-1.675612211251622341e+01,0.000000000000000000e+00
-1.056844700685360650e+01,-1.691305066340836305e+01,0.000000000000000000e+00
-1.024772755084197584e+01,-1.705508270358441436e+01,0.000000000000000000e+00
-9.921822696536427344e+00,-1.718510101409111357e+01,0.000000000000000000e+00
-9.589493060470068997e+00,-1.729990342993193408e+01,0.000000000000000000e+00
-9.252806813351583060e+00,-1.740199865260718326e+01,0.000000000000000000e+00
-8.911042992224876613e+00,-1.748890659154858795e+01,0.000000000000000000e+00
-8.565402002324308484e+00,-1.756167663003651214e+01,0.000000000000000000e+00
-8.216636179389174899e+00,-1.762063315000927588e+01,0.000000000000000000e+00
-7.864408749198373627e+00,-1.766375125571361338e+01,0.000000000000000000e+00
-7.509875870352454186e+00,-1.769215883621253838e+01,0.000000000000000000e+00
-7.153751830399046163e+00,-1.770615710802342591e+01,0.000000000000000000e+00
-6.796372328829603404e+00,-1.770515523342151809e+01,0.000000000000000000e+00
-6.437864518258948898e+00,-1.768788739342453553e+01,0.000000000000000000e+00
-6.079355686231521005e+00,-1.765573091321395083e+01,0.000000000000000000e+00
-5.721443249743295212e+00,-1.760879169861741289e+01,0.000000000000000000e+00
-5.364530655105860468e+00,-1.754658914019142202e+01,0.000000000000000000e+00
-5.008815909637878150e+00,-1.746781694981129718e+01,0.000000000000000000e+00
-4.655404609438882346e+00,-1.737420653221626310e+01,0.000000000000000000e+00
-4.304909162123211175e+00,-1.726604758804754169e+01,0.000000000000000000e+00
-3.957397235536241897e+00,-1.714137065068402421e+01,0.000000000000000000e+00
-3.613784069595381343e+00,-1.700151734297197592e+01,0.000000000000000000e+00
-3.274898852504293245e+00,-1.684789404354746267e+01,0.000000000000000000e+00
-2.940782197679166377e+00,-1.667800461315326999e+01,0.000000000000000000e+00
-2.612384881136097903e+00,-1.649394900018720023e+01,0.000000000000000000e+00
-2.292946752683550304e+00,-1.631516389908378883e+01,0.000000000000000000e+00
-1.981846374601225147e+00,-1.614084344177793184e+01,0.000000000000000000e+00
-1.678620797936057230e+00,-1.597101005200159562e+01,0.000000000000000000e+00
-1.382783883654358892e+00,-1.580529211358476438e+01,0.000000000000000000e+00
-1.093898296765012601e+00,-1.564347446082200221e+01,0.000000000000000000e+00
-8.115511091448737169e-01,-1.548531764267062982e+01,0.000000000000000000e+00
-5.353566139332637253e-01,-1.533060759327670475e+01,0.000000000000000000e+00
-2.649528948639019443e-01,-1.517914118071158924e+01,0.000000000000000000e+00
-2.761099941041981768e-15,-1.503072800508340912e+01,0.000000000000000000e+00
2.598219394660256643e-01,-1.488518894283843608e+01,0.000000000000000000e+00
5.148143852981135193e-01,-1.474235513108515150e+01,0.000000000000000000e+00
7.652619145783211563e-01,-1.460206719398150277e+01,0.000000000000000000e+00
1.011433602786994346e+00,-1.446417439428056362e+01,0.000000000000000000e+00
1.253584283206628847e+00,-1.432853392297140083e+01,0.000000000000000000e+00
1.491955704582189401e+00,-1.419501032295145926e+01,0.000000000000000000e+00
1.726777602996462768e+00,-1.406347500287074759e+01,0.000000000000000000e+00
1.958268659292507374e+00,-1.393380552662382321e+01,0.000000000000000000e+00
2.186637377840377372e+00,-1.380588505638476526e+01,0.000000000000000000e+00
2.412082901104408261e+00,-1.367960190444420299e+01,0.000000000000000000e+00
2.634795817259315331e+00,-1.355484940294322982e+01,0.000000000000000000e+00
2.854958839836796880e+00,-1.343152531921792026e+01,0.000000000000000000e+00
3.072747416582986446e+00,-1.330953130269817919e+01,0.000000000000000000e+00
3.288330344013017825e+00,-1.318877264693479390e+01,0.000000000000000000e+00
3.501870421575054237e+00,-1.306915833484072564e+01,0.000000000000000000e+00
3.713524892142441747e+00,-1.295060034642029301e+01,0.000000000000000000e+00
3.923445891559238952e+00,-1.283301326788738095e+01,0.000000000000000000e+00
4.131781031307633079e+00,-1.271631445926849935e+01,0.000000000000000000e+00
4.338673820326264696e+00,-1.260042370367887088e+01,0.000000000000000000e+00
4.544263952321859534e+00,-1.248526259704594743e+01,0.000000000000000000e+00
4.748687807117130788e+00,-1.237075467796565498e+01,0.000000000000000000e+00
4.952078898616055547e+00,-1.225682537904484981e+01,0.000000000000000000e+00
5.154568038464513613e+00,-1.214340130821613606e+01,0.000000000000000000e+00
5.356283777210529173e+00,-1.203041033508141489e+01,0.000000000000000000e+00
5.557352871956552143e+00,-1.191778169362448914e+01,0.000000000000000000e+00
5.757900365445153490e+00,-1.180544523870303308e+01,0.000000000000000000e+00
5.958049997983250634e+00,-1.169333151836687357e+01,0.000000000000000000e+00
6.157924683559000911e+00,-1.158137192397885862e+01,0.000000000000000000e+00
6.357646530578143995e+00,-1.146949795229867242e+01,0.000000000000000000e+00
6.557337255539616550e+00,-1.135764128895887382e+01,0.000000000000000000e+00
6.757118661193030285e+00,-1.124573394763136314e+01,0.000000000000000000e+00
6.957112620717550655e+00,-1.113370754936157780e+01,0.000000000000000000e+00
7.157441513446515913e+00,-1.102149341710832608e+01,0.000000000000000000e+00
7.358228710323831301e+00,-1.090902268331596758e+01,0.000000000000000000e+00
7.559598543516452551e+00,-1.079622559169361473e+01,0.000000000000000000e+00
7.761676765971334824e+00,-1.068303157322411856e+01,0.000000000000000000e+00
7.964591070410528495e+00,-1.056936933631246056e+01,0.000000000000000000e+00
8.168471066365224686e+00,-1.045516618920543728e+01,0.000000000000000000e+00
8.373448743206910905e+00,-1.034034804337821356e+01,0.000000000000000000e+00
8.579659072903982775e+00,-1.022483952336683366e+01,0.000000000000000000e+00
8.787240022713202592e+00,-1.010856330879730081e+01,0.000000000000000000e+00
8.996332983905725555e+00,-9.991439999496364521e+00,0.000000000000000000e+00
9.207083504688766240e+00,-9.873388261012639333e+00,0.000000000000000000e+00
9.419641404262010909e+00,-9.754324219150097619e+00,0.000000000000000000e+00
9.634161149656232936e+00,-9.634161149656236489e+00,0.000000000000000000e+00
9.850802648729171551e+00,-9.512809540717560353e+00,0.000000000000000000e+00
1.006973166048768142e+01,-9.390176686762805147e+00,0.000000000000000000e+00
1.029112013513706714e+01,-9.266166190032345540e+00,0.000000000000000000e+00
1.051514689240505440e+01,-9.140677739757226306e+00,0.000000000000000000e+00
1.074199849153018782e+01,-9.013606972349885282e+00,0.000000000000000000e+00
1.097186967178015671e+01,-8.884844874504123524e+00,0.000000000000000000e+00
1.120496402540847036e+01,-8.754277338576502032e+00,0.000000000000000000e+00
1.144149484220333868e+01,-8.621784777572555569e+00,0.000000000000000000e+00
1.168168613810539647e+01,-8.487241778144280602e+00,0.000000000000000000e+00
1.192577345651924325e+01,-8.350516473236048398e+00,0.000000000000000000e+00
1.217400481811503710e+01,-8.211469933899342877e+00,0.000000000000000000e+00
1.242664184672248773e+01,-8.069955573207517219e+00,0.000000000000000000e+00
1.268396099748636807e+01,-7.925818488142511775e+00,0.000000000000000000e+00
1.294625492316902005e+01,-7.778894747223944250e+00,0.000000000000000000e+00
1.321383392414789171e+01,-7.629010573133803597e+00,0.000000000000000000e+00
1.348702749220536212e+01,-7.475981416121769030e+00,0.000000000000000000e+00
1.376618607471058020e+01,-7.319610973930525510e+00,0.000000000000000000e+00
1.405168302398250724e+01,-7.159690108947924791e+00,0.000000000000000000e+00
1.434391675062660987e+01,-6.995995646956327363e+00,0.000000000000000000e+00
1.464331310853413548e+01,-6.828289043270956427e+00,0.000000000000000000e+00
1.495032804353712308e+01,-6.656314899755371606e+00,0.000000000000000000e+00
1.526545054227767650e+01,-6.479799313290145690e+00,0.000000000000000000e+00
1.558920592257422655e+01,-6.298448032664745178e+00,0.000000000000000000e+00
1.592215951132823903e+01,-6.111944396495991860e+00,0.000000000000000000e+00
1.626492076069299131e+01,-5.919947019590644288e+00,0.000000000000000000e+00
1.661814785789836435e+01,-5.722087189204922986e+00,0.000000000000000000e+00
1.698255296479281995e+01,-5.517965950579729828e+00,0.000000000000000000e+00
1.735890823977624819e+01,-5.307150845525137939e+00,0.000000000000000000e+00
1.774805239616510022e+01,-5.089172130805909688e+00,0.000000000000000000e+00
1.815089809144041411e+01,-4.863518485501063360e+00,0.000000000000000000e+00
1.856844079690434057e+01,-4.629632259804001393e+00,0.000000000000000000e+00
1.900176883735286637e+01,-4.386903999665757503e+00,0.000000000000000000e+00
1.945207392293070470e+01,-4.134665950409260660e+00,0.000000000000000000e+00
1.992066513874830491e+01,-3.872185047898863974e+00,0.000000000000000000e+00
2.040898277718142495e+01,-3.598654312431483149e+00,0.000000000000000000e+00
2.091861659817793750e+01,-3.313183382265973531e+00,0.000000000000000000e+00
2.145132521361350442e+01,-3.014787150993707421e+00,0.000000000000000000e+00
2.200905961825833401e+01,-2.702372721113712739e+00,0.000000000000000000e+00
2.259399066091317820e+01,-2.374724110015114409e+00,0.000000000000000000e+00
2.320854107420226953e+01,-2.030484240968472687e+00,0.000000000000000000e+00
2.385542334952416965e+01,-1.668133702394990925e+00,0.000000000000000000e+00
2.453768474421524814e+01,-1.285965566191693332e+00,0.000000000000000000e+00
2.525876102481921492e+01,-8.820553713948496855e-01,0.000000000000000000e+00
2.602253794292839828e+01,-4.542250893908452158e-01,0.000000000000000000e+00
2.683318760627244615e+01,-6.572235462588396703e-15,0.000000000000000000e+00
