3.523196060769524962e+01,0.000000000000000000e+00,0.000000000000000000e+00
3.470825218112496913e+01,6.058347953664859897e-01,0.000000000000000000e+00
3.418611264297083352e+01,1.193805359424107149e+00,0.000000000000000000e+00
3.366623712270372693e+01,1.764372724417184735e+00,0.000000000000000000e+00
3.314889023108105448e+01,2.317996213324874599e+00,0.000000000000000000e+00
3.263417035935580657e+01,2.855119950017362296e+00,0.000000000000000000e+00
3.212517784605059745e+01,3.376492250282998153e+00,0.000000000000000000e+00
3.162858993703791910e+01,3.883502527397227677e+00,0.000000000000000000e+00
3.114591509705645933e+01,4.377272905310129580e+00,0.000000000000000000e+00
3.067561966356188918e+01,4.858540852021589806e+00,0.000000000000000000e+00
3.021660795484623208e+01,5.328003247929420816e+00,0.000000000000000000e+00
2.976841790965125867e+01,5.786394275818806499e+00,0.000000000000000000e+00
2.933046529890109966e+01,6.234382856116313931e+00,0.000000000000000000e+00
2.890208486424993595e+01,6.672572052366899875e+00,0.000000000000000000e+00
2.848270890164488023e+01,7.101536926010802553e+00,0.000000000000000000e+00
2.807181775748987818e+01,7.521820898193062099e+00,0.000000000000000000e+00
2.766892096098932186e+01,7.933935414488849425e+00,0.000000000000000000e+00
2.727354167089068682e+01,8.338358480832580355e+00,0.000000000000000000e+00
2.688523808050686270e+01,8.735543390267654473e+00,0.000000000000000000e+00
2.650359230571288549e+01,9.125918682228451928e+00,0.000000000000000000e+00
2.612820616394228779e+01,9.509889318445706508e+00,0.000000000000000000e+00
2.575870784781671929e+01,9.887841531761356606e+00,0.000000000000000000e+00
2.539473342079048734e+01,1.026013830009190109e+01,0.000000000000000000e+00
2.503595010753840455e+01,1.062713032053019724e+01,0.000000000000000000e+00
2.468202723902066253e+01,1.098914653837864641e+01,0.000000000000000000e+00
2.433265952571617419e+01,1.134650548011962812e+01,0.000000000000000000e+00
2.398754994030898047e+01,1.169950982573977427e+01,0.000000000000000000e+00
2.364641170940315007e+01,1.204844855516396507e+01,0.000000000000000000e+00
2.330897757305055862e+01,1.239360321797686737e+01,0.000000000000000000e+00
2.297497932754360761e+01,1.273523899819767102e+01,0.000000000000000000e+00
2.264416830110032919e+01,1.307361666421546254e+01,0.000000000000000000e+00
2.231629994746471368e+01,1.340898580083835689e+01,0.000000000000000000e+00
2.199113465911332099e+01,1.374158606219089052e+01,0.000000000000000000e+00
2.166844841004404643e+01,1.407165493029113001e+01,0.000000000000000000e+00
2.134801437301535643e+01,1.439941751227339495e+01,0.000000000000000000e+00
2.102961696746946529e+01,1.472509632628493748e+01,0.000000000000000000e+00
2.071304695234540816e+01,1.504890949545077028e+01,0.000000000000000000e+00
2.039809276999177001e+01,1.537106542119982322e+01,0.000000000000000000e+00
2.008455542891035250e+01,1.569177447138511283e+01,0.000000000000000000e+00
1.977223490250274551e+01,1.601124012462776136e+01,0.000000000000000000e+00
1.946093208912841277e+01,1.632966093835374366e+01,0.000000000000000000e+00
1.915045729291976784e+01,1.664723854785118462e+01,0.000000000000000000e+00
1.884061603147219088e+01,1.696416687180028049e+01,0.000000000000000000e+00
1.853121777091443079e+01,1.728064013588003789e+01,0.000000000000000000e+00
1.822207633352038769e+01,1.759685456895828182e+01,0.000000000000000000e+00
1.791299957393537667e+01,1.791299957393537312e+01,0.000000000000000000e+00
1.760380098062919885e+01,1.822926955337768717e+01,0.000000000000000000e+00
1.729429315388462030e+01,1.854585884021994602e+01,0.000000000000000000e+00
1.698428317137441113e+01,1.886295744553127562e+01,0.000000000000000000e+00
1.667358363546177458e+01,1.918076384939245216e+01,0.000000000000000000e+00
1.636200153853207340e+01,1.949947411557758770e+01,0.000000000000000000e+00
1.604934016462962987e+01,1.981928453356492525e+01,0.000000000000000000e+00
1.573540578069928131e+01,2.014040095816864806e+01,0.000000000000000000e+00
1.541999562732818418e+01,2.046302534665523609e+01,0.000000000000000000e+00
1.510290567800349493e+01,2.078736632178544497e+01,0.000000000000000000e+00
1.478393000046074590e+01,2.111364016197296678e+01,0.000000000000000000e+00
1.446285215839977667e+01,2.144206010341374835e+01,0.000000000000000000e+00
1.413945607742586930e+01,2.177285302102326980e+01,0.000000000000000000e+00
1.381351728299594050e+01,2.210624867548371952e+01,0.000000000000000000e+00
1.348480225840959612e+01,2.244247972222501275e+01,0.000000000000000000e+00
1.315307578658592647e+01,2.278179553817079395e+01,0.000000000000000000e+00
1.281808863050681779e+01,2.312444402073597871e+01,0.000000000000000000e+00
1.247958615267643445e+01,2.347068795390817897e+01,0.000000000000000000e+00
1.213730432639458812e+01,2.382080097949513231e+01,0.000000000000000000e+00
1.179096448542305176e+01,2.417505978038792946e+01,0.000000000000000000e+00
1.144028242803252837e+01,2.453376483949965703e+01,0.000000000000000000e+00
1.108495559563981381e+01,2.489721790490233388e+01,0.000000000000000000e+00
1.072467137814258997e+01,2.526574243887949578e+01,0.000000000000000000e+00
1.035910131989249017e+01,2.563967549007330504e+01,0.000000000000000000e+00
9.987898799871045341e+00,2.601936594281239579e+01,0.000000000000000000e+00
9.610703692023859546e+00,2.640519137890471413e+01,0.000000000000000000e+00
9.227131236967315076e+00,2.679753490814283978e+01,0.000000000000000000e+00
8.836781049033517021e+00,2.719681555623271407e+01,0.000000000000000000e+00
8.439224900158865950e+00,2.760346086266118348e+01,0.000000000000000000e+00
8.034015162308824287e+00,2.801794051907265626e+01,0.000000000000000000e+00
7.620673642015203697e+00,2.844074121990169957e+01,0.000000000000000000e+00
7.198691970847295174e+00,2.887237650307188375e+01,0.000000000000000000e+00
6.767526994609172064e+00,2.931337990571639907e+01,0.000000000000000000e+00
6.326613961125448604e+00,2.976437853255751520e+01,0.000000000000000000e+00
5.875348237622818992e+00,3.022604637108653947e+01,0.000000000000000000e+00
5.413044218965471721e+00,3.069889926780561495e+01,0.000000000000000000e+00
4.938981260881102564e+00,3.118350041683970630e+01,0.000000000000000000e+00
4.452531493017324316e+00,3.168140777337756475e+01,0.000000000000000000e+00
3.952830309470736214e+00,3.219321941132769638e+01,0.000000000000000000e+00
3.438487860807297736e+00,3.271502667914081286e+01,0.000000000000000000e+00
2.908393962502811902e+00,3.324309510844246773e+01,0.000000000000000000e+00
2.361754410180652020e+00,3.377466160031095654e+01,0.000000000000000000e+00
1.797678017594467992e+00,3.430173997424423504e+01,0.000000000000000000e+00
1.215784478615694608e+00,3.481551226707640723e+01,0.000000000000000000e+00
6.163700185115232877e-01,3.531181471087592172e+01,0.000000000000000000e+00
2.191684851542227865e-15,3.579292989730858210e+01,0.000000000000000000e+00
-6.328864800142808278e-01,3.625804215664462049e+01,0.000000000000000000e+00
-1.281609387533341415e+00,3.670049103116735267e+01,0.000000000000000000e+00
-1.945655481999065461e+00,3.712531819925203536e+01,0.000000000000000000e+00
-2.624601482319442347e+00,3.753354985552173417e+01,0.000000000000000000e+00
-3.317871873611905276e+00,3.792344904924483018e+01,0.000000000000000000e+00
-4.024843369160115536e+00,3.829382668535053114e+01,0.000000000000000000e+00
-4.744587638368153115e+00,3.864156538475612734e+01,0.000000000000000000e+00
-5.476811916080873033e+00,3.896954168287491882e+01,0.000000000000000000e+00
-6.221012967647865821e+00,3.927793004729975479e+01,0.000000000000000000e+00
-6.976533015322651465e+00,3.956588485376207842e+01,0.000000000000000000e+00
-7.742780569899428755e+00,3.983315287565299911e+01,0.000000000000000000e+00
-8.519123427006761062e+00,4.007932458105933193e+01,0.000000000000000000e+00
-9.304931362493102043e+00,4.030408570850890015e+01,0.000000000000000000e+00
-1.009956738372316032e+01,4.050715229959733676e+01,0.000000000000000000e+00
-1.090238564626707607e+01,4.068825715557836986e+01,0.000000000000000000e+00
-1.171264472601562545e+01,4.084684639308395049e+01,0.000000000000000000e+00
-1.252957375879248225e+01,4.098238913743658429e+01,0.000000000000000000e+00
-1.335276132369111934e+01,4.109557370175461699e+01,0.000000000000000000e+00
-1.418156957356653258e+01,4.118626861806843209e+01,0.000000000000000000e+00
-1.501534190034873539e+01,4.125431281659901117e+01,0.000000000000000000e+00
-1.585342865892545561e+01,4.129959363727002142e+01,0.000000000000000000e+00
-1.669517593378965614e+01,4.132201046919491461e+01,0.000000000000000000e+00
-1.753993030267847786e+01,4.132148629994884459e+01,0.000000000000000000e+00
-1.838703772106244827e+01,4.129796288467024823e+01,0.000000000000000000e+00
-1.923584433919364756e+01,4.125140130724540910e+01,0.000000000000000000e+00
-2.008569671493071596e+01,4.118178113541908658e+01,0.000000000000000000e+00
-2.093594223355823658e+01,4.108910017023036687e+01,0.000000000000000000e+00
-2.178592951111356868e+01,4.097337420372099359e+01,0.000000000000000000e+00
-2.263500886549792313e+01,4.083463693435031416e+01,0.000000000000000000e+00
-2.348253284835816856e+01,4.067293998376146646e+01,0.000000000000000000e+00
-2.432785685555548483e+01,4.048835301426138500e+01,0.000000000000000000e+00
-2.517033982543029325e+01,4.028096393033319345e+01,0.000000000000000000e+00
-2.600934503486462290e+01,4.005087915095280238e+01,0.000000000000000000e+00
-2.684424100095398202e+01,3.979822393736375830e+01,0.000000000000000000e+00
-2.767440249497295568e+01,3.952314276097465751e+01,0.000000000000000000e+00
-2.849921167175059367e+01,3.922579969267857081e+01,0.000000000000000000e+00
-2.931805932167079476e+01,3.890637880278320893e+01,0.000000000000000000e+00
-3.013034622538817331e+01,3.856508452626591321e+01,0.000000000000000000e+00
-3.093548468377077398e+01,3.820214207202218404e+01,0.000000000000000000e+00
-3.173289993354299554e+01,3.781779749923242662e+01,0.000000000000000000e+00
-3.252203246352412691e+01,3.741231868465420263e+01,0.000000000000000000e+00
-3.330233770978502150e+01,3.698599303355540968e+01,0.000000000000000000e+00
-3.407329420669071851e+01,3.653913455472042671e+01,0.000000000000000000e+00
-3.483438896301188237e+01,3.607206573357046864e+01,0.000000000000000000e+00
-3.558464887174893221e+01,3.558464887174893931e+01,0.000000000000000000e+00
-3.632245593843735065e+01,3.507618797317348225e+01,0.000000000000000000e+00
-3.704861141282568582e+01,3.454838906291190170e+01,0.000000000000000000e+00
-3.776294005343527260e+01,3.400190394869002830e+01,0.000000000000000000e+00
-3.846492626477738952e+01,3.343705027305003341e+01,0.000000000000000000e+00
-3.915421659114485919e+01,3.285428870066500195e+01,0.000000000000000000e+00
-3.982953837480960857e+01,3.225332422544865807e+01,0.000000000000000000e+00
-4.048882170584990092e+01,3.163333443297372582e+01,0.000000000000000000e+00
-4.113371867213033539e+01,3.099648030117273478e+01,0.000000000000000000e+00
-4.176488156405976326e+01,3.034396263339647959e+01,0.000000000000000000e+00
-4.238035977506918783e+01,2.967504738654302798e+01,0.000000000000000000e+00
-4.297760901962817570e+01,2.898876331726310696e+01,0.000000000000000000e+00
-4.355964615832041176e+01,2.828796497221003747e+01,0.000000000000000000e+00
-4.412618362776316872e+01,2.757309976571235310e+01,0.000000000000000000e+00
-4.467263391284438256e+01,2.684202646646327395e+01,0.000000000000000000e+00
-4.520103760633084278e+01,2.609683122966550783e+01,0.000000000000000000e+00
-4.571302400088827511e+01,2.533914297297004836e+01,0.000000000000000000e+00
-4.620709078444939877e+01,2.456874597972996455e+01,0.000000000000000000e+00
-4.668200527089881291e+01,2.378566971895602222e+01,0.000000000000000000e+00
-4.713700025217541878e+01,2.299025115022316967e+01,0.000000000000000000e+00
-4.757220543940264434e+01,2.218328371171633506e+01,0.000000000000000000e+00
-4.798777717687030275e+01,2.136553494333696079e+01,0.000000000000000000e+00
-4.838300188239944788e+01,2.053736583170049101e+01,0.000000000000000000e+00
-4.875716239981751698e+01,1.969917230683010345e+01,0.000000000000000000e+00
-4.911046421120851591e+01,1.885174095457687571e+01,0.000000000000000000e+00
-4.944338258962189059e+01,1.799591954405815741e+01,0.000000000000000000e+00
-4.975581074571370266e+01,1.713229956136390086e+01,0.000000000000000000e+00
-5.004713296245654419e+01,1.626129923948925793e+01,0.000000000000000000e+00
-5.031676208663887451e+01,1.538337796154140591e+01,0.000000000000000000e+00
-5.056444616187788199e+01,1.449912162036817698e+01,0.000000000000000000e+00
-5.079010981318634066e+01,1.360916890793133405e+01,0.000000000000000000e+00
-5.099369716619101922e+01,1.271415667203637057e+01,0.000000000000000000e+00
-5.117514283153619914e+01,1.181471265610907828e+01,0.000000000000000000e+00
-5.133432717464167183e+01,1.091144807988581356e+01,0.000000000000000000e+00
-5.147113562212559401e+01,1.000497525389821618e+01,0.000000000000000000e+00
-5.158547006555208014e+01,9.095910185085696043e+00,0.000000000000000000e+00
-5.167724897452031030e+01,8.184872156341121752e+00,0.000000000000000000e+00
-5.174640749953486818e+01,7.272483302834735319e+00,0.000000000000000000e+00
-5.179289756457113469e+01,6.359368185354987268e+00,0.000000000000000000e+00
-5.181668794925477073e+01,5.446153360906630603e+00,0.000000000000000000e+00
-5.181776436058007107e+01,4.533466950808430873e+00,0.000000000000000000e+00
-5.179614936620091470e+01,3.621939596128319394e+00,0.000000000000000000e+00
-5.175196223113464811e+01,2.712205414073587839e+00,0.000000000000000000e+00
-5.168535947492809157e+01,1.804892524322069036e+00,0.000000000000000000e+00
-5.159651472553559870e+01,9.006205146039547582e-01,0.000000000000000000e+00
-5.148561837361135929e+01,6.305169774336531593e-15,0.000000000000000000e+00
-5.146145172424242986e+01,-8.982629811469698966e-01,0.000000000000000000e+00
-5.117739215746393455e+01,-1.787153914719572301e+00,0.000000000000000000e+00
-5.089280920952454323e+01,-2.667179112146675024e+00,0.000000000000000000e+00
-5.060822303631796615e+01,-3.538871695055813671e+00,0.000000000000000000e+00
-5.032412955516741704e+01,-4.402790837887037512e+00,0.000000000000000000e+00
-5.004099941483077174e+01,-5.259520975425930445e+00,0.000000000000000000e+00
-4.975926527256631715e+01,-6.109669537343217272e+00,0.000000000000000000e+00
-4.947711825420259402e+01,-6.953555498114565303e+00,0.000000000000000000e+00
-4.918794002929647746e+01,-7.790604352256970344e+00,0.000000000000000000e+00
-4.888453959235685176e+01,-8.619663269643703885e+00,0.000000000000000000e+00
-4.856056865616911011e+01,-9.439218347289548561e+00,0.000000000000000000e+00
-4.821503861465279783e+01,-1.024842282871793131e+01,0.000000000000000000e+00
-4.784922874711023155e+01,-1.104686488759863217e+01,0.000000000000000000e+00
-4.746434611260296776e+01,-1.183419062251277332e+01,0.000000000000000000e+00
-4.706126272344219075e+01,-1.261002734153521132e+01,0.000000000000000000e+00
-4.664074181815033882e+01,-1.337401750472247564e+01,0.000000000000000000e+00
-4.620304875391363453e+01,-1.412568958100170669e+01,0.000000000000000000e+00
-4.574802118042492793e+01,-1.486443314520024828e+01,0.000000000000000000e+00
-4.527572422858590784e+01,-1.558968206359006281e+01,0.000000000000000000e+00
-4.478658062226742231e+01,-1.630098224106882654e+01,0.000000000000000000e+00
-4.428101097752306714e+01,-1.699788754927955381e+01,0.000000000000000000e+00
-4.375938459623262844e+01,-1.767993900328496437e+01,0.000000000000000000e+00
-4.322242501283729155e+01,-1.834683091345752004e+01,0.000000000000000000e+00
-4.267120570632077659e+01,-1.899844481715528488e+01,0.000000000000000000e+00
-4.210537747458490543e+01,-1.963405996590590519e+01,0.000000000000000000e+00
-4.152397795020237936e+01,-2.025259725320394111e+01,0.000000000000000000e+00
-4.092837200422552257e+01,-2.085404714252817016e+01,0.000000000000000000e+00
-4.032010606630731075e+01,-2.143858068104680470e+01,0.000000000000000000e+00
-3.969959162133012853e+01,-2.200584297468178718e+01,0.000000000000000000e+00
-3.906642370801655062e+01,-2.255501024409933919e+01,0.000000000000000000e+00
-3.842053765081301009e+01,-2.308538803623919478e+01,0.000000000000000000e+00
-3.776353706566050050e+01,-2.359727693202313148e+01,0.000000000000000000e+00
-3.709635199140829087e+01,-2.409065266314813414e+01,0.000000000000000000e+00
-3.641873553778206940e+01,-2.456474729286594894e+01,0.000000000000000000e+00
-3.572988250837763502e+01,-2.501833307171325771e+01,0.000000000000000000e+00
-3.503270039680666770e+01,-2.545274670915032189e+01,0.000000000000000000e+00
-3.432775453382023301e+01,-2.586781845989477446e+01,0.000000000000000000e+00
-3.361302313880569415e+01,-2.626137184178656980e+01,0.000000000000000000e+00
-3.289024216617526974e+01,-2.663399295408590461e+01,0.000000000000000000e+00
-3.216126172347579626e+01,-2.698650285036451280e+01,0.000000000000000000e+00
-3.142656957926531902e+01,-2.731870015031422128e+01,0.000000000000000000e+00
-3.068545248143362514e+01,-2.762930551539202284e+01,0.000000000000000000e+00
-2.993757321061459109e+01,-2.791723866124880971e+01,0.000000000000000000e+00
-2.918525336598748510e+01,-2.818387156543449379e+01,0.000000000000000000e+00
-2.842987175154283364e+01,-2.842987175154282653e+01,0.000000000000000000e+00
-2.767124004094270617e+01,-2.865440788257155447e+01,0.000000000000000000e+00
-2.690891585547050013e+01,-2.885627938409359317e+01,0.000000000000000000e+00
-2.614322798251752999e+01,-2.903499617541670119e+01,0.000000000000000000e+00
-2.537606793110455783e+01,-2.919182684743686451e+01,0.000000000000000000e+00
-2.460871009021361289e+01,-2.932751865912144495e+01,0.000000000000000000e+00
-2.384091233247414365e+01,-2.944107484857378765e+01,0.000000000000000000e+00
-2.307390276139083340e+01,-2.953324876147898692e+01,0.000000000000000000e+00
-2.231432806110908373e+01,-2.961211350143381438e+01,0.000000000000000000e+00
-2.156973392400508160e+01,-2.968819180237432676e+01,0.000000000000000000e+00
-2.084073014529799650e+01,-2.976364721605761332e+01,0.000000000000000000e+00
-2.012549908182004543e+01,-2.983727941054536004e+01,0.000000000000000000e+00
-1.942354503672282462e+01,-2.990963647512412393e+01,0.000000000000000000e+00
-1.873403199134981278e+01,-2.998071826391677064e+01,0.000000000000000000e+00
-1.805620825246068506e+01,-3.005057692361840438e+01,0.000000000000000000e+00
-1.738939160664833850e+01,-3.011930977542668231e+01,0.000000000000000000e+00
-1.673291351991317200e+01,-3.018697507475024011e+01,0.000000000000000000e+00
-1.608614521677014864e+01,-3.025363903458393366e+01,0.000000000000000000e+00
-1.544848800161086011e+01,-3.031936484613173377e+01,0.000000000000000000e+00
-1.481936934433100816e+01,-3.038420989646429504e+01,0.000000000000000000e+00
-1.419824338247562601e+01,-3.044823119279797652e+01,0.000000000000000000e+00
-1.358458745706475490e+01,-3.051148298688541161e+01,0.000000000000000000e+00
-1.297789979770206514e+01,-3.057401594184000970e+01,0.000000000000000000e+00
-1.237769918442201700e+01,-3.063588052690451846e+01,0.000000000000000000e+00
-1.178352207495639981e+01,-3.069712450104688628e+01,0.000000000000000000e+00
-1.119492117341441428e+01,-3.075779313653048419e+01,0.000000000000000000e+00
-1.061146498064388588e+01,-3.081793202486204564e+01,0.000000000000000000e+00
-1.003273506626894296e+01,-3.087758354629678692e+01,0.000000000000000000e+00
-9.458325751276909443e+00,-3.093678955004001097e+01,0.000000000000000000e+00
-8.887842801688934813e+00,-3.099559136119747649e+01,0.000000000000000000e+00
-8.320901587156175339e+00,-3.105402748804737101e+01,0.000000000000000000e+00
-7.757127145652535916e+00,-3.111213765479651272e+01,0.000000000000000000e+00
-7.196152090053967498e+00,-3.116995916574822445e+01,0.000000000000000000e+00
-6.637616203108027690e+00,-3.122752904430401344e+01,0.000000000000000000e+00
-6.081165519122860630e+00,-3.128488449318357567e+01,0.000000000000000000e+00
-5.526450875499214099e+00,-3.134206037722907112e+01,0.000000000000000000e+00
-4.973127826231147353e+00,-3.139909334553948028e+01,0.000000000000000000e+00
-4.420854996207582488e+00,-3.145601778706650364e+01,0.000000000000000000e+00
-3.869293766081741470e+00,-3.151286886257227593e+01,0.000000000000000000e+00
-3.318107247411461458e+00,-3.156968165006999172e+01,0.000000000000000000e+00
-2.766959334046298569e+00,-3.162648990776285984e+01,0.000000000000000000e+00
-2.215514216234254707e+00,-3.168332939336665532e+01,0.000000000000000000e+00
-1.663435163524067173e+00,-3.174023372637596552e+01,0.000000000000000000e+00
-1.110384036144399067e+00,-3.179723850033650834e+01,0.000000000000000000e+00
-5.560202478202170839e-01,-3.185437866354561010e+01,0.000000000000000000e+00
-5.862082202201423237e-15,-3.191168918408602551e+01,0.000000000000000000e+00
5.580245815836696321e-01,-3.196920686794971900e+01,0.000000000000000000e+00
1.118406328971718544e+00,-3.202696690964967985e+01,0.000000000000000000e+00
1.681503980166286549e+00,-3.208500728651186762e+01,0.000000000000000000e+00
2.247683055596827906e+00,-3.214336522895675330e+01,0.000000000000000000e+00
2.817316851022233504e+00,-3.220207896063512010e+01,0.000000000000000000e+00
3.390787570455705779e+00,-3.226118873216368144e+01,0.000000000000000000e+00
3.968487105615154498e+00,-3.232073378307995881e+01,0.000000000000000000e+00
4.550818559253919204e+00,-3.238075658857945882e+01,0.000000000000000000e+00
5.138197102653510484e+00,-3.244129973957755908e+01,0.000000000000000000e+00
5.731051254588748201e+00,-3.250240678744651035e+01,0.000000000000000000e+00
6.329824587498275257e+00,-3.256412450200195963e+01,0.000000000000000000e+00
6.934976531571702907e+00,-3.262649939895882056e+01,0.000000000000000000e+00
7.546984381498124783e+00,-3.268958077205846990e+01,0.000000000000000000e+00
8.166344926993369668e+00,-3.275342052986221830e+01,0.000000000000000000e+00
8.793575640388349157e+00,-3.281807107012929237e+01,0.000000000000000000e+00
9.429217265098468914e+00,-3.288358848441844628e+01,0.000000000000000000e+00
1.007383562217280648e+01,-3.295003162296273302e+01,0.000000000000000000e+00
1.072802332830293537e+01,-3.301746078395003536e+01,0.000000000000000000e+00
1.139240284271409820e+01,-3.308594025867529353e+01,0.000000000000000000e+00
1.206762896131052543e+01,-3.315553807755735960e+01,0.000000000000000000e+00
1.275439120703988571e+01,-3.322632506028646304e+01,0.000000000000000000e+00
1.345341710754790299e+01,-3.329837581641771038e+01,0.000000000000000000e+00
1.416547555088110144e+01,-3.337176908956179489e+01,0.000000000000000000e+00
1.489138236463822373e+01,-3.344659240524613608e+01,0.000000000000000000e+00
1.563199844027527874e+01,-3.352292883656494382e+01,0.000000000000000000e+00
1.638824009015444716e+01,-3.360087161356749874e+01,0.000000000000000000e+00
1.716110570719386530e+01,-3.368056634702308827e+01,0.000000000000000000e+00
1.795153145866141031e+01,-3.376192030780179465e+01,0.000000000000000000e+00
1.876096855500221139e+01,-3.384568320836955735e+01,0.000000000000000000e+00
1.958959530316661102e+01,-3.393017436479721027e+01,0.000000000000000000e+00
2.043092530183098887e+01,-3.400276978527338656e+01,0.000000000000000000e+00
2.127245356588488079e+01,-3.404304195890802021e+01,0.000000000000000000e+00
2.210949043633022271e+01,-3.404562969069854717e+01,0.000000000000000000e+00
2.294261477916991510e+01,-3.401382518722090964e+01,0.000000000000000000e+00
2.377097343111737970e+01,-3.394846832397004732e+01,0.000000000000000000e+00
2.459331060515630440e+01,-3.384978808146912854e+01,0.000000000000000000e+00
2.540854495331850060e+01,-3.371827800521075602e+01,0.000000000000000000e+00
2.621558534898897008e+01,-3.355441910048187992e+01,0.000000000000000000e+00
2.701334914337570581e+01,-3.335870804564321901e+01,0.000000000000000000e+00
2.779989836996979946e+01,-3.313062875616543579e+01,0.000000000000000000e+00
2.857231414062435704e+01,-3.286868750856839227e+01,0.000000000000000000e+00
2.933186785703777844e+01,-3.257633952534232691e+01,0.000000000000000000e+00
3.007830982985525026e+01,-3.225503831196463977e+01,0.000000000000000000e+00
3.081046015517859971e+01,-3.190516547252398283e+01,0.000000000000000000e+00
3.152631584421933297e+01,-3.152631584421935429e+01,0.000000000000000000e+00
3.222212190676096100e+01,-3.111654142582420235e+01,0.000000000000000000e+00
3.290082196157292316e+01,-3.068051282549603087e+01,0.000000000000000000e+00
3.356161757869189444e+01,-3.021901620103165342e+01,0.000000000000000000e+00
3.420081295550568967e+01,-2.973031312475449184e+01,0.000000000000000000e+00
3.481935006197084448e+01,-2.921690379483235844e+01,0.000000000000000000e+00
3.541592088757708012e+01,-2.867924725565749355e+01,0.000000000000000000e+00
3.598878122766691234e+01,-2.811751748867097334e+01,0.000000000000000000e+00
3.653876384396707522e+01,-2.753393348037092636e+01,0.000000000000000000e+00
3.706528021931114836e+01,-2.692950239176543192e+01,0.000000000000000000e+00
3.756638338581270631e+01,-2.630426483002208116e+01,0.000000000000000000e+00
3.804082983994366884e+01,-2.565886371479556516e+01,0.000000000000000000e+00
3.848779025786789987e+01,-2.499426323885258228e+01,0.000000000000000000e+00
3.890694455978658794e+01,-2.431175723184603399e+01,0.000000000000000000e+00
3.929812052700415848e+01,-2.361269302647541579e+01,0.000000000000000000e+00
3.966092962018988999e+01,-2.289824839252746358e+01,0.000000000000000000e+00
3.999491040803481923e+01,-2.216954085121624374e+01,0.000000000000000000e+00
4.029951465136078781e+01,-2.142763203150847673e+01,0.000000000000000000e+00
4.057403438585187416e+01,-2.067350310825359472e+01,0.000000000000000000e+00
4.081777191502999358e+01,-1.990815755560847577e+01,0.000000000000000000e+00
4.103012720974897576e+01,-1.913266253297976149e+01,0.000000000000000000e+00
4.121071866911012904e+01,-1.834819409366784981e+01,0.000000000000000000e+00
4.135923287688810746e+01,-1.755595277398737508e+01,0.000000000000000000e+00
4.147539484029914547e+01,-1.675714724234901709e+01,0.000000000000000000e+00
4.155896815575050596e+01,-1.595299320817476385e+01,0.000000000000000000e+00
4.160975514607356729e+01,-1.514471232827570901e+01,0.000000000000000000e+00
4.162759696922195474e+01,-1.433353111139633995e+01,0.000000000000000000e+00
4.161173269755811077e+01,-1.352047154781548954e+01,0.000000000000000000e+00
4.156019102841158031e+01,-1.270622552466835131e+01,0.000000000000000000e+00
4.147569597913704342e+01,-1.189296444315271906e+01,0.000000000000000000e+00
4.135849911588373828e+01,-1.108197643826434664e+01,0.000000000000000000e+00
4.121138300213966232e+01,-1.027515181832889191e+01,0.000000000000000000e+00
4.102770253645025633e+01,-9.471991470627964205e+00,0.000000000000000000e+00
4.080975452491129118e+01,-8.674381104412795196e+00,0.000000000000000000e+00
4.055891789216132537e+01,-7.883854998169653960e+00,0.000000000000000000e+00
4.027541219416745122e+01,-7.101641828986478444e+00,0.000000000000000000e+00
3.995757723133205275e+01,-6.328658506508971548e+00,0.000000000000000000e+00
3.960714819286700816e+01,-5.566421667206862267e+00,0.000000000000000000e+00
3.922509239465596664e+01,-4.816235746053719957e+00,0.000000000000000000e+00
3.880873991533209022e+01,-4.078962930425511502e+00,0.000000000000000000e+00
3.836168763492747047e+01,-3.356212781778773913e+00,0.000000000000000000e+00
3.788065640883922214e+01,-2.648873536997612188e+00,0.000000000000000000e+00
3.736960373686422798e+01,-1.958457944536312167e+00,0.000000000000000000e+00
3.683529414841446936e+01,-1.286316816117500261e+00,0.000000000000000000e+00
3.629823950269986454e+01,-6.335881272996525260e-01,0.000000000000000000e+00
3.576177607700806504e+01,-8.759108920906462564e-15,0.000000000000000000e+00
