3.408735926715924336e+01,0.000000000000000000e+00,0.000000000000000000e+00
3.313905616982524549e+01,5.784443771041490878e-01,0.000000000000000000e+00
3.220515598428480075e+01,1.124628828572989292e+00,0.000000000000000000e+00
3.128647229788650819e+01,1.639654534732619018e+00,0.000000000000000000e+00
3.038375972514926104e+01,2.124639452437317999e+00,0.000000000000000000e+00
2.949786496100282207e+01,2.580728782306318525e+00,0.000000000000000000e+00
2.862939466809911337e+01,3.009070632709792026e+00,0.000000000000000000e+00
2.777661640308367197e+01,3.410539648421045289e+00,0.000000000000000000e+00
2.694225193243910965e+01,3.786486575347110861e+00,0.000000000000000000e+00
2.612998090574373933e+01,4.138582401447042258e+00,0.000000000000000000e+00
2.535217727787807718e+01,4.470272873793991408e+00,0.000000000000000000e+00
2.461452761048809279e+01,4.784579486205581489e+00,0.000000000000000000e+00
2.391405534601861405e+01,5.083089379936327035e+00,0.000000000000000000e+00
2.324754102901060548e+01,5.367117745484990543e+00,0.000000000000000000e+00
2.261220633991068141e+01,5.637856246607839239e+00,0.000000000000000000e+00
2.200556554721777047e+01,5.896373517367137218e+00,0.000000000000000000e+00
2.142535683264401669e+01,6.143622209996619787e+00,0.000000000000000000e+00
2.086956640457274759e+01,6.380466758616790912e+00,0.000000000000000000e+00
2.033636668257790348e+01,6.607686084984208286e+00,0.000000000000000000e+00
1.982409517273547550e+01,6.825983376455179830e+00,0.000000000000000000e+00
1.933126006592000579e+01,7.036003254853786082e+00,0.000000000000000000e+00
1.885647796316689195e+01,7.238323717497642917e+00,0.000000000000000000e+00
1.839851628302028885e+01,7.433483094795363399e+00,0.000000000000000000e+00
1.795621618243366768e+01,7.621961563858461908e+00,0.000000000000000000e+00
1.752854649473195892e+01,7.804211711219058323e+00,0.000000000000000000e+00
1.711453263918075152e+01,7.980637635393663665e+00,0.000000000000000000e+00
1.671329814476322539e+01,8.151620167618379043e+00,0.000000000000000000e+00
1.632402577358497453e+01,8.317506569844526965e+00,0.000000000000000000e+00
1.594595450618628973e+01,8.478614407784109019e+00,0.000000000000000000e+00
1.557840073980346141e+01,8.635248537231571930e+00,0.000000000000000000e+00
1.522070032080559088e+01,8.787675427471727474e+00,0.000000000000000000e+00
1.487226463377206898e+01,8.936158134189978952e+00,0.000000000000000000e+00
1.453253356926296114e+01,9.080934833025892772e+00,0.000000000000000000e+00
1.420097448016263364e+01,9.222220658221683465e+00,0.000000000000000000e+00
1.387711519270431815e+01,9.360232386682495687e+00,0.000000000000000000e+00
1.356049372806533171e+01,9.495159930236834356e+00,0.000000000000000000e+00
1.325067715773035637e+01,9.627180479960303572e+00,0.000000000000000000e+00
1.294727770448053938e+01,9.756473552016919015e+00,0.000000000000000000e+00
1.264991327712151303e+01,9.883195419971521289e+00,0.000000000000000000e+00
1.235822288208890285e+01,1.000749156858077527e+01,0.000000000000000000e+00
1.207188365833145127e+01,1.012951312532095294e+01,0.000000000000000000e+00
1.179057823162727558e+01,1.024939328793828608e+01,0.000000000000000000e+00
1.151399886163836150e+01,1.036725114105990819e+01,0.000000000000000000e+00
1.124187084990544783e+01,1.048321416394804473e+01,0.000000000000000000e+00
1.097392850975466061e+01,1.059739957740539573e+01,0.000000000000000000e+00
1.070990861235064351e+01,1.070990861235064173e+01,0.000000000000000000e+00
1.044956864228859139e+01,1.082084509512519865e+01,0.000000000000000000e+00
1.019268390893035381e+01,1.093031529510898103e+01,0.000000000000000000e+00
9.939031049316664479e+00,1.103841226864701142e+01,0.000000000000000000e+00
9.688391363878684714e+00,1.114521934179890650e+01,0.000000000000000000e+00
9.440565116995431438e+00,1.125082739429888257e+01,0.000000000000000000e+00
9.195358706217575673e+00,1.135532231962791272e+01,0.000000000000000000e+00
8.952579086241867046e+00,1.145877868798203636e+01,0.000000000000000000e+00
8.712040737530363899e+00,1.156126854648572788e+01,0.000000000000000000e+00
8.473576973023719816e+00,1.166287814739070328e+01,0.000000000000000000e+00
8.237023641723670409e+00,1.176368889541533491e+01,0.000000000000000000e+00
8.002216079586309760e+00,1.186377322119970401e+01,0.000000000000000000e+00
7.768989154295230293e+00,1.196319420295471048e+01,0.000000000000000000e+00
7.537177259910844640e+00,1.206200502053833645e+01,0.000000000000000000e+00
7.306615270242401650e+00,1.216024987969341176e+01,0.000000000000000000e+00
7.077138996213856004e+00,1.225796431366939920e+01,0.000000000000000000e+00
6.848603825316843974e+00,1.235520835780613780e+01,0.000000000000000000e+00
6.620911027404956961e+00,1.245212259394387289e+01,0.000000000000000000e+00
6.393962482932516345e+00,1.254885794080915318e+01,0.000000000000000000e+00
6.167652468581175995e+00,1.264556154985801051e+01,0.000000000000000000e+00
5.941813266150527184e+00,1.274225966963530787e+01,0.000000000000000000e+00
5.716085654785528547e+00,1.283853858343465681e+01,0.000000000000000000e+00
5.490099422197491030e+00,1.293386371239157207e+01,0.000000000000000000e+00
5.263523516610801423e+00,1.302767785861090744e+01,0.000000000000000000e+00
5.036095383214054699e+00,1.311947701156586987e+01,0.000000000000000000e+00
4.807739409231432504e+00,1.320915546548546260e+01,0.000000000000000000e+00
4.578437165405244258e+00,1.329674701852516705e+01,0.000000000000000000e+00
4.348167671385535726e+00,1.338228405910092000e+01,0.000000000000000000e+00
4.116906476717259622e+00,1.346579432942496446e+01,0.000000000000000000e+00
3.884620556321555007e+00,1.354728183695709909e+01,0.000000000000000000e+00
3.651273574055729831e+00,1.362673849070958987e+01,0.000000000000000000e+00
3.416829248465877100e+00,1.370415360289453766e+01,0.000000000000000000e+00
3.181251558686904790e+00,1.377951437648120070e+01,0.000000000000000000e+00
2.944505420537143259e+00,1.385280885898155567e+01,0.000000000000000000e+00
2.706556125124016443e+00,1.392402418295579380e+01,0.000000000000000000e+00
2.467369013596746097e+00,1.399314502909930091e+01,0.000000000000000000e+00
2.226909890832437178e+00,1.406015569628813111e+01,0.000000000000000000e+00
1.985146478052342678e+00,1.412505114443126253e+01,0.000000000000000000e+00
1.742046365693523002e+00,1.418782909580216334e+01,0.000000000000000000e+00
1.497576115332701185e+00,1.424848495921419556e+01,0.000000000000000000e+00
1.251699244516233822e+00,1.430698783214741887e+01,0.000000000000000000e+00
1.004373251837891834e+00,1.436320667170213916e+01,0.000000000000000000e+00
7.555620430960957590e-01,1.441698262037575873e+01,0.000000000000000000e+00
5.052391233053279418e-01,1.446815550340955348e+01,0.000000000000000000e+00
2.533915837718870856e-01,1.451679411184888835e+01,0.000000000000000000e+00
8.917543149504340521e-16,1.456345316170030557e+01,0.000000000000000000e+00
-2.549966238714058142e-01,1.460874679756606298e+01,0.000000000000000000e+00
-5.117037322306881020e-01,1.465327768197130887e+01,0.000000000000000000e+00
-7.702632491884094934e-01,1.469749834329775773e+01,0.000000000000000000e+00
-1.030841570098338655e+00,1.474172125752124707e+01,0.000000000000000000e+00
-1.293628870601866598e+00,1.478624565134141200e+01,0.000000000000000000e+00
-1.558834463129879389e+00,1.483131920602009046e+01,0.000000000000000000e+00
-1.826662828962155816e+00,1.487697488617191688e+01,0.000000000000000000e+00
-2.097315414739253647e+00,1.492317460032537468e+01,0.000000000000000000e+00
-2.370995051220894823e+00,1.496987359593294009e+01,0.000000000000000000e+00
-2.647916218221112672e+00,1.501707910826828041e+01,0.000000000000000000e+00
-2.928311564688095281e+00,1.506485702012844285e+01,0.000000000000000000e+00
-3.212423828907945644e+00,1.511326586988640130e+01,0.000000000000000000e+00
-3.500505896752463819e+00,1.516235683957273217e+01,0.000000000000000000e+00
-3.792822740081026822e+00,1.521218113019815554e+01,0.000000000000000000e+00
-4.089649411731715034e+00,1.526277938972692816e+01,0.000000000000000000e+00
-4.391272330148121128e+00,1.531418655099748882e+01,0.000000000000000000e+00
-4.697999335428196588e+00,1.536646342792207776e+01,0.000000000000000000e+00
-5.010154046253400217e+00,1.541966862686607875e+01,0.000000000000000000e+00
-5.328074182091961930e+00,1.547385099669519981e+01,0.000000000000000000e+00
-5.652123217687853973e+00,1.552908091257258327e+01,0.000000000000000000e+00
-5.982683932065051557e+00,1.558542448894198174e+01,0.000000000000000000e+00
-6.320157857621332198e+00,1.564293962491426093e+01,0.000000000000000000e+00
-6.664981075627242291e+00,1.570171143518698642e+01,0.000000000000000000e+00
-7.017612133535019225e+00,1.576181491691608727e+01,0.000000000000000000e+00
-7.378538784822748831e+00,1.582332748730057936e+01,0.000000000000000000e+00
-7.748290715502389681e+00,1.588635021966774019e+01,0.000000000000000000e+00
-8.127423433360384308e+00,1.595096661300182994e+01,0.000000000000000000e+00
-8.516542647846652159e+00,1.601728715105593537e+01,0.000000000000000000e+00
-8.916295354834804954e+00,1.608542262022675828e+01,0.000000000000000000e+00
-9.327373478828222986e+00,1.615548476650096177e+01,0.000000000000000000e+00
-9.750530556350534894e+00,1.622760794696597486e+01,0.000000000000000000e+00
-1.018656869744617843e+01,1.630191761897184222e+01,0.000000000000000000e+00
-1.063638042208804002e+01,1.637858955377673453e+01,0.000000000000000000e+00
-1.110091091850747702e+01,1.645777724271610509e+01,0.000000000000000000e+00
-1.158116658530592069e+01,1.653961997455304456e+01,0.000000000000000000e+00
-1.207824798677641098e+01,1.662428215996640546e+01,0.000000000000000000e+00
-1.259353339139638983e+01,1.671218327295629535e+01,0.000000000000000000e+00
-1.312770901473375496e+01,1.680270130327411593e+01,0.000000000000000000e+00
-1.367902588453526391e+01,1.689219016898197268e+01,0.000000000000000000e+00
-1.424622631394295347e+01,1.697799139055168283e+01,0.000000000000000000e+00
-1.482951841881291877e+01,1.705940948330443163e+01,0.000000000000000000e+00
-1.542865366962094953e+01,1.713525585244637739e+01,0.000000000000000000e+00
-1.604350418595581118e+01,1.720455188816903203e+01,0.000000000000000000e+00
-1.667515113331927878e+01,1.726762448559129481e+01,0.000000000000000000e+00
-1.732353601979337654e+01,1.732353601979338009e+01,0.000000000000000000e+00
-1.798793041269161819e+01,1.737074248154706879e+01,0.000000000000000000e+00
-1.866862859944092534e+01,1.740877780647966944e+01,0.000000000000000000e+00
-1.936674807017813649e+01,1.743789828728579394e+01,0.000000000000000000e+00
-2.008203439434022997e+01,1.745704616736928116e+01,0.000000000000000000e+00
-2.081277078164342242e+01,1.746398828665427416e+01,0.000000000000000000e+00
-2.155987508774348171e+01,1.745884260373348695e+01,0.000000000000000000e+00
-2.232414645550118593e+01,1.744153474971396278e+01,0.000000000000000000e+00
-2.310511564457052458e+01,1.741095347205954269e+01,0.000000000000000000e+00
-2.390358179112981674e+01,1.736696874291037673e+01,0.000000000000000000e+00
-2.471733567337763304e+01,1.730726476295880190e+01,0.000000000000000000e+00
-2.553214368032128334e+01,1.722164836562124890e+01,0.000000000000000000e+00
-2.634370218375529049e+01,1.710780023106451964e+01,0.000000000000000000e+00
-2.715159393829849321e+01,1.696619890752980808e+01,0.000000000000000000e+00
-2.795525809318435861e+01,1.679721368294597994e+01,0.000000000000000000e+00
-2.875367656889796919e+01,1.660094290724467214e+01,0.000000000000000000e+00
-2.954666940125516916e+01,1.637798628939831147e+01,0.000000000000000000e+00
-3.033271009426111675e+01,1.612818804497198855e+01,0.000000000000000000e+00
-3.110689986221574443e+01,1.584975713467366631e+01,0.000000000000000000e+00
-3.187225711921569271e+01,1.554513846819176948e+01,0.000000000000000000e+00
-3.262906063645939270e+01,1.521518085318482960e+01,0.000000000000000000e+00
-3.337714446286474157e+01,1.486046214855436709e+01,0.000000000000000000e+00
-3.411476330684091351e+01,1.448085788470548252e+01,0.000000000000000000e+00
-3.483756662846472096e+01,1.407529056217941665e+01,0.000000000000000000e+00
-3.554726668269643142e+01,1.364531722329984831e+01,0.000000000000000000e+00
-3.624627557649670706e+01,1.319256541285484197e+01,0.000000000000000000e+00
-3.693225190308496053e+01,1.271679415120195777e+01,0.000000000000000000e+00
-3.760060030716553570e+01,1.221717562997915252e+01,0.000000000000000000e+00
-3.825466809935743129e+01,1.169562574699143731e+01,0.000000000000000000e+00
-3.889399408731260621e+01,1.115267333826727203e+01,0.000000000000000000e+00
-3.951636776899153602e+01,1.058837883151253756e+01,0.000000000000000000e+00
-4.012228850626199517e+01,1.000361006276420639e+01,0.000000000000000000e+00
-4.071035701193797962e+01,9.398726483421997457e+00,0.000000000000000000e+00
-4.127918556339797362e+01,8.774161751894688166e+00,0.000000000000000000e+00
-4.183014301507918731e+01,8.130956130546076466e+00,0.000000000000000000e+00
-4.236319141919168629e+01,7.469773636120819127e+00,0.000000000000000000e+00
-4.287667372490569306e+01,6.790997970896945013e+00,0.000000000000000000e+00
-4.336970311064268913e+01,6.095214275964639938e+00,0.000000000000000000e+00
-4.384178174688000951e+01,5.383093920991642634e+00,0.000000000000000000e+00
-4.429231775002327964e+01,4.655310185260556288e+00,0.000000000000000000e+00
-4.472085124145546331e+01,3.912567506856618582e+00,0.000000000000000000e+00
-4.512783675706482001e+01,3.155645754328718855e+00,0.000000000000000000e+00
-4.551399199967119813e+01,2.385287247008870182e+00,0.000000000000000000e+00
-4.587870982635052286e+01,1.602119850424755798e+00,0.000000000000000000e+00
-4.622036240073138913e+01,8.067794267105097283e-01,0.000000000000000000e+00
-4.653755622529762093e+01,5.699206927145071689e-15,0.000000000000000000e+00
-4.617520932107831300e+01,-8.059912767734449535e-01,0.000000000000000000e+00
-4.609551936714932907e+01,-1.609691006422611537e+00,0.000000000000000000e+00
-4.599128011421836248e+01,-2.410300857170465605e+00,0.000000000000000000e+00
-4.586545506133854389e+01,-3.207225050777726238e+00,0.000000000000000000e+00
-4.572101549247930308e+01,-4.000070540485069159e+00,0.000000000000000000e+00
-4.556093168425780959e+01,-4.788646882665625881e+00,0.000000000000000000e+00
-4.538816412699719649e+01,-5.572965802522330314e+00,0.000000000000000000e+00
-4.520565476843666630e+01,-6.353240454424235573e+00,0.000000000000000000e+00
-4.501631828939756730e+01,-7.129884377737413459e+00,0.000000000000000000e+00
-4.482303342068267682e+01,-7.903510149263600404e+00,0.000000000000000000e+00
-4.462863431045051499e+01,-8.674927733659556495e+00,0.000000000000000000e+00
-4.443587427885083230e+01,-9.445136651513893256e+00,0.000000000000000000e+00
-4.424610371800707753e+01,-1.021501792973034384e+01,0.000000000000000000e+00
-4.405871633340116489e+01,-1.098507175124112933e+01,0.000000000000000000e+00
-4.387294282301068193e+01,-1.175571959900251251e+01,0.000000000000000000e+00
-4.368800145006648705e+01,-1.252733282883066757e+01,0.000000000000000000e+00
-4.350310015581938927e+01,-1.330023245620299832e+01,0.000000000000000000e+00
-4.331750574394248332e+01,-1.407471080788898021e+01,0.000000000000000000e+00
-4.313079030068970354e+01,-1.485112208353353402e+01,0.000000000000000000e+00
-4.294260360628256024e+01,-1.562982949457932591e+01,0.000000000000000000e+00
-4.275258056982524124e+01,-1.641117808570983883e+01,0.000000000000000000e+00
-4.256034190352559676e+01,-1.719549430953532010e+01,0.000000000000000000e+00
-4.236536263829353999e+01,-1.798302951954289597e+01,0.000000000000000000e+00
-4.216506853327366144e+01,-1.877309802901373814e+01,0.000000000000000000e+00
-4.195534366678563032e+01,-1.956409805234695298e+01,0.000000000000000000e+00
-4.173214623196338380e+01,-2.035412770812454042e+01,0.000000000000000000e+00
-4.149156520423890981e+01,-2.114100841091720184e+01,0.000000000000000000e+00
-4.123057415081558474e+01,-2.192268514880661812e+01,0.000000000000000000e+00
-4.094975892585977562e+01,-2.269882202741288424e+01,0.000000000000000000e+00
-4.065072649842338848e+01,-2.346970788661860396e+01,0.000000000000000000e+00
-4.033500430578584428e+01,-2.423571565565379160e+01,0.000000000000000000e+00
-4.000322468384312913e+01,-2.499678908247625841e+01,0.000000000000000000e+00
-3.965514083884188068e+01,-2.575234957006061620e+01,0.000000000000000000e+00
-3.929049461694020096e+01,-2.650177325007767237e+01,0.000000000000000000e+00
-3.890911440445604086e+01,-2.724445521106409984e+01,0.000000000000000000e+00
-3.851089813277800289e+01,-2.797980528514545639e+01,0.000000000000000000e+00
-3.809589197589004783e+01,-2.870731369071046757e+01,0.000000000000000000e+00
-3.766455131929703271e+01,-2.942677257459135731e+01,0.000000000000000000e+00
-3.721737000773426018e+01,-3.013803198977394970e+01,0.000000000000000000e+00
-3.675457639986412772e+01,-3.084075150120314390e+01,0.000000000000000000e+00
-3.627629812209605831e+01,-3.153450485460579955e+01,0.000000000000000000e+00
-3.578277144326066406e+01,-3.221895212369715722e+01,0.000000000000000000e+00
-3.527428141812137596e+01,-3.289379957506356078e+01,0.000000000000000000e+00
-3.475097127346220560e+01,-3.355862287242554487e+01,0.000000000000000000e+00
-3.421288940908628717e+01,-3.421288940908628007e+01,0.000000000000000000e+00
-3.365993802448792138e+01,-3.485588618466907462e+01,0.000000000000000000e+00
-3.309236725005280988e+01,-3.548721917960214256e+01,0.000000000000000000e+00
-3.251144759057848432e+01,-3.610762056930985153e+01,0.000000000000000000e+00
-3.191745057225853088e+01,-3.671682677736431089e+01,0.000000000000000000e+00
-3.130957616216677053e+01,-3.731329987386427405e+01,0.000000000000000000e+00
-3.068849159131980997e+01,-3.789713100447070815e+01,0.000000000000000000e+00
-3.005489729639327479e+01,-3.846851430094098134e+01,0.000000000000000000e+00
-2.940859911971848817e+01,-3.902652917293296753e+01,0.000000000000000000e+00
-2.875040062501486915e+01,-3.957153162657358791e+01,0.000000000000000000e+00
-2.808061220232336197e+01,-4.010327034484637920e+01,0.000000000000000000e+00
-2.739837991981680432e+01,-4.061976866960357313e+01,0.000000000000000000e+00
-2.670542968367815462e+01,-4.112275551350995784e+01,0.000000000000000000e+00
-2.600219736950013072e+01,-4.161221428135142020e+01,0.000000000000000000e+00
-2.528766602511683459e+01,-4.208574372213421100e+01,0.000000000000000000e+00
-2.456275921949647767e+01,-4.254394694224870932e+01,0.000000000000000000e+00
-2.382839764562388041e+01,-4.298756728430267771e+01,0.000000000000000000e+00
-2.308502561886450621e+01,-4.341661863459657411e+01,0.000000000000000000e+00
-2.233246035323574219e+01,-4.382992130303771461e+01,0.000000000000000000e+00
-2.157031709428580868e+01,-4.422570400249772149e+01,0.000000000000000000e+00
-2.079997660348262656e+01,-4.460569377260532775e+01,0.000000000000000000e+00
-2.002201430103523450e+01,-4.497018040776127634e+01,0.000000000000000000e+00
-1.923666838888737729e+01,-4.531875073452731328e+01,0.000000000000000000e+00
-1.844418884887554455e+01,-4.565096934177925903e+01,0.000000000000000000e+00
-1.764443990142602203e+01,-4.596533743985184373e+01,0.000000000000000000e+00
-1.683806570245704037e+01,-4.626220530479395165e+01,0.000000000000000000e+00
-1.602578541747464058e+01,-4.654226033272843210e+01,0.000000000000000000e+00
-1.520802250614355167e+01,-4.680548050014872530e+01,0.000000000000000000e+00
-1.438513280854076548e+01,-4.705164931405761308e+01,0.000000000000000000e+00
-1.355748897031050682e+01,-4.728058285727473020e+01,0.000000000000000000e+00
-1.272551741003476700e+01,-4.749227752685209225e+01,0.000000000000000000e+00
-1.188955952772987956e+01,-4.768641866195843448e+01,0.000000000000000000e+00
-1.104961772762956862e+01,-4.786115260728993093e+01,0.000000000000000000e+00
-1.020657868631875331e+01,-4.801817740241614274e+01,0.000000000000000000e+00
-9.360888801382211355e+00,-4.815759807620219135e+01,0.000000000000000000e+00
-8.512928346168706639e+00,-4.827921576133483939e+01,0.000000000000000000e+00
-7.663118886394218343e+00,-4.838302847610636803e+01,0.000000000000000000e+00
-6.811869039759630873e+00,-4.846896671835225590e+01,0.000000000000000000e+00
-5.959596252122422833e+00,-4.853701644814415772e+01,0.000000000000000000e+00
-5.106712410085494369e+00,-4.858712303245483355e+01,0.000000000000000000e+00
-4.253642684585515532e+00,-4.861935836207057093e+01,0.000000000000000000e+00
-3.400792753874203100e+00,-4.863360218139905555e+01,0.000000000000000000e+00
-2.548519635602937594e+00,-4.862865151829849708e+01,0.000000000000000000e+00
-1.697340466235695677e+00,-4.860547149846649262e+01,0.000000000000000000e+00
-8.476956494371949979e-01,-4.856445123081863358e+01,0.000000000000000000e+00
-8.910340751993682063e-15,-4.850563584644655180e+01,0.000000000000000000e+00
8.453331186208918879e-01,-4.842910193100216532e+01,0.000000000000000000e+00
1.687891809382838781e+00,-4.833489736764524736e+01,0.000000000000000000e+00
2.527271354592400154e+00,-4.822321016395751769e+01,0.000000000000000000e+00
3.363051488420979229e+00,-4.809387694004678337e+01,0.000000000000000000e+00
4.194876970824459761e+00,-4.794766318017281037e+01,0.000000000000000000e+00
5.022723012336212101e+00,-4.778801729197766690e+01,0.000000000000000000e+00
5.846668245670072039e+00,-4.761729164217545929e+01,0.000000000000000000e+00
6.666822959298650098e+00,-4.743691022908950572e+01,0.000000000000000000e+00
7.483195853516355633e+00,-4.724703915474895410e+01,0.000000000000000000e+00
8.295778259470568017e+00,-4.704769642251538642e+01,0.000000000000000000e+00
9.104571859456418892e+00,-4.683896172325692930e+01,0.000000000000000000e+00
9.909588059890221956e+00,-4.662094635908790252e+01,0.000000000000000000e+00
1.071080835845883428e+01,-4.639360799874554431e+01,0.000000000000000000e+00
1.150809818795727324e+01,-4.615646079351748909e+01,0.000000000000000000e+00
1.230139337685956846e+01,-4.590942508633111885e+01,0.000000000000000000e+00
1.309084288112040362e+01,-4.565319454567119806e+01,0.000000000000000000e+00
1.387649488766378525e+01,-4.538796963869688739e+01,0.000000000000000000e+00
1.465833222230152977e+01,-4.511370776302299390e+01,0.000000000000000000e+00
1.543637938175652913e+01,-4.483050091242816393e+01,0.000000000000000000e+00
1.621051690531568212e+01,-4.453802915504233795e+01,0.000000000000000000e+00
1.698039439596591649e+01,-4.423543975511882564e+01,0.000000000000000000e+00
1.774638067402741015e+01,-4.392383350200627490e+01,0.000000000000000000e+00
1.850856443516882521e+01,-4.360344531259388390e+01,0.000000000000000000e+00
1.926696237716021542e+01,-4.327430602053080122e+01,0.000000000000000000e+00
2.002147393127128439e+01,-4.293618940441297127e+01,0.000000000000000000e+00
2.077162685129956188e+01,-4.258814632907115794e+01,0.000000000000000000e+00
2.151769165980667609e+01,-4.223084770575716362e+01,0.000000000000000000e+00
2.225984038374722829e+01,-4.186467092409850466e+01,0.000000000000000000e+00
2.299823258924578084e+01,-4.148990987783901829e+01,0.000000000000000000e+00
2.373264739079904473e+01,-4.110615107898087928e+01,0.000000000000000000e+00
2.446239933858436189e+01,-4.071226930827084090e+01,0.000000000000000000e+00
2.518799139938168707e+01,-4.030921235361955013e+01,0.000000000000000000e+00
2.590971030631543215e+01,-3.989745512328078547e+01,0.000000000000000000e+00
2.662743416684014619e+01,-3.947679458739981584e+01,0.000000000000000000e+00
2.734079914188792060e+01,-3.904670779722375329e+01,0.000000000000000000e+00
2.804942186459062015e+01,-3.860671713409138306e+01,0.000000000000000000e+00
2.875386090469817191e+01,-3.815766221517330337e+01,0.000000000000000000e+00
2.945438648060751063e+01,-3.769989550723450833e+01,0.000000000000000000e+00
3.015046340068641229e+01,-3.723272152172177840e+01,0.000000000000000000e+00
3.084136807704537020e+01,-3.675531120633920779e+01,0.000000000000000000e+00
3.152796141264904861e+01,-3.626877075319455201e+01,0.000000000000000000e+00
3.221044505202632990e+01,-3.577332338299853376e+01,0.000000000000000000e+00
3.288805819512742090e+01,-3.526812454192552337e+01,0.000000000000000000e+00
3.356041229140290483e+01,-3.475282427105739913e+01,0.000000000000000000e+00
3.422847021970983405e+01,-3.422847021970984116e+01,0.000000000000000000e+00
3.489201006217177792e+01,-3.369482244749479349e+01,0.000000000000000000e+00
3.554965829822322121e+01,-3.315059267013204902e+01,0.000000000000000000e+00
3.620249445709002600e+01,-3.259687242283398234e+01,0.000000000000000000e+00
3.685063976452177315e+01,-3.203377242734205765e+01,0.000000000000000000e+00
3.749337567633230606e+01,-3.146067770160166432e+01,0.000000000000000000e+00
3.813042972566754685e+01,-3.087741317070988956e+01,0.000000000000000000e+00
3.876236401623185657e+01,-3.028447785530319081e+01,0.000000000000000000e+00
3.938911683793604368e+01,-2.968182852319887033e+01,0.000000000000000000e+00
4.000946085623533577e+01,-2.906857483462076530e+01,0.000000000000000000e+00
4.062422123536672558e+01,-2.844538594290278155e+01,0.000000000000000000e+00
4.123373152786376750e+01,-2.781250309673823651e+01,0.000000000000000000e+00
4.183667572524701939e+01,-2.716905489011737629e+01,0.000000000000000000e+00
4.243290673548481351e+01,-2.651502293143138900e+01,0.000000000000000000e+00
4.302359236263393427e+01,-2.585118233980167091e+01,0.000000000000000000e+00
4.360867401955086819e+01,-2.517747968419035942e+01,0.000000000000000000e+00
4.416741450918154044e+01,-2.448239764170567412e+01,0.000000000000000000e+00
4.467682102275336575e+01,-2.375508711444980037e+01,0.000000000000000000e+00
4.513449721485007871e+01,-2.299717498110154423e+01,0.000000000000000000e+00
4.553986664214274782e+01,-2.221127704031637862e+01,0.000000000000000000e+00
4.589007666460819479e+01,-2.139889418202682947e+01,0.000000000000000000e+00
4.618242492785941522e+01,-2.056174033499101128e+01,0.000000000000000000e+00
4.641576042985605000e+01,-1.970232137769224678e+01,0.000000000000000000e+00
4.658943421598526413e+01,-1.882335327007986336e+01,0.000000000000000000e+00
4.670289242415402953e+01,-1.792756073376074610e+01,0.000000000000000000e+00
4.675567614381129289e+01,-1.701767439933767889e+01,0.000000000000000000e+00
4.674742120891431085e+01,-1.609642797231219191e+01,0.000000000000000000e+00
4.667756166515126637e+01,-1.516645915713371373e+01,0.000000000000000000e+00
4.654468161989557728e+01,-1.423013722992703300e+01,0.000000000000000000e+00
4.634815575733834692e+01,-1.329011980184733055e+01,0.000000000000000000e+00
4.608770123908578142e+01,-1.234916232801988478e+01,0.000000000000000000e+00
4.576312678640299225e+01,-1.141002900551313104e+01,0.000000000000000000e+00
4.537449940996884834e+01,-1.047552860200745606e+01,0.000000000000000000e+00
4.492343309742712876e+01,-9.548770477602406714e+00,0.000000000000000000e+00
4.441210052056764823e+01,-8.632837828643360467e+00,0.000000000000000000e+00
4.383716505065611102e+01,-7.729674956200877745e+00,0.000000000000000000e+00
4.319270070140944995e+01,-6.841051726697954471e+00,0.000000000000000000e+00
4.248756828911105288e+01,-5.971238311826543743e+00,0.000000000000000000e+00
4.172587380475399499e+01,-5.123293093406755538e+00,0.000000000000000000e+00
4.089898424639677899e+01,-4.298656462360479935e+00,0.000000000000000000e+00
4.000437585147764707e+01,-3.499929378434533334e+00,0.000000000000000000e+00
3.905160643642826557e+01,-2.730754339372078565e+00,0.000000000000000000e+00
3.804754460144229000e+01,-1.993987319734073838e+00,0.000000000000000000e+00
3.703866859709287951e+01,-1.293418808360309979e+00,0.000000000000000000e+00
3.604035901331499048e+01,-6.290868066137187409e-01,0.000000000000000000e+00
3.505459394023174013e+01,-8.585899252863001329e-15,0.000000000000000000e+00
