3.556957314859415220e+01,0.000000000000000000e+00,0.000000000000000000e+00
3.435939975095424614e+01,5.997455535474894850e-01,0.000000000000000000e+00
3.322076124383577422e+01,1.160094545736375604e+00,0.000000000000000000e+00
3.215441409930525651e+01,1.685141437091897787e+00,0.000000000000000000e+00
3.115265635216630713e+01,2.178405942278738738e+00,0.000000000000000000e+00
3.020916963534324040e+01,2.642959877624104781e+00,0.000000000000000000e+00
2.931852640397053733e+01,3.081501296805866374e+00,0.000000000000000000e+00
2.847589544042141441e+01,3.496400317969166949e+00,0.000000000000000000e+00
2.767702645388121852e+01,3.889752399908635638e+00,0.000000000000000000e+00
2.691814432182559003e+01,4.263415222987440245e+00,0.000000000000000000e+00
2.619588973006868571e+01,4.619042143074897133e+00,0.000000000000000000e+00
2.550726512574248517e+01,4.958110080399570130e+00,0.000000000000000000e+00
2.484958582718006781e+01,5.281942522349506675e+00,0.000000000000000000e+00
2.422043540272925810e+01,5.591728109701652905e+00,0.000000000000000000e+00
2.361763330137056371e+01,5.888537342913319428e+00,0.000000000000000000e+00
2.303921984312947302e+01,6.173340351209639643e+00,0.000000000000000000e+00
2.248340983967479545e+01,6.447014027650926238e+00,0.000000000000000000e+00
2.194858022527734320e+01,6.710354389324121094e+00,0.000000000000000000e+00
2.143326578908239455e+01,6.964090209467793890e+00,0.000000000000000000e+00
2.093610904441143816e+01,7.208880458834364902e+00,0.000000000000000000e+00
2.045589048691578427e+01,7.445335252646516189e+00,0.000000000000000000e+00
1.999147084241860028e+01,7.674006663863667477e+00,0.000000000000000000e+00
1.954182273200008524e+01,7.895408884349666145e+00,0.000000000000000000e+00
1.910598207227664957e+01,8.110008228633633465e+00,0.000000000000000000e+00
1.868307851486422422e+01,8.318242484689154281e+00,0.000000000000000000e+00
1.827228678168027542e+01,8.520507258301863729e+00,0.000000000000000000e+00
1.787286650667354237e+01,8.717179446391970288e+00,0.000000000000000000e+00
1.748410516560102934e+01,8.908596543510729049e+00,0.000000000000000000e+00
1.710536596301514933e+01,9.095084414556387387e+00,0.000000000000000000e+00
1.673603619248840957e+01,9.276936346937461053e+00,0.000000000000000000e+00
1.637555459874705832e+01,9.454430855716026372e+00,0.000000000000000000e+00
1.602340000621073557e+01,9.627830046657997798e+00,0.000000000000000000e+00
1.567906924877087249e+01,9.797369840020920151e+00,0.000000000000000000e+00
1.534211239604398891e+01,9.963284285680618524e+00,0.000000000000000000e+00
1.501209084756679779e+01,1.012578313229604987e+01,0.000000000000000000e+00
1.468859472423880419e+01,1.028506475161938383e+01,0.000000000000000000e+00
1.437124959510301281e+01,1.044132401142216260e+01,0.000000000000000000e+00
1.405968560676575052e+01,1.059473303215029283e+01,0.000000000000000000e+00
1.375356280143541809e+01,1.074546093001895208e+01,0.000000000000000000e+00
1.345256414639143649e+01,1.089367165127940495e+01,0.000000000000000000e+00
1.315637553605948007e+01,1.103950985993729716e+01,0.000000000000000000e+00
1.286470807791957682e+01,1.118312011801276640e+01,0.000000000000000000e+00
1.257729060357614870e+01,1.132464332576918409e+01,0.000000000000000000e+00
1.229385348459124039e+01,1.146420384114739122e+01,0.000000000000000000e+00
1.201414514722425153e+01,1.160192510757734041e+01,0.000000000000000000e+00
1.173793097876414393e+01,1.173793097876414215e+01,0.000000000000000000e+00
1.146497716973541436e+01,1.187233140617782823e+01,0.000000000000000000e+00
1.119505958539646961e+01,1.200523160624107000e+01,0.000000000000000000e+00
1.092797167148613902e+01,1.213674210005139997e+01,0.000000000000000000e+00
1.066350843382692837e+01,1.226696321240928533e+01,0.000000000000000000e+00
1.040146749029574025e+01,1.239598624981182873e+01,0.000000000000000000e+00
1.014166163523187691e+01,1.252390911588846301e+01,0.000000000000000000e+00
9.883908322605138963e+00,1.265082575088197814e+01,0.000000000000000000e+00
9.628024526631282498e+00,1.277682009050034218e+01,0.000000000000000000e+00
9.373834637553811078e+00,1.290197652061552169e+01,0.000000000000000000e+00
9.121172399598210134e+00,1.302638418163737555e+01,0.000000000000000000e+00
8.869870895807665079e+00,1.315012438587157995e+01,0.000000000000000000e+00
8.619763577636316398e+00,1.327327192956720481e+01,0.000000000000000000e+00
8.370692823405835981e+00,1.339590875729247799e+01,0.000000000000000000e+00
8.122503340839156039e+00,1.351811565548213956e+01,0.000000000000000000e+00
7.875037931285631565e+00,1.363996580851881468e+01,0.000000000000000000e+00
7.628141374426469667e+00,1.376153132342714258e+01,0.000000000000000000e+00
7.381664742715766003e+00,1.388289223993946031e+01,0.000000000000000000e+00
7.135457514733139384e+00,1.400412388000093245e+01,0.000000000000000000e+00
6.889366818579444995e+00,1.412529525418236709e+01,0.000000000000000000e+00
6.643242922496328973e+00,1.424648042191952335e+01,0.000000000000000000e+00
6.396938082895563760e+00,1.436775817457177240e+01,0.000000000000000000e+00
6.150301095228225101e+00,1.448920138572182381e+01,0.000000000000000000e+00
5.903178344633210450e+00,1.461087911417343221e+01,0.000000000000000000e+00
5.655419069964718659e+00,1.473287037542587541e+01,0.000000000000000000e+00
5.406870384858658340e+00,1.485525429231708117e+01,0.000000000000000000e+00
5.157374745649383918e+00,1.497810383656551458e+01,0.000000000000000000e+00
4.906772735162117094e+00,1.510149366766883539e+01,0.000000000000000000e+00
4.654905324217565088e+00,1.522550926851278952e+01,0.000000000000000000e+00
4.401608225680773145e+00,1.535023210236808389e+01,0.000000000000000000e+00
4.146711636230800302e+00,1.547573851075042128e+01,0.000000000000000000e+00
3.890044245222372243e+00,1.560211528934871694e+01,0.000000000000000000e+00
3.631430749029184835e+00,1.572945467855356050e+01,0.000000000000000000e+00
3.370688471678985554e+00,1.585784247353285892e+01,0.000000000000000000e+00
3.107629120135517731e+00,1.598736587013945076e+01,0.000000000000000000e+00
2.842060778559420520e+00,1.611812762369258678e+01,0.000000000000000000e+00
2.573783106825790590e+00,1.625022698916636799e+01,0.000000000000000000e+00
2.302587056728261583e+00,1.638375822659801173e+01,0.000000000000000000e+00
2.028257544997601247e+00,1.651883209161373145e+01,0.000000000000000000e+00
1.750570340838959016e+00,1.665556422549450843e+01,0.000000000000000000e+00
1.469290082490611882e+00,1.679406249079622881e+01,0.000000000000000000e+00
1.184171909590703065e+00,1.693444726962985669e+01,0.000000000000000000e+00
8.949599652815272144e-01,1.707685342758127334e+01,0.000000000000000000e+00
6.013847937057149595e-01,1.722140727305075103e+01,0.000000000000000000e+00
3.031638295562500418e-01,1.736824416311178965e+01,0.000000000000000000e+00
1.072638727984248029e-15,1.751751980621777705e+01,0.000000000000000000e+00
-3.084201943307233740e-01,1.766938109935854584e+01,0.000000000000000000e+00
-6.224273740833381474e-01,1.782398793447065444e+01,0.000000000000000000e+00
-9.423719114330487701e-01,1.798152725272978003e+01,0.000000000000000000e+00
-1.268624525775503109e+00,1.814217594819490031e+01,0.000000000000000000e+00
-1.601578166631921540e+00,1.830612221156347275e+01,0.000000000000000000e+00
-1.941649982526064910e+00,1.847356557628792473e+01,0.000000000000000000e+00
-2.289281659525342238e+00,1.864470290638298877e+01,0.000000000000000000e+00
-2.644952983720628037e+00,1.881981837749554387e+01,0.000000000000000000e+00
-3.009181275178999471e+00,1.899922283409316393e+01,0.000000000000000000e+00
-3.382504317034504382e+00,1.918313523797620590e+01,0.000000000000000000e+00
-3.765461138971912369e+00,1.937161822447808746e+01,0.000000000000000000e+00
-4.158636800317331961e+00,1.956484790515807859e+01,0.000000000000000000e+00
-4.562855809867857992e+00,1.976389985827993456e+01,0.000000000000000000e+00
-4.979069333705456124e+00,1.996995635037886174e+01,0.000000000000000000e+00
-5.407571616372242040e+00,2.018133201786855935e+01,0.000000000000000000e+00
-5.847936990428614479e+00,2.039417992709229566e+01,0.000000000000000000e+00
-6.298993685388854402e+00,2.060307998966920806e+01,0.000000000000000000e+00
-6.758756462659800235e+00,2.080131349690492470e+01,0.000000000000000000e+00
-7.226103994645222350e+00,2.098612982446538666e+01,0.000000000000000000e+00
-7.701132832555353858e+00,2.115868856166645173e+01,0.000000000000000000e+00
-8.183719777489047331e+00,2.131931890085510872e+01,0.000000000000000000e+00
-8.673448534565215695e+00,2.146753844168519976e+01,0.000000000000000000e+00
-9.169941649924933103e+00,2.160302873044143013e+01,0.000000000000000000e+00
-9.672832789443434720e+00,2.172553815291646373e+01,0.000000000000000000e+00
-1.018160559771176921e+01,2.183452366619175677e+01,0.000000000000000000e+00
-1.069578762588151477e+01,2.192961445806116672e+01,0.000000000000000000e+00
-1.121530985381084200e+01,2.201128494158459503e+01,0.000000000000000000e+00
-1.174012394045080221e+01,2.207996180125190477e+01,0.000000000000000000e+00
-1.227001509234312771e+01,2.213569318448811885e+01,0.000000000000000000e+00
-1.280430246300251795e+01,2.217770242139968317e+01,0.000000000000000000e+00
-1.334205477318567645e+01,2.220490801140971371e+01,0.000000000000000000e+00
-1.388310087880626931e+01,2.221760570651383659e+01,0.000000000000000000e+00
-1.442756694613485813e+01,2.221650485344242298e+01,0.000000000000000000e+00
-1.497555812882260362e+01,2.220217796348608630e+01,0.000000000000000000e+00
-1.552623769911087948e+01,2.217376542218949353e+01,0.000000000000000000e+00
-1.607823872115242736e+01,2.212979708881376695e+01,0.000000000000000000e+00
-1.663177415040303586e+01,2.207110976065253283e+01,0.000000000000000000e+00
-1.718725942914817395e+01,2.199868888666980027e+01,0.000000000000000000e+00
-1.774444070779882665e+01,2.191255937436559975e+01,0.000000000000000000e+00
-1.830210703665779803e+01,2.181160181298069745e+01,0.000000000000000000e+00
-1.885905996960761044e+01,2.169486677892299653e+01,0.000000000000000000e+00
-1.941626571490744624e+01,2.156394769422519531e+01,0.000000000000000000e+00
-1.997387719746309287e+01,2.141936092443492612e+01,0.000000000000000000e+00
-2.053050399587939268e+01,2.125995924513154023e+01,0.000000000000000000e+00
-2.108547507783852026e+01,2.108547507783852382e+01,0.000000000000000000e+00
-2.163876098192298159e+01,2.089630858097631361e+01,0.000000000000000000e+00
-2.219090857882109447e+01,2.069335702485233597e+01,0.000000000000000000e+00
-2.274119716044059203e+01,2.047626589543527587e+01,0.000000000000000000e+00
-2.328799792075719921e+01,2.024394774280609610e+01,0.000000000000000000e+00
-2.383141090419580266e+01,1.999692810014491329e+01,0.000000000000000000e+00
-2.437187960955452937e+01,1.973595896676824069e+01,0.000000000000000000e+00
-2.490930452360224123e+01,1.946128159056918960e+01,0.000000000000000000e+00
-2.544288508066104626e+01,1.917258909883208062e+01,0.000000000000000000e+00
-2.597146428368216320e+01,1.886937331666738515e+01,0.000000000000000000e+00
-2.649487583796696910e+01,1.855191178567478261e+01,0.000000000000000000e+00
-2.701321581167171715e+01,1.822064413227507984e+01,0.000000000000000000e+00
-2.752634811411087767e+01,1.787581947830157247e+01,0.000000000000000000e+00
-2.803396926927171151e+01,1.751756820873582043e+01,0.000000000000000000e+00
-2.853561818889718538e+01,1.714592920931488251e+01,0.000000000000000000e+00
-2.903092404446583075e+01,1.676101181189592282e+01,0.000000000000000000e+00
-2.951955064154686781e+01,1.636295411542782574e+01,0.000000000000000000e+00
-3.000093589860339094e+01,1.595178057595887999e+01,0.000000000000000000e+00
-3.047451772430793326e+01,1.552754234160394198e+01,0.000000000000000000e+00
-3.094015069851480249e+01,1.509051979080446415e+01,0.000000000000000000e+00
-3.139777671362330125e+01,1.464102373060323181e+01,0.000000000000000000e+00
-3.184722272295682899e+01,1.417929710367021912e+01,0.000000000000000000e+00
-3.228818047053256635e+01,1.370551947097187551e+01,0.000000000000000000e+00
-3.271995970448976010e+01,1.321972182888341685e+01,0.000000000000000000e+00
-3.314194566653211638e+01,1.272200099247952743e+01,0.000000000000000000e+00
-3.355417773525347513e+01,1.221272193091000346e+01,0.000000000000000000e+00
-3.395678169732483553e+01,1.169225759683806309e+01,0.000000000000000000e+00
-3.434925025683381961e+01,1.116074795927852925e+01,0.000000000000000000e+00
-3.473100337916245905e+01,1.061833333085438547e+01,0.000000000000000000e+00
-3.510534537473181160e+01,1.006629580167367699e+01,0.000000000000000000e+00
-3.547920732457617277e+01,9.506624950716567213e+00,0.000000000000000000e+00
-3.585795738129509402e+01,8.940392899914195723e+00,0.000000000000000000e+00
-3.624204211713689006e+01,8.367134706279861334e+00,0.000000000000000000e+00
-3.663111911507399299e+01,7.786184729225151813e+00,0.000000000000000000e+00
-3.702545362174517152e+01,7.197019120959090799e+00,0.000000000000000000e+00
-3.742560597369851649e+01,6.599144102526947719e+00,0.000000000000000000e+00
-3.783203499903481770e+01,5.992005689660403256e+00,0.000000000000000000e+00
-3.824508563447367493e+01,5.374996258333381682e+00,0.000000000000000000e+00
-3.866514082518283857e+01,4.747482338469047214e+00,0.000000000000000000e+00
-3.909268581547013355e+01,4.108806847116357019e+00,0.000000000000000000e+00
-3.952818889961817206e+01,3.458268418427877133e+00,0.000000000000000000e+00
-3.997207136318856868e+01,2.795119517206274384e+00,0.000000000000000000e+00
-4.042484299965046546e+01,2.118576249477273965e+00,0.000000000000000000e+00
-4.088739035223088791e+01,1.427819133609353752e+00,0.000000000000000000e+00
-4.136028235922120899e+01,7.219464140296154575e-01,0.000000000000000000e+00
-4.184288119011814899e+01,5.124275051658118390e-15,0.000000000000000000e+00
-4.184755217601906452e+01,-7.304517403193724334e-01,0.000000000000000000e+00
-4.199164508509964122e+01,-1.466380558596042993e+00,0.000000000000000000e+00
-4.211914564458138699e+01,-2.207370888531476449e+00,0.000000000000000000e+00
-4.222983892282199037e+01,-2.952998004760889472e+00,0.000000000000000000e+00
-4.232352113362832569e+01,-3.702828299692332514e+00,0.000000000000000000e+00
-4.239999995770057239e+01,-4.456419570818814790e+00,0.000000000000000000e+00
-4.245909485688039098e+01,-5.213321318336844534e+00,0.000000000000000000e+00
-4.250063738090158694e+01,-5.973075052895572945e+00,0.000000000000000000e+00
-4.252447146634727915e+01,-6.735214613294121300e+00,0.000000000000000000e+00
-4.253045372752038134e+01,-7.499266493934753086e+00,0.000000000000000000e+00
-4.251845373894023083e+01,-8.264750181832980047e+00,0.000000000000000000e+00
-4.248835430918210676e+01,-9.031178502977406097e+00,0.000000000000000000e+00
-4.244007286883730501e+01,-9.798062854465555915e+00,0.000000000000000000e+00
-4.237362438876746751e+01,-1.056493114207847661e+01,0.000000000000000000e+00
-4.228905684758980499e+01,-1.133131863098550873e+01,0.000000000000000000e+00
-4.218642980507789275e+01,-1.209676408824392446e+01,0.000000000000000000e+00
-4.206581424964556959e+01,-1.286081005665754873e+01,0.000000000000000000e+00
-4.192729243968912556e+01,-1.362300312337203501e+01,0.000000000000000000e+00
-4.177095773894650677e+01,-1.438289418307492618e+01,0.000000000000000000e+00
-4.159691444603470956e+01,-1.514003869567442528e+01,0.000000000000000000e+00
-4.140527722487500029e+01,-1.589399678730052656e+01,0.000000000000000000e+00
-4.119611810049431000e+01,-1.664431211520210141e+01,0.000000000000000000e+00
-4.096941506561957169e+01,-1.739048493019386754e+01,0.000000000000000000e+00
-4.072514866492800678e+01,-1.813200439908056083e+01,0.000000000000000000e+00
-4.046331524720606154e+01,-1.886835377411209436e+01,0.000000000000000000e+00
-4.018400125062911599e+01,-1.959904694890312982e+01,0.000000000000000000e+00
-3.988755330399896337e+01,-2.032372352645302982e+01,0.000000000000000000e+00
-3.957437421012437540e+01,-2.104206801962392248e+01,0.000000000000000000e+00
-3.924480976264845111e+01,-2.175375327397802039e+01,0.000000000000000000e+00
-3.889881332806684355e+01,-2.245824034611639775e+01,0.000000000000000000e+00
-3.853619568794466232e+01,-2.315488239602563070e+01,0.000000000000000000e+00
-3.815696342331919766e+01,-2.384311700515737442e+01,0.000000000000000000e+00
-3.776166997045533691e+01,-2.452271521063211424e+01,0.000000000000000000e+00
-3.735093896187797924e+01,-2.519352644184831291e+01,0.000000000000000000e+00
-3.692503474407565989e+01,-2.585518767645719862e+01,0.000000000000000000e+00
-3.648399574648441757e+01,-2.650717450138761322e+01,0.000000000000000000e+00
-3.602795813150008541e+01,-2.714901376692576918e+01,0.000000000000000000e+00
-3.555717319025812628e+01,-2.778030833275864353e+01,0.000000000000000000e+00
-3.507191281381739856e+01,-2.840067501023671781e+01,0.000000000000000000e+00
-3.457246853958437782e+01,-2.900974560045336403e+01,0.000000000000000000e+00
-3.405926985099046789e+01,-2.960727158117007107e+01,0.000000000000000000e+00
-3.353286708663899418e+01,-3.019312914171167961e+01,0.000000000000000000e+00
-3.299337457614300462e+01,-3.076681953484412091e+01,0.000000000000000000e+00
-3.244063767225893713e+01,-3.132755964768395174e+01,0.000000000000000000e+00
-3.187476482370857411e+01,-3.187476482370855990e+01,0.000000000000000000e+00
-3.129651053300456454e+01,-3.240848537279205743e+01,0.000000000000000000e+00
-3.070766425240308095e+01,-3.292993830222051344e+01,0.000000000000000000e+00
-3.010736293577868494e+01,-3.343761406498037303e+01,0.000000000000000000e+00
-2.949398312299625502e+01,-3.392894638780450833e+01,0.000000000000000000e+00
-2.887094037631521104e+01,-3.440704691504687673e+01,0.000000000000000000e+00
-2.823843134983524550e+01,-3.487155857892182809e+01,0.000000000000000000e+00
-2.759400222615810350e+01,-3.531871224808826781e+01,0.000000000000000000e+00
-2.694053220016091643e+01,-3.575129374792145143e+01,0.000000000000000000e+00
-2.627870325132590068e+01,-3.616953204855200710e+01,0.000000000000000000e+00
-2.560734343921776812e+01,-3.657107649067958732e+01,0.000000000000000000e+00
-2.492721709715306133e+01,-3.695611912188254422e+01,0.000000000000000000e+00
-2.423976913783672416e+01,-3.732597122630880193e+01,0.000000000000000000e+00
-2.354509220230854183e+01,-3.768002404080954193e+01,0.000000000000000000e+00
-2.284231610125524625e+01,-3.801599801668395884e+01,0.000000000000000000e+00
-2.213275442744769705e+01,-3.833505517978438348e+01,0.000000000000000000e+00
-2.141739953541629760e+01,-3.863801155561903045e+01,0.000000000000000000e+00
-2.069653815964762344e+01,-3.892452705789955303e+01,0.000000000000000000e+00
-1.997005117988218359e+01,-3.919343224111229063e+01,0.000000000000000000e+00
-1.923798026741061307e+01,-3.944370484649864039e+01,0.000000000000000000e+00
-1.850158109174409660e+01,-3.967676869161395814e+01,0.000000000000000000e+00
-1.776160261657197026e+01,-3.989321264029400993e+01,0.000000000000000000e+00
-1.701819376910759019e+01,-4.009235205299916061e+01,0.000000000000000000e+00
-1.627144115017267367e+01,-4.027323007692928769e+01,0.000000000000000000e+00
-1.552155060470284553e+01,-4.043502174740278576e+01,0.000000000000000000e+00
-1.476962061897591205e+01,-4.057919914454763699e+01,0.000000000000000000e+00
-1.401622132407242738e+01,-4.070606243328297325e+01,0.000000000000000000e+00
-1.326181268666285540e+01,-4.081566257884416160e+01,0.000000000000000000e+00
-1.250668054124762030e+01,-4.090750879688437180e+01,0.000000000000000000e+00
-1.175059112021901697e+01,-4.097918119632057454e+01,0.000000000000000000e+00
-1.099473878153384732e+01,-4.103292374863227110e+01,0.000000000000000000e+00
-1.023972937100278280e+01,-4.106931132578493759e+01,0.000000000000000000e+00
-9.485972302274790380e+00,-4.108826017143093168e+01,0.000000000000000000e+00
-8.733881855258704974e+00,-4.108968354887755936e+01,0.000000000000000000e+00
-7.983707504854558934e+00,-4.107261450643167677e+01,0.000000000000000000e+00
-7.235821215700360298e+00,-4.103638131060556304e+01,0.000000000000000000e+00
-6.491015002662368971e+00,-4.098265580483791126e+01,0.000000000000000000e+00
-5.749809457905623589e+00,-4.091202012626018814e+01,0.000000000000000000e+00
-5.012613229748244414e+00,-4.082445865251841610e+01,0.000000000000000000e+00
-4.279783325745410316e+00,-4.071941834624669809e+01,0.000000000000000000e+00
-3.551593615406893445e+00,-4.059490078225400822e+01,0.000000000000000000e+00
-2.828775978151265136e+00,-4.045338117854490889e+01,0.000000000000000000e+00
-2.111830328676721713e+00,-4.029612316277015083e+01,0.000000000000000000e+00
-1.401101209661243407e+00,-4.012228911485802030e+01,0.000000000000000000e+00
-6.969934047875681049e-01,-3.993072541717218371e+01,0.000000000000000000e+00
-7.296731641284372290e-15,-3.972155697661639095e+01,0.000000000000000000e+00
6.894263397891289280e-01,-3.949720855375498019e+01,0.000000000000000000e+00
1.370876815214912892e+00,-3.925677570017058571e+01,0.000000000000000000e+00
2.044013835173140503e+00,-3.900210738054617821e+01,0.000000000000000000e+00
2.709526825514284809e+00,-3.874803884528797226e+01,0.000000000000000000e+00
3.368084363885530230e+00,-3.849738043932440235e+01,0.000000000000000000e+00
4.020113095828770966e+00,-3.824882114090814866e+01,0.000000000000000000e+00
4.666136065355654949e+00,-3.800262859632269397e+01,0.000000000000000000e+00
5.306620806688420622e+00,-3.775856901608484861e+01,0.000000000000000000e+00
5.942017936832694858e+00,-3.751642474890375212e+01,0.000000000000000000e+00
6.572774458213418214e+00,-3.727605628931348747e+01,0.000000000000000000e+00
7.199320377964487427e+00,-3.703729256271420667e+01,0.000000000000000000e+00
7.822075583592002168e+00,-3.679997230918332463e+01,0.000000000000000000e+00
8.441450826206775560e+00,-3.656394059767071525e+01,0.000000000000000000e+00
9.057847868227934640e+00,-3.632904352875694798e+01,0.000000000000000000e+00
9.671661272833182110e+00,-3.609513126380966241e+01,0.000000000000000000e+00
1.028327900948432294e+01,-3.586205574772162663e+01,0.000000000000000000e+00
1.089308356217726548e+01,-3.562967089271406707e+01,0.000000000000000000e+00
1.150145319982812886e+01,-3.539783316670268931e+01,0.000000000000000000e+00
1.210876242112771273e+01,-3.516639953863138146e+01,0.000000000000000000e+00
1.271538311475025829e+01,-3.493522798749097547e+01,0.000000000000000000e+00
1.332168578065482833e+01,-3.470417795047088561e+01,0.000000000000000000e+00
1.392803984187234967e+01,-3.447310830647664659e+01,0.000000000000000000e+00
1.453481484979325344e+01,-3.424187795069568097e+01,0.000000000000000000e+00
1.514238170772719450e+01,-3.401034616004977096e+01,0.000000000000000000e+00
1.575111290511282292e+01,-3.377837063074184698e+01,0.000000000000000000e+00
1.636138380058012132e+01,-3.354580805988268821e+01,0.000000000000000000e+00
1.697357389373849301e+01,-3.331251443981913951e+01,0.000000000000000000e+00
1.758806704033693435e+01,-3.307834315704723593e+01,0.000000000000000000e+00
1.820525280597865248e+01,-3.284314545877463587e+01,0.000000000000000000e+00
1.882552788736662208e+01,-3.260677078022377628e+01,0.000000000000000000e+00
1.944929636783315985e+01,-3.236906489113918894e+01,0.000000000000000000e+00
2.007697108051053902e+01,-3.212987005869964463e+01,0.000000000000000000e+00
2.070897533355843834e+01,-3.188902555264709093e+01,0.000000000000000000e+00
2.134574330669582309e+01,-3.164636587039934668e+01,0.000000000000000000e+00
2.198772132598736206e+01,-3.140172038450993952e+01,0.000000000000000000e+00
2.263536994223122534e+01,-3.115491395166370481e+01,0.000000000000000000e+00
2.328916490821441343e+01,-3.090576569130974249e+01,0.000000000000000000e+00
2.394959800614828538e+01,-3.065408756235752108e+01,0.000000000000000000e+00
2.461717908077682537e+01,-3.039968444876544496e+01,0.000000000000000000e+00
2.529244109687965292e+01,-3.014235754268377576e+01,0.000000000000000000e+00
2.597593075030535559e+01,-2.988189008331203667e+01,0.000000000000000000e+00
2.666822599904671520e+01,-2.961806554283456805e+01,0.000000000000000000e+00
2.736995712861431684e+01,-2.935068561944303767e+01,0.000000000000000000e+00
2.808161847398535116e+01,-2.907936719011315319e+01,0.000000000000000000e+00
2.880422867964552935e+01,-2.880422867964554356e+01,0.000000000000000000e+00
2.953794042826643107e+01,-2.852445750249697554e+01,0.000000000000000000e+00
3.028049326919651563e+01,-2.823701678921565872e+01,0.000000000000000000e+00
3.103192898012193268e+01,-2.794127435606511867e+01,0.000000000000000000e+00
3.179245440656545441e+01,-2.763675897825440941e+01,0.000000000000000000e+00
3.256205951647554997e+01,-2.732281213064729286e+01,0.000000000000000000e+00
3.334088531035819614e+01,-2.699891657691405911e+01,0.000000000000000000e+00
3.412885244078634628e+01,-2.666438186115511755e+01,0.000000000000000000e+00
3.492537020701459483e+01,-2.631815417083531017e+01,0.000000000000000000e+00
3.573085992692451640e+01,-2.595998929911319308e+01,0.000000000000000000e+00
3.654543587747647138e+01,-2.558938968856863383e+01,0.000000000000000000e+00
3.736902255848665533e+01,-2.520572398177605322e+01,0.000000000000000000e+00
3.820153182123025459e+01,-2.480836483648324986e+01,0.000000000000000000e+00
3.904284650329175577e+01,-2.439667819120732872e+01,0.000000000000000000e+00
3.989282246717883140e+01,-2.397002600238565861e+01,0.000000000000000000e+00
4.075130430736673759e+01,-2.352777651168657158e+01,0.000000000000000000e+00
4.161807114207629610e+01,-2.306927353805815528e+01,0.000000000000000000e+00
4.249300729397272391e+01,-2.259393275786530708e+01,0.000000000000000000e+00
4.337551511850293195e+01,-2.210092883780761142e+01,0.000000000000000000e+00
4.424626756020511920e+01,-2.158034661151652145e+01,0.000000000000000000e+00
4.505415698492446097e+01,-2.100909843378783393e+01,0.000000000000000000e+00
4.577543278461454435e+01,-2.038053575812319451e+01,0.000000000000000000e+00
4.642042237151287054e+01,-1.970430025452020573e+01,0.000000000000000000e+00
4.698833322456680861e+01,-1.898451893100644838e+01,0.000000000000000000e+00
4.747138185146361877e+01,-1.822255618620986084e+01,0.000000000000000000e+00
4.786724193564138830e+01,-1.742225126099237187e+01,0.000000000000000000e+00
4.817553364657372583e+01,-1.658816651948074394e+01,0.000000000000000000e+00
4.839786288228885525e+01,-1.572541890603516102e+01,0.000000000000000000e+00
4.853619213468407168e+01,-1.483900309674540274e+01,0.000000000000000000e+00
4.859268678378160899e+01,-1.393372871687241776e+01,0.000000000000000000e+00
4.854529263080815582e+01,-1.300767195675757293e+01,0.000000000000000000e+00
4.840466344060342863e+01,-1.206863806394198235e+01,0.000000000000000000e+00
4.817242147039019784e+01,-1.112147980700724226e+01,0.000000000000000000e+00
4.784578321018807401e+01,-1.016993516956687849e+01,0.000000000000000000e+00
4.742491771282774948e+01,-9.218470165850312981e+00,0.000000000000000000e+00
4.690944627553276547e+01,-8.271401028470684480e+00,0.000000000000000000e+00
4.628630968096553033e+01,-7.331031253507903855e+00,0.000000000000000000e+00
4.557919322050612720e+01,-6.405737860271532469e+00,0.000000000000000000e+00
4.478124143881969843e+01,-5.498445066752460697e+00,0.000000000000000000e+00
4.388730977992069882e+01,-4.612742132286406616e+00,0.000000000000000000e+00
4.289654935699014970e+01,-3.752961773116909594e+00,0.000000000000000000e+00
4.181169577060359188e+01,-2.923758587190244285e+00,0.000000000000000000e+00
4.064669284948669059e+01,-2.130202907441489657e+00,0.000000000000000000e+00
3.938583340455575410e+01,-1.375383609560863363e+00,0.000000000000000000e+00
3.809807216065830460e+01,-6.650043232042450736e-01,0.000000000000000000e+00
3.683283644487389807e+01,-9.021443051146558406e-15,0.000000000000000000e+00
