4.329815985320500715e+01,0.000000000000000000e+00,0.000000000000000000e+00
4.260189076536963881e+01,7.436187693743601113e-01,0.000000000000000000e+00
4.189938272842311306e+01,1.463158686105779482e+00,0.000000000000000000e+00
4.119144276578480657e+01,2.158752040819273965e+00,0.000000000000000000e+00
4.047884865996430648e+01,2.830556837935142234e+00,0.000000000000000000e+00
3.976223638658552773e+01,3.478744920264233098e+00,0.000000000000000000e+00
3.904112047045107659e+01,4.103387110961906892e+00,0.000000000000000000e+00
3.831586556148587874e+01,4.704596728581767806e+00,0.000000000000000000e+00
3.758856792885530496e+01,5.282728711988863957e+00,0.000000000000000000e+00
3.685992401712903899e+01,5.838038435857916042e+00,0.000000000000000000e+00
3.612951277799395200e+01,6.370607902611577167e+00,0.000000000000000000e+00
3.539678078748547563e+01,6.880437191951481068e+00,0.000000000000000000e+00
3.466435983864783310e+01,7.368137139795384982e+00,0.000000000000000000e+00
3.393279994219750506e+01,7.834004142480750055e+00,0.000000000000000000e+00
3.320113396947176199e+01,8.277972424737278345e+00,0.000000000000000000e+00
3.246977631650695884e+01,8.700250342427231942e+00,0.000000000000000000e+00
3.174073549933627447e+01,9.101509445025467215e+00,0.000000000000000000e+00
3.101437865886158107e+01,9.482047122390685701e+00,0.000000000000000000e+00
3.029000834349199067e+01,9.841820309859617311e+00,0.000000000000000000e+00
2.956784169132921036e+01,1.018102435970204489e+01,0.000000000000000000e+00
2.884957765685075870e+01,1.050038753824496673e+01,0.000000000000000000e+00
2.813560621316620214e+01,1.080024732915349084e+01,0.000000000000000000e+00
2.742616678035150457e+01,1.108089065339097345e+01,0.000000000000000000e+00
2.672145138343736193e+01,1.134258316483846052e+01,0.000000000000000000e+00
2.602135481895881952e+01,1.158545359599197688e+01,0.000000000000000000e+00
2.533381326085994800e+01,1.181335113380765200e+01,0.000000000000000000e+00
2.467133235474443254e+01,1.203301279274819180e+01,0.000000000000000000e+00
2.403203509272033855e+01,1.224493348288421579e+01,0.000000000000000000e+00
2.341443703277918686e+01,1.244967700737250205e+01,0.000000000000000000e+00
2.281707323844426938e+01,1.264771022373040310e+01,0.000000000000000000e+00
2.223862021190669935e+01,1.283947336575018383e+01,0.000000000000000000e+00
2.167785969605979091e+01,1.302537219616708697e+01,0.000000000000000000e+00
2.113366414405961535e+01,1.320577901716792191e+01,0.000000000000000000e+00
2.060499385859093024e+01,1.338103946955702028e+01,0.000000000000000000e+00
2.009088465987960603e+01,1.355147281398765458e+01,0.000000000000000000e+00
1.959044214986263199e+01,1.371737527019504732e+01,0.000000000000000000e+00
1.910283532326706890e+01,1.387902226783656090e+01,0.000000000000000000e+00
1.862729111460964759e+01,1.403667066185789203e+01,0.000000000000000000e+00
1.816308808497726091e+01,1.419055965376815287e+01,0.000000000000000000e+00
1.770955152832829427e+01,1.434091206268448815e+01,0.000000000000000000e+00
1.726605130784141551e+01,1.448793728429772543e+01,0.000000000000000000e+00
1.683199691338399617e+01,1.463183168776836673e+01,0.000000000000000000e+00
1.640683258698193825e+01,1.477277841543613057e+01,0.000000000000000000e+00
1.599003701920412723e+01,1.491095074830753120e+01,0.000000000000000000e+00
1.558111938487204995e+01,1.504651208889984026e+01,0.000000000000000000e+00
1.517961503746145802e+01,1.517961503746145624e+01,0.000000000000000000e+00
1.478508696671733880e+01,1.531040574606566373e+01,0.000000000000000000e+00
1.439712031555695404e+01,1.543902134086395961e+01,0.000000000000000000e+00
1.401532166713852767e+01,1.556559164288079522e+01,0.000000000000000000e+00
1.363931876662202924e+01,1.569024140513860743e+01,0.000000000000000000e+00
1.326875545087351327e+01,1.581308697783251738e+01,0.000000000000000000e+00
1.290329458152228170e+01,1.593424178865599927e+01,0.000000000000000000e+00
1.254261246920507844e+01,1.605381187579961022e+01,0.000000000000000000e+00
1.218640087762488911e+01,1.617190017884253095e+01,0.000000000000000000e+00
1.183436393732156233e+01,1.628860456360545328e+01,0.000000000000000000e+00
1.148621768515316433e+01,1.640401889205752184e+01,0.000000000000000000e+00
1.114168963647844279e+01,1.651823417832584440e+01,0.000000000000000000e+00
1.080051636647247726e+01,1.663133674383695038e+01,0.000000000000000000e+00
1.046244483080162624e+01,1.674341172091889263e+01,0.000000000000000000e+00
1.012722890908306894e+01,1.685453928645397070e+01,0.000000000000000000e+00
9.794631582614053755e+00,1.696479954250629874e+01,0.000000000000000000e+00
9.464421137070868184e+00,1.707426770727611043e+01,0.000000000000000000e+00
9.136373618449233902e+00,1.718301966150950122e+01,0.000000000000000000e+00
8.810269085567904668e+00,1.729112666366282269e+01,0.000000000000000000e+00
8.485894039064644900e+00,1.739866114752908999e+01,0.000000000000000000e+00
8.163037903082253521e+00,1.750569127554172510e+01,0.000000000000000000e+00
7.841495281475237888e+00,1.761228676458977560e+01,0.000000000000000000e+00
7.521062743513794224e+00,1.771851345781584897e+01,0.000000000000000000e+00
7.201540831415531585e+00,1.782443903617724601e+01,0.000000000000000000e+00
6.882731185604963997e+00,1.793012774684649102e+01,0.000000000000000000e+00
6.564438253586045491e+00,1.803564587313178791e+01,0.000000000000000000e+00
6.246466775107096581e+00,1.814105675530664286e+01,0.000000000000000000e+00
5.928623157591498938e+00,1.824642589023532224e+01,0.000000000000000000e+00
5.610713326550869517e+00,1.835181637571277236e+01,0.000000000000000000e+00
5.292543752379302191e+00,1.845729352670754153e+01,0.000000000000000000e+00
4.973919649240822416e+00,1.856292084373191997e+01,0.000000000000000000e+00
4.654645663389956667e+00,1.866876407908972979e+01,0.000000000000000000e+00
4.334524377415454488e+00,1.877488776727159703e+01,0.000000000000000000e+00
4.013356695958764320e+00,1.888135875188455515e+01,0.000000000000000000e+00
3.690940588271436784e+00,1.898824322609963033e+01,0.000000000000000000e+00
3.367071226432296616e+00,1.909560983182338134e+01,0.000000000000000000e+00
3.041539883958776169e+00,1.920352704928927068e+01,0.000000000000000000e+00
2.714133888939216810e+00,1.931206609585497347e+01,0.000000000000000000e+00
2.384635594289605809e+00,1.942129838437362110e+01,0.000000000000000000e+00
2.052822200058411095e+00,1.953129857107475331e+01,0.000000000000000000e+00
1.718464724646183273e+00,1.964214168315625386e+01,0.000000000000000000e+00
1.381327724348420993e+00,1.975390677705009779e+01,0.000000000000000000e+00
1.041168226521846485e+00,1.986667324518287003e+01,0.000000000000000000e+00
6.977353287138817750e-01,1.998052559748903434e+01,0.000000000000000000e+00
3.507691035079260056e-01,2.009554848122511927e+01,0.000000000000000000e+00
1.237617826279370652e-15,2.021183294874976966e+01,0.000000000000000000e+00
-3.548522203010300302e-01,2.032947008563584390e+01,0.000000000000000000e+00
-7.140793962894190772e-01,2.044855845625540880e+01,0.000000000000000000e+00
-1.077985954024930582e+00,2.056919733620087953e+01,0.000000000000000000e+00
-1.446890175826645475e+00,2.069149351461208752e+01,0.000000000000000000e+00
-1.821125242552629642e+00,2.081555677225547996e+01,0.000000000000000000e+00
-2.201040647237887171e+00,2.094150289637925155e+01,0.000000000000000000e+00
-2.587003722215695856e+00,2.106945452418439757e+01,0.000000000000000000e+00
-2.979400799203731243e+00,2.119953823750155664e+01,0.000000000000000000e+00
-3.378639581758877686e+00,2.133189077687114121e+01,0.000000000000000000e+00
-3.785150240329912208e+00,2.146665374250463998e+01,0.000000000000000000e+00
-4.199387936502538388e+00,2.160397807335140641e+01,0.000000000000000000e+00
-4.621835092188571359e+00,2.174402453575450522e+01,0.000000000000000000e+00
-5.053003205115865981e+00,2.188696147563990380e+01,0.000000000000000000e+00
-5.493436510465842026e+00,2.203297041576607995e+01,0.000000000000000000e+00
-5.943713910535499245e+00,2.218224229977237272e+01,0.000000000000000000e+00
-6.404453020432126387e+00,2.233498196835554594e+01,0.000000000000000000e+00
-6.876315613314688768e+00,2.249141492933373954e+01,0.000000000000000000e+00
-7.359998943620661649e+00,2.265174758240857500e+01,0.000000000000000000e+00
-7.856277148258195453e+00,2.281628555200746433e+01,0.000000000000000000e+00
-8.365958178052181893e+00,2.298528118630010297e+01,0.000000000000000000e+00
-8.889022448791219944e+00,2.315669517716372638e+01,0.000000000000000000e+00
-9.420575794538269321e+00,2.331674330067344059e+01,0.000000000000000000e+00
-9.955974869987441522e+00,2.345480695154174811e+01,0.000000000000000000e+00
-1.049337199241021779e+01,2.356849937720991406e+01,0.000000000000000000e+00
-1.103144473844753826e+01,2.365700958481951588e+01,0.000000000000000000e+00
-1.156860129712551810e+01,2.371914768119567185e+01,0.000000000000000000e+00
-1.210502928461119865e+01,2.375745764342543609e+01,0.000000000000000000e+00
-1.264011170340633328e+01,2.377259260553021392e+01,0.000000000000000000e+00
-1.317303796418649142e+01,2.376478956939589082e+01,0.000000000000000000e+00
-1.370263145585082398e+01,2.373365387892513212e+01,0.000000000000000000e+00
-1.422653695236891380e+01,2.367693355472905026e+01,0.000000000000000000e+00
-1.474496691635467727e+01,2.359687968581033957e+01,0.000000000000000000e+00
-1.525765240586218674e+01,2.349472436984845203e+01,0.000000000000000000e+00
-1.576420831653925880e+01,2.337139994960504552e+01,0.000000000000000000e+00
-1.626316923508287715e+01,2.322621272639331025e+01,0.000000000000000000e+00
-1.675149178230442004e+01,2.305645043008524553e+01,0.000000000000000000e+00
-1.723079765704965993e+01,2.286604080317683696e+01,0.000000000000000000e+00
-1.770100504557905197e+01,2.265625328949638018e+01,0.000000000000000000e+00
-1.815995278453607753e+01,2.242567405643440281e+01,0.000000000000000000e+00
-1.860619170865275862e+01,2.217399581328352198e+01,0.000000000000000000e+00
-1.904019951553628687e+01,2.190324398985770671e+01,0.000000000000000000e+00
-1.946179755242284060e+01,2.161451592279296108e+01,0.000000000000000000e+00
-1.986893064447849966e+01,2.130681952478929730e+01,0.000000000000000000e+00
-2.026085902905898450e+01,2.098073370802796234e+01,0.000000000000000000e+00
-2.063740688406648260e+01,2.063740688406648260e+01,0.000000000000000000e+00
-2.099823485468136042e+01,2.027775968992843403e+01,0.000000000000000000e+00
-2.134267021028102818e+01,1.990236194954792381e+01,0.000000000000000000e+00
-2.166971210164001604e+01,1.951149641508652621e+01,0.000000000000000000e+00
-2.197890080134003199e+01,1.910596697838332858e+01,0.000000000000000000e+00
-2.227023933701969938e+01,1.868694961392299447e+01,0.000000000000000000e+00
-2.254311186657944077e+01,1.825505204808493787e+01,0.000000000000000000e+00
-2.279619207181215401e+01,1.781033720479322824e+01,0.000000000000000000e+00
-2.302979329675080677e+01,1.735419401179674637e+01,0.000000000000000000e+00
-2.325008693639986390e+01,1.689217693911637497e+01,0.000000000000000000e+00
-2.346482869479843814e+01,1.643024993489738250e+01,0.000000000000000000e+00
-2.367984192790955689e+01,1.597225505785739053e+01,0.000000000000000000e+00
-2.389513578638602453e+01,1.551768262016464739e+01,0.000000000000000000e+00
-2.410971460123367649e+01,1.506542173759174119e+01,0.000000000000000000e+00
-2.432287626060250929e+01,1.461465848647638488e+01,0.000000000000000000e+00
-2.453488947228210648e+01,1.416522504135978799e+01,0.000000000000000000e+00
-2.474619434715298638e+01,1.371703951563624990e+01,0.000000000000000000e+00
-2.495715711780868773e+01,1.326995582699629850e+01,0.000000000000000000e+00
-2.516788954743112683e+01,1.282368023448098526e+01,0.000000000000000000e+00
-2.537843623094002510e+01,1.237789039667001667e+01,0.000000000000000000e+00
-2.558884862249423620e+01,1.193227607603805218e+01,0.000000000000000000e+00
-2.579926318848574951e+01,1.148657203133843296e+01,0.000000000000000000e+00
-2.600983241254334999e+01,1.104051883295697145e+01,0.000000000000000000e+00
-2.622069855973348496e+01,1.059384987785045773e+01,0.000000000000000000e+00
-2.643199724948993889e+01,1.014629311823421887e+01,0.000000000000000000e+00
-2.664385438795528316e+01,9.697569923338674514e+00,0.000000000000000000e+00
-2.685638847788827377e+01,9.247396146171345421e+00,0.000000000000000000e+00
-2.706973755750539823e+01,8.795490904289151146e+00,0.000000000000000000e+00
-2.728404248325240999e+01,8.341568901351807952e+00,0.000000000000000000e+00
-2.749943550100891798e+01,7.885336240886275938e+00,0.000000000000000000e+00
-2.771606059640222242e+01,7.426496054178045370e+00,0.000000000000000000e+00
-2.793406213405058125e+01,6.964743923180150453e+00,0.000000000000000000e+00
-2.815357698340237036e+01,6.499765391872386111e+00,0.000000000000000000e+00
-2.837476694459344984e+01,6.031242899930981949e+00,0.000000000000000000e+00
-2.859780060205959984e+01,5.558849321687182155e+00,0.000000000000000000e+00
-2.882283476931883115e+01,5.082243430332953338e+00,0.000000000000000000e+00
-2.905001776460876428e+01,4.601070805065399227e+00,0.000000000000000000e+00
-2.927948613078018880e+01,4.114963420476950517e+00,0.000000000000000000e+00
-2.951139749669689039e+01,3.623543983263007195e+00,0.000000000000000000e+00
-2.974605654129616283e+01,3.126436524942514783e+00,0.000000000000000000e+00
-2.998379897853252984e+01,2.623242500061790050e+00,0.000000000000000000e+00
-3.022476925962068250e+01,2.113521756053496237e+00,0.000000000000000000e+00
-3.046868193233542499e+01,1.596795957755019479e+00,0.000000000000000000e+00
-3.071517306059092789e+01,1.072597478348026989e+00,0.000000000000000000e+00
-3.096385961957394883e+01,5.404761800878755684e-01,0.000000000000000000e+00
-3.121434017817177775e+01,3.822654178669469272e-15,0.000000000000000000e+00
-3.121749633746066621e+01,-5.449034254667607380e-01,0.000000000000000000e+00
-3.146706869439305621e+01,-1.098854252457888814e+00,0.000000000000000000e+00
-3.172132470708220708e+01,-1.662444183814437482e+00,0.000000000000000000e+00
-3.198020751868231670e+01,-2.236273957073321217e+00,0.000000000000000000e+00
-3.224387131678567187e+01,-2.820973208407446364e+00,0.000000000000000000e+00
-3.251271027480067488e+01,-3.417223549847412389e+00,0.000000000000000000e+00
-3.278710548203871156e+01,-4.025750349889348101e+00,0.000000000000000000e+00
-3.306741383564098413e+01,-4.647321941910393939e+00,0.000000000000000000e+00
-3.335397069158445760e+01,-5.282749980587587046e+00,0.000000000000000000e+00
-3.364714994106414991e+01,-5.932900358552852360e+00,0.000000000000000000e+00
-3.394733586376217005e+01,-6.598693639600044847e+00,0.000000000000000000e+00
-3.425507969947924636e+01,-7.281141960653873646e+00,0.000000000000000000e+00
-3.457098500979723354e+01,-7.981340774640844238e+00,0.000000000000000000e+00
-3.489522425752765145e+01,-8.700356572894275331e+00,0.000000000000000000e+00
-3.522786183446051922e+01,-9.439277129618849571e+00,0.000000000000000000e+00
-3.557104703969534398e+01,-1.019983360524213722e+01,0.000000000000000000e+00
-3.592505662327377536e+01,-1.098339204287443849e+01,0.000000000000000000e+00
-3.627127833006179713e+01,-1.178525273698288700e+01,0.000000000000000000e+00
-3.658926907965084752e+01,-1.259869569420952651e+01,0.000000000000000000e+00
-3.687517247325465775e+01,-1.342146516369711051e+01,0.000000000000000000e+00
-3.712872975578385137e+01,-1.425238401979470559e+01,0.000000000000000000e+00
-3.735056074801893544e+01,-1.509060609184884072e+01,0.000000000000000000e+00
-3.754148784697592589e+01,-1.593541615408020817e+01,0.000000000000000000e+00
-3.770190183508209003e+01,-1.678596818766506615e+01,0.000000000000000000e+00
-3.783153800692235791e+01,-1.764113589240978186e+01,0.000000000000000000e+00
-3.793011183660905061e+01,-1.849975163066192962e+01,0.000000000000000000e+00
-3.799737883482726630e+01,-1.936063153042543306e+01,0.000000000000000000e+00
-3.803313524393174561e+01,-2.022257672485510938e+01,0.000000000000000000e+00
-3.803721869766000196e+01,-2.108437461620144049e+01,0.000000000000000000e+00
-3.800960203209676536e+01,-2.194485396502161834e+01,0.000000000000000000e+00
-3.795064205138648816e+01,-2.280304627548944651e+01,0.000000000000000000e+00
-3.786071716029535139e+01,-2.365800179477610143e+01,0.000000000000000000e+00
-3.774020620451081243e+01,-2.450877647804912129e+01,0.000000000000000000e+00
-3.758951197815358825e+01,-2.535444597321498961e+01,0.000000000000000000e+00
-3.740906047905317422e+01,-2.619410614477595090e+01,0.000000000000000000e+00
-3.719930015404466417e+01,-2.702687357394981404e+01,0.000000000000000000e+00
-3.696069905026608637e+01,-2.785188446395849482e+01,0.000000000000000000e+00
-3.669354031865834287e+01,-2.866813563661244402e+01,0.000000000000000000e+00
-3.639776526211996099e+01,-2.947432915324463920e+01,0.000000000000000000e+00
-3.607332852521812327e+01,-3.026911666084737718e+01,0.000000000000000000e+00
-3.572049512055104969e+01,-3.105135267652426734e+01,0.000000000000000000e+00
-3.534035932262965929e+01,-3.182060246103461765e+01,0.000000000000000000e+00
-3.493411019906680082e+01,-3.257658478142533198e+01,0.000000000000000000e+00
-3.450222568614428553e+01,-3.331841205096984027e+01,0.000000000000000000e+00
-3.404472854473085874e+01,-3.404472854473084453e+01,0.000000000000000000e+00
-3.356237391689126781e+01,-3.475485559371482225e+01,0.000000000000000000e+00
-3.305649980533959109e+01,-3.544875605418314990e+01,0.000000000000000000e+00
-3.252692950480783196e+01,-3.612481497700647282e+01,0.000000000000000000e+00
-3.197297170148186041e+01,-3.678069653035606734e+01,0.000000000000000000e+00
-3.139681544295901006e+01,-3.741726760016375408e+01,0.000000000000000000e+00
-3.079985182591138226e+01,-3.803464944151891558e+01,0.000000000000000000e+00
-3.018110339061149361e+01,-3.863005073516735877e+01,0.000000000000000000e+00
-2.954321150640582516e+01,-3.920516584361237022e+01,0.000000000000000000e+00
-2.888685555270568628e+01,-3.975934572200642236e+01,0.000000000000000000e+00
-2.820930514506317621e+01,-4.028706291450202315e+01,0.000000000000000000e+00
-2.751440510840957288e+01,-4.079178308557553834e+01,0.000000000000000000e+00
-2.680381355243750363e+01,-4.127425338601702265e+01,0.000000000000000000e+00
-2.607745627762538376e+01,-4.173265371064218954e+01,0.000000000000000000e+00
-2.533564289363908628e+01,-4.216559064004320589e+01,0.000000000000000000e+00
-2.457814090225739534e+01,-4.257058879829652653e+01,0.000000000000000000e+00
-2.380738772906117617e+01,-4.294966439148928572e+01,0.000000000000000000e+00
-2.302448824212025258e+01,-4.330276438801101335e+01,0.000000000000000000e+00
-2.223009765403532967e+01,-4.362902319421512232e+01,0.000000000000000000e+00
-2.142514274929436624e+01,-4.392805248526300232e+01,0.000000000000000000e+00
-2.061049806525493011e+01,-4.419935573608800894e+01,0.000000000000000000e+00
-1.978708836318216058e+01,-4.444252811219932653e+01,0.000000000000000000e+00
-1.895585768534722959e+01,-4.465720217424362914e+01,0.000000000000000000e+00
-1.811776461968603158e+01,-4.484304102347576304e+01,0.000000000000000000e+00
-1.727379815234863969e+01,-4.499978267241137075e+01,0.000000000000000000e+00
-1.642493928312189055e+01,-4.512714979629048884e+01,0.000000000000000000e+00
-1.557186673865613891e+01,-4.522398476812350054e+01,0.000000000000000000e+00
-1.471597555838052429e+01,-4.529111570950112764e+01,0.000000000000000000e+00
-1.385829742565062084e+01,-4.532844842242130312e+01,0.000000000000000000e+00
-1.299984288476492011e+01,-4.533583984399170674e+01,0.000000000000000000e+00
-1.214163594835814308e+01,-4.531320224627734206e+01,0.000000000000000000e+00
-1.128470340477300127e+01,-4.526047325647057562e+01,0.000000000000000000e+00
-1.043007733198859377e+01,-4.517762833042659310e+01,0.000000000000000000e+00
-9.578792855331540679e+00,-4.506467727964976433e+01,0.000000000000000000e+00
-8.731887612839987156e+00,-4.492166748563720091e+01,0.000000000000000000e+00
-7.890400297449695621e+00,-4.474868375643261942e+01,0.000000000000000000e+00
-7.055370658919251525e+00,-4.454585718434523045e+01,0.000000000000000000e+00
-6.227834384009080182e+00,-4.431334421200168094e+01,0.000000000000000000e+00
-5.408834281326909910e+00,-4.405142015863146554e+01,0.000000000000000000e+00
-4.599378263918450394e+00,-4.376016106574974174e+01,0.000000000000000000e+00
-3.800555000332416888e+00,-4.344054243332064402e+01,0.000000000000000000e+00
-3.013219856515849226e+00,-4.309105152613038570e+01,0.000000000000000000e+00
-2.238693577909707688e+00,-4.271681816203407323e+01,0.000000000000000000e+00
-1.478541237789676055e+00,-4.233988137457988898e+01,0.000000000000000000e+00
-7.325797962604684299e-01,-4.196946841923182348e+01,0.000000000000000000e+00
-7.642855393539705411e-15,-4.160576692458570847e+01,0.000000000000000000e+00
7.199909739268407494e-01,-4.124825527076271925e+01,0.000000000000000000e+00
1.428142529936835992e+00,-4.089665121137475978e+01,0.000000000000000000e+00
2.125164965560001118e+00,-4.055056319182151015e+01,0.000000000000000000e+00
2.811733866857710762e+00,-4.020966763262626387e+01,0.000000000000000000e+00
3.488491759361493916e+00,-3.987364326725393937e+01,0.000000000000000000e+00
4.156051213108457709e+00,-3.954218593192795339e+01,0.000000000000000000e+00
4.814997259554833597e+00,-3.921500573156279756e+01,0.000000000000000000e+00
5.465889449723126958e+00,-3.889182429645921957e+01,0.000000000000000000e+00
6.109264060047520317e+00,-3.857237521267488489e+01,0.000000000000000000e+00
6.745636076729105035e+00,-3.825640324371119050e+01,0.000000000000000000e+00
7.375500845244996384e+00,-3.794366249319767803e+01,0.000000000000000000e+00
7.999335675693511227e+00,-3.763391547569301565e+01,0.000000000000000000e+00
8.617601596037884448e+00,-3.732693340743075083e+01,0.000000000000000000e+00
9.230744786762839382e+00,-3.702249519308384151e+01,0.000000000000000000e+00
9.839197714809477802e+00,-3.672038577738450726e+01,0.000000000000000000e+00
1.044338056028089312e+01,-3.642039620845092429e+01,0.000000000000000000e+00
1.104370268218747952e+01,-3.612232383579324591e+01,0.000000000000000000e+00
1.164056337904561111e+01,-3.582597027513384091e+01,0.000000000000000000e+00
1.223435303147141617e+01,-3.553114115532551409e+01,0.000000000000000000e+00
1.282545460618403688e+01,-3.523764692473098137e+01,0.000000000000000000e+00
1.341424419289181102e+01,-3.494530085803486941e+01,0.000000000000000000e+00
1.400109192691712146e+01,-3.465391856178560914e+01,0.000000000000000000e+00
1.458636352344690934e+01,-3.436331901547772105e+01,0.000000000000000000e+00
1.517042067257139770e+01,-3.407332270619205872e+01,0.000000000000000000e+00
1.575362182211676298e+01,-3.378375102061977486e+01,0.000000000000000000e+00
1.633632375879328080e+01,-3.349442735993699216e+01,0.000000000000000000e+00
1.691888189211324800e+01,-3.320517534286233285e+01,0.000000000000000000e+00
1.750165097949265203e+01,-3.291581818438641704e+01,0.000000000000000000e+00
1.808498677675600419e+01,-3.262617979872010210e+01,0.000000000000000000e+00
1.866924624431555202e+01,-3.233608303416897201e+01,0.000000000000000000e+00
1.925478827062093501e+01,-3.204534905579784265e+01,0.000000000000000000e+00
1.984197541789231067e+01,-3.175379838563681290e+01,0.000000000000000000e+00
2.043117411766997904e+01,-3.146124919339536063e+01,0.000000000000000000e+00
2.102275540420482969e+01,-3.116751661286440367e+01,0.000000000000000000e+00
2.161709678561049230e+01,-3.087241368592099988e+01,0.000000000000000000e+00
2.221458255153705963e+01,-3.057574979475001342e+01,0.000000000000000000e+00
2.281560448766780169e+01,-3.027732978749897441e+01,0.000000000000000000e+00
2.342056386751519526e+01,-2.997695474346962996e+01,0.000000000000000000e+00
2.402987209767076848e+01,-2.967442072531460084e+01,0.000000000000000000e+00
2.464395138239482819e+01,-2.936951759568608722e+01,0.000000000000000000e+00
2.526323669419499751e+01,-2.906202935714848579e+01,0.000000000000000000e+00
2.588817713717923041e+01,-2.875173351466627381e+01,0.000000000000000000e+00
2.651923660112505843e+01,-2.843839954478785970e+01,0.000000000000000000e+00
2.715689546397456056e+01,-2.812178848138731624e+01,0.000000000000000000e+00
2.780165289890848612e+01,-2.780165289890850033e+01,0.000000000000000000e+00
2.845402786812787355e+01,-2.747773531029877248e+01,0.000000000000000000e+00
2.911456074419537998e+01,-2.714976712023352690e+01,0.000000000000000000e+00
2.978381558050393707e+01,-2.681746800330675384e+01,0.000000000000000000e+00
3.046238264198148116e+01,-2.648054523295773777e+01,0.000000000000000000e+00
3.115088010698177357e+01,-2.613869200861609343e+01,0.000000000000000000e+00
3.184995647839006949e+01,-2.579158621415617958e+01,0.000000000000000000e+00
3.256029334381931761e+01,-2.543888918436841706e+01,0.000000000000000000e+00
3.328260859082026712e+01,-2.508024450159865992e+01,0.000000000000000000e+00
3.401765950043947839e+01,-2.471527633027489657e+01,0.000000000000000000e+00
3.476624606200775958e+01,-2.434358756787149503e+01,0.000000000000000000e+00
3.552921456316036597e+01,-2.396475781957368056e+01,0.000000000000000000e+00
3.630746249367428646e+01,-2.357834183312590071e+01,0.000000000000000000e+00
3.710194153034931475e+01,-2.318386615864719147e+01,0.000000000000000000e+00
3.791366572143964220e+01,-2.278082865498824106e+01,0.000000000000000000e+00
3.874371338757263317e+01,-2.236869335372079348e+01,0.000000000000000000e+00
3.959322881592303389e+01,-2.194688510890672362e+01,0.000000000000000000e+00
4.046347923619681097e+01,-2.151481354772425192e+01,0.000000000000000000e+00
4.135565337517463291e+01,-2.107175787512165499e+01,0.000000000000000000e+00
4.227137264256932525e+01,-2.061712600119245309e+01,0.000000000000000000e+00
4.318441502353785211e+01,-2.013722343841950391e+01,0.000000000000000000e+00
4.404074079875645253e+01,-1.960820112584434582e+01,0.000000000000000000e+00
4.483485620093426149e+01,-1.903126734567568334e+01,0.000000000000000000e+00
4.556353402484695891e+01,-1.840886268777068580e+01,0.000000000000000000e+00
4.622998194895173896e+01,-1.774602741053907806e+01,0.000000000000000000e+00
4.683392797229745241e+01,-1.704615573568354492e+01,0.000000000000000000e+00
4.737145460131270625e+01,-1.631129990092978232e+01,0.000000000000000000e+00
4.783913953743385150e+01,-1.554387868654663762e+01,0.000000000000000000e+00
4.823626225144437996e+01,-1.474730532915272008e+01,0.000000000000000000e+00
4.856337745118077720e+01,-1.392532440098946012e+01,0.000000000000000000e+00
4.881979379636486982e+01,-1.308122432238989674e+01,0.000000000000000000e+00
4.900411782062042221e+01,-1.221809882730721775e+01,0.000000000000000000e+00
4.911504600158721701e+01,-1.133910182743528061e+01,0.000000000000000000e+00
4.915137697592274435e+01,-1.044744769134925555e+01,0.000000000000000000e+00
4.911082944609910328e+01,-9.546178209742503640e+00,0.000000000000000000e+00
4.898956083276200957e+01,-8.638181347874644089e+00,0.000000000000000000e+00
4.879489050489214463e+01,-7.728351423314385293e+00,0.000000000000000000e+00
4.852501244399081770e+01,-6.819745752822422347e+00,0.000000000000000000e+00
4.818740340482374052e+01,-5.916669168112443700e+00,0.000000000000000000e+00
4.776411420641223771e+01,-5.020210696807388295e+00,0.000000000000000000e+00
4.727069588165185365e+01,-4.135650006626127251e+00,0.000000000000000000e+00
4.669844860847120316e+01,-3.265473633898225536e+00,0.000000000000000000e+00
4.605513882456590125e+01,-2.413647550367696404e+00,0.000000000000000000e+00
4.537671061132516570e+01,-1.584589651551822742e+00,0.000000000000000000e+00
4.468939848644996005e+01,-7.800563521840144787e-01,0.000000000000000000e+00
4.399412525446108191e+01,-1.077545293483269982e-14,0.000000000000000000e+00
