3.634036189568841024e+01,0.000000000000000000e+00,0.000000000000000000e+00
3.552006735039784502e+01,6.200050818558557886e-01,0.000000000000000000e+00
3.470483318051775967e+01,1.211919479746419004e+00,0.000000000000000000e+00
3.389499715084025411e+01,1.776361529480546597e+00,0.000000000000000000e+00
3.309017780601448777e+01,2.313890640618497141e+00,0.000000000000000000e+00
3.229248291866444021e+01,2.825226172487681264e+00,0.000000000000000000e+00
3.150292926384006620e+01,3.311091288904609797e+00,0.000000000000000000e+00
3.072235868407977577e+01,3.772231320926272780e+00,0.000000000000000000e+00
2.995006966052677910e+01,4.209207789485202689e+00,0.000000000000000000e+00
2.918584782103262043e+01,4.622584172531339242e+00,0.000000000000000000e+00
2.843285144421460231e+01,5.013478848090678675e+00,0.000000000000000000e+00
2.769028596735114789e+01,5.382446346445544094e+00,0.000000000000000000e+00
2.695727477256137661e+01,5.729945637649672463e+00,0.000000000000000000e+00
2.623774567894186305e+01,6.057460884109868715e+00,0.000000000000000000e+00
2.552723857998612544e+01,6.364655413249332483e+00,0.000000000000000000e+00
2.483132539965281183e+01,6.653533587831396368e+00,0.000000000000000000e+00
2.414570218123423473e+01,6.923668686375300751e+00,0.000000000000000000e+00
2.347423242772334717e+01,7.176793076846843533e+00,0.000000000000000000e+00
2.281619133871808813e+01,7.413429958968150046e+00,0.000000000000000000e+00
2.217020354726447451e+01,7.633813273575646541e+00,0.000000000000000000e+00
2.153859451119907575e+01,7.839407290005867779e+00,0.000000000000000000e+00
2.092132844136868997e+01,8.030945553804990311e+00,0.000000000000000000e+00
2.031820303145023487e+01,8.209086886549279427e+00,0.000000000000000000e+00
1.972920590630105053e+01,8.374551051038585214e+00,0.000000000000000000e+00
1.915447103530015838e+01,8.528119956827124426e+00,0.000000000000000000e+00
1.859154559380119665e+01,8.669380087327319018e+00,0.000000000000000000e+00
1.804918724450749323e+01,8.803176816273564853e+00,0.000000000000000000e+00
1.752908064895578732e+01,8.931512696883292080e+00,0.000000000000000000e+00
1.702950752993173467e+01,9.054749770214876037e+00,0.000000000000000000e+00
1.654905485677427635e+01,9.173290900098388434e+00,0.000000000000000000e+00
1.608633138867276458e+01,9.287447757523743519e+00,0.000000000000000000e+00
1.564012348668016728e+01,9.397534279874129481e+00,0.000000000000000000e+00
1.520929834061589148e+01,9.503824397096261478e+00,0.000000000000000000e+00
1.479282540616407715e+01,9.606573143608001075e+00,0.000000000000000000e+00
1.438975896908756802e+01,9.706014979959261879e+00,0.000000000000000000e+00
1.399922750035501551e+01,9.802364624861253262e+00,0.000000000000000000e+00
1.362042663858759717e+01,9.895819202510992341e+00,0.000000000000000000e+00
1.325261642072282875e+01,9.986562778294482357e+00,0.000000000000000000e+00
1.289511060907037532e+01,1.007476457108096568e+01,0.000000000000000000e+00
1.254727169374143259e+01,1.016058027775148354e+01,0.000000000000000000e+00
1.220851138157995486e+01,1.024415739750736343e+01,0.000000000000000000e+00
1.187827834022423090e+01,1.032562982924666173e+01,0.000000000000000000e+00
1.155606187086728376e+01,1.040512484468496446e+01,0.000000000000000000e+00
1.124138401010078425e+01,1.048276017848566433e+01,0.000000000000000000e+00
1.093379737528244355e+01,1.055864539132530489e+01,0.000000000000000000e+00
1.063288493843794136e+01,1.063288493843793958e+01,0.000000000000000000e+00
1.033825259172872180e+01,1.070557395035901038e+01,0.000000000000000000e+00
1.004953355631829659e+01,1.077680533613881231e+01,0.000000000000000000e+00
9.766378883827334434e+00,1.084666261294220213e+01,0.000000000000000000e+00
9.488463442997808528e+00,1.091522857789616729e+01,0.000000000000000000e+00
9.215476649058203407e+00,1.098257740398316429e+01,0.000000000000000000e+00
8.947128002364618027e+00,1.104878292927519823e+01,0.000000000000000000e+00
8.683139694486424531e+00,1.111391199312146760e+01,0.000000000000000000e+00
8.423249949250218194e+00,1.117803022636688581e+01,0.000000000000000000e+00
8.167209150167384024e+00,1.124119901499712526e+01,0.000000000000000000e+00
7.914779313439631814e+00,1.130347630029253381e+01,0.000000000000000000e+00
7.665734978440124969e+00,1.136491947399818336e+01,0.000000000000000000e+00
7.419858196630039870e+00,1.142557967346305325e+01,0.000000000000000000e+00
7.176943581669227079e+00,1.148551062672481393e+01,0.000000000000000000e+00
6.936790936049969325e+00,1.154475882822300470e+01,0.000000000000000000e+00
6.699210619340807860e+00,1.160337316330324064e+01,0.000000000000000000e+00
6.464018640633230284e+00,1.166139831866701826e+01,0.000000000000000000e+00
6.231037548460905739e+00,1.171887722395715059e+01,0.000000000000000000e+00
6.000097286317265244e+00,1.177585396817920760e+01,0.000000000000000000e+00
5.771030948509327629e+00,1.183236692360168085e+01,0.000000000000000000e+00
5.543678960825314306e+00,1.188845789657312402e+01,0.000000000000000000e+00
5.317884644889859125e+00,1.194416447180318741e+01,0.000000000000000000e+00
5.093495585443318596e+00,1.199952362527947791e+01,0.000000000000000000e+00
4.870363968503231611e+00,1.205457382979476932e+01,0.000000000000000000e+00
4.648343420490405720e+00,1.210934861366093429e+01,0.000000000000000000e+00
4.427292055150802597e+00,1.216388495085767296e+01,0.000000000000000000e+00
4.207069539199343566e+00,1.221821711888134310e+01,0.000000000000000000e+00
3.987537302709946552e+00,1.227237791042261428e+01,0.000000000000000000e+00
3.768559634461213115e+00,1.232640314829109407e+01,0.000000000000000000e+00
3.550000833187020532e+00,1.238032418130367596e+01,0.000000000000000000e+00
3.331727124540720730e+00,1.243417490574132955e+01,0.000000000000000000e+00
3.113605366104052141e+00,1.248798903692501838e+01,0.000000000000000000e+00
2.895502048867127254e+00,1.254179726860830790e+01,0.000000000000000000e+00
2.677284787204986749e+00,1.259563462153319158e+01,0.000000000000000000e+00
2.458820107356105122e+00,1.264953285784739201e+01,0.000000000000000000e+00
2.239974112898868164e+00,1.270352446289765247e+01,0.000000000000000000e+00
2.020612390556539406e+00,1.275764454144750815e+01,0.000000000000000000e+00
1.800598538579230246e+00,1.281192432357588729e+01,0.000000000000000000e+00
1.579795197182923827e+00,1.286639937110816412e+01,0.000000000000000000e+00
1.358062769466053643e+00,1.292110414041090394e+01,0.000000000000000000e+00
1.135259193749679207e+00,1.297607196174951305e+01,0.000000000000000000e+00
9.112401295053731420e-01,1.303134097177926698e+01,0.000000000000000000e+00
6.858577491280145599e-01,1.308694545944921472e+01,0.000000000000000000e+00
4.589610064182871874e-01,1.314292362677588599e+01,0.000000000000000000e+00
2.303948915404516740e-01,1.319931449627555864e+01,0.000000000000000000e+00
8.117053977445745601e-16,1.325615513484729746e+01,0.000000000000000000e+00
-2.323878119602914849e-01,1.331348883066126376e+01,0.000000000000000000e+00
-4.669380092191651177e-01,1.337135509942048550e+01,0.000000000000000000e+00
-7.038259049374864240e-01,1.342979829647623369e+01,0.000000000000000000e+00
-9.432332374297742739e-01,1.348886373072111589e+01,0.000000000000000000e+00
-1.185348556857313218e+00,1.354859600188175861e+01,0.000000000000000000e+00
-1.430368412259678035e+00,1.360904637804629580e+01,0.000000000000000000e+00
-1.678497139997145560e+00,1.367026218650133806e+01,0.000000000000000000e+00
-1.929948768087583977e+00,1.373229903020310516e+01,0.000000000000000000e+00
-2.184946655372424829e+00,1.379521025484180008e+01,0.000000000000000000e+00
-2.443725205304272841e+00,1.385905432898368161e+01,0.000000000000000000e+00
-2.706530357110835450e+00,1.392389161802010911e+01,0.000000000000000000e+00
-2.973620674482680304e+00,1.398978535933886214e+01,0.000000000000000000e+00
-3.245269479337068219e+00,1.405680645529922757e+01,0.000000000000000000e+00
-3.521763648789133505e+00,1.412502249498307805e+01,0.000000000000000000e+00
-3.803405935679554428e+00,1.419450419376513750e+01,0.000000000000000000e+00
-4.090517684318508707e+00,1.426533045507903985e+01,0.000000000000000000e+00
-4.383448766750449366e+00,1.433761487671679014e+01,0.000000000000000000e+00
-4.682558386206481238e+00,1.441143285708961663e+01,0.000000000000000000e+00
-4.988197992155083860e+00,1.448677886881750254e+01,0.000000000000000000e+00
-5.300802199757560729e+00,1.456383434882928896e+01,0.000000000000000000e+00
-5.620951294166183665e+00,1.464307874960879730e+01,0.000000000000000000e+00
-5.948608013289074847e+00,1.472332148981861799e+01,0.000000000000000000e+00
-6.282860614561351476e+00,1.480149204295524434e+01,0.000000000000000000e+00
-6.622501711951886527e+00,1.487438238028757098e+01,0.000000000000000000e+00
-6.966459786451541625e+00,1.493962122349687682e+01,0.000000000000000000e+00
-7.315049839640181517e+00,1.499807478755827539e+01,0.000000000000000000e+00
-7.668599435905390393e+00,1.505047381541879403e+01,0.000000000000000000e+00
-8.026791680707439980e+00,1.509619954572825939e+01,0.000000000000000000e+00
-8.389177529528575761e+00,1.513447689071949753e+01,0.000000000000000000e+00
-8.755553893073550142e+00,1.516506419121087745e+01,0.000000000000000000e+00
-9.126502201801564240e+00,1.518905036008516873e+01,0.000000000000000000e+00
-9.501567510870568611e+00,1.520568656766080196e+01,0.000000000000000000e+00
-9.879785235426519208e+00,1.521353513404590529e+01,0.000000000000000000e+00
-1.026218105565317273e+01,1.521430908492226841e+01,0.000000000000000000e+00
-1.064851369943576387e+01,1.520765361461529785e+01,0.000000000000000000e+00
-1.103746322380078126e+01,1.519176482910487103e+01,0.000000000000000000e+00
-1.143005579970817998e+01,1.516819635983506842e+01,0.000000000000000000e+00
-1.182615399224579456e+01,1.513678684340177583e+01,0.000000000000000000e+00
-1.222465845154094666e+01,1.509619596142010600e+01,0.000000000000000000e+00
-1.262606110957925765e+01,1.504715368765511663e+01,0.000000000000000000e+00
-1.303045821790898273e+01,1.498982746549586409e+01,0.000000000000000000e+00
-1.343730455049400874e+01,1.492363859934990522e+01,0.000000000000000000e+00
-1.384592597529772284e+01,1.484793777722726738e+01,0.000000000000000000e+00
-1.425711114736481733e+01,1.476367078017772805e+01,0.000000000000000000e+00
-1.467063546774568827e+01,1.467063546774569005e+01,0.000000000000000000e+00
-1.508504768277026642e+01,1.456746121468070321e+01,0.000000000000000000e+00
-1.550109718086379651e+01,1.445500697284147051e+01,0.000000000000000000e+00
-1.591919879725836218e+01,1.433371097903274993e+01,0.000000000000000000e+00
-1.633861030653064716e+01,1.420293725381460703e+01,0.000000000000000000e+00
-1.675803955457217143e+01,1.406166480949578457e+01,0.000000000000000000e+00
-1.717854480207319767e+01,1.391091129424397010e+01,0.000000000000000000e+00
-1.760029234641024942e+01,1.375085543256651732e+01,0.000000000000000000e+00
-1.802219071317367849e+01,1.358069480363698389e+01,0.000000000000000000e+00
-1.844366229005806090e+01,1.340010502589593244e+01,0.000000000000000000e+00
-1.886555077730163887e+01,1.320980086674466669e+01,0.000000000000000000e+00
-1.928767174174500809e+01,1.300969885986801167e+01,0.000000000000000000e+00
-1.970872655027613618e+01,1.279899667400269792e+01,0.000000000000000000e+00
-2.012880123659603981e+01,1.257787098342343945e+01,0.000000000000000000e+00
-2.054872211669167470e+01,1.234691789126068784e+01,0.000000000000000000e+00
-2.096788638554632911e+01,1.210581484903265981e+01,0.000000000000000000e+00
-2.138447299369380872e+01,1.185360694095177259e+01,0.000000000000000000e+00
-2.179966223366229983e+01,1.159108601667279359e+01,0.000000000000000000e+00
-2.221387841934752316e+01,1.131853638663264228e+01,0.000000000000000000e+00
-2.262609197880016509e+01,1.103548240994947527e+01,0.000000000000000000e+00
-2.303493923762686180e+01,1.074136857164047321e+01,0.000000000000000000e+00
-2.344198200508009577e+01,1.043704282914818116e+01,0.000000000000000000e+00
-2.384688895625331995e+01,1.012240380687649299e+01,0.000000000000000000e+00
-2.424757663473046421e+01,9.796656873378889685e+00,0.000000000000000000e+00
-2.464592760349245637e+01,9.460685217067346997e+00,0.000000000000000000e+00
-2.504671142951087504e+01,9.116257426597046631e+00,0.000000000000000000e+00
-2.545457813796449997e+01,8.764714137540616790e+00,0.000000000000000000e+00
-2.587083200324275367e+01,8.405942875786189816e+00,0.000000000000000000e+00
-2.629603042365929966e+01,8.039503301083032127e+00,0.000000000000000000e+00
-2.673068028838089916e+01,7.664899230887159298e+00,0.000000000000000000e+00
-2.717539466343383481e+01,7.281625054064145175e+00,0.000000000000000000e+00
-2.763080420259803205e+01,6.889133228784730001e+00,0.000000000000000000e+00
-2.809758694797532641e+01,6.486839073672289402e+00,0.000000000000000000e+00
-2.857647056834183630e+01,6.074116328671322229e+00,0.000000000000000000e+00
-2.906823481985536617e+01,5.650292470371283571e+00,0.000000000000000000e+00
-2.957371857247473912e+01,5.214644504206324527e+00,0.000000000000000000e+00
-3.009382532792021081e+01,4.766393681787000958e+00,0.000000000000000000e+00
-3.062953012538433839e+01,4.304699730363569010e+00,0.000000000000000000e+00
-3.118188698525520408e+01,3.828654301608557464e+00,0.000000000000000000e+00
-3.175203746312387665e+01,3.337273615688753470e+00,0.000000000000000000e+00
-3.234122007130429211e+01,2.829490120836215983e+00,0.000000000000000000e+00
-3.295078196759268252e+01,2.304143134039475349e+00,0.000000000000000000e+00
-3.358219035722274981e+01,1.759968020082403939e+00,0.000000000000000000e+00
-3.423703839381195735e+01,1.195583725830414945e+00,0.000000000000000000e+00
-3.491715855876817898e+01,6.094812697521644340e-01,0.000000000000000000e+00
-3.562370460715048637e+01,4.362645582091766461e-15,0.000000000000000000e+00
-3.561820289428941066e+01,-6.217180441462378804e-01,0.000000000000000000e+00
-3.587101774299019041e+01,-1.252643542037350732e+00,0.000000000000000000e+00
-3.611049665487841764e+01,-1.892470938489855925e+00,0.000000000000000000e+00
-3.633632706351303909e+01,-2.540883509288147213e+00,0.000000000000000000e+00
-3.654818717162819297e+01,-3.197552049941062347e+00,0.000000000000000000e+00
-3.674564289706898279e+01,-3.862122696042055825e+00,0.000000000000000000e+00
-3.692821810392292292e+01,-4.534215044816878759e+00,0.000000000000000000e+00
-3.709554766367421763e+01,-5.213439232395124634e+00,0.000000000000000000e+00
-3.724761217787034440e+01,-5.899442208217370975e+00,0.000000000000000000e+00
-3.738446965076239792e+01,-6.591890658906180533e+00,0.000000000000000000e+00
-3.750617836469717759e+01,-7.290462545104242409e+00,0.000000000000000000e+00
-3.761266067123615642e+01,-7.994817827539211663e+00,0.000000000000000000e+00
-3.770370235188322283e+01,-8.704585560715917936e+00,0.000000000000000000e+00
-3.777909223108316894e+01,-9.419385615204280526e+00,0.000000000000000000e+00
-3.783862898834600941e+01,-1.013883008012816411e+01,0.000000000000000000e+00
-3.788212142056056564e+01,-1.086252352010063227e+01,0.000000000000000000e+00
-3.790938869771949271e+01,-1.159006324023500234e+01,0.000000000000000000e+00
-3.792026061182610874e+01,-1.232103955906719506e+01,0.000000000000000000e+00
-3.791457781875632094e+01,-1.305503608921764780e+01,0.000000000000000000e+00
-3.789223567483010413e+01,-1.379164589543806052e+01,0.000000000000000000e+00
-3.785328022250172353e+01,-1.453051288553582054e+01,0.000000000000000000e+00
-3.779767673829627483e+01,-1.527125267791114283e+01,0.000000000000000000e+00
-3.772536677621283019e+01,-1.601346812877286396e+01,0.000000000000000000e+00
-3.763630138450110962e+01,-1.675676098529724811e+01,0.000000000000000000e+00
-3.753044111971310315e+01,-1.750073210805746982e+01,0.000000000000000000e+00
-3.740775605567835527e+01,-1.824498169347626586e+01,0.000000000000000000e+00
-3.726822578740843994e+01,-1.898910949618912269e+01,0.000000000000000000e+00
-3.711183942993918095e+01,-1.973271505120502667e+01,0.000000000000000000e+00
-3.693859561212140363e+01,-2.047539789575242253e+01,0.000000000000000000e+00
-3.674850269248761236e+01,-2.121675792182341524e+01,0.000000000000000000e+00
-3.654157991681098849e+01,-2.195639632906011229e+01,0.000000000000000000e+00
-3.631785646573931814e+01,-2.269391543248249477e+01,0.000000000000000000e+00
-3.607737086105308322e+01,-2.342891857977047820e+01,0.000000000000000000e+00
-3.582017352598854387e+01,-2.416101211805287718e+01,0.000000000000000000e+00
-3.554635301631680733e+01,-2.488982433788846294e+01,0.000000000000000000e+00
-3.525602361481579550e+01,-2.561500052452496234e+01,0.000000000000000000e+00
-3.494930293852695513e+01,-2.633618877759645471e+01,0.000000000000000000e+00
-3.462621834855620762e+01,-2.705296669601009896e+01,0.000000000000000000e+00
-3.428670308062987004e+01,-2.776482470559214377e+01,0.000000000000000000e+00
-3.393073152185391450e+01,-2.847126430556292576e+01,0.000000000000000000e+00
-3.355854786418856861e+01,-2.917200059871018425e+01,0.000000000000000000e+00
-3.317052543822921251e+01,-2.986687525606595628e+01,0.000000000000000000e+00
-3.276683654769127685e+01,-3.055556940572900260e+01,0.000000000000000000e+00
-3.234736787956812520e+01,-3.123749005585385419e+01,0.000000000000000000e+00
-3.191208745186062501e+01,-3.191208745186061790e+01,0.000000000000000000e+00
-3.146118070645433207e+01,-3.257900632917643691e+01,0.000000000000000000e+00
-3.099486216241151837e+01,-3.323792035449804416e+01,0.000000000000000000e+00
-3.051333406204273757e+01,-3.388849067846852847e+01,0.000000000000000000e+00
-3.001691797223425340e+01,-3.453051411740278098e+01,0.000000000000000000e+00
-2.950611715955676928e+01,-3.516402112840742689e+01,0.000000000000000000e+00
-2.898097347285748171e+01,-3.578852173524949620e+01,0.000000000000000000e+00
-2.844117065599052907e+01,-3.640303839091043159e+01,0.000000000000000000e+00
-2.788691765076155349e+01,-3.700718965939793037e+01,0.000000000000000000e+00
-2.731872305083869534e+01,-3.760099649753346540e+01,0.000000000000000000e+00
-2.673720083496580102e+01,-3.818468007831997113e+01,0.000000000000000000e+00
-2.614229066377299304e+01,-3.875753976562481284e+01,0.000000000000000000e+00
-2.553377743673812006e+01,-3.931856926867236979e+01,0.000000000000000000e+00
-2.491209561633423775e+01,-3.986768680559186606e+01,0.000000000000000000e+00
-2.427838654505107030e+01,-4.040602059150335634e+01,0.000000000000000000e+00
-2.363255385623785187e+01,-4.093278399161170711e+01,0.000000000000000000e+00
-2.297320538131539536e+01,-4.144475959955146038e+01,0.000000000000000000e+00
-2.230216099728367496e+01,-4.194426442200615668e+01,0.000000000000000000e+00
-2.162024811644789324e+01,-4.243212608496855864e+01,0.000000000000000000e+00
-2.092709291935058502e+01,-4.290689900563135950e+01,0.000000000000000000e+00
-2.022246163138409258e+01,-4.336720891824214164e+01,0.000000000000000000e+00
-1.950680631060824055e+01,-4.381300431505295023e+01,0.000000000000000000e+00
-1.878089380014585785e+01,-4.424501309135825977e+01,0.000000000000000000e+00
-1.804511873389329679e+01,-4.466323614659536645e+01,0.000000000000000000e+00
-1.729965929075802222e+01,-4.506715324128218469e+01,0.000000000000000000e+00
-1.654486699888646939e+01,-4.545664848732043595e+01,0.000000000000000000e+00
-1.578094622551458315e+01,-4.583119568815667577e+01,0.000000000000000000e+00
-1.500768701740279099e+01,-4.618891126453933538e+01,0.000000000000000000e+00
-1.422605526639111062e+01,-4.653133011877539360e+01,0.000000000000000000e+00
-1.343642760203207054e+01,-4.685839169294936113e+01,0.000000000000000000e+00
-1.263909387953418140e+01,-4.716974052005442530e+01,0.000000000000000000e+00
-1.183440643533231551e+01,-4.746521169054474854e+01,0.000000000000000000e+00
-1.102270548997695165e+01,-4.774458289917461684e+01,0.000000000000000000e+00
-1.020434508291729259e+01,-4.800766912460100855e+01,0.000000000000000000e+00
-9.379683975024311948e+00,-4.825429086224352204e+01,0.000000000000000000e+00
-8.549087320119754807e+00,-4.848428349291944528e+01,0.000000000000000000e+00
-7.712925367041330027e+00,-4.869749421873270734e+01,0.000000000000000000e+00
-6.871573006845199671e+00,-4.889378251805912612e+01,0.000000000000000000e+00
-6.025409166851820153e+00,-4.907301962513512450e+01,0.000000000000000000e+00
-5.174816295965351642e+00,-4.923508822346458658e+01,0.000000000000000000e+00
-4.320179899640239185e+00,-4.937988221022614255e+01,0.000000000000000000e+00
-3.461888076440018391e+00,-4.950730599925893216e+01,0.000000000000000000e+00
-2.600331226059395817e+00,-4.961727555780677790e+01,0.000000000000000000e+00
-1.735901435672291937e+00,-4.970971318608760470e+01,0.000000000000000000e+00
-8.689928245147804375e-01,-4.978456557385707271e+01,0.000000000000000000e+00
-9.155778091675062707e-15,-4.984173449329593097e+01,0.000000000000000000e+00
8.706833192552767553e-01,-4.988141395267815881e+01,0.000000000000000000e+00
1.742711987370112459e+00,-4.990474186950331159e+01,0.000000000000000000e+00
2.615794978629698342e+00,-4.991234153430625753e+01,0.000000000000000000e+00
3.489645899043985366e+00,-4.990426135633154558e+01,0.000000000000000000e+00
4.363976349387994169e+00,-4.988047792151844106e+01,0.000000000000000000e+00
5.238497552120779055e+00,-4.984097490343019388e+01,0.000000000000000000e+00
6.112920295251971226e+00,-4.978574057112870577e+01,0.000000000000000000e+00
6.986955054858910330e+00,-4.971476844900238490e+01,0.000000000000000000e+00
7.860312054240363722e+00,-4.962805713827865617e+01,0.000000000000000000e+00
8.732701347597398467e+00,-4.952561038878030075e+01,0.000000000000000000e+00
9.603832901924963750e+00,-4.940743712430602130e+01,0.000000000000000000e+00
1.047341668847000129e+01,-4.927355150169027809e+01,0.000000000000000000e+00
1.134116278305711667e+01,-4.912397298114126443e+01,0.000000000000000000e+00
1.220678147828534854e+01,-4.895872641294543115e+01,0.000000000000000000e+00
1.306998340939822256e+01,-4.877784213795639090e+01,0.000000000000000000e+00
1.393047969590634594e+01,-4.858135610113625802e+01,0.000000000000000000e+00
1.478798210081152398e+01,-4.836930997653597331e+01,0.000000000000000000e+00
1.564220320934799702e+01,-4.814175130256028012e+01,0.000000000000000000e+00
1.649285662841244360e+01,-4.789873362418327929e+01,0.000000000000000000e+00
1.733965721004804905e+01,-4.764031664569063906e+01,0.000000000000000000e+00
1.818232129308236722e+01,-4.736656637135824610e+01,0.000000000000000000e+00
1.902056699137516915e+01,-4.707755530487663975e+01,0.000000000000000000e+00
1.985411442748020150e+01,-4.677336244531478116e+01,0.000000000000000000e+00
2.068268628458908864e+01,-4.645407397831140628e+01,0.000000000000000000e+00
2.150600735751526926e+01,-4.611978161072095617e+01,0.000000000000000000e+00
2.232380759999774611e+01,-4.577058848095247612e+01,0.000000000000000000e+00
2.313581417446218325e+01,-4.540659195221446254e+01,0.000000000000000000e+00
2.394177532821835896e+01,-4.502793048715617630e+01,0.000000000000000000e+00
2.474140771034380037e+01,-4.463468104210089393e+01,0.000000000000000000e+00
2.553409199436605093e+01,-4.422634465937970560e+01,0.000000000000000000e+00
2.631968093670776909e+01,-4.380330496497479942e+01,0.000000000000000000e+00
2.709809429355334487e+01,-4.336601596918369950e+01,0.000000000000000000e+00
2.786910136848646502e+01,-4.291465277032939696e+01,0.000000000000000000e+00
2.863245582586992199e+01,-4.244936144010002721e+01,0.000000000000000000e+00
2.938793831484865748e+01,-4.197032552661132598e+01,0.000000000000000000e+00
3.013530190747178494e+01,-4.147768471338465446e+01,0.000000000000000000e+00
3.087440191546108537e+01,-4.097171518253993838e+01,0.000000000000000000e+00
3.160489826207241748e+01,-4.045242506685313799e+01,0.000000000000000000e+00
3.232589431863266327e+01,-3.991915497653203460e+01,0.000000000000000000e+00
3.303719481489584808e+01,-3.937219560988694411e+01,0.000000000000000000e+00
3.373918548027418751e+01,-3.881249306187725523e+01,0.000000000000000000e+00
3.443176288410638364e+01,-3.824034676671988819e+01,0.000000000000000000e+00
3.511492417550461198e+01,-3.765614594070046195e+01,0.000000000000000000e+00
3.578808793579254655e+01,-3.705964993011581043e+01,0.000000000000000000e+00
3.644928156594325941e+01,-3.644928156594328073e+01,0.000000000000000000e+00
3.709992142538275317e+01,-3.582697766671661554e+01,0.000000000000000000e+00
3.774092198109595131e+01,-3.519397911211644470e+01,0.000000000000000000e+00
3.837100537857812554e+01,-3.454940842664590406e+01,0.000000000000000000e+00
3.898822695648590297e+01,-3.389194862424231047e+01,0.000000000000000000e+00
3.959428627996366146e+01,-3.322355101424517443e+01,0.000000000000000000e+00
4.018935129812654594e+01,-3.254469498568793995e+01,0.000000000000000000e+00
4.077228806281026863e+01,-3.185480262326512957e+01,0.000000000000000000e+00
4.134258283944115675e+01,-3.115387074037116477e+01,0.000000000000000000e+00
4.190057948739256233e+01,-3.044255294565977366e+01,0.000000000000000000e+00
4.244648131065383012e+01,-2.972134618419740448e+01,0.000000000000000000e+00
4.297967611360225249e+01,-2.899015758975376755e+01,0.000000000000000000e+00
4.349947003684248159e+01,-2.824888614199309345e+01,0.000000000000000000e+00
4.400573666363935388e+01,-2.749783614930091957e+01,0.000000000000000000e+00
4.449961250292934523e+01,-2.673806471499671389e+01,0.000000000000000000e+00
4.497995562741789399e+01,-2.596918948962717977e+01,0.000000000000000000e+00
4.544202752820977764e+01,-2.518892717525256586e+01,0.000000000000000000e+00
4.587189606667249109e+01,-2.439051978684485178e+01,0.000000000000000000e+00
4.625329463781562822e+01,-2.356723074093127224e+01,0.000000000000000000e+00
4.658349891663826270e+01,-2.272029051106695619e+01,0.000000000000000000e+00
4.686478572390887365e+01,-2.185340848085179388e+01,0.000000000000000000e+00
4.709784780145024996e+01,-2.096931285750122242e+01,0.000000000000000000e+00
4.728142191303363262e+01,-2.006977287666378729e+01,0.000000000000000000e+00
4.741417742577602468e+01,-1.915657115641479891e+01,0.000000000000000000e+00
4.749483254287153500e+01,-1.823155806323807582e+01,0.000000000000000000e+00
4.752215691064152026e+01,-1.729665058360141217e+01,0.000000000000000000e+00
4.749448918297594702e+01,-1.635366410478597743e+01,0.000000000000000000e+00
4.740963467421231314e+01,-1.540432409685814008e+01,0.000000000000000000e+00
4.727046643651889468e+01,-1.445203191650562857e+01,0.000000000000000000e+00
4.708120885829829660e+01,-1.350031939606378373e+01,0.000000000000000000e+00
4.684021625352502838e+01,-1.255079811843117454e+01,0.000000000000000000e+00
4.654039746511232778e+01,-1.160382435150429359e+01,0.000000000000000000e+00
4.618121881275322238e+01,-1.066177445127417833e+01,0.000000000000000000e+00
4.577100645671942658e+01,-9.728927756616689848e+00,0.000000000000000000e+00
4.530748356371248065e+01,-8.806882661366524090e+00,0.000000000000000000e+00
4.479371548831392857e+01,-7.898340606768442740e+00,0.000000000000000000e+00
4.421960896519149742e+01,-7.003698017321714708e+00,0.000000000000000000e+00
4.358897595739585995e+01,-6.126031064874905674e+00,0.000000000000000000e+00
4.290399969531878810e+01,-5.267948763568096382e+00,0.000000000000000000e+00
4.217276804635834964e+01,-4.432536534549247342e+00,0.000000000000000000e+00
4.138176322514010508e+01,-3.620435158913744456e+00,0.000000000000000000e+00
4.054520172554568802e+01,-2.835196696273905026e+00,0.000000000000000000e+00
3.969875512370347792e+01,-2.080523596334574510e+00,0.000000000000000000e+00
3.885340135238892145e+01,-1.356790672597127267e+00,0.000000000000000000e+00
3.801041599014312311e+01,-6.634742790565437698e-01,0.000000000000000000e+00
3.717061889926961271e+01,-9.104175891463330184e-15,0.000000000000000000e+00
