1.962379535658049079e+01,0.000000000000000000e+00,0.000000000000000000e+00
1.926746044568869110e+01,3.363147730813602077e-01,0.000000000000000000e+00
1.892364029190062524e+01,6.608280805782112965e-01,0.000000000000000000e+00
1.859146677825533089e+01,9.743374874627984683e-01,0.000000000000000000e+00
1.827018718072491765e+01,1.277575943159286131e+00,0.000000000000000000e+00
1.795906964555253538e+01,1.571215001458380778e+00,0.000000000000000000e+00
1.765746865296103962e+01,1.855874739497123782e+00,0.000000000000000000e+00
1.736478072609167000e+01,2.132126976628386572e+00,0.000000000000000000e+00
1.708043125991600064e+01,2.400498066345414294e+00,0.000000000000000000e+00
1.680392308920465183e+01,2.661479953740231608e+00,0.000000000000000000e+00
1.653475948872928214e+01,2.915524217388276274e+00,0.000000000000000000e+00
1.627249496630941294e+01,3.163052601993191271e+00,0.000000000000000000e+00
1.601672735698876693e+01,3.404460496207712517e+00,0.000000000000000000e+00
1.576705074667076723e+01,3.640110485268839735e+00,0.000000000000000000e+00
1.552310889547389650e+01,3.870345738825719195e+00,0.000000000000000000e+00
1.528457358056945026e+01,4.095489147567657362e+00,0.000000000000000000e+00
1.505111163983437095e+01,4.315836813263190130e+00,0.000000000000000000e+00
1.482242678502491806e+01,4.531670641856768711e+00,0.000000000000000000e+00
1.459825091116403684e+01,4.743259251587166325e+00,0.000000000000000000e+00
1.437831056473086022e+01,4.950849359891354773e+00,0.000000000000000000e+00
1.416234902170373822e+01,5.154673491189231349e+00,0.000000000000000000e+00
1.395014437369365012e+01,5.354958708612647555e+00,0.000000000000000000e+00
1.374147350526083855e+01,5.551915677744339028e+00,0.000000000000000000e+00
1.353611246146930114e+01,5.745738849274721005e+00,0.000000000000000000e+00
1.333386615587809310e+01,5.936619698661588451e+00,0.000000000000000000e+00
1.313455182737270377e+01,6.124742103537623272e+00,0.000000000000000000e+00
1.293798265643733991e+01,6.310275771844404247e+00,0.000000000000000000e+00
1.274397594308571335e+01,6.493380070746935573e+00,0.000000000000000000e+00
1.255237426649075694e+01,6.674215787237971931e+00,0.000000000000000000e+00
1.236302307583908444e+01,6.852935594257057339e+00,0.000000000000000000e+00
1.217576433447840145e+01,7.029680816100548846e+00,0.000000000000000000e+00
1.199044464544448729e+01,7.204585992077469747e+00,0.000000000000000000e+00
1.180693033824151605e+01,7.377788908495553244e+00,0.000000000000000000e+00
1.162508848309291487e+01,7.549420732513469012e+00,0.000000000000000000e+00
1.144478293660013968e+01,7.719603564149672081e+00,0.000000000000000000e+00
1.126587951871908366e+01,7.888453763569480692e+00,0.000000000000000000e+00
1.108825997340383829e+01,8.056092432257480951e+00,0.000000000000000000e+00
1.091180724469378660e+01,8.222636543180014357e+00,0.000000000000000000e+00
1.073640102044967470e+01,8.388195797689380839e+00,0.000000000000000000e+00
1.056191987685258660e+01,8.552874076160199124e+00,0.000000000000000000e+00
1.038825412783343261e+01,8.716780207240887535e+00,0.000000000000000000e+00
1.021529752650158152e+01,8.880022662634726061e+00,0.000000000000000000e+00
1.004294030920683589e+01,9.042704071051634429e+00,0.000000000000000000e+00
9.871069692710047860e+00,9.204921404768370508e+00,0.000000000000000000e+00
9.699578860378686329e+00,9.366774425823688688e+00,0.000000000000000000e+00
9.528367488438162169e+00,9.528367488438160393e+00,0.000000000000000000e+00
9.357331708227732747e+00,9.689800640063509718e+00,0.000000000000000000e+00
9.186363710793040482e+00,9.851169002360689930e+00,0.000000000000000000e+00
9.015355816487259588e+00,1.001256699542890694e+01,0.000000000000000000e+00
8.844208263970905648e+00,1.017409777375510060e+01,0.000000000000000000e+00
8.672818808519826561e+00,1.033586297297213719e+01,0.000000000000000000e+00
8.501080428991944160e+00,1.049796004923792303e+01,0.000000000000000000e+00
8.328882535290233591e+00,1.066048350656381061e+01,0.000000000000000000e+00
8.156120111485993363e+00,1.082353695846156860e+01,0.000000000000000000e+00
7.982688260136407088e+00,1.098722779800923988e+01,0.000000000000000000e+00
7.808476266064790394e+00,1.115165981507354154e+01,0.000000000000000000e+00
7.633367818120347259e+00,1.131693318544648541e+01,0.000000000000000000e+00
7.457247935125280947e+00,1.148315482177806324e+01,0.000000000000000000e+00
7.280004010636885958e+00,1.165044178977954026e+01,0.000000000000000000e+00
7.101516736392984086e+00,1.181890859794765269e+01,0.000000000000000000e+00
6.921659580398342726e+00,1.198866606594580198e+01,0.000000000000000000e+00
6.740303589200988377e+00,1.215982955994596360e+01,0.000000000000000000e+00
6.557322587834619299e+00,1.233253013275386500e+01,0.000000000000000000e+00
6.372582832817788479e+00,1.250689801488996267e+01,0.000000000000000000e+00
6.185941491989122021e+00,1.268305960481005634e+01,0.000000000000000000e+00
5.997250766439172764e+00,1.286114577266005909e+01,0.000000000000000000e+00
5.806364283158375272e+00,1.304130770265770245e+01,0.000000000000000000e+00
5.613126326541690858e+00,1.322369693605082652e+01,0.000000000000000000e+00
5.417369797996107295e+00,1.340846076711466317e+01,0.000000000000000000e+00
5.218921502493049758e+00,1.359575533563998206e+01,0.000000000000000000e+00
5.017606701862992402e+00,1.378576111307274843e+01,0.000000000000000000e+00
4.813237807675352364e+00,1.397865759789128326e+01,0.000000000000000000e+00
4.605613303166445682e+00,1.417462024175070745e+01,0.000000000000000000e+00
4.394525709509217393e+00,1.437384592394409744e+01,0.000000000000000000e+00
4.179759132384086584e+00,1.457655237005220883e+01,0.000000000000000000e+00
3.961080126519650246e+00,1.478295228502269509e+01,0.000000000000000000e+00
3.738240687420786745e+00,1.499326447407521101e+01,0.000000000000000000e+00
3.510985920746301669e+00,1.520775081066395273e+01,0.000000000000000000e+00
3.279041612698718300e+00,1.542667790133516981e+01,0.000000000000000000e+00
3.042111779112660397e+00,1.565030837026461263e+01,0.000000000000000000e+00
2.799884923811320370e+00,1.587893646543285087e+01,0.000000000000000000e+00
2.552027734552422711e+00,1.611286897452307443e+01,0.000000000000000000e+00
2.298181527914091138e+00,1.635241126026257419e+01,0.000000000000000000e+00
2.037973800438926286e+00,1.659796464191057197e+01,0.000000000000000000e+00
1.771005171612114015e+00,1.684998865303066751e+01,0.000000000000000000e+00
1.496835844701454254e+00,1.710891199358558623e+01,0.000000000000000000e+00
1.214979275675801329e+00,1.737501313026119121e+01,0.000000000000000000e+00
9.249182208149497875e-01,1.764849099634039575e+01,0.000000000000000000e+00
6.260739059568997122e-01,1.792841094480601072e+01,0.000000000000000000e+00
3.178741017539818969e-01,1.821099509289788543e+01,0.000000000000000000e+00
1.132325832000549838e-15,1.849228418820706921e+01,0.000000000000000000e+00
-3.276530856504225042e-01,1.877123270511267705e+01,0.000000000000000000e+00
-6.651888799698236765e-01,1.904851724779494759e+01,0.000000000000000000e+00
-1.012741851521759662e+00,1.932426569826972340e+01,0.000000000000000000e+00
-1.370417571787777566e+00,1.959788432647055956e+01,0.000000000000000000e+00
-1.738301263829093779e+00,1.986887436352267144e+01,0.000000000000000000e+00
-2.116484256918705675e+00,2.013700258194905857e+01,0.000000000000000000e+00
-2.505055437309464228e+00,2.040203930272969046e+01,0.000000000000000000e+00
-2.904095077788267698e+00,2.066371018741966736e+01,0.000000000000000000e+00
-3.313682363572687972e+00,2.092176704215901495e+01,0.000000000000000000e+00
-3.733902436602853925e+00,2.117601300493203809e+01,0.000000000000000000e+00
-4.164845493643282381e+00,2.142627261021839757e+01,0.000000000000000000e+00
-4.606585489533915556e+00,2.167228079594782741e+01,0.000000000000000000e+00
-5.058992878729424270e+00,2.191290560239187002e+01,0.000000000000000000e+00
-5.521977633342431524e+00,2.214744260722120472e+01,0.000000000000000000e+00
-5.996056186917618547e+00,2.237758633461425006e+01,0.000000000000000000e+00
-6.481149212767009615e+00,2.260245337729181614e+01,0.000000000000000000e+00
-6.976563085780533413e+00,2.281930963714506078e+01,0.000000000000000000e+00
-7.483240449516404880e+00,2.303104593620058793e+01,0.000000000000000000e+00
-8.000694928400681860e+00,2.323570524002706605e+01,0.000000000000000000e+00
-8.526424040541993321e+00,2.342615752008417473e+01,0.000000000000000000e+00
-9.061075348071979008e+00,2.360490830362889270e+01,0.000000000000000000e+00
-9.604627728869097325e+00,2.377228782368151982e+01,0.000000000000000000e+00
-1.015584624487063969e+01,2.392567440292078018e+01,0.000000000000000000e+00
-1.071440081033715863e+01,2.406493823036640123e+01,0.000000000000000000e+00
-1.128063361052425151e+01,2.419139684550199476e+01,0.000000000000000000e+00
-1.185436358856511063e+01,2.430504720511277483e+01,0.000000000000000000e+00
-1.243459488079099806e+01,2.440426654474097745e+01,0.000000000000000000e+00
-1.302060912850176955e+01,2.448820418290333478e+01,0.000000000000000000e+00
-1.361281784917534132e+01,2.455817348372355369e+01,0.000000000000000000e+00
-1.421130720554364402e+01,2.461470612197128460e+01,0.000000000000000000e+00
-1.481535402559529579e+01,2.465688972855739891e+01,0.000000000000000000e+00
-1.542400481343627305e+01,2.468356747903744264e+01,0.000000000000000000e+00
-1.603679631904897107e+01,2.469450078353417766e+01,0.000000000000000000e+00
-1.665406555219670892e+01,2.469066755473942365e+01,0.000000000000000000e+00
-1.727563230178438047e+01,2.467215983700306836e+01,0.000000000000000000e+00
-1.790112307460714547e+01,2.463878215601862820e+01,0.000000000000000000e+00
-1.853000611807224729e+01,2.459014866358228701e+01,0.000000000000000000e+00
-1.916106908018960908e+01,2.452505003306222164e+01,0.000000000000000000e+00
-1.979422870006249724e+01,2.444383673751169894e+01,0.000000000000000000e+00
-2.042966748436766622e+01,2.434712962000027758e+01,0.000000000000000000e+00
-2.106714695225007006e+01,2.423498028415084704e+01,0.000000000000000000e+00
-2.170617984755940810e+01,2.410715498783270050e+01,0.000000000000000000e+00
-2.234655614226785048e+01,2.396374758377793057e+01,0.000000000000000000e+00
-2.298767029726811728e+01,2.380442943624422725e+01,0.000000000000000000e+00
-2.362782134443329340e+01,2.362782134443329696e+01,0.000000000000000000e+00
-2.426774486035560940e+01,2.343508880152747054e+01,0.000000000000000000e+00
-2.490740129541388370e+01,2.322652746445818650e+01,0.000000000000000000e+00
-2.554638805953796776e+01,2.300207112601004766e+01,0.000000000000000000e+00
-2.618430720649140753e+01,2.276167099350882950e+01,0.000000000000000000e+00
-2.682092886772939977e+01,2.250543152074380870e+01,0.000000000000000000e+00
-2.745556561279002494e+01,2.223307865557526952e+01,0.000000000000000000e+00
-2.808618080321666355e+01,2.194332936502207687e+01,0.000000000000000000e+00
-2.871406195464498623e+01,2.163759768082528012e+01,0.000000000000000000e+00
-2.933924416362825838e+01,2.131620862440901121e+01,0.000000000000000000e+00
-2.996098480410977771e+01,2.097890741202424536e+01,0.000000000000000000e+00
-3.057953044000592513e+01,2.062615372282623838e+01,0.000000000000000000e+00
-3.119531029075354311e+01,2.025847137496778672e+01,0.000000000000000000e+00
-3.180754576337906059e+01,1.987556050698895049e+01,0.000000000000000000e+00
-3.241774806843822176e+01,1.947854817188130028e+01,0.000000000000000000e+00
-3.302594701119421217e+01,1.906753939715529000e+01,0.000000000000000000e+00
-3.363190462951070714e+01,1.864246915373407276e+01,0.000000000000000000e+00
-3.423499808717809145e+01,1.820307137586529578e+01,0.000000000000000000e+00
-3.483342805325014524e+01,1.774851808626413430e+01,0.000000000000000000e+00
-3.542792397055301024e+01,1.727935306567234619e+01,0.000000000000000000e+00
-3.601891010478841793e+01,1.679589362025930654e+01,0.000000000000000000e+00
-3.660615077139091511e+01,1.629810838215244573e+01,0.000000000000000000e+00
-3.718949311197503960e+01,1.578600325363398582e+01,0.000000000000000000e+00
-3.776658434309386791e+01,1.525869053482534987e+01,0.000000000000000000e+00
-3.833834878891523346e+01,1.471671326270814539e+01,0.000000000000000000e+00
-3.891905242865025372e+01,1.416537662987445323e+01,0.000000000000000000e+00
-3.950994251423005466e+01,1.360436420713672767e+01,0.000000000000000000e+00
-4.011166258964512110e+01,1.303306922402433088e+01,0.000000000000000000e+00
-4.072489031236430890e+01,1.245084846752834906e+01,0.000000000000000000e+00
-4.135034367127169475e+01,1.185702024727810766e+01,0.000000000000000000e+00
-4.198878478662559388e+01,1.125086097474055080e+01,0.000000000000000000e+00
-4.264102394499425230e+01,1.063160133939366148e+01,0.000000000000000000e+00
-4.330792403170377014e+01,9.998422082602743899e+00,0.000000000000000000e+00
-4.399040546262826012e+01,9.350449331606419889e+00,0.000000000000000000e+00
-4.468945162153980988e+01,8.686749421390031145e+00,0.000000000000000000e+00
-4.540611492714300823e+01,8.006323150804686151e+00,0.000000000000000000e+00
-4.614152355897726920e+01,7.308099384610026839e+00,0.000000000000000000e+00
-4.689688897334391982e+01,6.590927921259146061e+00,0.000000000000000000e+00
-4.767351430171714100e+01,5.853571520234685188e+00,0.000000000000000000e+00
-4.847280375831909538e+01,5.094696970201349373e+00,0.000000000000000000e+00
-4.929627320213148067e+01,4.312865059263328860e+00,0.000000000000000000e+00
-5.014556202586788203e+01,3.506519285584511980e+00,0.000000000000000000e+00
-5.102244658248827136e+01,2.673973118975804031e+00,0.000000000000000000e+00
-5.192885535228808891e+01,1.813395587727548719e+00,0.000000000000000000e+00
-5.286688616985095734e+01,9.227949306474326763e-01,0.000000000000000000e+00
-5.383882495246427169e+01,6.593354464789002314e-15,0.000000000000000000e+00
-5.381625778935094928e+01,-9.393662739067990541e-01,0.000000000000000000e+00
-5.421054701810534482e+01,-1.893074016440805307e+00,0.000000000000000000e+00
-5.456131153939990952e+01,-2.859437172550105100e+00,0.000000000000000000e+00
-5.487973134147538445e+01,-3.837564653025697492e+00,0.000000000000000000e+00
-5.516046098762835470e+01,-4.825915011281462164e+00,0.000000000000000000e+00
-5.541665220213028675e+01,-5.824524850688845845e+00,0.000000000000000000e+00
-5.563280475874726960e+01,-6.830849504099819391e+00,0.000000000000000000e+00
-5.581764892570926406e+01,-7.844658971144228055e+00,0.000000000000000000e+00
-5.596989134846691627e+01,-8.864759916252030081e+00,0.000000000000000000e+00
-5.608816816482750056e+01,-9.889857345972684399e+00,0.000000000000000000e+00
-5.617297549903303633e+01,-1.091892034268752276e+01,0.000000000000000000e+00
-5.622429286458761766e+01,-1.195084237362508794e+01,0.000000000000000000e+00
-5.624181802636908145e+01,-1.298444679336091490e+01,0.000000000000000000e+00
-5.622528549932307129e+01,-1.401853814283385624e+01,0.000000000000000000e+00
-5.617458856677524892e+01,-1.505193564161798214e+01,0.000000000000000000e+00
-5.609007039380674087e+01,-1.608356887231079568e+01,0.000000000000000000e+00
-5.597196133966646414e+01,-1.711234588295399917e+01,0.000000000000000000e+00
-5.582045806283630185e+01,-1.813716627735847453e+01,0.000000000000000000e+00
-5.563578935131462799e+01,-1.915693856082474511e+01,0.000000000000000000e+00
-5.541821580786291435e+01,-2.017058099020281503e+01,0.000000000000000000e+00
-5.516802951435315094e+01,-2.117702241433252297e+01,0.000000000000000000e+00
-5.488554706363044744e+01,-2.217520043301648158e+01,0.000000000000000000e+00
-5.457107151112321475e+01,-2.316404555004520915e+01,0.000000000000000000e+00
-5.422491950113327164e+01,-2.414248962045074265e+01,0.000000000000000000e+00
-5.384745325991264053e+01,-2.510947982724059813e+01,0.000000000000000000e+00
-5.343919158489227073e+01,-2.606403524256647941e+01,0.000000000000000000e+00
-5.300074398091055627e+01,-2.700522790041255305e+01,0.000000000000000000e+00
-5.253246235755253224e+01,-2.793200570391228865e+01,0.000000000000000000e+00
-5.203428135657473774e+01,-2.884307314178943571e+01,0.000000000000000000e+00
-5.150670878585155776e+01,-2.973741218258306773e+01,0.000000000000000000e+00
-5.095131281318781191e+01,-3.061463735719889456e+01,0.000000000000000000e+00
-5.036875118491167314e+01,-3.147388890939791750e+01,0.000000000000000000e+00
-4.975864239705767034e+01,-3.231364019984882674e+01,0.000000000000000000e+00
-4.912175999962743589e+01,-3.313304548203832667e+01,0.000000000000000000e+00
-4.845889594210235174e+01,-3.393128423197995858e+01,0.000000000000000000e+00
-4.777004423661115595e+01,-3.470696870259538258e+01,0.000000000000000000e+00
-4.705825308439408161e+01,-3.546093720250743786e+01,0.000000000000000000e+00
-4.632389728806864326e+01,-3.619219511494149799e+01,0.000000000000000000e+00
-4.556394500144542548e+01,-3.689695515154598127e+01,0.000000000000000000e+00
-4.478161094302529932e+01,-3.757623322581697067e+01,0.000000000000000000e+00
-4.397895752140414771e+01,-3.823032451633982731e+01,0.000000000000000000e+00
-4.315615966513773571e+01,-3.885798069885333206e+01,0.000000000000000000e+00
-4.231846997632185747e+01,-3.946261167518380830e+01,0.000000000000000000e+00
-4.147566260816360995e+01,-4.005258180838909965e+01,0.000000000000000000e+00
-4.063161802192375660e+01,-4.063161802192374950e+01,0.000000000000000000e+00
-3.978574828474413039e+01,-4.119934840569366941e+01,0.000000000000000000e+00
-3.893871144898130865e+01,-4.175665576656737699e+01,0.000000000000000000e+00
-3.809059296627586377e+01,-4.230388924561076891e+01,0.000000000000000000e+00
-3.724131478698173936e+01,-4.284123197431637919e+01,0.000000000000000000e+00
-3.639084980440313899e+01,-4.336892599195372355e+01,0.000000000000000000e+00
-3.553914042352781166e+01,-4.388718345471443882e+01,0.000000000000000000e+00
-3.468611672632516019e+01,-4.439620485713229669e+01,0.000000000000000000e+00
-3.383172744458611447e+01,-4.489621871181110890e+01,0.000000000000000000e+00
-3.297585532991908508e+01,-4.538737108817359456e+01,0.000000000000000000e+00
-3.211814841328500592e+01,-4.586946963668035693e+01,0.000000000000000000e+00
-3.125866023954486295e+01,-4.634286959915027637e+01,0.000000000000000000e+00
-3.039745133439493685e+01,-4.680797029909362550e+01,0.000000000000000000e+00
-2.953442274667751377e+01,-4.726495651680343713e+01,0.000000000000000000e+00
-2.866944606460923595e+01,-4.771397085568392527e+01,0.000000000000000000e+00
-2.780239587831061243e+01,-4.815516223337746737e+01,0.000000000000000000e+00
-2.693313673174086631e+01,-4.858866486331547208e+01,0.000000000000000000e+00
-2.606152739106473604e+01,-4.901460429172379918e+01,0.000000000000000000e+00
-2.518742203573740923e+01,-4.943309909393015289e+01,0.000000000000000000e+00
-2.431066471599377010e+01,-4.984424925854823130e+01,0.000000000000000000e+00
-2.343110400459472942e+01,-5.024816469303254962e+01,0.000000000000000000e+00
-2.254855388103329261e+01,-5.064488121516142627e+01,0.000000000000000000e+00
-2.166267731637397986e+01,-5.103406960585617469e+01,0.000000000000000000e+00
-2.077351057800747824e+01,-5.141624293093062192e+01,0.000000000000000000e+00
-1.988088768030974762e+01,-5.179148309238056669e+01,0.000000000000000000e+00
-1.898462051535737771e+01,-5.215981618285926658e+01,0.000000000000000000e+00
-1.808452805145746112e+01,-5.252128308467631967e+01,0.000000000000000000e+00
-1.718042233821242348e+01,-5.287590299203432664e+01,0.000000000000000000e+00
-1.627211432752776332e+01,-5.322368775646741312e+01,0.000000000000000000e+00
-1.535941243320182714e+01,-5.356463676845775979e+01,0.000000000000000000e+00
-1.444212346871430697e+01,-5.389873855442469619e+01,0.000000000000000000e+00
-1.352005286483783131e+01,-5.422597025068823484e+01,0.000000000000000000e+00
-1.259300509606274510e+01,-5.454629775833313232e+01,0.000000000000000000e+00
-1.166078404793176659e+01,-5.485967573202572112e+01,0.000000000000000000e+00
-1.072319339682609574e+01,-5.516604765366780327e+01,0.000000000000000000e+00
-9.780036980324268825e+00,-5.546534592170191047e+01,0.000000000000000000e+00
-8.831119160936465207e+00,-5.575749197863834894e+01,0.000000000000000000e+00
-7.876245178697642402e+00,-5.604239647058002305e+01,0.000000000000000000e+00
-6.915221491342926186e+00,-5.631995945167204809e+01,0.000000000000000000e+00
-5.947856093827033064e+00,-5.659007059793918160e+01,0.000000000000000000e+00
-4.973958829303366969e+00,-5.685260957071901800e+01,0.000000000000000000e+00
-3.993341637156799795e+00,-5.710744600201078214e+01,0.000000000000000000e+00
-3.005818890722143255e+00,-5.735444111242427567e+01,0.000000000000000000e+00
-2.011207360326050519e+00,-5.759344337475975806e+01,0.000000000000000000e+00
-1.009327022295338994e+00,-5.782430638018868052e+01,0.000000000000000000e+00
-1.066302924485690396e-14,-5.804682760929338770e+01,0.000000000000000000e+00
1.016948715417268501e+00,-5.826095288670666861e+01,0.000000000000000000e+00
2.041681620058322100e+00,-5.846611199506305923e+01,0.000000000000000000e+00
3.074297688665368344e+00,-5.866109441619067866e+01,0.000000000000000000e+00
4.113314142412506591e+00,-5.882313275965457677e+01,0.000000000000000000e+00
5.157304560593104270e+00,-5.894826086884899041e+01,0.000000000000000000e+00
6.204960962947414060e+00,-5.903626002570590003e+01,0.000000000000000000e+00
7.254995026652406587e+00,-5.908719283028986524e+01,0.000000000000000000e+00
8.306112678734038468e+00,-5.910106266497576399e+01,0.000000000000000000e+00
9.357020938118376208e+00,-5.907790512089107438e+01,0.000000000000000000e+00
1.040643212529272787e+01,-5.901780931925846119e+01,0.000000000000000000e+00
1.145303499688755799e+01,-5.892075718828657216e+01,0.000000000000000000e+00
1.249553820550225502e+01,-5.878688527574450973e+01,0.000000000000000000e+00
1.353179308664132030e+01,-5.861263529059203137e+01,0.000000000000000000e+00
1.456130863678453480e+01,-5.840221904774630701e+01,0.000000000000000000e+00
1.558276318560696794e+01,-5.815566393099896914e+01,0.000000000000000000e+00
1.659490666465914899e+01,-5.787331719652403450e+01,0.000000000000000000e+00
1.759645583449757211e+01,-5.755541364230691670e+01,0.000000000000000000e+00
1.858614617697290328e+01,-5.720227610840231591e+01,0.000000000000000000e+00
1.956271730042730539e+01,-5.681425638079806362e+01,0.000000000000000000e+00
2.052492172246980218e+01,-5.639175896855955017e+01,0.000000000000000000e+00
2.147152772317097913e+01,-5.593524207390264280e+01,0.000000000000000000e+00
2.240132498520771875e+01,-5.544522496999363881e+01,0.000000000000000000e+00
2.331313111255209236e+01,-5.492229508626524392e+01,0.000000000000000000e+00
2.420579772406249930e+01,-5.436711182993129654e+01,0.000000000000000000e+00
2.507822374641109064e+01,-5.378042437826570676e+01,0.000000000000000000e+00
2.592934701115388307e+01,-5.316303978661144214e+01,0.000000000000000000e+00
2.675821262606680406e+01,-5.251594920845928982e+01,0.000000000000000000e+00
2.756382463575282316e+01,-5.184001447862559786e+01,0.000000000000000000e+00
2.834446501124998008e+01,-5.113476847791501001e+01,0.000000000000000000e+00
2.909787530770204356e+01,-5.039899842524380347e+01,0.000000000000000000e+00
2.982459747116476834e+01,-4.963646564062267430e+01,0.000000000000000000e+00
3.052561248060530730e+01,-4.885119167283914265e+01,0.000000000000000000e+00
3.119835121066602213e+01,-4.804124795808694159e+01,0.000000000000000000e+00
3.183834797540261619e+01,-4.720229201025860988e+01,0.000000000000000000e+00
3.244969524484339729e+01,-4.634296758331217347e+01,0.000000000000000000e+00
3.303131478718783143e+01,-4.546370448247748897e+01,0.000000000000000000e+00
3.357782306896740465e+01,-4.455927622495958929e+01,0.000000000000000000e+00
3.409054589971479032e+01,-4.363390896123399187e+01,0.000000000000000000e+00
3.457085268313274895e+01,-4.269144767739278024e+01,0.000000000000000000e+00
3.501736806834655624e+01,-4.173207419864579037e+01,0.000000000000000000e+00
3.542865498194200313e+01,-4.075600540155934226e+01,0.000000000000000000e+00
3.580354361679950870e+01,-3.976386361605044328e+01,0.000000000000000000e+00
3.614111903597106590e+01,-3.875660519945284221e+01,0.000000000000000000e+00
3.644107056260445887e+01,-3.773583323455815020e+01,0.000000000000000000e+00
3.670323467275658658e+01,-3.670323467275660789e+01,0.000000000000000000e+00
3.692732484830875705e+01,-3.566030308966612949e+01,0.000000000000000000e+00
3.711276499697385134e+01,-3.460821324795984566e+01,0.000000000000000000e+00
3.725897421239297813e+01,-3.354813106722755833e+01,0.000000000000000000e+00
3.736540118735764793e+01,-3.248124770535270756e+01,0.000000000000000000e+00
3.743152508907625275e+01,-3.140877889664701073e+01,0.000000000000000000e+00
3.745685642110180424e+01,-3.033196426348614949e+01,0.000000000000000000e+00
3.744093787118721650e+01,-2.925206660168962713e+01,0.000000000000000000e+00
3.738329583034636983e+01,-2.817033397914840265e+01,0.000000000000000000e+00
3.728341054509564856e+01,-2.708798335009553426e+01,0.000000000000000000e+00
3.714123577951607302e+01,-2.600657327124136486e+01,0.000000000000000000e+00
3.695690174501896763e+01,-2.492774498312407161e+01,0.000000000000000000e+00
3.673059529457656680e+01,-2.385312748696277296e+01,0.000000000000000000e+00
3.646256152632173553e+01,-2.278433718990669377e+01,0.000000000000000000e+00
3.615328016507640996e+01,-2.172308229986464667e+01,0.000000000000000000e+00
3.580360257072827324e+01,-2.067121958216836930e+01,0.000000000000000000e+00
3.541358055151965800e+01,-1.963006824405907835e+01,0.000000000000000000e+00
3.497780593473589050e+01,-1.859802931432392015e+01,0.000000000000000000e+00
3.449386993225918729e+01,-1.757550458203673216e+01,0.000000000000000000e+00
3.398106332006781827e+01,-1.657367197531710801e+01,0.000000000000000000e+00
3.345280040010711531e+01,-1.559929701330057483e+01,0.000000000000000000e+00
3.290919367298593556e+01,-1.465211703358752260e+01,0.000000000000000000e+00
3.235835221125664418e+01,-1.373530560771885867e+01,0.000000000000000000e+00
3.180190687064895982e+01,-1.284880440730945317e+01,0.000000000000000000e+00
3.123544867144848425e+01,-1.199016536316385029e+01,0.000000000000000000e+00
3.066178754753337188e+01,-1.115997799669624335e+01,0.000000000000000000e+00
3.008483606360150731e+01,-1.035903979799078556e+01,0.000000000000000000e+00
2.950458352621716429e+01,-9.586620316816901521e+00,0.000000000000000000e+00
2.891834296964457707e+01,-8.841224702764680643e+00,0.000000000000000000e+00
2.832837294432195563e+01,-8.123030227838995643e+00,0.000000000000000000e+00
2.773764871888177552e+01,-7.432280574162534847e+00,0.000000000000000000e+00
2.714766505578716860e+01,-6.768673110215024380e+00,0.000000000000000000e+00
2.655718026240683116e+01,-6.131208168577383155e+00,0.000000000000000000e+00
2.596384348491921656e+01,-5.518785298893048363e+00,0.000000000000000000e+00
2.537301682094743072e+01,-4.932014853412288069e+00,0.000000000000000000e+00
2.478452437416233423e+01,-4.370180351191426560e+00,0.000000000000000000e+00
2.420262595572144093e+01,-3.833319366381042315e+00,0.000000000000000000e+00
2.364272904365079953e+01,-3.322768874437167064e+00,0.000000000000000000e+00
2.310999808885275186e+01,-2.837550967806764302e+00,0.000000000000000000e+00
2.260339805926794199e+01,-2.375712867425030961e+00,0.000000000000000000e+00
2.212009553539202145e+01,-1.935257595457209767e+00,0.000000000000000000e+00
2.165838394435547798e+01,-1.514501741077279195e+00,0.000000000000000000e+00
2.121666107063884610e+01,-1.111918090513144941e+00,0.000000000000000000e+00
2.079333919144167098e+01,-7.261194048680555957e-01,0.000000000000000000e+00
2.038706644466205020e+01,-3.558575684874811795e-01,0.000000000000000000e+00
1.999659259448225157e+01,-4.897752622937271398e-15,0.000000000000000000e+00
