4.701501887661395074e+01,0.000000000000000000e+00,0.000000000000000000e+00
4.657544428187430441e+01,8.129774040006964020e-01,0.000000000000000000e+00
4.609851042182842917e+01,1.609795456353600773e+00,0.000000000000000000e+00
4.558744837717271281e+01,2.389136932627902166e+00,0.000000000000000000e+00
4.503915362922995058e+01,3.149444425926037461e+00,0.000000000000000000e+00
4.445393914738303209e+01,3.889215724467294688e+00,0.000000000000000000e+00
4.383414974991795532e+01,4.607154787986269540e+00,0.000000000000000000e+00
4.318255396320429895e+01,5.302150927038022488e+00,0.000000000000000000e+00
4.249134712206929265e+01,5.971769392164675949e+00,0.000000000000000000e+00
4.177269325910173592e+01,6.616144642691357269e+00,0.000000000000000000e+00
4.101643761772798058e+01,7.232304604551079485e+00,0.000000000000000000e+00
4.022987414128243699e+01,7.819895372153986557e+00,0.000000000000000000e+00
3.941330922565405359e+01,8.377557493042385062e+00,0.000000000000000000e+00
3.856703796375428794e+01,8.903902291762872068e+00,0.000000000000000000e+00
3.769243810033844255e+01,9.397780313847595934e+00,0.000000000000000000e+00
3.679145159456018632e+01,9.858239743131145261e+00,0.000000000000000000e+00
3.585917579132768651e+01,1.028245319527716184e+01,0.000000000000000000e+00
3.490374922333838015e+01,1.067114703551343169e+01,0.000000000000000000e+00
3.392303486151905645e+01,1.102226218250306111e+01,0.000000000000000000e+00
3.292042858638732383e+01,1.133541260362361314e+01,0.000000000000000000e+00
3.189181944302836058e+01,1.160767299385445739e+01,0.000000000000000000e+00
3.084445590741617949e+01,1.184007730309274287e+01,0.000000000000000000e+00
2.977862565330944378e+01,1.203134573326459567e+01,0.000000000000000000e+00
2.871023254506429012e+01,1.218677068290117660e+01,0.000000000000000000e+00
2.765854039868647263e+01,1.231437557926021320e+01,0.000000000000000000e+00
2.662606612131815709e+01,1.241593853891201782e+01,0.000000000000000000e+00
2.561533317318983904e+01,1.249343275553686361e+01,0.000000000000000000e+00
2.462360729968657580e+01,1.254635457754710082e+01,0.000000000000000000e+00
2.365293751629015517e+01,1.257648996391110785e+01,0.000000000000000000e+00
2.270290048617008338e+01,1.258442323371554750e+01,0.000000000000000000e+00
2.177624989267925670e+01,1.257252373747892626e+01,0.000000000000000000e+00
2.086956040822015979e+01,1.253969698571622970e+01,0.000000000000000000e+00
2.001757720047507050e+01,1.250837049205578388e+01,0.000000000000000000e+00
1.921538381922231054e+01,1.247861615840754723e+01,0.000000000000000000e+00
1.845895598805692472e+01,1.245072302596390479e+01,0.000000000000000000e+00
1.774377259581462596e+01,1.242432332786826876e+01,0.000000000000000000e+00
1.706619041745075194e+01,1.239931312931553542e+01,0.000000000000000000e+00
1.642293687076292485e+01,1.237557059354591082e+01,0.000000000000000000e+00
1.581110304199443561e+01,1.235298754592688475e+01,0.000000000000000000e+00
1.522809556072823511e+01,1.233146864104549323e+01,0.000000000000000000e+00
1.467159266566713249e+01,1.231092799454457776e+01,0.000000000000000000e+00
1.413950996137493732e+01,1.229128848864365686e+01,0.000000000000000000e+00
1.362997086851249939e+01,1.227248089367039618e+01,0.000000000000000000e+00
1.314128127115198019e+01,1.225444303652752787e+01,0.000000000000000000e+00
1.267190730564069057e+01,1.223711864045296771e+01,0.000000000000000000e+00
1.222045570021098015e+01,1.222045570021097838e+01,0.000000000000000000e+00
1.178565840632158768e+01,1.220440654772665567e+01,0.000000000000000000e+00
1.136636130383787879e+01,1.218893020907109381e+01,0.000000000000000000e+00
1.096150762196745099e+01,1.217398754635263636e+01,0.000000000000000000e+00
1.057012750474196139e+01,1.215954074175299660e+01,0.000000000000000000e+00
1.019133475587456772e+01,1.214555980864375151e+01,0.000000000000000000e+00
9.824310283651678688e+00,1.213201283419951970e+01,0.000000000000000000e+00
9.468300421681115964e+00,1.211887189582094493e+01,0.000000000000000000e+00
9.122610641018724209e+00,1.210611321082314795e+01,0.000000000000000000e+00
8.786594435097853761e+00,1.209370972298130908e+01,0.000000000000000000e+00
8.459657835421436900e+00,1.208164347537743843e+01,0.000000000000000000e+00
8.141243292459277470e+00,1.206988954056627605e+01,0.000000000000000000e+00
7.830838302532443507e+00,1.205843353936696971e+01,0.000000000000000000e+00
7.527959157804149370e+00,1.204725297344476509e+01,0.000000000000000000e+00
7.232160384328268243e+00,1.203633614070577096e+01,0.000000000000000000e+00
6.943019570926571404e+00,1.202566265478988505e+01,0.000000000000000000e+00
6.660146741578942375e+00,1.201522277892377488e+01,0.000000000000000000e+00
6.383170999244544674e+00,1.200499863111040355e+01,0.000000000000000000e+00
6.111747968418181465e+00,1.199498076981728367e+01,0.000000000000000000e+00
5.845550848068420180e+00,1.198515535994179082e+01,0.000000000000000000e+00
5.584272461552664879e+00,1.197551093981063808e+01,0.000000000000000000e+00
5.327623832006035620e+00,1.196603904421405140e+01,0.000000000000000000e+00
5.075328859848624141e+00,1.195672550180794502e+01,0.000000000000000000e+00
4.827129741334509561e+00,1.194756536251185253e+01,0.000000000000000000e+00
4.582778389852165013e+00,1.193854586931893991e+01,0.000000000000000000e+00
4.342041061381607392e+00,1.192965977049074411e+01,0.000000000000000000e+00
4.104695179503853097e+00,1.192090038985860012e+01,0.000000000000000000e+00
3.870526586524223323e+00,1.191225595554472960e+01,0.000000000000000000e+00
3.639333367983346168e+00,1.190372307620503278e+01,0.000000000000000000e+00
3.410920279489418672e+00,1.189529264948126830e+01,0.000000000000000000e+00
3.185100410085574651e+00,1.188695655764783332e+01,0.000000000000000000e+00
2.961695443264610539e+00,1.187871161478568460e+01,0.000000000000000000e+00
2.740531967191206064e+00,1.187054809859321125e+01,0.000000000000000000e+00
2.521443892616251681e+00,1.186246085656297033e+01,0.000000000000000000e+00
2.304270888432591313e+00,1.185444605296935627e+01,0.000000000000000000e+00
2.088856584232141156e+00,1.184649436994448557e+01,0.000000000000000000e+00
1.875050410239144538e+00,1.183860236773945473e+01,0.000000000000000000e+00
1.662705693044897126e+00,1.183076574552749172e+01,0.000000000000000000e+00
1.451678898958617125e+00,1.182297585529970441e+01,0.000000000000000000e+00
1.241830724079539650e+00,1.181523009934386614e+01,0.000000000000000000e+00
1.033024496844602291e+00,1.180752402896752962e+01,0.000000000000000000e+00
8.251258610915972458e-01,1.179984955925295154e+01,0.000000000000000000e+00
6.180032487204256686e-01,1.179220446229450481e+01,0.000000000000000000e+00
4.115267536202723009e-01,1.178458434936608690e+01,0.000000000000000000e+00
2.055679765095394795e-01,1.177698148674446266e+01,0.000000000000000000e+00
7.206675203760008737e-16,1.176939376933427184e+01,0.000000000000000000e+00
-2.053032785364528878e-01,1.176181695002252603e+01,0.000000000000000000e+00
-4.104672259797006451e-01,1.175424344749054306e+01,0.000000000000000000e+00
-6.156169483084288352e-01,1.174667113795529261e+01,0.000000000000000000e+00
-8.208775512752527481e-01,1.173909589841431789e+01,0.000000000000000000e+00
-1.026374142993148109e+00,1.173151013661352415e+01,0.000000000000000000e+00
-1.232232766497347587e+00,1.172391163289073823e+01,0.000000000000000000e+00
-1.438580295036335777e+00,1.171629628723382943e+01,0.000000000000000000e+00
-1.645544337239986499e+00,1.170865635403819738e+01,0.000000000000000000e+00
-1.853254674106285194e+00,1.170098950571714802e+01,0.000000000000000000e+00
-2.061842780200577874e+00,1.169329147426157256e+01,0.000000000000000000e+00
-2.271441644006828131e+00,1.168555423171753205e+01,0.000000000000000000e+00
-2.482187786991857159e+00,1.167777540006159853e+01,0.000000000000000000e+00
-2.694220300268085566e+00,1.166995023061783598e+01,0.000000000000000000e+00
-2.907680706532519199e+00,1.166207033857065944e+01,0.000000000000000000e+00
-3.122715629701745321e+00,1.165413338763635132e+01,0.000000000000000000e+00
-3.339475086564104522e+00,1.164613365173053339e+01,0.000000000000000000e+00
-3.558112787802024890e+00,1.163806252884416281e+01,0.000000000000000000e+00
-3.778789320978452881e+00,1.162991768362904210e+01,0.000000000000000000e+00
-4.001669364614767410e+00,1.162169169757631693e+01,0.000000000000000000e+00
-4.226923319572764015e+00,1.161337637429234348e+01,0.000000000000000000e+00
-4.454730161875638750e+00,1.160496883086387321e+01,0.000000000000000000e+00
-4.685273667660291963e+00,1.159645925948353806e+01,0.000000000000000000e+00
-4.918746677241645493e+00,1.158784099646745958e+01,0.000000000000000000e+00
-5.155351501214473053e+00,1.157910905413001856e+01,0.000000000000000000e+00
-5.395296889533719664e+00,1.157025151780876193e+01,0.000000000000000000e+00
-5.638805148152931324e+00,1.156126385717506189e+01,0.000000000000000000e+00
-5.886107472369362270e+00,1.155213636180448056e+01,0.000000000000000000e+00
-6.137446676259675549e+00,1.154285839369346078e+01,0.000000000000000000e+00
-6.393081346507314855e+00,1.153342405243413538e+01,0.000000000000000000e+00
-6.653279868025367527e+00,1.152381876839509545e+01,0.000000000000000000e+00
-6.918330957386513269e+00,1.151403626448878903e+01,0.000000000000000000e+00
-7.188536525786656917e+00,1.150406321548918243e+01,0.000000000000000000e+00
-7.464218003178015870e+00,1.149388778536787292e+01,0.000000000000000000e+00
-7.745716548723894590e+00,1.148349702830126162e+01,0.000000000000000000e+00
-8.033394379642365024e+00,1.147287617065955878e+01,0.000000000000000000e+00
-8.327644689870174588e+00,1.146201959124508463e+01,0.000000000000000000e+00
-8.628877063351657384e+00,1.145090662331994302e+01,0.000000000000000000e+00
-8.937521260711715598e+00,1.143950555019569926e+01,0.000000000000000000e+00
-9.254048239806348164e+00,1.142779785777506163e+01,0.000000000000000000e+00
-9.579030124910218547e+00,1.141584356492991503e+01,0.000000000000000000e+00
-9.912990016373388613e+00,1.140359053593321903e+01,0.000000000000000000e+00
-1.025625667437140720e+01,1.139072701785732278e+01,0.000000000000000000e+00
-1.060970926885666010e+01,1.137752024238073822e+01,0.000000000000000000e+00
-1.097501587164880910e+01,1.136496162942498067e+01,0.000000000000000000e+00
-1.135010022041346822e+01,1.135010022041347000e+01,0.000000000000000000e+00
-1.173009275053713374e+01,1.132761889663954236e+01,0.000000000000000000e+00
-1.211384004875566234e+01,1.129633859652324546e+01,0.000000000000000000e+00
-1.250152639954681710e+01,1.125642493004817268e+01,0.000000000000000000e+00
-1.289324250751952761e+01,1.120792471923515521e+01,0.000000000000000000e+00
-1.328807812317887205e+01,1.115002145221427732e+01,0.000000000000000000e+00
-1.368526675957373939e+01,1.108211051191719676e+01,0.000000000000000000e+00
-1.408637583150093775e+01,1.100548296672329407e+01,0.000000000000000000e+00
-1.449067742271067694e+01,1.091950866061674752e+01,0.000000000000000000e+00
-1.489597041244175557e+01,1.082255600054849332e+01,0.000000000000000000e+00
-1.530441168078646008e+01,1.071626442675142066e+01,0.000000000000000000e+00
-1.571592556479345326e+01,1.060052564351481053e+01,0.000000000000000000e+00
-1.612780821519711338e+01,1.047352111658219265e+01,0.000000000000000000e+00
-1.654216337542419524e+01,1.033669090757953057e+01,0.000000000000000000e+00
-1.695896239914173265e+01,1.018997264521342672e+01,0.000000000000000000e+00
-1.737533866400413984e+01,1.003165645492370039e+01,0.000000000000000000e+00
-1.779360607402958649e+01,9.863156904819572190e+00,0.000000000000000000e+00
-1.821376503480946241e+01,9.684430655074260486e+00,0.000000000000000000e+00
-1.863277812896199848e+01,9.493874651489328187e+00,0.000000000000000000e+00
-1.905183909030581901e+01,9.292202796455120151e+00,0.000000000000000000e+00
-1.947382556975324519e+01,9.080793996750569974e+00,0.000000000000000000e+00
-1.990252242430060292e+01,8.861173893295024584e+00,0.000000000000000000e+00
-2.034273601435780066e+01,8.634979130895043653e+00,0.000000000000000000e+00
-2.079649443534810871e+01,8.402329157315540087e+00,0.000000000000000000e+00
-2.126398938279723438e+01,8.162480765430785823e+00,0.000000000000000000e+00
-2.174633931154696853e+01,7.915020213656080550e+00,0.000000000000000000e+00
-2.224457793502720193e+01,7.659422429003877042e+00,0.000000000000000000e+00
-2.275979653489702770e+01,7.395106176441498924e+00,0.000000000000000000e+00
-2.329322142873984802e+01,7.121452460776112936e+00,0.000000000000000000e+00
-2.384617367234940488e+01,6.837780268549372487e+00,0.000000000000000000e+00
-2.442010257352641744e+01,6.543346763661591403e+00,0.000000000000000000e+00
-2.501659516364572866e+01,6.237337710088162623e+00,0.000000000000000000e+00
-2.563739458909971702e+01,5.918858913957745216e+00,0.000000000000000000e+00
-2.628441983788566461e+01,5.586925906232296235e+00,0.000000000000000000e+00
-2.695978886520542517e+01,5.240452093906256437e+00,0.000000000000000000e+00
-2.766584553766791643e+01,4.878235012403740356e+00,0.000000000000000000e+00
-2.840519107152544720e+01,4.498940290175077017e+00,0.000000000000000000e+00
-2.918072065551767125e+01,4.101082838143778275e+00,0.000000000000000000e+00
-2.999566598647686178e+01,3.683004677139754435e+00,0.000000000000000000e+00
-3.085364575106959606e+01,3.242848841824265804e+00,0.000000000000000000e+00
-3.175872875695300124e+01,2.778528734228162378e+00,0.000000000000000000e+00
-3.271550167934638864e+01,2.287690733569260892e+00,0.000000000000000000e+00
-3.372915931479807483e+01,1.767670336772470208e+00,0.000000000000000000e+00
-3.480560388758117796e+01,1.215438470379291314e+00,0.000000000000000000e+00
-3.595156381254217592e+01,6.275368806188788007e-01,0.000000000000000000e+00
-3.717439885982853554e+01,4.552550857391603051e-15,0.000000000000000000e+00
-3.716829358039122155e+01,-6.487749777167696186e-01,0.000000000000000000e+00
-3.749590044981330550e+01,-1.309385696493447604e+00,0.000000000000000000e+00
-3.780749494677311162e+01,-1.981406850415170728e+00,0.000000000000000000e+00
-3.810263082799452405e+01,-2.664395500462157784e+00,0.000000000000000000e+00
-3.838064375677621598e+01,-3.357871227544941828e+00,0.000000000000000000e+00
-3.864046203355434983e+01,-4.061276212349119064e+00,0.000000000000000000e+00
-3.888133915675674501e+01,-4.774028155679299168e+00,0.000000000000000000e+00
-3.910362439240957855e+01,-5.495656011998040213e+00,0.000000000000000000e+00
-3.930785834733512729e+01,-6.225753144698820130e+00,0.000000000000000000e+00
-3.949406536589973626e+01,-6.963869301871862483e+00,0.000000000000000000e+00
-3.966177081467441212e+01,-7.709467271905747765e+00,0.000000000000000000e+00
-3.981049583160869076e+01,-8.461982112345479479e+00,0.000000000000000000e+00
-3.993986553500546677e+01,-9.220844509864932093e+00,0.000000000000000000e+00
-4.004971910192242035e+01,-9.985516478112691274e+00,0.000000000000000000e+00
-4.013993755439332034e+01,-1.075546385193536736e+01,0.000000000000000000e+00
-4.021041596792977657e+01,-1.153015123824614641e+01,0.000000000000000000e+00
-4.026106345139945830e+01,-1.230904236524670736e+01,0.000000000000000000e+00
-4.029180311866466724e+01,-1.309160042999260476e+01,0.000000000000000000e+00
-4.030257205204507898e+01,-1.387728844411545204e+01,0.000000000000000000e+00
-4.029332125767231787e+01,-1.466556957751834389e+01,0.000000000000000000e+00
-4.026398601896476492e+01,-1.545589613984938993e+01,0.000000000000000000e+00
-4.021443095090717890e+01,-1.624768476120354421e+01,0.000000000000000000e+00
-4.014463675656328689e+01,-1.704038730904353471e+01,0.000000000000000000e+00
-4.005463031498550208e+01,-1.783347039566041303e+01,0.000000000000000000e+00
-3.994445183149833412e+01,-1.862640378983112299e+01,0.000000000000000000e+00
-3.981415469067975721e+01,-1.941866072884685224e+01,0.000000000000000000e+00
-3.966380530245665170e+01,-2.020971822539370422e+01,0.000000000000000000e+00
-3.949348294147004879e+01,-2.099905736914135090e+01,0.000000000000000000e+00
-3.930327957986781939e+01,-2.178616362289950814e+01,0.000000000000000000e+00
-3.909329390258203318e+01,-2.257052375816489587e+01,0.000000000000000000e+00
-3.886357739368038722e+01,-2.335159317039230231e+01,0.000000000000000000e+00
-3.861416141826494197e+01,-2.412880601995336605e+01,0.000000000000000000e+00
-3.834509340035028657e+01,-2.490159481605522629e+01,0.000000000000000000e+00
-3.805644901784639700e+01,-2.566939898331698799e+01,0.000000000000000000e+00
-3.774841273253253604e+01,-2.643172315077065093e+01,0.000000000000000000e+00
-3.742122484192505283e+01,-2.718811129770923429e+01,0.000000000000000000e+00
-3.707512700152967255e+01,-2.793811211007813000e+01,0.000000000000000000e+00
-3.671029902142122125e+01,-2.868122897019998518e+01,0.000000000000000000e+00
-3.632689641896216415e+01,-2.941694069560444902e+01,0.000000000000000000e+00
-3.592505494068382887e+01,-3.014470035075131804e+01,0.000000000000000000e+00
-3.550484510663541471e+01,-3.086389097941752624e+01,0.000000000000000000e+00
-3.506640657155457319e+01,-3.157393429602009505e+01,0.000000000000000000e+00
-3.461022633813777816e+01,-3.227455819495250466e+01,0.000000000000000000e+00
-3.413685144083193279e+01,-3.296557424366808675e+01,0.000000000000000000e+00
-3.364647467872018183e+01,-3.364647467872017472e+01,0.000000000000000000e+00
-3.313912851271770421e+01,-3.431657214752054585e+01,0.000000000000000000e+00
-3.261471363606382567e+01,-3.497499838973014619e+01,0.000000000000000000e+00
-3.207346588626413109e+01,-3.562119260723211767e+01,0.000000000000000000e+00
-3.151664635693995109e+01,-3.625575427058081601e+01,0.000000000000000000e+00
-3.094477193171952223e+01,-3.687854312163520376e+01,0.000000000000000000e+00
-3.035733703387988314e+01,-3.748818918311451398e+01,0.000000000000000000e+00
-2.975467488975795405e+01,-3.808424714377123621e+01,0.000000000000000000e+00
-2.913736254707870899e+01,-3.866658608377728257e+01,0.000000000000000000e+00
-2.850570208306656284e+01,-3.923473297747027289e+01,0.000000000000000000e+00
-2.786053544064412435e+01,-3.978896815632391082e+01,0.000000000000000000e+00
-2.720207038916868925e+01,-4.032872782171762083e+01,0.000000000000000000e+00
-2.652947821862179367e+01,-4.085181401713782634e+01,0.000000000000000000e+00
-2.584452647105870327e+01,-4.135988809835068025e+01,0.000000000000000000e+00
-2.514804856193820726e+01,-4.185338124278818128e+01,0.000000000000000000e+00
-2.443938723356387754e+01,-4.233026039438276911e+01,0.000000000000000000e+00
-2.371849927541193992e+01,-4.278930537621383223e+01,0.000000000000000000e+00
-2.298682937170277896e+01,-4.323193835376181937e+01,0.000000000000000000e+00
-2.224510331496408355e+01,-4.365847346199594625e+01,0.000000000000000000e+00
-2.149349555080634744e+01,-4.406819649678572404e+01,0.000000000000000000e+00
-2.073213795318291730e+01,-4.446021331755957107e+01,0.000000000000000000e+00
-1.996080028262146300e+01,-4.483269147132548937e+01,0.000000000000000000e+00
-1.918088106961511485e+01,-4.518732404643679246e+01,0.000000000000000000e+00
-1.839299144289273968e+01,-4.552425131530220881e+01,0.000000000000000000e+00
-1.759746192388947605e+01,-4.584295562428995652e+01,0.000000000000000000e+00
-1.679477333567103514e+01,-4.614326050461465911e+01,0.000000000000000000e+00
-1.598539439274627583e+01,-4.642495627935184643e+01,0.000000000000000000e+00
-1.516976487194133760e+01,-4.668773560919330379e+01,0.000000000000000000e+00
-1.434813706345590845e+01,-4.693064168437403794e+01,0.000000000000000000e+00
-1.352102697329368830e+01,-4.715342476222699730e+01,0.000000000000000000e+00
-1.268922936185151151e+01,-4.735684868732467123e+01,0.000000000000000000e+00
-1.185327143292515473e+01,-4.754087506320129819e+01,0.000000000000000000e+00
-1.101364114099273195e+01,-4.770532089023337363e+01,0.000000000000000000e+00
-1.017085235179633251e+01,-4.785009821332067048e+01,0.000000000000000000e+00
-9.325416144879861591e+00,-4.797510707873588842e+01,0.000000000000000000e+00
-8.477849614655182720e+00,-4.808027438904694861e+01,0.000000000000000000e+00
-7.628672369116831220e+00,-4.816554172547098744e+01,0.000000000000000000e+00
-6.778406189162289763e+00,-4.823086616438725827e+01,0.000000000000000000e+00
-5.927575485868041838e+00,-4.827622823487927661e+01,0.000000000000000000e+00
-5.076703366264053940e+00,-4.830160605261490758e+01,0.000000000000000000e+00
-4.226318539995364887e+00,-4.830704196027694053e+01,0.000000000000000000e+00
-3.376940780432709399e+00,-4.829250306964830486e+01,0.000000000000000000e+00
-2.529051957486886160e+00,-4.825718609117343760e+01,0.000000000000000000e+00
-1.683236720734895719e+00,-4.820159307006781546e+01,0.000000000000000000e+00
-8.400453921668414869e-01,-4.812616828533464997e+01,0.000000000000000000e+00
-8.823160725512016725e-15,-4.803104988668322051e+01,0.000000000000000000e+00
8.363809887691712186e-01,-4.791623475528350440e+01,0.000000000000000000e+00
1.668642559445698392e+00,-4.778367097093915561e+01,0.000000000000000000e+00
2.496621412644481897e+00,-4.763837443217835244e+01,0.000000000000000000e+00
3.320363754311403515e+00,-4.748341390129048278e+01,0.000000000000000000e+00
4.139871691479529936e+00,-4.731894996033224743e+01,0.000000000000000000e+00
4.955146742494454415e+00,-4.714507203224628995e+01,0.000000000000000000e+00
5.766200934614655438e+00,-4.696193798481255044e+01,0.000000000000000000e+00
6.573030508812157890e+00,-4.676954226670969206e+01,0.000000000000000000e+00
7.375506647518488279e+00,-4.656711626726576725e+01,0.000000000000000000e+00
8.173719031150465497e+00,-4.635546414002701709e+01,0.000000000000000000e+00
8.967707850652686830e+00,-4.613485743712390530e+01,0.000000000000000000e+00
9.757482347732965522e+00,-4.590534524584920462e+01,0.000000000000000000e+00
1.054306427090419618e+01,-4.566702853044881749e+01,0.000000000000000000e+00
1.132446014690291669e+01,-4.541992883978480222e+01,0.000000000000000000e+00
1.210171523013831063e+01,-4.516421609760619305e+01,0.000000000000000000e+00
1.287479889966329338e+01,-4.489975964423276622e+01,0.000000000000000000e+00
1.364338204982173508e+01,-4.462549190263894872e+01,0.000000000000000000e+00
1.440778176337358474e+01,-4.434259274034875631e+01,0.000000000000000000e+00
1.516808334082983656e+01,-4.405131263193150204e+01,0.000000000000000000e+00
1.592425049821087235e+01,-4.375151866557347091e+01,0.000000000000000000e+00
1.667637381447728728e+01,-4.344343906284094459e+01,0.000000000000000000e+00
1.742438132395509598e+01,-4.312685714383368918e+01,0.000000000000000000e+00
1.816790397942515867e+01,-4.280089957198757133e+01,0.000000000000000000e+00
1.890718985406971697e+01,-4.246624370342922816e+01,0.000000000000000000e+00
1.964240400318813329e+01,-4.212327132028158871e+01,0.000000000000000000e+00
2.037360626042999456e+01,-4.177208318258362141e+01,0.000000000000000000e+00
2.110075959192155182e+01,-4.141257244924382519e+01,0.000000000000000000e+00
2.182363518637917466e+01,-4.104428826508678441e+01,0.000000000000000000e+00
2.254197875334168089e+01,-4.066680616934225156e+01,0.000000000000000000e+00
2.325618589185452123e+01,-4.028089555495854768e+01,0.000000000000000000e+00
2.396650848054374094e+01,-3.988696832774864021e+01,0.000000000000000000e+00
2.467271992545478909e+01,-3.948460562206446411e+01,0.000000000000000000e+00
2.537442771240606376e+01,-3.907319221117995767e+01,0.000000000000000000e+00
2.607165123461376766e+01,-3.865281250511542765e+01,0.000000000000000000e+00
2.676474076197813545e+01,-3.822401117018849703e+01,0.000000000000000000e+00
2.745391730871742908e+01,-3.778707542982930789e+01,0.000000000000000000e+00
2.813880989745686279e+01,-3.734146196098130588e+01,0.000000000000000000e+00
2.881864545834936919e+01,-3.688618410555332616e+01,0.000000000000000000e+00
2.949418832589435624e+01,-3.642228929795624026e+01,0.000000000000000000e+00
3.016590762517691715e+01,-3.595032878616967764e+01,0.000000000000000000e+00
3.083321788593960733e+01,-3.546955974894671471e+01,0.000000000000000000e+00
3.149516199552259010e+01,-3.497892106880019725e+01,0.000000000000000000e+00
3.215276644292939778e+01,-3.447962067412914422e+01,0.000000000000000000e+00
3.280630363290134710e+01,-3.397192189528708184e+01,0.000000000000000000e+00
3.345499299675444149e+01,-3.345499299675446281e+01,0.000000000000000000e+00
3.409839000091189831e+01,-3.292843246287441872e+01,0.000000000000000000e+00
3.473752992150780017e+01,-3.239327070696444366e+01,0.000000000000000000e+00
3.537218128412378348e+01,-3.184925508386141146e+01,0.000000000000000000e+00
3.600085259484880851e+01,-3.129506371077896887e+01,0.000000000000000000e+00
3.662487235075303715e+01,-3.073191688143185729e+01,0.000000000000000000e+00
3.724421656998962504e+01,-3.015977190723454626e+01,0.000000000000000000e+00
3.785795854349424161e+01,-2.957787885891927360e+01,0.000000000000000000e+00
3.846643373983864933e+01,-2.898653693766618389e+01,0.000000000000000000e+00
3.906968062190317426e+01,-2.838578452739961122e+01,0.000000000000000000e+00
3.966746510115650892e+01,-2.777545808550040007e+01,0.000000000000000000e+00
4.025955550705309349e+01,-2.715541307379777081e+01,0.000000000000000000e+00
4.084587201147831337e+01,-2.652561943502768571e+01,0.000000000000000000e+00
4.142645031585306725e+01,-2.588611916077111985e+01,0.000000000000000000e+00
4.200133399984014204e+01,-2.523694754712728638e+01,0.000000000000000000e+00
4.256992557939350519e+01,-2.457775799264520344e+01,0.000000000000000000e+00
4.313188949211769341e+01,-2.390839675174140311e+01,0.000000000000000000e+00
4.368830265967265092e+01,-2.322948257742921641e+01,0.000000000000000000e+00
4.423867666781059427e+01,-2.254073161420490479e+01,0.000000000000000000e+00
4.478138281381060182e+01,-2.184133975933859872e+01,0.000000000000000000e+00
4.531598895674115113e+01,-2.113119268739577450e+01,0.000000000000000000e+00
4.583666644318910954e+01,-2.040779873942697975e+01,0.000000000000000000e+00
4.632928940349145108e+01,-1.966561660466868133e+01,0.000000000000000000e+00
4.678738215217219221e+01,-1.890332942764932511e+01,0.000000000000000000e+00
4.721053477498121964e+01,-1.812242637490413699e+01,0.000000000000000000e+00
4.759846153205096186e+01,-1.732442319453139845e+01,0.000000000000000000e+00
4.795089221270811919e+01,-1.651081627071182822e+01,0.000000000000000000e+00
4.826743614760839307e+01,-1.568304069102213383e+01,0.000000000000000000e+00
4.854757762824665690e+01,-1.484248399145104003e+01,0.000000000000000000e+00
4.879083416565050868e+01,-1.399054656432351251e+01,0.000000000000000000e+00
4.899672004820621396e+01,-1.312863156869064873e+01,0.000000000000000000e+00
4.916475864304151600e+01,-1.225815108273655518e+01,0.000000000000000000e+00
4.929451647500406608e+01,-1.138053585099347842e+01,0.000000000000000000e+00
4.938560464585754062e+01,-1.049723431951857577e+01,0.000000000000000000e+00
4.943767944109193735e+01,-9.609711412810874265e+00,0.000000000000000000e+00
4.945044290588582925e+01,-8.719447292291228280e+00,0.000000000000000000e+00
4.942387010192447860e+01,-7.827972004765904046e+00,0.000000000000000000e+00
4.935849561224956261e+01,-6.936884172999901566e+00,0.000000000000000000e+00
4.925353631952601319e+01,-6.047573829908296617e+00,0.000000000000000000e+00
4.910784945554286907e+01,-5.161442962566797910e+00,0.000000000000000000e+00
4.892125543186129732e+01,-4.280055255743902443e+00,0.000000000000000000e+00
4.869782463433111985e+01,-3.405283625262894631e+00,0.000000000000000000e+00
4.843766962742263615e+01,-2.538510698818860156e+00,0.000000000000000000e+00
4.813698126748798956e+01,-1.680980426870519517e+00,0.000000000000000000e+00
4.779686641675998970e+01,-8.342974066699329061e-01,0.000000000000000000e+00
4.742075125471738062e+01,-1.161473424745049476e-14,0.000000000000000000e+00
