1.369279355043175528e+01,0.000000000000000000e+00,0.000000000000000000e+00
1.366570254181659472e+01,2.385357251571167680e-01,0.000000000000000000e+00
1.363944768141659303e+01,4.763000084775018128e-01,0.000000000000000000e+00
1.361405725692853252e+01,7.134825078677958787e-01,0.000000000000000000e+00
1.358955163745735462e+01,9.502740217491044694e-01,0.000000000000000000e+00
1.356594323171476724e+01,1.186866242811279282e+00,0.000000000000000000e+00
1.354323645289463229e+01,1.423451510403722864e+00,0.000000000000000000e+00
1.352142769026530544e+01,1.660222561729600921e+00,0.000000000000000000e+00
1.350050528751552648e+01,1.897372282011481115e+00,0.000000000000000000e+00
1.348044952788626638e+01,2.135093453797425767e+00,0.000000000000000000e+00
1.346123262611708604e+01,2.373578505577506270e+00,0.000000000000000000e+00
1.344281872723132842e+01,2.613019259881536716e+00,0.000000000000000000e+00
1.342516391218067895e+01,2.853606681029587477e+00,0.000000000000000000e+00
1.340821621036527489e+01,3.095530622707483470e+00,0.000000000000000000e+00
1.339191561904162597e+01,3.338979575540046874e+00,0.000000000000000000e+00
1.337619412962649790e+01,3.584140414835343957e+00,0.000000000000000000e+00
1.336097576090065076e+01,3.831198148673539361e+00,0.000000000000000000e+00
1.334617659911235776e+01,4.080335666514248061e+00,0.000000000000000000e+00
1.333170398638525533e+01,4.331733209523322969e+00,0.000000000000000000e+00
1.331723166918961709e+01,4.585490596277605135e+00,0.000000000000000000e+00
1.330190668311319513e+01,4.841498091639871326e+00,0.000000000000000000e+00
1.328481394132096405e+01,5.099562284210210628e+00,0.000000000000000000e+00
1.326505495066512275e+01,5.359430087213191918e+00,0.000000000000000000e+00
1.324175035097202446e+01,5.620789546522318325e+00,0.000000000000000000e+00
1.321404242406601348e+01,5.883270736078133112e+00,0.000000000000000000e+00
1.318109756988705783e+01,6.146446739726576958e+00,0.000000000000000000e+00
1.314210874708745180e+01,6.409834718431013378e+00,0.000000000000000000e+00
1.309631666235244296e+01,6.672906634106505308e+00,0.000000000000000000e+00
1.304331485539736413e+01,6.935253528745055185e+00,0.000000000000000000e+00
1.298298746480814891e+01,7.196587466640995245e+00,0.000000000000000000e+00
1.291523842807344025e+01,7.456616383096398515e+00,0.000000000000000000e+00
1.284003938585892968e+01,7.715074013725451429e+00,0.000000000000000000e+00
1.275762939815581376e+01,7.971851613925006852e+00,0.000000000000000000e+00
1.266831592690213348e+01,8.226900555955204197e+00,0.000000000000000000e+00
1.257220822297982465e+01,8.480061521916283596e+00,0.000000000000000000e+00
1.246913705861424759e+01,8.730983763411742871e+00,0.000000000000000000e+00
1.235901248001400532e+01,8.979348170879180913e+00,0.000000000000000000e+00
1.224195438631692312e+01,9.224974308982783811e+00,0.000000000000000000e+00
1.211826576270779121e+01,9.467826858592056638e+00,0.000000000000000000e+00
1.198843569231675765e+01,9.708043806623241068e+00,0.000000000000000000e+00
1.185202328301775410e+01,9.945028365484732902e+00,0.000000000000000000e+00
1.170840349281570170e+01,1.017795987730587370e+01,0.000000000000000000e+00
1.155874795443019032e+01,1.040754340518832954e+01,0.000000000000000000e+00
1.140333807758661777e+01,1.063378478967756102e+01,0.000000000000000000e+00
1.124160900800804086e+01,1.085589562980345057e+01,0.000000000000000000e+00
1.107357114811497389e+01,1.107357114811497212e+01,0.000000000000000000e+00
1.089978790382633456e+01,1.128706078829993587e+01,0.000000000000000000e+00
1.072048187843761902e+01,1.149630932282313189e+01,0.000000000000000000e+00
1.053564088346464800e+01,1.170101461692193112e+01,0.000000000000000000e+00
1.034537656046632570e+01,1.190099435596521360e+01,0.000000000000000000e+00
1.014978950531816970e+01,1.209604810703793731e+01,0.000000000000000000e+00
9.949001924375577843e+00,1.228599418677315391e+01,0.000000000000000000e+00
9.743130379152631804e+00,1.247063820016258973e+01,0.000000000000000000e+00
9.532360068759972549e+00,1.264986906706909409e+01,0.000000000000000000e+00
9.316885608381918260e+00,1.282359290647494454e+01,0.000000000000000000e+00
9.096802492016726305e+00,1.299158034670039008e+01,0.000000000000000000e+00
8.872326630945833514e+00,1.315376516293643228e+01,0.000000000000000000e+00
8.643644516232116715e+00,1.331004535021388335e+01,0.000000000000000000e+00
8.410950087583806578e+00,1.346033384720121262e+01,0.000000000000000000e+00
8.174439836645689184e+00,1.360455249983813886e+01,0.000000000000000000e+00
7.934314211885468815e+00,1.374263533820144190e+01,0.000000000000000000e+00
7.690771412312193078e+00,1.387451890268744670e+01,0.000000000000000000e+00
7.444021782363490658e+00,1.400016877470558718e+01,0.000000000000000000e+00
7.194071756225142167e+00,1.411916080612535040e+01,0.000000000000000000e+00
6.940865120478377115e+00,1.423088242040055817e+01,0.000000000000000000e+00
6.685081135269832942e+00,1.433620275875405348e+01,0.000000000000000000e+00
6.426878158142279140e+00,1.443500468458935515e+01,0.000000000000000000e+00
6.166509899299697395e+00,1.452738693514077717e+01,0.000000000000000000e+00
5.903674866978112057e+00,1.461210805010172642e+01,0.000000000000000000e+00
5.638852561193139046e+00,1.468971314458487853e+01,0.000000000000000000e+00
5.372460011332010232e+00,1.476071256805761678e+01,0.000000000000000000e+00
5.104724079738829801e+00,1.482519519991120838e+01,0.000000000000000000e+00
4.835286182201245175e+00,1.488148068049174988e+01,0.000000000000000000e+00
4.564794616748840461e+00,1.493077042503525398e+01,0.000000000000000000e+00
4.293559565386383170e+00,1.497342164381976914e+01,0.000000000000000000e+00
4.021636601568075342e+00,1.500895212663069245e+01,0.000000000000000000e+00
3.748946235439771790e+00,1.503620208195280838e+01,0.000000000000000000e+00
3.476144233377133741e+00,1.505683488240505241e+01,0.000000000000000000e+00
3.203411001604708819e+00,1.507086385118403626e+01,0.000000000000000000e+00
2.930564621245570045e+00,1.507644799128939894e+01,0.000000000000000000e+00
2.658126810709679155e+00,1.507498625581620288e+01,0.000000000000000000e+00
2.386359998970817742e+00,1.506688405806193032e+01,0.000000000000000000e+00
2.115341906059028609e+00,1.505143975086288854e+01,0.000000000000000000e+00
1.845190928767215022e+00,1.502787414963639101e+01,0.000000000000000000e+00
1.576324105367053141e+00,1.499772203643850865e+01,0.000000000000000000e+00
1.308915632884587010e+00,1.496097414377280366e+01,0.000000000000000000e+00
1.043046861089441668e+00,1.491626505055103991e+01,0.000000000000000000e+00
7.790035477647425655e-01,1.486427317512422697e+01,0.000000000000000000e+00
5.170266110523767944e-01,1.480570498810330626e+01,0.000000000000000000e+00
2.572979540699633638e-01,1.474058991634121796e+01,0.000000000000000000e+00
8.981607339892018063e-16,1.466807792441929337e+01,0.000000000000000000e+00
-2.546374059244572718e-01,1.458816721516830306e+01,0.000000000000000000e+00
-5.064150861543356141e-01,1.450183067340517873e+01,0.000000000000000000e+00
-7.551452674872212167e-01,1.440903006801480934e+01,0.000000000000000000e+00
-1.000637697011807603e+00,1.430978574885068610e+01,0.000000000000000000e+00
-1.242704707060926062e+00,1.420417979859409030e+01,0.000000000000000000e+00
-1.481055667297751954e+00,1.409130339566266166e+01,0.000000000000000000e+00
-1.715563186707364629e+00,1.397214091162485161e+01,0.000000000000000000e+00
-1.946047195666783081e+00,1.384684529437813616e+01,0.000000000000000000e+00
-2.172322650881270967e+00,1.371550542736451384e+01,0.000000000000000000e+00
-2.394203058142933216e+00,1.357820027611914249e+01,0.000000000000000000e+00
-2.611505185495208270e+00,1.343502948976666644e+01,0.000000000000000000e+00
-2.824048870050654525e+00,1.328610534467892812e+01,0.000000000000000000e+00
-3.031659062334739918e+00,1.313155808755785969e+01,0.000000000000000000e+00
-3.234166462729967773e+00,1.297153318459841920e+01,0.000000000000000000e+00
-3.431412545031899519e+00,1.280620595978827225e+01,0.000000000000000000e+00
-3.623240388080794627e+00,1.263574086290071108e+01,0.000000000000000000e+00
-3.809529429301584891e+00,1.246040930902348798e+01,0.000000000000000000e+00
-3.990089686456241402e+00,1.228023333985914789e+01,0.000000000000000000e+00
-4.164446620470687144e+00,1.209443117467129802e+01,0.000000000000000000e+00
-4.332756755906497226e+00,1.190415135084256626e+01,0.000000000000000000e+00
-4.495054631781806975e+00,1.171001766645600561e+01,0.000000000000000000e+00
-4.651558729406926496e+00,1.151301185904889124e+01,0.000000000000000000e+00
-4.802833407580559211e+00,1.131476644590602021e+01,0.000000000000000000e+00
-4.949254691179565846e+00,1.111620803980726357e+01,0.000000000000000000e+00
-5.090938804541619511e+00,1.091755349823016630e+01,0.000000000000000000e+00
-5.227917372004269758e+00,1.071881907127948885e+01,0.000000000000000000e+00
-5.360288168504984796e+00,1.052015787204284791e+01,0.000000000000000000e+00
-5.488045476190934302e+00,1.032151237009651190e+01,0.000000000000000000e+00
-5.611181695058109042e+00,1.012283974138968645e+01,0.000000000000000000e+00
-5.729874333391946628e+00,9.924433466419706917e+00,0.000000000000000000e+00
-5.844258336398036491e+00,9.726479238823223739e+00,0.000000000000000000e+00
-5.954353327697229581e+00,9.528957228424360437e+00,0.000000000000000000e+00
-6.060196424437594764e+00,9.331884147825858733e+00,0.000000000000000000e+00
-6.161853312854387532e+00,9.135323215338841507e+00,0.000000000000000000e+00
-6.259438179569867700e+00,8.939404159478202772e+00,0.000000000000000000e+00
-6.353109615657225540e+00,8.744305213762173068e+00,0.000000000000000000e+00
-6.442919605443967690e+00,8.550043098521030061e+00,0.000000000000000000e+00
-6.528756784647191225e+00,8.356427615132963282e+00,0.000000000000000000e+00
-6.610765307380015443e+00,8.163615280604149760e+00,0.000000000000000000e+00
-6.690177819672750381e+00,7.973043451689098227e+00,0.000000000000000000e+00
-6.768131633964500793e+00,7.785844807625868391e+00,0.000000000000000000e+00
-6.844781818113575333e+00,7.601900348472252489e+00,0.000000000000000000e+00
-6.920154846004279214e+00,7.420957525380666553e+00,0.000000000000000000e+00
-6.994351679891718021e+00,7.242863189839872540e+00,0.000000000000000000e+00
-7.067434677283769062e+00,7.067434677283769950e+00,0.000000000000000000e+00
-7.139474932619329195e+00,6.894510800446974841e+00,0.000000000000000000e+00
-7.210537086148864461e+00,6.723934611988913623e+00,0.000000000000000000e+00
-7.280683350160854772e+00,6.555556733736784381e+00,0.000000000000000000e+00
-7.349973374889207989e+00,6.389234378093561872e+00,0.000000000000000000e+00
-7.418464144561244922e+00,6.224830527603218755e+00,0.000000000000000000e+00
-7.486210405156625391e+00,6.062213655234164555e+00,0.000000000000000000e+00
-7.553264887688541762e+00,5.901257289948934392e+00,0.000000000000000000e+00
-7.619678429310579482e+00,5.741839540887882620e+00,0.000000000000000000e+00
-7.685500064263530717e+00,5.583842645675391125e+00,0.000000000000000000e+00
-7.750777192327459097e+00,5.427152617051580030e+00,0.000000000000000000e+00
-7.815555891087807794e+00,5.271659012396728627e+00,0.000000000000000000e+00
-7.879880926947739894e+00,5.117254507452098089e+00,0.000000000000000000e+00
-7.943795796953071253e+00,4.963834531342105727e+00,0.000000000000000000e+00
-8.007342958656586518e+00,4.811297046904376096e+00,0.000000000000000000e+00
-8.070564061318849625e+00,4.659542333314555584e+00,0.000000000000000000e+00
-8.133499846585582560e+00,4.508472584952097684e+00,0.000000000000000000e+00
-8.196190257740875396e+00,4.357991663732753373e+00,0.000000000000000000e+00
-8.258674774869563251e+00,4.208004976893715998e+00,0.000000000000000000e+00
-8.320992357020806196e+00,4.058419141726504087e+00,0.000000000000000000e+00
-8.383181425719881119e+00,3.909141698515921082e+00,0.000000000000000000e+00
-8.445280166650590559e+00,3.760080985660100072e+00,0.000000000000000000e+00
-8.507326629051211953e+00,3.611145907301593461e+00,0.000000000000000000e+00
-8.569358601362971228e+00,3.462245613536721667e+00,0.000000000000000000e+00
-8.631413828166447644e+00,3.313289340140457284e+00,0.000000000000000000e+00
-8.693530266678111573e+00,3.164186247763154824e+00,0.000000000000000000e+00
-8.755745916724961830e+00,3.014845094076641807e+00,0.000000000000000000e+00
-8.818098935535429561e+00,2.865174027485887454e+00,0.000000000000000000e+00
-8.880627990564255114e+00,2.715080447336066793e+00,0.000000000000000000e+00
-8.943372139960857226e+00,2.564470694257656280e+00,0.000000000000000000e+00
-9.006370846679732978e+00,2.413249795103043827e+00,0.000000000000000000e+00
-9.069664312972143705e+00,2.261321289611413654e+00,0.000000000000000000e+00
-9.133293544300249422e+00,2.108586959591379983e+00,0.000000000000000000e+00
-9.197300268908026766e+00,1.954946521805859705e+00,0.000000000000000000e+00
-9.261727148407251420e+00,1.800297386256602739e+00,0.000000000000000000e+00
-9.326618082318928415e+00,1.644534406676269489e+00,0.000000000000000000e+00
-9.392018108855346270e+00,1.487549531688965088e+00,0.000000000000000000e+00
-9.457973501627094493e+00,1.329231490511774583e+00,0.000000000000000000e+00
-9.524532070104692494e+00,1.169465488033438305e+00,0.000000000000000000e+00
-9.591743337233088695e+00,1.008132848324533759e+00,0.000000000000000000e+00
-9.659658529684739037e+00,8.451106148789143679e-01,0.000000000000000000e+00
-9.728330752583605801e+00,6.802711550601852064e-01,0.000000000000000000e+00
-9.797815282282899219e+00,5.134817407698900604e-01,0.000000000000000000e+00
-9.868169794801561423e+00,3.446040827096901182e-01,0.000000000000000000e+00
-9.939454446630509921e+00,1.734938227169958158e-01,0.000000000000000000e+00
-1.001173210430766858e+01,1.226083567546118332e-15,0.000000000000000000e+00
-1.008506860648165393e+01,-1.760355273316628888e-01,0.000000000000000000e+00
-1.015953309308252273e+01,-3.547787132873169158e-01,0.000000000000000000e+00
-1.023519827603078625e+01,-5.364040121683825157e-01,0.000000000000000000e+00
-1.031214069564639857e+01,-7.210951231594815436e-01,0.000000000000000000e+00
-1.039044106774358589e+01,-9.090458024617585897e-01,0.000000000000000000e+00
-1.047018466276843007e+01,-1.100460752070685944e+00,0.000000000000000000e+00
-1.055146171762634566e+01,-1.295556593882561280e+00,0.000000000000000000e+00
-1.063436788424630031e+01,-1.494562938984280498e+00,0.000000000000000000e+00
-1.071900471988478820e+01,-1.697723563395013624e+00,0.000000000000000000e+00
-1.080548022527791119e+01,-1.905297703228279627e+00,0.000000000000000000e+00
-1.089390943769249098e+01,-2.117561484216974321e+00,0.000000000000000000e+00
-1.098441508723296423e+01,-2.334809502898552047e+00,0.000000000000000000e+00
-1.107712832672654102e+01,-2.557356579657092066e+00,0.000000000000000000e+00
-1.117218954333154457e+01,-2.785539706224318124e+00,0.000000000000000000e+00
-1.126974926542384026e+01,-3.019720214571551153e+00,0.000000000000000000e+00
-1.136996917492879611e+01,-3.260286197130710661e+00,0.000000000000000000e+00
-1.147302323713085670e+01,-3.507655212679058110e+00,0.000000000000000000e+00
-1.157909895941429745e+01,-3.762277316543658934e+00,0.000000000000000000e+00
-1.168839878959769152e+01,-4.024638458399986796e+00,0.000000000000000000e+00
-1.180114166993919689e+01,-4.295264298216411092e+00,0.000000000000000000e+00
-1.191756494943498979e+01,-4.574724569286758857e+00,0.000000000000000000e+00
-1.203792647028011764e+01,-4.863637998668406404e+00,0.000000000000000000e+00
-1.216250661055192417e+01,-5.162677758162128150e+00,0.000000000000000000e+00
-1.229161115979676921e+01,-5.472577877000040836e+00,0.000000000000000000e+00
-1.242557434622658796e+01,-5.794140474619744907e+00,0.000000000000000000e+00
-1.256476200711664681e+01,-6.128243898444984517e+00,0.000000000000000000e+00
-1.270957589897758666e+01,-6.475852372810103397e+00,0.000000000000000000e+00
-1.286045799928893096e+01,-6.838026813708238727e+00,0.000000000000000000e+00
-1.301789577780579954e+01,-7.215937460506536283e+00,0.000000000000000000e+00
-1.318242849438946784e+01,-7.610878639808754009e+00,0.000000000000000000e+00
-1.335465418262013593e+01,-8.024285779068131674e+00,0.000000000000000000e+00
-1.353523848202979885e+01,-8.457755698204145745e+00,0.000000000000000000e+00
-1.372493048009718386e+01,-8.913074069883064610e+00,0.000000000000000000e+00
-1.392447126146578640e+01,-9.392174458386277180e+00,0.000000000000000000e+00
-1.413020599967951973e+01,-9.894076757431660596e+00,0.000000000000000000e+00
-1.433167803804318297e+01,-1.041257359231880386e+01,0.000000000000000000e+00
-1.452870610739396895e+01,-1.094816532997992020e+01,0.000000000000000000e+00
-1.471991388003894663e+01,-1.150045713789114288e+01,0.000000000000000000e+00
-1.489632185403830889e+01,-1.206280359073407382e+01,0.000000000000000000e+00
-1.504681783507601445e+01,-1.262577929580400138e+01,0.000000000000000000e+00
-1.517774312822260896e+01,-1.319381081134528699e+01,0.000000000000000000e+00
-1.528007600841089264e+01,-1.375824223515156142e+01,0.000000000000000000e+00
-1.535936323969015405e+01,-1.432283793447929376e+01,0.000000000000000000e+00
-1.541420534876609061e+01,-1.488532507787457604e+01,0.000000000000000000e+00
-1.544430049574641117e+01,-1.544430049574640762e+01,0.000000000000000000e+00
-1.545050620896160076e+01,-1.599946754278913730e+01,0.000000000000000000e+00
-1.543351392458089144e+01,-1.655041741845076686e+01,0.000000000000000000e+00
-1.539346704684665035e+01,-1.709617714883865602e+01,0.000000000000000000e+00
-1.533060527290386510e+01,-1.763584396952441224e+01,0.000000000000000000e+00
-1.524525006921760273e+01,-1.816858153998720127e+01,0.000000000000000000e+00
-1.513774979591280001e+01,-1.869356417931178527e+01,0.000000000000000000e+00
-1.500853192874694209e+01,-1.921004485370231052e+01,0.000000000000000000e+00
-1.485828142047688516e+01,-1.971760541722260029e+01,0.000000000000000000e+00
-1.468767491061915287e+01,-2.021585020073425554e+01,0.000000000000000000e+00
-1.449690841152053622e+01,-2.070373085183602768e+01,0.000000000000000000e+00
-1.428618092231111625e+01,-2.118013422452977679e+01,0.000000000000000000e+00
-1.405613696612797803e+01,-2.164455284071948782e+01,0.000000000000000000e+00
-1.380778800047334798e+01,-2.209707990683618206e+01,0.000000000000000000e+00
-1.354167274016907108e+01,-2.253712809816869012e+01,0.000000000000000000e+00
-1.325792713760230157e+01,-2.296340340537337354e+01,0.000000000000000000e+00
-1.295707429594162896e+01,-2.337518079847857777e+01,0.000000000000000000e+00
-1.263973973324157107e+01,-2.377189303139701337e+01,0.000000000000000000e+00
-1.230666105413034117e+01,-2.415318227252728533e+01,0.000000000000000000e+00
-1.195867425398506434e+01,-2.451891576314098131e+01,0.000000000000000000e+00
-1.159653634773470543e+01,-2.486885245165768055e+01,0.000000000000000000e+00
-1.122130129081113914e+01,-2.520345535022067196e+01,0.000000000000000000e+00
-1.083127321665738663e+01,-2.551688063234574599e+01,0.000000000000000000e+00
-1.042956669601347386e+01,-2.581408341613136059e+01,0.000000000000000000e+00
-1.001731756193491485e+01,-2.609600443816178128e+01,0.000000000000000000e+00
-9.592283515886204981e+00,-2.635458236090408946e+01,0.000000000000000000e+00
-9.158447661945608331e+00,-2.659806332244714255e+01,0.000000000000000000e+00
-8.714369079080851677e+00,-2.682007025155619573e+01,0.000000000000000000e+00
-8.262106339129873689e+00,-2.702413215353732312e+01,0.000000000000000000e+00
-7.801411430107026312e+00,-2.720675490370083693e+01,0.000000000000000000e+00
-7.334190561287502241e+00,-2.737157180711707483e+01,0.000000000000000000e+00
-6.859688115262509100e+00,-2.751270630269729622e+01,0.000000000000000000e+00
-6.380612364269565795e+00,-2.763746851899277246e+01,0.000000000000000000e+00
-5.895720114902244902e+00,-2.773718236962681161e+01,0.000000000000000000e+00
-5.407309573344287301e+00,-2.781819618114296588e+01,0.000000000000000000e+00
-4.915839724620341578e+00,-2.787911245839387320e+01,0.000000000000000000e+00
-4.421376120302934254e+00,-2.791547017651068430e+01,0.000000000000000000e+00
-3.925829699863137456e+00,-2.793372978164295972e+01,0.000000000000000000e+00
-3.429335364831671118e+00,-2.792969522889384493e+01,0.000000000000000000e+00
-2.932652862317811415e+00,-2.790232814981073872e+01,0.000000000000000000e+00
-2.437155036358839677e+00,-2.785680953551973715e+01,0.000000000000000000e+00
-1.943121900427253745e+00,-2.778793779411786957e+01,0.000000000000000000e+00
-1.451838861629469735e+00,-2.770273576730738796e+01,0.000000000000000000e+00
-9.641060669782540726e-01,-2.760838552558434245e+01,0.000000000000000000e+00
-4.800292936537334243e-01,-2.750085981506295951e+01,0.000000000000000000e+00
-5.030447704935347272e-15,-2.738448184101049421e+01,0.000000000000000000e+00
4.757793965481993959e-01,-2.725738337295281255e+01,0.000000000000000000e+00
9.470263026552797614e-01,-2.711928506841944042e+01,0.000000000000000000e+00
1.413575883820572754e+00,-2.697263465765649926e+01,0.000000000000000000e+00
1.874996901043879172e+00,-2.681370491419766822e+01,0.000000000000000000e+00
2.331351175438577172e+00,-2.664746587136715661e+01,0.000000000000000000e+00
2.781967254658250788e+00,-2.646865036053177889e+01,0.000000000000000000e+00
3.227138430972443572e+00,-2.628293335286991095e+01,0.000000000000000000e+00
3.666042153383388680e+00,-2.608524533916836674e+01,0.000000000000000000e+00
4.099018360130674665e+00,-2.588018337995589135e+01,0.000000000000000000e+00
4.525414852770287766e+00,-2.566490298074414511e+01,0.000000000000000000e+00
4.945149028034260041e+00,-2.544058629174541153e+01,0.000000000000000000e+00
5.358367266588019540e+00,-2.520913598003385658e+01,0.000000000000000000e+00
5.763959246200449194e+00,-2.496645041527434117e+01,0.000000000000000000e+00
6.162570512790395583e+00,-2.471672031426996341e+01,0.000000000000000000e+00
6.553987129691116742e+00,-2.445981296015972717e+01,0.000000000000000000e+00
6.937125648675749545e+00,-2.419263218593102138e+01,0.000000000000000000e+00
7.312571960525505510e+00,-2.391834514493855934e+01,0.000000000000000000e+00
7.680102938959699976e+00,-2.363692637904756566e+01,0.000000000000000000e+00
8.039545544396739629e+00,-2.334853562160723683e+01,0.000000000000000000e+00
8.390324053201668519e+00,-2.305222587807861245e+01,0.000000000000000000e+00
8.732263822193267799e+00,-2.274832499321702883e+01,0.000000000000000000e+00
9.065514781039048842e+00,-2.243793645400086589e+01,0.000000000000000000e+00
9.389860038214406401e+00,-2.212112398578134531e+01,0.000000000000000000e+00
9.705126115329292702e+00,-2.179807015040774232e+01,0.000000000000000000e+00
1.001114002502942846e+01,-2.146895906586582825e+01,0.000000000000000000e+00
1.030774795716991932e+01,-2.113401523461662990e+01,0.000000000000000000e+00
1.059482138561396525e+01,-2.079350775535661100e+01,0.000000000000000000e+00
1.087223459028026795e+01,-2.044769933139395590e+01,0.000000000000000000e+00
1.113995704007643361e+01,-2.009701449197001821e+01,0.000000000000000000e+00
1.139783090969568669e+01,-1.974162223167192209e+01,0.000000000000000000e+00
1.164524319625464166e+01,-1.938093931850857032e+01,0.000000000000000000e+00
1.188224700498247977e+01,-1.901557016466808392e+01,0.000000000000000000e+00
1.210934117874569083e+01,-1.864675021602769078e+01,0.000000000000000000e+00
1.232625287986679830e+01,-1.827442140770830292e+01,0.000000000000000000e+00
1.253238437709236308e+01,-1.789809976787047674e+01,0.000000000000000000e+00
1.272816071189207499e+01,-1.751881028469976442e+01,0.000000000000000000e+00
1.291333506504323658e+01,-1.713657442791490482e+01,0.000000000000000000e+00
1.308745393926784573e+01,-1.675117715627821369e+01,0.000000000000000000e+00
1.325077279134042385e+01,-1.636334164191831420e+01,0.000000000000000000e+00
1.340349340383167842e+01,-1.597366141732920219e+01,0.000000000000000000e+00
1.354556601560739360e+01,-1.558239120228132535e+01,0.000000000000000000e+00
1.367686323785518354e+01,-1.518969547556929989e+01,0.000000000000000000e+00
1.379717508526982783e+01,-1.479565884817551158e+01,0.000000000000000000e+00
1.390633912381119153e+01,-1.440043571655829879e+01,0.000000000000000000e+00
1.400438788196731998e+01,-1.400438788196732531e+01,0.000000000000000000e+00
1.409140662086097784e+01,-1.360791319500754071e+01,0.000000000000000000e+00
1.416746763192303327e+01,-1.321137729913523451e+01,0.000000000000000000e+00
1.423254741978693083e+01,-1.281504325743693684e+01,0.000000000000000000e+00
1.428660135327379166e+01,-1.241915308486826675e+01,0.000000000000000000e+00
1.432958878415698400e+01,-1.202395266370822213e+01,0.000000000000000000e+00
1.436147322470043797e+01,-1.162969171052003858e+01,0.000000000000000000e+00
1.438222252603206996e+01,-1.123662373681000659e+01,0.000000000000000000e+00
1.439180905715860348e+01,-1.084500600332794029e+01,0.000000000000000000e+00
1.439088709519540465e+01,-1.045559149038300006e+01,0.000000000000000000e+00
1.438233612133151418e+01,-1.007062016922213310e+01,0.000000000000000000e+00
1.436761962651911873e+01,-9.691081804839564384e+00,0.000000000000000000e+00
1.434769276979373487e+01,-9.317500629569071435e+00,0.000000000000000000e+00
1.432354244200876003e+01,-8.950342682783778869e+00,0.000000000000000000e+00
1.429618482934725066e+01,-8.590014466294013218e+00,0.000000000000000000e+00
1.426666293052339363e+01,-8.236861683375344967e+00,0.000000000000000000e+00
1.423604403020928721e+01,-7.891168062825160590e+00,0.000000000000000000e+00
1.420541713126113947e+01,-7.553154269377094110e+00,0.000000000000000000e+00
1.417588990846062913e+01,-7.222976677591942618e+00,0.000000000000000000e+00
1.414828636208662793e+01,-6.900580331151577873e+00,0.000000000000000000e+00
1.412260603082910571e+01,-6.585479345281590291e+00,0.000000000000000000e+00
1.409868244154222161e+01,-6.277137848030386102e+00,0.000000000000000000e+00
1.407632106089921997e+01,-5.975043795232602761e+00,0.000000000000000000e+00
1.405530050418160393e+01,-5.678710015683475554e+00,0.000000000000000000e+00
1.403537377687568188e+01,-5.387675211221771399e+00,0.000000000000000000e+00
1.401626954764580901e+01,-5.101504910794881553e+00,0.000000000000000000e+00
1.399769345122957098e+01,-4.819792377622269974e+00,0.000000000000000000e+00
1.397932941977692600e+01,-4.542159468613652606e+00,0.000000000000000000e+00
1.396084588009741090e+01,-4.268258924661505027e+00,0.000000000000000000e+00
1.394208182844597843e+01,-3.997827632178617474e+00,0.000000000000000000e+00
1.392310993775990902e+01,-3.730686063952505460e+00,0.000000000000000000e+00
1.390401103686077100e+01,-3.466659303330039688e+00,0.000000000000000000e+00
1.388485784961493330e+01,-3.205572015776180894e+00,0.000000000000000000e+00
1.386571504539112887e+01,-2.947248715144640929e+00,0.000000000000000000e+00
1.384663929702330698e+01,-2.691514027073869109e+00,0.000000000000000000e+00
1.382767934617183236e+01,-2.438192949315293401e+00,0.000000000000000000e+00
1.380887607597115796e+01,-2.187111108803574400e+00,0.000000000000000000e+00
1.379026259084758443e+01,-1.938095015282888856e+00,0.000000000000000000e+00
1.377186430338628575e+01,-1.690972311305680265e+00,0.000000000000000000e+00
1.375369902812230016e+01,-1.445572018425071326e+00,0.000000000000000000e+00
1.373577708212594750e+01,-1.201724779405217491e+00,0.000000000000000000e+00
1.371810139224890790e+01,-9.592630962777903836e-01,0.000000000000000000e+00
1.370066760889310586e+01,-7.180215640771892005e-01,0.000000000000000000e+00
1.368346422616065006e+01,-4.778371000903302579e-01,0.000000000000000000e+00
1.366647270823903959e+01,-2.385491684620388297e-01,0.000000000000000000e+00
1.364966762187228255e+01,-3.343204352510230715e-15,0.000000000000000000e+00
