1.241738133984275194e+01,0.000000000000000000e+00,0.000000000000000000e+00
1.237969640806952754e+01,2.160884045944755916e-01,0.000000000000000000e+00
1.234305734170367685e+01,4.310290602530585935e-01,0.000000000000000000e+00
1.230751068203733212e+01,6.450093033478843108e-01,0.000000000000000000e+00
1.227309523313429551e+01,8.582184223321760452e-01,0.000000000000000000e+00
1.223984198972019932e+01,1.070847417449106498e+00,0.000000000000000000e+00
1.220777407159774519e+01,1.283088758091434078e+00,0.000000000000000000e+00
1.217690666465643901e+01,1.495136137975493273e+00,0.000000000000000000e+00
1.214724696854232810e+01,1.707184228295032913e+00,0.000000000000000000e+00
1.211879415104926672e+01,1.919428429022202343e+00,0.000000000000000000e+00
1.209153930928940035e+01,2.132064618524717847e+00,0.000000000000000000e+00
1.206546543769630553e+01,2.345288901669865478e+00,0.000000000000000000e+00
1.204054740291037007e+01,2.559297356587542982e+00,0.000000000000000000e+00
1.201675192559173055e+01,2.774285780265990375e+00,0.000000000000000000e+00
1.199403756920198205e+01,2.990449433155208059e+00,0.000000000000000000e+00
1.197235473579172726e+01,3.207982782954320378e+00,0.000000000000000000e+00
1.195164566882673007e+01,3.427079247760306480e+00,0.000000000000000000e+00
1.193184446308121416e+01,3.647930938756563712e+00,0.000000000000000000e+00
1.191287708162260195e+01,3.870728402620767561e+00,0.000000000000000000e+00
1.189466137990757666e+01,4.095660363832331896e+00,0.000000000000000000e+00
1.187710713700509224e+01,4.322913467060526926e+00,0.000000000000000000e+00
1.186011609395758093e+01,4.552672019815031668e+00,0.000000000000000000e+00
1.184357869056666246e+01,4.785116398731336318e+00,0.000000000000000000e+00
1.182719783809272585e+01,5.020347628599044043e+00,0.000000000000000000e+00
1.181040720418039669e+01,5.258332072475702113e+00,0.000000000000000000e+00
1.179262548366162555e+01,5.498991572785210558e+00,0.000000000000000000e+00
1.177328025372648490e+01,5.742212454061360383e+00,0.000000000000000000e+00
1.175180944881118350e+01,5.987845991778392829e+00,0.000000000000000000e+00
1.172766281728486959e+01,6.235708931295994795e+00,0.000000000000000000e+00
1.170030335843161318e+01,6.485584056321875401e+00,0.000000000000000000e+00
1.166920873824152771e+01,6.737220806253677807e+00,0.000000000000000000e+00
1.163387268254357920e+01,6.990335941720958068e+00,0.000000000000000000e+00
1.159380634603251892e+01,7.244614257607588037e+00,0.000000000000000000e+00
1.154853965576290875e+01,7.499709342794998790e+00,0.000000000000000000e+00
1.149759570194358993e+01,7.755226224171830829e+00,0.000000000000000000e+00
1.144040277298451969e+01,8.010656261799026012e+00,0.000000000000000000e+00
1.137638696500607693e+01,8.265428945122751614e+00,0.000000000000000000e+00
1.130500749024539076e+01,8.518934180716838611e+00,0.000000000000000000e+00
1.122575972382552756e+01,8.770524718842899858e+00,0.000000000000000000e+00
1.113837281696903325e+01,9.019676462954816287e+00,0.000000000000000000e+00
1.104300271584540383e+01,9.266179505955578932e+00,0.000000000000000000e+00
1.093985790813706771e+01,9.509873393137519670e+00,0.000000000000000000e+00
1.082916295264877071e+01,9.750622118925290849e+00,0.000000000000000000e+00
1.071119788211550805e+01,9.988353615678480679e+00,0.000000000000000000e+00
1.058624603603629311e+01,1.022301896434613155e+01,0.000000000000000000e+00
1.045442365313369670e+01,1.045442365313369493e+01,0.000000000000000000e+00
1.031565865839453799e+01,1.068217724748370046e+01,0.000000000000000000e+00
1.016994241897854323e+01,1.090592803286531876e+01,0.000000000000000000e+00
1.001742154230912440e+01,1.112547373120806959e+01,0.000000000000000000e+00
9.858264076139210630e+00,1.134063554323236112e+01,0.000000000000000000e+00
9.692628196217464520e+00,1.155122447452209933e+01,0.000000000000000000e+00
9.520742791971620989e+00,1.175713820190733827e+01,0.000000000000000000e+00
9.342955989799181182e+00,1.195843833909166598e+01,0.000000000000000000e+00
9.159314866468337257e+00,1.215482136313764450e+01,0.000000000000000000e+00
8.969654169856836390e+00,1.234566983226982018e+01,0.000000000000000000e+00
8.774336065952072161e+00,1.253105056307490095e+01,0.000000000000000000e+00
8.573687263621582844e+00,1.271101409328016096e+01,0.000000000000000000e+00
8.367673430257237754e+00,1.288508714389530496e+01,0.000000000000000000e+00
8.156714117953576704e+00,1.305347124647772539e+01,0.000000000000000000e+00
7.940990905203325845e+00,1.321602823306196051e+01,0.000000000000000000e+00
7.720164906716971309e+00,1.337171786124403283e+01,0.000000000000000000e+00
7.494951955617249695e+00,1.352125125139846595e+01,0.000000000000000000e+00
7.265737579280208358e+00,1.366486495561367676e+01,0.000000000000000000e+00
7.032341748406003568e+00,1.380174779372407912e+01,0.000000000000000000e+00
6.794749406612353937e+00,1.393130081094595063e+01,0.000000000000000000e+00
6.553561120353173841e+00,1.405415717657975705e+01,0.000000000000000000e+00
6.309089294610423337e+00,1.417044656554042170e+01,0.000000000000000000e+00
6.061461532122098816e+00,1.427990849079950841e+01,0.000000000000000000e+00
5.810793253783763213e+00,1.438221799036029580e+01,0.000000000000000000e+00
5.557028207357318728e+00,1.447655341518154692e+01,0.000000000000000000e+00
5.300737970521828935e+00,1.456365788045443921e+01,0.000000000000000000e+00
5.042198936540120968e+00,1.464360899890527890e+01,0.000000000000000000e+00
4.781588471433814824e+00,1.471621612007883506e+01,0.000000000000000000e+00
4.519130998658892118e+00,1.478141146023628494e+01,0.000000000000000000e+00
4.255065409257435149e+00,1.483917656773220983e+01,0.000000000000000000e+00
3.989589764777100811e+00,1.488935170350490900e+01,0.000000000000000000e+00
3.722740272284737362e+00,1.493109570458565294e+01,0.000000000000000000e+00
3.454983114167199165e+00,1.496517600507436896e+01,0.000000000000000000e+00
3.186573300479896620e+00,1.499164869549784562e+01,0.000000000000000000e+00
2.917730368957363041e+00,1.501042148713812985e+01,0.000000000000000000e+00
2.648696341101924201e+00,1.502150340497928482e+01,0.000000000000000000e+00
2.379707147891271468e+00,1.502487960948153578e+01,0.000000000000000000e+00
2.110999760618347043e+00,1.502054378066407203e+01,0.000000000000000000e+00
1.842815635724899037e+00,1.500852894023181072e+01,0.000000000000000000e+00
1.575375504584890951e+00,1.498869670287545652e+01,0.000000000000000000e+00
1.308868491009642865e+00,1.496043530967653901e+01,0.000000000000000000e+00
1.043621176392008687e+00,1.492447814201917033e+01,0.000000000000000000e+00
7.798783316502884144e-01,1.488096504601654857e+01,0.000000000000000000e+00
5.178715772325281907e-01,1.482990165365361968e+01,0.000000000000000000e+00
2.578347657659355030e-01,1.477134383780640547e+01,0.000000000000000000e+00
9.004499869903203914e-16,1.470546426312057875e+01,0.000000000000000000e+00
-2.554055592997854229e-01,1.463217469256738745e+01,0.000000000000000000e+00
-5.081232267081768894e-01,1.455074541894780182e+01,0.000000000000000000e+00
-7.579117103564660951e-01,1.446181694254166139e+01,0.000000000000000000e+00
-1.004554946085179923e+00,1.436580502049339536e+01,0.000000000000000000e+00
-1.247848608371255441e+00,1.426297485961139522e+01,0.000000000000000000e+00
-1.487566402466805382e+00,1.415324890292595938e+01,0.000000000000000000e+00
-1.723423480954756615e+00,1.403615787100142853e+01,0.000000000000000000e+00
-1.955159122415746076e+00,1.391168002208029009e+01,0.000000000000000000e+00
-2.182663579992626612e+00,1.378079548420448219e+01,0.000000000000000000e+00
-2.405750509729071673e+00,1.364368912836252612e+01,0.000000000000000000e+00
-2.624087150407603097e+00,1.349975808788552278e+01,0.000000000000000000e+00
-2.837415791926110931e+00,1.334899176780524677e+01,0.000000000000000000e+00
-3.045706290700239460e+00,1.319240331832358493e+01,0.000000000000000000e+00
-3.248784573514964080e+00,1.303016322461919607e+01,0.000000000000000000e+00
-3.446141413522985086e+00,1.286117484533500388e+01,0.000000000000000000e+00
-3.637678136524735706e+00,1.268609127536065095e+01,0.000000000000000000e+00
-3.823612801311660370e+00,1.250647394323972961e+01,0.000000000000000000e+00
-4.004384924694329939e+00,1.232422955924450925e+01,0.000000000000000000e+00
-4.180298286144312314e+00,1.214046775454991867e+01,0.000000000000000000e+00
-4.351546638714131277e+00,1.195577612957073832e+01,0.000000000000000000e+00
-4.518246972982452370e+00,1.177043578090245823e+01,0.000000000000000000e+00
-4.680481433970587801e+00,1.158459806487965338e+01,0.000000000000000000e+00
-4.838291013878364133e+00,1.139829933158915409e+01,0.000000000000000000e+00
-4.991718942592412667e+00,1.121158431005683376e+01,0.000000000000000000e+00
-5.140821037778202651e+00,1.102452629261649086e+01,0.000000000000000000e+00
-5.285668723321114371e+00,1.083722688874081186e+01,0.000000000000000000e+00
-5.426353832746183770e+00,1.064981903873580116e+01,0.000000000000000000e+00
-5.562936426370715282e+00,1.046236176211455948e+01,0.000000000000000000e+00
-5.695412954009901441e+00,1.027479695502535328e+01,0.000000000000000000e+00
-5.823802677884741819e+00,1.008712213135206248e+01,0.000000000000000000e+00
-5.948239331776573380e+00,9.899532675986106867e+00,0.000000000000000000e+00
-6.068880164301670987e+00,9.712238479544291536e+00,0.000000000000000000e+00
-6.185781828161537099e+00,9.525268710986868115e+00,0.000000000000000000e+00
-6.298928830269044710e+00,9.338546027196500177e+00,0.000000000000000000e+00
-6.408334527860596985e+00,9.152050182500788722e+00,0.000000000000000000e+00
-6.514129801094996175e+00,8.965930485829638030e+00,0.000000000000000000e+00
-6.616475975009820765e+00,8.780360180012632298e+00,0.000000000000000000e+00
-6.715466734670048510e+00,8.595405453311906641e+00,0.000000000000000000e+00
-6.811044216821215080e+00,8.410939136387028725e+00,0.000000000000000000e+00
-6.903120911607385501e+00,8.226819146520318426e+00,0.000000000000000000e+00
-6.991754341225337122e+00,8.043093305195966991e+00,0.000000000000000000e+00
-7.077477093010782205e+00,7.860334632914709907e+00,0.000000000000000000e+00
-7.160947286270173073e+00,7.679175803932300148e+00,0.000000000000000000e+00
-7.242845027363036259e+00,7.500185583921718191e+00,0.000000000000000000e+00
-7.323551356970456894e+00,7.323551356970458670e+00,0.000000000000000000e+00
-7.403175978458635065e+00,7.149163940318877586e+00,0.000000000000000000e+00
-7.481813229270984245e+00,6.976903707959530188e+00,0.000000000000000000e+00
-7.559549026060711441e+00,6.806648516132866256e+00,0.000000000000000000e+00
-7.636452526594229795e+00,6.638266905331580148e+00,0.000000000000000000e+00
-7.712580599192891739e+00,6.471623536207802729e+00,0.000000000000000000e+00
-7.787982089306165534e+00,6.306583546728829148e+00,0.000000000000000000e+00
-7.862700832468667578e+00,6.143015145930172949e+00,0.000000000000000000e+00
-7.936792782249370681e+00,5.980802345890635863e+00,0.000000000000000000e+00
-8.010315636848856613e+00,5.819834972917043103e+00,0.000000000000000000e+00
-8.083321068396276843e+00,5.660002345860442041e+00,0.000000000000000000e+00
-8.155855761402435178e+00,5.501194173204318361e+00,0.000000000000000000e+00
-8.227970236427474049e+00,5.343306348139116757e+00,0.000000000000000000e+00
-8.299714963884660790e+00,5.186237510514756011e+00,0.000000000000000000e+00
-8.371135272943600825e+00,5.029885522064340364e+00,0.000000000000000000e+00
-8.442271736467910515e+00,4.874147859621716705e+00,0.000000000000000000e+00
-8.513168904270443704e+00,4.718926580183358865e+00,0.000000000000000000e+00
-8.583875315630987046e+00,4.564127465527152872e+00,0.000000000000000000e+00
-8.654435391790277876e+00,4.409655083122435038e+00,0.000000000000000000e+00
-8.724889112035258520e+00,4.255412751563055984e+00,0.000000000000000000e+00
-8.795277366878273995e+00,4.101305191772671499e+00,0.000000000000000000e+00
-8.865647476552897643e+00,3.947240570394590531e+00,0.000000000000000000e+00
-8.936043980955583166e+00,3.793125626457070521e+00,0.000000000000000000e+00
-9.006507342936259874e+00,3.638865169723165316e+00,0.000000000000000000e+00
-9.077076504909570076e+00,3.484363213499755751e+00,0.000000000000000000e+00
-9.147798520128887390e+00,3.329526370391331369e+00,0.000000000000000000e+00
-9.218720129631286397e+00,3.174259899821338049e+00,0.000000000000000000e+00
-9.289884177953032562e+00,3.018466345139382945e+00,0.000000000000000000e+00
-9.361330574968354412e+00,2.862045976044871320e+00,0.000000000000000000e+00
-9.433106794292260844e+00,2.704899846633371130e+00,0.000000000000000000e+00
-9.505263533135531517e+00,2.546927687548668828e+00,0.000000000000000000e+00
-9.577847635880589294e+00,2.388025622590387531e+00,0.000000000000000000e+00
-9.650902297309919220e+00,2.228086356109480803e+00,0.000000000000000000e+00
-9.724477262882528450e+00,2.067001451036617699e+00,0.000000000000000000e+00
-9.798628997323893586e+00,1.904660533625632812e+00,0.000000000000000000e+00
-9.873410172989467881e+00,1.740948605099474911e+00,0.000000000000000000e+00
-9.948869310593165594e+00,1.575746097620255082e+00,0.000000000000000000e+00
-1.002506162921807586e+01,1.408930529313227709e+00,0.000000000000000000e+00
-1.010205155383723685e+01,1.240375964256410724e+00,0.000000000000000000e+00
-1.017989945730441903e+01,1.069950547541458352e+00,0.000000000000000000e+00
-1.025866118829504359e+01,8.975165569292054002e-01,0.000000000000000000e+00
-1.033840229650178166e+01,7.229315131838386366e-01,0.000000000000000000e+00
-1.041919788617929754e+01,5.460470231252139151e-01,0.000000000000000000e+00
-1.050111780491652524e+01,3.667071142711750276e-01,0.000000000000000000e+00
-1.058422833481652425e+01,1.847483927993019415e-01,0.000000000000000000e+00
-1.066861251451994086e+01,1.306528216725024109e-15,0.000000000000000000e+00
-1.075435833610253411e+01,-1.877180230179842924e-01,0.000000000000000000e+00
-1.084154651194357299e+01,-3.785951466776423802e-01,0.000000000000000000e+00
-1.093026293211193156e+01,-5.728308072517260818e-01,0.000000000000000000e+00
-1.102061410663687546e+01,-7.706364101367895181e-01,0.000000000000000000e+00
-1.111270142004564043e+01,-9.722353954024282041e-01,0.000000000000000000e+00
-1.120662244515045280e+01,-1.177863482008698837e+00,0.000000000000000000e+00
-1.130250046528598951e+01,-1.387772556735018314e+00,0.000000000000000000e+00
-1.140046137817393479e+01,-1.602230358080941830e+00,0.000000000000000000e+00
-1.150062329966830532e+01,-1.821519784701284728e+00,0.000000000000000000e+00
-1.160313153478236536e+01,-2.045945150291353265e+00,0.000000000000000000e+00
-1.170813982682293286e+01,-2.275831838965474141e+00,0.000000000000000000e+00
-1.181579364145296474e+01,-2.511524469829748973e+00,0.000000000000000000e+00
-1.192627224125186736e+01,-2.753396899208833570e+00,0.000000000000000000e+00
-1.203976021992469470e+01,-3.001849370344595425e+00,0.000000000000000000e+00
-1.215644181547469671e+01,-3.257308767292370622e+00,0.000000000000000000e+00
-1.227654307429516223e+01,-3.520242079623385756e+00,0.000000000000000000e+00
-1.240028281575649949e+01,-3.791146915541345308e+00,0.000000000000000000e+00
-1.252791010576090613e+01,-4.070564745996995804e+00,0.000000000000000000e+00
-1.265969865562937180e+01,-4.359083823059247464e+00,0.000000000000000000e+00
-1.279592794070211248e+01,-4.657336890230790338e+00,0.000000000000000000e+00
-1.293692722414007790e+01,-4.966021085217933617e+00,0.000000000000000000e+00
-1.308302654335445503e+01,-5.285885836812677319e+00,0.000000000000000000e+00
-1.323462067464312497e+01,-5.617763178472973351e+00,0.000000000000000000e+00
-1.339210948384737598e+01,-5.962551299001339622e+00,0.000000000000000000e+00
-1.355594462707858838e+01,-6.321240793131849500e+00,0.000000000000000000e+00
-1.372661315164616269e+01,-6.694916564694574745e+00,0.000000000000000000e+00
-1.390473661204280909e+01,-7.084817172352743775e+00,0.000000000000000000e+00
-1.409084715092313900e+01,-7.492236330246111464e+00,0.000000000000000000e+00
-1.428541550164407070e+01,-7.918535116325004175e+00,0.000000000000000000e+00
-1.448991134532077574e+01,-8.365754215754764189e+00,0.000000000000000000e+00
-1.470257896923653895e+01,-8.834200700757056879e+00,0.000000000000000000e+00
-1.491396691715118195e+01,-9.319280841917406022e+00,0.000000000000000000e+00
-1.512181671404258765e+01,-9.820222597040284995e+00,0.000000000000000000e+00
-1.532623689944065681e+01,-1.033767731981738436e+01,0.000000000000000000e+00
-1.552509442927925853e+01,-1.087078815079889971e+01,0.000000000000000000e+00
-1.571926958291408560e+01,-1.142071786116817300e+01,0.000000000000000000e+00
-1.590575811273609297e+01,-1.198584844580765107e+01,0.000000000000000000e+00
-1.607376035645275536e+01,-1.255819793041001553e+01,0.000000000000000000e+00
-1.621816544121209347e+01,-1.313321142200861580e+01,0.000000000000000000e+00
-1.633790438980088666e+01,-1.370912954769158709e+01,0.000000000000000000e+00
-1.643261884394011219e+01,-1.428465762862615662e+01,0.000000000000000000e+00
-1.650240042969417331e+01,-1.485882808751904527e+01,0.000000000000000000e+00
-1.654738169307384155e+01,-1.543068306486951435e+01,0.000000000000000000e+00
-1.656772726543072949e+01,-1.599926824429156014e+01,0.000000000000000000e+00
-1.656363903926090231e+01,-1.656363903926089520e+01,0.000000000000000000e+00
-1.653541223252188175e+01,-1.712292061779979235e+01,0.000000000000000000e+00
-1.648353592914109456e+01,-1.767642816097852432e+01,0.000000000000000000e+00
-1.640855298166884779e+01,-1.822354429167927847e+01,0.000000000000000000e+00
-1.631101636966216617e+01,-1.876367792132406365e+01,0.000000000000000000e+00
-1.619148332900000042e+01,-1.929625842676500369e+01,0.000000000000000000e+00
-1.605043371511802164e+01,-1.982063495595358660e+01,0.000000000000000000e+00
-1.588828052514360678e+01,-2.033607170809382581e+01,0.000000000000000000e+00
-1.570512450034669882e+01,-2.084140414108891903e+01,0.000000000000000000e+00
-1.550091085036653027e+01,-2.133517344527993131e+01,0.000000000000000000e+00
-1.527733246567038350e+01,-2.181829190918373484e+01,0.000000000000000000e+00
-1.503498106821747804e+01,-2.229027609406719534e+01,0.000000000000000000e+00
-1.477252418514912691e+01,-2.274769241981471879e+01,0.000000000000000000e+00
-1.449162841464533180e+01,-2.319145333398933673e+01,0.000000000000000000e+00
-1.419330967990352477e+01,-2.362163408691042221e+01,0.000000000000000000e+00
-1.387807718120355105e+01,-2.403753478920678788e+01,0.000000000000000000e+00
-1.354665529402733704e+01,-2.443881307462578079e+01,0.000000000000000000e+00
-1.319855650899956601e+01,-2.482287453084457951e+01,0.000000000000000000e+00
-1.283494296790459721e+01,-2.518999390636900415e+01,0.000000000000000000e+00
-1.245724795198590407e+01,-2.554114333146250004e+01,0.000000000000000000e+00
-1.206651922994486981e+01,-2.587673399507840699e+01,0.000000000000000000e+00
-1.166189362158123366e+01,-2.619304192743047466e+01,0.000000000000000000e+00
-1.124432405456862583e+01,-2.648996742604442645e+01,0.000000000000000000e+00
-1.081661578249257616e+01,-2.677206352170257730e+01,0.000000000000000000e+00
-1.037589974909046653e+01,-2.703014297271469246e+01,0.000000000000000000e+00
-9.926689198807864045e+00,-2.727335442366864626e+01,0.000000000000000000e+00
-9.466506510379456785e+00,-2.749273118103301883e+01,0.000000000000000000e+00
-8.999143730898145677e+00,-2.769651650925909792e+01,0.000000000000000000e+00
-8.522229322193895840e+00,-2.787495609382019168e+01,0.000000000000000000e+00
-8.039468123558767942e+00,-2.803695725489744817e+01,0.000000000000000000e+00
-7.549612451294965609e+00,-2.817553724568744400e+01,0.000000000000000000e+00
-7.054234351697115990e+00,-2.829298863848037726e+01,0.000000000000000000e+00
-6.554830596478402605e+00,-2.839209058866578417e+01,0.000000000000000000e+00
-6.050550184973332080e+00,-2.846560057913590569e+01,0.000000000000000000e+00
-5.543518173838150709e+00,-2.851892868382335777e+01,0.000000000000000000e+00
-5.034642715629171761e+00,-2.855287770141845982e+01,0.000000000000000000e+00
-4.523678819006397234e+00,-2.856138399540501638e+01,0.000000000000000000e+00
-4.012255907035607194e+00,-2.854868419937845658e+01,0.000000000000000000e+00
-3.501389389474677039e+00,-2.851652816711630578e+01,0.000000000000000000e+00
-2.991325643789483291e+00,-2.846056237627518115e+01,0.000000000000000000e+00
-2.483738424373445497e+00,-2.838926009696650610e+01,0.000000000000000000e+00
-1.979460381800598245e+00,-2.830760228851380944e+01,0.000000000000000000e+00
-1.478571754627096224e+00,-2.821282975265350146e+01,0.000000000000000000e+00
-9.814837718328205396e-01,-2.810601788327544881e+01,0.000000000000000000e+00
-4.885600770184473363e-01,-2.798958806670774280e+01,0.000000000000000000e+00
-5.117660448658802685e-15,-2.785924590514269994e+01,0.000000000000000000e+00
4.838349924679401504e-01,-2.771888815410767748e+01,0.000000000000000000e+00
9.626791124762439367e-01,-2.756752289504187914e+01,0.000000000000000000e+00
1.436166010860458364e+00,-2.740367995949770830e+01,0.000000000000000000e+00
1.904190346080157248e+00,-2.723119062854514638e+01,0.000000000000000000e+00
2.366127690652335414e+00,-2.704496325916819188e+01,0.000000000000000000e+00
2.822184549599512149e+00,-2.685129236196589986e+01,0.000000000000000000e+00
3.271447558107142495e+00,-2.664380223417606430e+01,0.000000000000000000e+00
3.714364954652732198e+00,-2.642907993622104357e+01,0.000000000000000000e+00
4.149926982526322305e+00,-2.620160777171643574e+01,0.000000000000000000e+00
4.578490850577095372e+00,-2.596591192216396138e+01,0.000000000000000000e+00
4.999491208179325241e+00,-2.572015257284728662e+01,0.000000000000000000e+00
5.412497662583986013e+00,-2.546379947087447349e+01,0.000000000000000000e+00
5.817870564585450488e+00,-2.519996599020982941e+01,0.000000000000000000e+00
6.214679665097929906e+00,-2.492571870880773588e+01,0.000000000000000000e+00
6.602844566865623932e+00,-2.464215139802258747e+01,0.000000000000000000e+00
6.982498910286000005e+00,-2.435086755383478163e+01,0.000000000000000000e+00
7.353392891541131071e+00,-2.405186439403997767e+01,0.000000000000000000e+00
7.714653225314965113e+00,-2.374326122656785287e+01,0.000000000000000000e+00
8.066396280645507844e+00,-2.342651582189451531e+01,0.000000000000000000e+00
8.408599278127859122e+00,-2.310243664589877000e+01,0.000000000000000000e+00
8.741008069146854353e+00,-2.277110453533480694e+01,0.000000000000000000e+00
9.063388020734807426e+00,-2.243267253753146662e+01,0.000000000000000000e+00
9.375514062728495190e+00,-2.208732698549280826e+01,0.000000000000000000e+00
9.677181696599301830e+00,-2.173530595831480738e+01,0.000000000000000000e+00
9.968207260772798506e+00,-2.137688945580088529e+01,0.000000000000000000e+00
1.024845011237515102e+01,-2.101243663563654707e+01,0.000000000000000000e+00
1.051775753792149004e+01,-2.064226143828070903e+01,0.000000000000000000e+00
1.077616895631759064e+01,-2.026702615119007334e+01,0.000000000000000000e+00
1.102342746588480793e+01,-1.988678957522687796e+01,0.000000000000000000e+00
1.125862774878901540e+01,-1.950051528440738124e+01,0.000000000000000000e+00
1.148221626280401253e+01,-1.910961693809616335e+01,0.000000000000000000e+00
1.169458639810635781e+01,-1.871525041574342652e+01,0.000000000000000000e+00
1.189543035974652518e+01,-1.831735644046999312e+01,0.000000000000000000e+00
1.208388088933061866e+01,-1.791509015467861943e+01,0.000000000000000000e+00
1.226004750317031622e+01,-1.750916240421632608e+01,0.000000000000000000e+00
1.242425703868904030e+01,-1.710052276333832566e+01,0.000000000000000000e+00
1.257647378092752000e+01,-1.668954440522474414e+01,0.000000000000000000e+00
1.271655882665534243e+01,-1.627645306046853335e+01,0.000000000000000000e+00
1.284428133342074041e+01,-1.586136649637750651e+01,0.000000000000000000e+00
1.295943112311551104e+01,-1.544444859895013167e+01,0.000000000000000000e+00
1.306188148387990289e+01,-1.502597579792053040e+01,0.000000000000000000e+00
1.315152424057621872e+01,-1.460624741066346033e+01,0.000000000000000000e+00
1.322834244418630867e+01,-1.418566052263684441e+01,0.000000000000000000e+00
1.329248709088416724e+01,-1.376477332828039835e+01,0.000000000000000000e+00
1.334414871765728705e+01,-1.334414871765729416e+01,0.000000000000000000e+00
1.338354158841931429e+01,-1.292433587910018034e+01,0.000000000000000000e+00
1.341090308274800336e+01,-1.250586944339258189e+01,0.000000000000000000e+00
1.342649305748852306e+01,-1.208926864969953385e+01,0.000000000000000000e+00
1.343059318189754059e+01,-1.167503653402857111e+01,0.000000000000000000e+00
1.341986261744428610e+01,-1.126060177274727536e+01,0.000000000000000000e+00
1.339658645074223209e+01,-1.084834180712764251e+01,0.000000000000000000e+00
1.336080768777615901e+01,-1.043860700497997840e+01,0.000000000000000000e+00
1.331973328318587591e+01,-1.003713896183370480e+01,0.000000000000000000e+00
1.328019205739031072e+01,-9.648624309773074614e+00,0.000000000000000000e+00
1.324218107543070033e+01,-9.272275011354546237e+00,0.000000000000000000e+00
1.320565284528211514e+01,-8.907325314607222211e+00,0.000000000000000000e+00
1.317051660083611608e+01,-8.553033486916838513e+00,0.000000000000000000e+00
1.313663964099820092e+01,-8.208683498736945694e+00,0.000000000000000000e+00
1.310384872326750560e+01,-7.873586655506027654e+00,0.000000000000000000e+00
1.307193151012267407e+01,-7.547083176197686427e+00,0.000000000000000000e+00
1.304064894099751193e+01,-7.228549744812885258e+00,0.000000000000000000e+00
1.300990975141125894e+01,-6.917491719890010771e+00,0.000000000000000000e+00
1.297974838408721965e+01,-6.613512129726629496e+00,0.000000000000000000e+00
1.295018293890646710e+01,-6.316226247194299148e+00,0.000000000000000000e+00
1.292121129149977676e+01,-6.025259777865195510e+00,0.000000000000000000e+00
1.289281170837977974e+01,-5.740249606852430908e+00,0.000000000000000000e+00
1.286494348532260545e+01,-5.460844521479280012e+00,0.000000000000000000e+00
1.283754760821184249e+01,-5.186705909124979641e+00,0.000000000000000000e+00
1.281054743554074982e+01,-4.917508429619277699e+00,0.000000000000000000e+00
1.278384940175219242e+01,-4.652940661579594739e+00,0.000000000000000000e+00
1.275734374058008491e+01,-4.392705722109803368e+00,0.000000000000000000e+00
1.273094153299732767e+01,-4.136533655660385556e+00,0.000000000000000000e+00
1.270470641189028704e+01,-3.884218549039422541e+00,0.000000000000000000e+00
1.267873989071273755e+01,-3.635570160898018877e+00,0.000000000000000000e+00
1.265313480608700480e+01,-3.390397253013142542e+00,0.000000000000000000e+00
1.262797535082175138e+01,-3.148507874173303023e+00,0.000000000000000000e+00
1.260333711840380388e+01,-2.909709642671557628e+00,0.000000000000000000e+00
1.257928715544567311e+01,-2.673810026021412600e+00,0.000000000000000000e+00
1.255588402198258891e+01,-2.440616617690313905e+00,0.000000000000000000e+00
1.253317785950814844e+01,-2.209937410649265743e+00,0.000000000000000000e+00
1.251121046663253900e+01,-1.981581067540078678e+00,0.000000000000000000e+00
1.249001538224277752e+01,-1.755357187266114449e+00,0.000000000000000000e+00
1.246961797603943722e+01,-1.531076567814976253e+00,0.000000000000000000e+00
1.245003554632004494e+01,-1.308551465126456037e+00,0.000000000000000000e+00
1.243127742487459209e+01,-1.087595847822269812e+00,0.000000000000000000e+00
1.241334508885443988e+01,-8.680256476182162118e-01,0.000000000000000000e+00
1.239623227947154227e+01,-6.496590052438619978e-01,0.000000000000000000e+00
1.237992512738068562e+01,-4.323165116983547218e-01,0.000000000000000000e+00
1.236440228459361101e+01,-2.158214446761949068e-01,0.000000000000000000e+00
1.234963506276977085e+01,-3.024788210051784693e-15,0.000000000000000000e+00
