1.369388526369719727e+01,0.000000000000000000e+00,0.000000000000000000e+00
1.366070619764967198e+01,2.384485136452794141e-01,0.000000000000000000e+00
1.362842743443786908e+01,4.759151729730157210e-01,0.000000000000000000e+00
1.359710682043661301e+01,7.125941731333761409e-01,0.000000000000000000e+00
1.356679406728004444e+01,9.486826574190244665e-01,0.000000000000000000e+00
1.353753063399934753e+01,1.184380462609857299e+00,0.000000000000000000e+00
1.350934961612411200e+01,1.419889860339384580e+00,0.000000000000000000e+00
1.348227564186709060e+01,1.655415294658576952e+00,0.000000000000000000e+00
1.345632477550762296e+01,1.891163115976311371e+00,0.000000000000000000e+00
1.343150442808494383e+01,2.127341311558764492e+00,0.000000000000000000e+00
1.340781327550812030e+01,2.364159232773220598e+00,0.000000000000000000e+00
1.338524118418492215e+01,2.601827319264785832e+00,0.000000000000000000e+00
1.336376914426725726e+01,2.840556820257381876e+00,0.000000000000000000e+00
1.334336921060652870e+01,3.080559513173262598e+00,0.000000000000000000e+00
1.332400445150706858e+01,3.322047419767907073e+00,0.000000000000000000e+00
1.330562890536153375e+01,3.565232519979825820e+00,0.000000000000000000e+00
1.328818754524699841e+01,3.810326463697236932e+00,0.000000000000000000e+00
1.327161625155566682e+01,4.057540280645946851e+00,0.000000000000000000e+00
1.325584179272919449e+01,4.307084088605034111e+00,0.000000000000000000e+00
1.324078181416050626e+01,4.559166800159090371e+00,0.000000000000000000e+00
1.322634483532198324e+01,4.813995828197717763e+00,0.000000000000000000e+00
1.321243025517366476e+01,5.071776790374971533e+00,0.000000000000000000e+00
1.319892836589997742e+01,5.332713212743160902e+00,0.000000000000000000e+00
1.318572037501818883e+01,5.597006232777085089e+00,0.000000000000000000e+00
1.317267843589653431e+01,5.864854302006317965e+00,0.000000000000000000e+00
1.315963962978775292e+01,6.136440737930040079e+00,0.000000000000000000e+00
1.314593908751771068e+01,6.411702900284152129e+00,0.000000000000000000e+00
1.313048119825037574e+01,6.690314334616668468e+00,0.000000000000000000e+00
1.311218154157040239e+01,6.971870595310530661e+00,0.000000000000000000e+00
1.308998591726250638e+01,7.255897677327883599e+00,0.000000000000000000e+00
1.306287328645366053e+01,7.541853408323991204e+00,0.000000000000000000e+00
1.302985866219540512e+01,7.829128941608349379e+00,0.000000000000000000e+00
1.298999594644451250e+01,8.117050348359573064e+00,0.000000000000000000e+00
1.294238071044597405e+01,8.404880307416608076e+00,0.000000000000000000e+00
1.288615291557003140e+01,8.691819890885854605e+00,0.000000000000000000e+00
1.282059721515502915e+01,8.977078814401961537e+00,0.000000000000000000e+00
1.274565113719215681e+01,9.260257598289992842e+00,0.000000000000000000e+00
1.266150137789380636e+01,9.541125643693987968e+00,0.000000000000000000e+00
1.256833885802982387e+01,9.819462498844549359e+00,0.000000000000000000e+00
1.246634877145083564e+01,1.009505018736108006e+01,0.000000000000000000e+00
1.235569954060445674e+01,1.036766292745848617e+01,0.000000000000000000e+00
1.223655774544724473e+01,1.063707736463971365e+01,0.000000000000000000e+00
1.210901731927401670e+01,1.090300816674691298e+01,0.000000000000000000e+00
1.197310595721221382e+01,1.116510193302509713e+01,0.000000000000000000e+00
1.182888654808680684e+01,1.142302295795382605e+01,0.000000000000000000e+00
1.167648253817295334e+01,1.167648253817295156e+01,0.000000000000000000e+00
1.151613310183024019e+01,1.192530492459223090e+01,0.000000000000000000e+00
1.134825016180135826e+01,1.216950838704831561e+01,0.000000000000000000e+00
1.117291397539787212e+01,1.240877808818686390e+01,0.000000000000000000e+00
1.098993894728100962e+01,1.264247856223979483e+01,0.000000000000000000e+00
1.079973173355856098e+01,1.287061909252211045e+01,0.000000000000000000e+00
1.060260732666986883e+01,1.309312963956232068e+01,0.000000000000000000e+00
1.039839167855295443e+01,1.330933441722999788e+01,0.000000000000000000e+00
1.018788014100414685e+01,1.351977358440896637e+01,0.000000000000000000e+00
9.971207875501413298e+00,1.372419024509992624e+01,0.000000000000000000e+00
9.747616159050387807e+00,1.392103858803503869e+01,0.000000000000000000e+00
9.518106511209246889e+00,1.411117320766580185e+01,0.000000000000000000e+00
9.283098629344138430e+00,1.429471833496221400e+01,0.000000000000000000e+00
9.042700448909634758e+00,1.447134576416509510e+01,0.000000000000000000e+00
8.797072603085887010e+00,1.464078743806370042e+01,0.000000000000000000e+00
8.546201958116673936e+00,1.480245600320270150e+01,0.000000000000000000e+00
8.290289368195987052e+00,1.495607792524451796e+01,0.000000000000000000e+00
8.029870024935402029e+00,1.510198906918721562e+01,0.000000000000000000e+00
7.765216287879616708e+00,1.524009506411224280e+01,0.000000000000000000e+00
7.496542950240917769e+00,1.537019080944314275e+01,0.000000000000000000e+00
7.224104453851180274e+00,1.549214199576777951e+01,0.000000000000000000e+00
6.948152737915108013e+00,1.560580656006059463e+01,0.000000000000000000e+00
6.668949908426303530e+00,1.571106141932619771e+01,0.000000000000000000e+00
6.386763143173800117e+00,1.580779349155321611e+01,0.000000000000000000e+00
6.101864940103443047e+00,1.589590162970197440e+01,0.000000000000000000e+00
5.814532007861719087e+00,1.597529539629621453e+01,0.000000000000000000e+00
5.525044633853950060e+00,1.604589472528306970e+01,0.000000000000000000e+00
5.233686041797474431e+00,1.610762936958400005e+01,0.000000000000000000e+00
4.940741859272925751e+00,1.616043844765705018e+01,0.000000000000000000e+00
4.646499657188422283e+00,1.620427001778073972e+01,0.000000000000000000e+00
4.351248562070461290e+00,1.623908071000798614e+01,0.000000000000000000e+00
4.055278931166901302e+00,1.626483541729381699e+01,0.000000000000000000e+00
3.758882082312100970e+00,1.628150705381386132e+01,0.000000000000000000e+00
3.462350069389148466e+00,1.628907638600299279e+01,0.000000000000000000e+00
3.165975493986293632e+00,1.628753194205076582e+01,0.000000000000000000e+00
2.870051343422260093e+00,1.627687000532004191e+01,0.000000000000000000e+00
2.574870844915055468e+00,1.625709469717503097e+01,0.000000000000000000e+00
2.280727325205402334e+00,1.622821815478081575e+01,0.000000000000000000e+00
1.987914064378497603e+00,1.619026080934147416e+01,0.000000000000000000e+00
1.696724132056842915e+00,1.614325177066329431e+01,0.000000000000000000e+00
1.407450193196340349e+00,1.608722932176573295e+01,0.000000000000000000e+00
1.120384270642784674e+00,1.602224153373203919e+01,0.000000000000000000e+00
8.358174486242043733e-01,1.594834698318665644e+01,0.000000000000000000e+00
5.540395070785343323e-01,1.586561565344257119e+01,0.000000000000000000e+00
2.753384585194680323e-01,1.577412972405289260e+01,0.000000000000000000e+00
9.597547977959056596e-16,1.567398532318255810e+01,0.000000000000000000e+00
-2.716931718698714082e-01,1.556529139176429233e+01,0.000000000000000000e+00
-5.394622892589611141e-01,1.544817875180119593e+01,0.000000000000000000e+00
-8.030327514655790644e-01,1.532277769543725476e+01,0.000000000000000000e+00
-1.062138021167537083e+00,1.518928135928137024e+01,0.000000000000000000e+00
-1.316496612607781280e+00,1.504762513851506611e+01,0.000000000000000000e+00
-1.565741489418732924e+00,1.489703517142714162e+01,0.000000000000000000e+00
-1.809679717735843241e+00,1.473865854492000160e+01,0.000000000000000000e+00
-2.048080619958088544e+00,1.457285083225167455e+01,0.000000000000000000e+00
-2.280731977021273948e+00,1.439997497448585762e+01,0.000000000000000000e+00
-2.507359998723909467e+00,1.421994517599959273e+01,0.000000000000000000e+00
-2.727530546884746165e+00,1.403192822865761613e+01,0.000000000000000000e+00
-2.941034009987434139e+00,1.383647715638705300e+01,0.000000000000000000e+00
-3.147935666091079110e+00,1.363520739147214478e+01,0.000000000000000000e+00
-3.347916602994630342e+00,1.342776007835895413e+01,0.000000000000000000e+00
-3.540166202138629092e+00,1.321208013361951217e+01,0.000000000000000000e+00
-3.724983391965287716e+00,1.299056088420725175e+01,0.000000000000000000e+00
-3.902365684639139687e+00,1.276406301788458997e+01,0.000000000000000000e+00
-4.071582366947919418e+00,1.253104202100866793e+01,0.000000000000000000e+00
-4.232954345702441223e+00,1.229339205549418601e+01,0.000000000000000000e+00
-4.387313800465410196e+00,1.205404559884035720e+01,0.000000000000000000e+00
-4.535293269942957117e+00,1.181484290270778992e+01,0.000000000000000000e+00
-4.677359128802542010e+00,1.157687008840586884e+01,0.000000000000000000e+00
-4.813536555385170779e+00,1.133998148198327627e+01,0.000000000000000000e+00
-4.943814992393687824e+00,1.110399027629522095e+01,0.000000000000000000e+00
-5.068337879012953628e+00,1.086908565702402107e+01,0.000000000000000000e+00
-5.187279229737757902e+00,1.063549853207581464e+01,0.000000000000000000e+00
-5.300762044065196577e+00,1.040333127486531239e+01,0.000000000000000000e+00
-5.408885118800477620e+00,1.017263339094600560e+01,0.000000000000000000e+00
-5.511772968391181138e+00,9.943501651191825275e+00,0.000000000000000000e+00
-5.609602179944251255e+00,9.716115985912578523e+00,0.000000000000000000e+00
-5.702567246212014496e+00,9.490665664594748918e+00,0.000000000000000000e+00
-5.791115799418834698e+00,9.267722575485130676e+00,0.000000000000000000e+00
-5.876081275120620617e+00,9.048371680085161017e+00,0.000000000000000000e+00
-5.958395322576707898e+00,8.833684340221108044e+00,0.000000000000000000e+00
-6.038890939233898081e+00,8.624430057799912674e+00,0.000000000000000000e+00
-6.117759777625939144e+00,8.420373951710091731e+00,0.000000000000000000e+00
-6.195001641211160148e+00,8.221044847899209529e+00,0.000000000000000000e+00
-6.270585512710218801e+00,8.025983455944592393e+00,0.000000000000000000e+00
-6.344524616118090599e+00,7.834835408010871305e+00,0.000000000000000000e+00
-6.416937970205177422e+00,7.647408879446217611e+00,0.000000000000000000e+00
-6.487944582235898316e+00,7.463526475204885102e+00,0.000000000000000000e+00
-6.557651798894903017e+00,7.283010155744849001e+00,0.000000000000000000e+00
-6.626152638884748036e+00,7.105678757787485367e+00,0.000000000000000000e+00
-6.693523505144276520e+00,6.931346495646611316e+00,0.000000000000000000e+00
-6.759828420255162840e+00,6.759828420255163728e+00,0.000000000000000000e+00
-6.825119663544271909e+00,6.590941445799734844e+00,0.000000000000000000e+00
-6.889444263714002759e+00,6.424510711017883402e+00,0.000000000000000000e+00
-6.952866931546282103e+00,6.260389504628989243e+00,0.000000000000000000e+00
-7.015451502094676606e+00,6.098438950563828342e+00,0.000000000000000000e+00
-7.077253422080685752e+00,5.938520736216049478e+00,0.000000000000000000e+00
-7.138320011911687857e+00,5.780497569482482056e+00,0.000000000000000000e+00
-7.198699359563872413e+00,5.624240339170366809e+00,0.000000000000000000e+00
-7.258445552701306980e+00,5.469631043688682581e+00,0.000000000000000000e+00
-7.317607054264036570e+00,5.316552728154856133e+00,0.000000000000000000e+00
-7.376225703342912610e+00,5.164888841016929355e+00,0.000000000000000000e+00
-7.434337204527357024e+00,5.014523761532220902e+00,0.000000000000000000e+00
-7.491981874515994733e+00,4.865349917408804181e+00,0.000000000000000000e+00
-7.549206232532238658e+00,4.717267605952276455e+00,0.000000000000000000e+00
-7.606052127623216919e+00,4.570177189759580649e+00,0.000000000000000000e+00
-7.662556192067672356e+00,4.423978880170903238e+00,0.000000000000000000e+00
-7.718750083570116161e+00,4.278573037224733255e+00,0.000000000000000000e+00
-7.774668795830271151e+00,4.133864726787150445e+00,0.000000000000000000e+00
-7.830353908229718662e+00,3.989764594791205710e+00,0.000000000000000000e+00
-7.885843446597673889e+00,3.846182837234216390e+00,0.000000000000000000e+00
-7.941171114685863230e+00,3.703028905497285805e+00,0.000000000000000000e+00
-7.996366312195831050e+00,3.560211660424419833e+00,0.000000000000000000e+00
-8.051459492113465899e+00,3.417641788133946257e+00,0.000000000000000000e+00
-8.106489812589892097e+00,3.275234483751844117e+00,0.000000000000000000e+00
-8.161494509550292875e+00,3.132904214355366701e+00,0.000000000000000000e+00
-8.216507023943830035e+00,2.990563986354733750e+00,0.000000000000000000e+00
-8.271556959264888320e+00,2.848125465973203596e+00,0.000000000000000000e+00
-8.326672638372473401e+00,2.705499944290838066e+00,0.000000000000000000e+00
-8.381892097297601651e+00,2.562601582819759027e+00,0.000000000000000000e+00
-8.437254175296798664e+00,2.419343703240597776e+00,0.000000000000000000e+00
-8.492794106598498871e+00,2.275637322346868441e+00,0.000000000000000000e+00
-8.548543428837513503e+00,2.131391260330252724e+00,0.000000000000000000e+00
-8.604531113455818669e+00,1.986512533647170509e+00,0.000000000000000000e+00
-8.660795550490808736e+00,1.840908923539352537e+00,0.000000000000000000e+00
-8.717379550725322446e+00,1.694486931940815122e+00,0.000000000000000000e+00
-8.774322284374267866e+00,1.547149756166715129e+00,0.000000000000000000e+00
-8.831659020146641836e+00,1.398797371043069449e+00,0.000000000000000000e+00
-8.889421848203594934e+00,1.249326766568211511e+00,0.000000000000000000e+00
-8.947652754031633293e+00,1.098633614515439838e+00,0.000000000000000000e+00
-9.006400972810501671e+00,9.466108867432947438e-01,0.000000000000000000e+00
-9.065711772335269814e+00,7.931470068728527778e-01,0.000000000000000000e+00
-9.125625914150916174e+00,6.381259271656586352e-01,0.000000000000000000e+00
-9.186181065920370870e+00,4.814273497568067883e-01,0.000000000000000000e+00
-9.247428730471563441e+00,3.229273270881602986e-01,0.000000000000000000e+00
-9.309427387693400391e+00,1.624966594967146571e-01,0.000000000000000000e+00
-9.372230386152949677e+00,1.147767194327377181e-15,0.000000000000000000e+00
-9.435885454286395913e+00,-1.647039932597899048e-01,0.000000000000000000e+00
-9.500441341207409351e+00,-3.317627221461739162e-01,0.000000000000000000e+00
-9.565967689188731526e+00,-5.013311232837041054e-01,0.000000000000000000e+00
-9.632534145897636790e+00,-6.735724037596223512e-01,0.000000000000000000e+00
-9.700203329339155189e+00,-8.486578252135990041e-01,0.000000000000000000e+00
-9.769032619909552295e+00,-1.026766702801037434e+00,0.000000000000000000e+00
-9.839100032458206968e+00,-1.208089577165138095e+00,0.000000000000000000e+00
-9.910495056567237171e+00,-1.392829247563884376e+00,0.000000000000000000e+00
-9.983298469864116953e+00,-1.581199140742225895e+00,0.000000000000000000e+00
-1.005758339898402731e+01,-1.773423313966435266e+00,0.000000000000000000e+00
-1.013344615091100565e+01,-1.969742395444503469e+00,0.000000000000000000e+00
-1.021099948760322995e+01,-2.170414942299297323e+00,0.000000000000000000e+00
-1.029034484580110487e+01,-2.375713300608362388e+00,0.000000000000000000e+00
-1.037157816648101694e+01,-2.585924870580647905e+00,0.000000000000000000e+00
-1.045483227005430216e+01,-2.801363863763886908e+00,0.000000000000000000e+00
-1.054024595326265690e+01,-3.022366891861012483e+00,0.000000000000000000e+00
-1.062794248429181820e+01,-3.249288098225981081e+00,0.000000000000000000e+00
-1.071806694775214019e+01,-3.482511056867582333e+00,0.000000000000000000e+00
-1.081079893705397588e+01,-3.722456595750246677e+00,0.000000000000000000e+00
-1.090630081354980163e+01,-3.969568862085393057e+00,0.000000000000000000e+00
-1.100474806705254771e+01,-4.224326997566985042e+00,0.000000000000000000e+00
-1.110636472086130233e+01,-4.487262620918325950e+00,0.000000000000000000e+00
-1.121135703944959694e+01,-4.758938718780622246e+00,0.000000000000000000e+00
-1.131995780546767882e+01,-5.039969931476471210e+00,0.000000000000000000e+00
-1.143244924267242979e+01,-5.331038633326465437e+00,0.000000000000000000e+00
-1.154909375838223795e+01,-5.632869394365597415e+00,0.000000000000000000e+00
-1.167021107152653059e+01,-5.946269541914406709e+00,0.000000000000000000e+00
-1.179613061369174964e+01,-6.272113904410613117e+00,0.000000000000000000e+00
-1.192722674835209773e+01,-6.611369745341142412e+00,0.000000000000000000e+00
-1.206396200717289169e+01,-6.965131712334688530e+00,0.000000000000000000e+00
-1.220675983772753703e+01,-7.334561272417730926e+00,0.000000000000000000e+00
-1.235600608805577139e+01,-7.720889516431111765e+00,0.000000000000000000e+00
-1.251229728330966751e+01,-8.125580864125881320e+00,0.000000000000000000e+00
-1.267681672958352124e+01,-8.550620850554638608e+00,0.000000000000000000e+00
-1.284892494130336082e+01,-8.996914101791357865e+00,0.000000000000000000e+00
-1.302493812554456021e+01,-9.463171472846550358e+00,0.000000000000000000e+00
-1.319920530510464296e+01,-9.946314615799884962e+00,0.000000000000000000e+00
-1.336630286187626382e+01,-1.044290030551951354e+01,0.000000000000000000e+00
-1.352626825606259509e+01,-1.095335606247197013e+01,0.000000000000000000e+00
-1.368027425476114800e+01,-1.147911308157411625e+01,0.000000000000000000e+00
-1.382892236786500817e+01,-1.202129881267522471e+01,0.000000000000000000e+00
-1.396925542123115171e+01,-1.257797407710605420e+01,0.000000000000000000e+00
-1.409304016468566445e+01,-1.314197256311337370e+01,0.000000000000000000e+00
-1.419415645826715355e+01,-1.370713755960392710e+01,0.000000000000000000e+00
-1.427169101317746147e+01,-1.427169101317745792e+01,0.000000000000000000e+00
-1.432549301679699383e+01,-1.483448227888839455e+01,0.000000000000000000e+00
-1.435545980757760098e+01,-1.539434591566315191e+01,0.000000000000000000e+00
-1.436153760605650120e+01,-1.595010339747642725e+01,0.000000000000000000e+00
-1.434384425559516885e+01,-1.650070526973522433e+01,0.000000000000000000e+00
-1.430298097342287988e+01,-1.704562895988334148e+01,0.000000000000000000e+00
-1.423953116755027715e+01,-1.758435654920009483e+01,0.000000000000000000e+00
-1.415404848372786439e+01,-1.811635591840262194e+01,0.000000000000000000e+00
-1.404709254717344891e+01,-1.864112142354918333e+01,0.000000000000000000e+00
-1.391899915944486388e+01,-1.915785879411336623e+01,0.000000000000000000e+00
-1.376937896648106729e+01,-1.966471112505671925e+01,0.000000000000000000e+00
-1.359833644233869521e+01,-2.016036284611572427e+01,0.000000000000000000e+00
-1.340835501986586209e+01,-2.064705611747883296e+01,0.000000000000000000e+00
-1.319993201579891107e+01,-2.112430698587743194e+01,0.000000000000000000e+00
-1.297090827189296292e+01,-2.158721650436205763e+01,0.000000000000000000e+00
-1.272366087749910157e+01,-2.203802709810481986e+01,0.000000000000000000e+00
-1.245907483778783131e+01,-2.247676599386982943e+01,0.000000000000000000e+00
-1.217714557403164122e+01,-2.290187995345626604e+01,0.000000000000000000e+00
-1.187850430605507768e+01,-2.331287734075185014e+01,0.000000000000000000e+00
-1.156379474496732840e+01,-2.370929278884096902e+01,0.000000000000000000e+00
-1.123372184236333737e+01,-2.409079423402752695e+01,0.000000000000000000e+00
-1.088920640331684986e+01,-2.445755802048291727e+01,0.000000000000000000e+00
-1.052958793046127717e+01,-2.480615463712642921e+01,0.000000000000000000e+00
-1.015614288754821359e+01,-2.513733574238798241e+01,0.000000000000000000e+00
-9.770715186317396217e+00,-2.545358328611307286e+01,0.000000000000000000e+00
-9.372990129262012360e+00,-2.575207873291838467e+01,0.000000000000000000e+00
-8.962959163047070632e+00,-2.603032349748549379e+01,0.000000000000000000e+00
-8.543655657098307543e+00,-2.629466836314567146e+01,0.000000000000000000e+00
-8.112490258959338618e+00,-2.653476000594419659e+01,0.000000000000000000e+00
-7.673753809948289373e+00,-2.676155987529290314e+01,0.000000000000000000e+00
-7.224857159281612873e+00,-2.696353399586674016e+01,0.000000000000000000e+00
-6.769369097614721831e+00,-2.715045650877986461e+01,0.000000000000000000e+00
-6.306083266834130008e+00,-2.731464753151901448e+01,0.000000000000000000e+00
-5.836696912317702157e+00,-2.745950003358972324e+01,0.000000000000000000e+00
-5.362262370041685600e+00,-2.758644841048432639e+01,0.000000000000000000e+00
-4.882268537103962913e+00,-2.768872079296926003e+01,0.000000000000000000e+00
-4.398794275574114288e+00,-2.777289402014994124e+01,0.000000000000000000e+00
-3.912342457057550682e+00,-2.783776306254564048e+01,0.000000000000000000e+00
-3.422980242761281655e+00,-2.787793691316052502e+01,0.000000000000000000e+00
-2.932316694688750669e+00,-2.789912972847013606e+01,0.000000000000000000e+00
-2.441048356154700727e+00,-2.790131038441780120e+01,0.000000000000000000e+00
-1.949491536184219775e+00,-2.787902782925505818e+01,0.000000000000000000e+00
-1.458845606985024634e+00,-2.783643243317282767e+01,0.000000000000000000e+00
-9.699328115225155367e-01,-2.777524165816865320e+01,0.000000000000000000e+00
-4.833582085421584407e-01,-2.769157322129289511e+01,0.000000000000000000e+00
-5.068868764600558005e-15,-2.759363634820914513e+01,0.000000000000000000e+00
4.797684183270370384e-01,-2.748591427760669248e+01,0.000000000000000000e+00
9.556198228407795092e-01,-2.736537128904325655e+01,0.000000000000000000e+00
1.427258122562851117e+00,-2.723370732529204830e+01,0.000000000000000000e+00
1.894519399742080390e+00,-2.709288965257773896e+01,0.000000000000000000e+00
2.356787257175133377e+00,-2.693820161599331087e+01,0.000000000000000000e+00
2.814170680459142648e+00,-2.677504549027597847e+01,0.000000000000000000e+00
3.266067121906585324e+00,-2.659998209782511225e+01,0.000000000000000000e+00
3.712366462754347562e+00,-2.641485992747684364e+01,0.000000000000000000e+00
4.152763460339389923e+00,-2.621951658780503180e+01,0.000000000000000000e+00
4.586890245358186569e+00,-2.601354725708175764e+01,0.000000000000000000e+00
5.014605157139668812e+00,-2.579790709966838591e+01,0.000000000000000000e+00
5.435587608736750731e+00,-2.557242912677100932e+01,0.000000000000000000e+00
5.849402415827043455e+00,-2.533654544313430534e+01,0.000000000000000000e+00
6.256397449554729207e+00,-2.509303960329642535e+01,0.000000000000000000e+00
6.655208934025363732e+00,-2.483757787676892903e+01,0.000000000000000000e+00
7.046729823578576024e+00,-2.457486736859240395e+01,0.000000000000000000e+00
7.430306623407911815e+00,-2.430343787531382205e+01,0.000000000000000000e+00
7.805105532477467634e+00,-2.402164480322140960e+01,0.000000000000000000e+00
8.171763885805821914e+00,-2.373252556695574356e+01,0.000000000000000000e+00
8.529962060647321209e+00,-2.343587815043317590e+01,0.000000000000000000e+00
8.879029885873688244e+00,-2.313066366077905656e+01,0.000000000000000000e+00
9.218585605496992130e+00,-2.281680003925831812e+01,0.000000000000000000e+00
9.548942003326658323e+00,-2.249589760965093532e+01,0.000000000000000000e+00
9.869803292988263976e+00,-2.216794114725254872e+01,0.000000000000000000e+00
1.018094474649006820e+01,-2.183310646617337270e+01,0.000000000000000000e+00
1.048213309531267612e+01,-2.149155775326505946e+01,0.000000000000000000e+00
1.077316185862080111e+01,-2.114352064123658792e+01,0.000000000000000000e+00
1.105384602317492515e+01,-2.078926075964840692e+01,0.000000000000000000e+00
1.132404089840171757e+01,-2.042911056336344799e+01,0.000000000000000000e+00
1.158360561045202175e+01,-2.006339345214279746e+01,0.000000000000000000e+00
1.183254866684688267e+01,-1.969266797014724446e+01,0.000000000000000000e+00
1.207066043459057170e+01,-1.931709468180496003e+01,0.000000000000000000e+00
1.229723634197979187e+01,-1.893608339476210745e+01,0.000000000000000000e+00
1.251224629576359071e+01,-1.855016798651724130e+01,0.000000000000000000e+00
1.271651429552158952e+01,-1.816106454385676727e+01,0.000000000000000000e+00
1.290974217992808981e+01,-1.776873573439714704e+01,0.000000000000000000e+00
1.309038826830683355e+01,-1.737153196445716574e+01,0.000000000000000000e+00
1.325909154742390683e+01,-1.697086327660720073e+01,0.000000000000000000e+00
1.341651432906175856e+01,-1.656801539557013569e+01,0.000000000000000000e+00
1.356224506629245852e+01,-1.616285428139713787e+01,0.000000000000000000e+00
1.369598229089369745e+01,-1.575542533330254535e+01,0.000000000000000000e+00
1.381766940658305742e+01,-1.534607656872362647e+01,0.000000000000000000e+00
1.392722419077070128e+01,-1.493511943968134936e+01,0.000000000000000000e+00
1.402448447120126929e+01,-1.452277880521404541e+01,0.000000000000000000e+00
1.410928470154012793e+01,-1.410928470154013503e+01,0.000000000000000000e+00
1.418161964794716212e+01,-1.369503090260603528e+01,0.000000000000000000e+00
1.424169147852130735e+01,-1.328059215583929209e+01,0.000000000000000000e+00
1.428973887517736863e+01,-1.286653867516976391e+01,0.000000000000000000e+00
1.432602525808301586e+01,-1.245342376247185534e+01,0.000000000000000000e+00
1.435083803605310315e+01,-1.204178290313704913e+01,0.000000000000000000e+00
1.436448782807856972e+01,-1.163213288820206337e+01,0.000000000000000000e+00
1.436381529012965075e+01,-1.122224242797572735e+01,0.000000000000000000e+00
1.435090606502326693e+01,-1.081418338794303580e+01,0.000000000000000000e+00
1.432579465978412436e+01,-1.040829906780526137e+01,0.000000000000000000e+00
1.429544061396302901e+01,-1.000977527992616345e+01,0.000000000000000000e+00
1.426637079970234723e+01,-9.622788608831346124e+00,0.000000000000000000e+00
1.423859999322566949e+01,-9.246654952102769442e+00,0.000000000000000000e+00
1.421210501246202718e+01,-8.880708848404472278e+00,0.000000000000000000e+00
1.418682580624038003e+01,-8.524304935973770370e+00,0.000000000000000000e+00
1.416266659026224595e+01,-8.176819368330836113e+00,0.000000000000000000e+00
1.413949702845771128e+01,-7.837651185863636627e+00,0.000000000000000000e+00
1.411715345829434831e+01,-7.506223641987568307e+00,0.000000000000000000e+00
1.409544015857405341e+01,-7.181985482619270833e+00,0.000000000000000000e+00
1.407413065821942055e+01,-6.864412177747501786e+00,0.000000000000000000e+00
1.405296908451879112e+01,-6.553007103926562493e+00,0.000000000000000000e+00
1.403167223320417101e+01,-6.247302981069783989e+00,0.000000000000000000e+00
1.401007074696001808e+01,-5.946922205399430617e+00,0.000000000000000000e+00
1.398828702925917256e+01,-5.651634814330465773e+00,0.000000000000000000e+00
1.396647431918518301e+01,-5.361227187380945836e+00,0.000000000000000000e+00
1.394477573129563019e+01,-5.075483289709321610e+00,0.000000000000000000e+00
1.392332426105492438e+01,-4.794185011867147850e+00,0.000000000000000000e+00
1.390224280003033464e+01,-4.517112507541968469e+00,0.000000000000000000e+00
1.388164416075790975e+01,-4.244044529035141622e+00,0.000000000000000000e+00
1.386163111117877200e+01,-3.974758760221260179e+00,0.000000000000000000e+00
1.384229641853988468e+01,-3.709032146739982938e+00,0.000000000000000000e+00
1.382372290264745196e+01,-3.446641223174627733e+00,0.000000000000000000e+00
1.380598349835494787e+01,-3.187362436974585655e+00,0.000000000000000000e+00
1.378914132716196583e+01,-2.930972468883560555e+00,0.000000000000000000e+00
1.377324977779423065e+01,-2.677248549638652886e+00,0.000000000000000000e+00
1.375835259562940038e+01,-2.425968772709817589e+00,0.000000000000000000e+00
1.374448398082780010e+01,-2.176912402852969386e+00,0.000000000000000000e+00
1.373166869502160914e+01,-1.929860180255041469e+00,0.000000000000000000e+00
1.371992217641085610e+01,-1.684594620052638714e+00,0.000000000000000000e+00
1.370925066310920748e+01,-1.440900307011560466e+00,0.000000000000000000e+00
1.369965132457753398e+01,-1.198564185158444761e+00,0.000000000000000000e+00
1.369111240097817372e+01,-9.573758421606566316e-01,0.000000000000000000e+00
1.368361335027810100e+01,-7.171277882558581007e-01,0.000000000000000000e+00
1.367712500292436673e+01,-4.776157295369393152e-01,0.000000000000000000e+00
1.367160972391067908e+01,-2.386388354041245607e-01,0.000000000000000000e+00
1.366702158204948780e+01,-3.347454846866940215e-15,0.000000000000000000e+00
