1.004670196179169750e+01,0.000000000000000000e+00,0.000000000000000000e+00
9.992311377057390587e+00,1.744164438695040287e-01,0.000000000000000000e+00
9.938760948031935882e+00,3.470691800998073617e-01,0.000000000000000000e+00
9.885942067941751787e+00,5.181002699016232782e-01,0.000000000000000000e+00
9.833740616347316887e+00,6.876421307805791194e-01,0.000000000000000000e+00
9.782037401311361791e+00,8.558173788013336836e-01,0.000000000000000000e+00
9.730709170907209327e+00,1.022738746000906751e+00,0.000000000000000000e+00
9.679672324325609978e+00,1.188514316026317852e+00,0.000000000000000000e+00
9.628913349600779270e+00,1.353255519429893416e+00,0.000000000000000000e+00
9.578421331175162479e+00,1.517072901730777801e+00,0.000000000000000000e+00
9.528180771904695590e+00,1.680075347154405874e+00,0.000000000000000000e+00
9.478169873821718383e+00,1.842369590133275503e+00,0.000000000000000000e+00
9.428358433835647645e+00,2.004059450888659555e+00,0.000000000000000000e+00
9.378711473719855363e+00,2.165246153026266995e+00,0.000000000000000000e+00
9.329189898125680003e+00,2.326028285444452504e+00,0.000000000000000000e+00
9.279755108310759226e+00,2.486502887230452874e+00,0.000000000000000000e+00
9.230381236339395556e+00,2.646769228315001943e+00,0.000000000000000000e+00
9.181042070196944849e+00,2.806926248621941955e+00,0.000000000000000000e+00
9.131707151157153035e+00,2.967071513641840852e+00,0.000000000000000000e+00
9.082343257059191544e+00,3.127301576780675330e+00,0.000000000000000000e+00
9.032923085837103017e+00,3.287715131660717383e+00,0.000000000000000000e+00
8.983419274699556922e+00,3.448411571201100312e+00,0.000000000000000000e+00
8.933799988821160554e+00,3.609489491849579679e+00,0.000000000000000000e+00
8.884029634130987674e+00,3.771046846148432330e+00,0.000000000000000000e+00
8.834078173240957454e+00,3.933185010984905361e+00,0.000000000000000000e+00
8.783918166525994664e+00,4.096008309657885427e+00,0.000000000000000000e+00
8.733517320985505705e+00,4.259621010249047934e+00,0.000000000000000000e+00
8.682838620921380368e+00,4.424127251212552459e+00,0.000000000000000000e+00
8.631848637957023840e+00,4.589635333476038248e+00,0.000000000000000000e+00
8.580517762001875326e+00,4.756258661628895545e+00,0.000000000000000000e+00
8.528811009005607957e+00,4.924111331916829926e+00,0.000000000000000000e+00
8.476687761245923269e+00,5.093307855525569749e+00,0.000000000000000000e+00
8.424110372823164994e+00,5.263968389078653942e+00,0.000000000000000000e+00
8.371045519221427256e+00,5.436220523184392306e+00,0.000000000000000000e+00
8.317453544236199647e+00,5.610193254028544629e+00,0.000000000000000000e+00
8.263288220732031064e+00,5.786016702556067592e+00,0.000000000000000000e+00
8.208507353647366500e+00,5.963829683869553477e+00,0.000000000000000000e+00
8.153071643787558997e+00,6.143780157954361165e+00,0.000000000000000000e+00
8.096933689382780130e+00,6.326017910292770274e+00,0.000000000000000000e+00
8.040039311584587622e+00,6.510695460781374067e+00,0.000000000000000000e+00
7.982341403532291046e+00,6.697979727635076763e+00,0.000000000000000000e+00
7.923790817998989766e+00,6.888046271316509817e+00,0.000000000000000000e+00
7.864327886040540783e+00,7.081072634275184186e+00,0.000000000000000000e+00
7.803890381839542201e+00,7.277245511629970132e+00,0.000000000000000000e+00
7.742423454578088560e+00,7.476771419889066905e+00,0.000000000000000000e+00
7.679861978799645605e+00,7.679861978799643829e+00,0.000000000000000000e+00
7.616130443376984971e+00,7.886733947900077979e+00,0.000000000000000000e+00
7.551160394543625642e+00,8.097628131486219516e+00,0.000000000000000000e+00
7.484876938343657748e+00,8.312797999680878291e+00,0.000000000000000000e+00
7.417190583465452569e+00,8.532501717555822651e+00,0.000000000000000000e+00
7.348018089055865509e+00,8.757026956079567270e+00,0.000000000000000000e+00
7.277273552030133708e+00,8.986684416729742608e+00,0.000000000000000000e+00
7.204852271307631284e+00,9.221790375847501053e+00,0.000000000000000000e+00
7.130645665575270797e+00,9.462686405311684368e+00,0.000000000000000000e+00
7.054533714975564251e+00,9.709732662646707979e+00,0.000000000000000000e+00
6.976383122271209380e+00,9.963307650340958332e+00,0.000000000000000000e+00
6.896098261247749051e+00,1.022388611715448725e+01,0.000000000000000000e+00
6.813573660869270299e+00,1.049198335874245380e+01,0.000000000000000000e+00
6.728622493603392485e+00,1.076804690939580489e+01,0.000000000000000000e+00
6.640945073710934565e+00,1.105238862959385493e+01,0.000000000000000000e+00
6.550298849945884960e+00,1.134545041286625455e+01,0.000000000000000000e+00
6.456929204958856694e+00,1.164860863815252223e+01,0.000000000000000000e+00
6.360979837609911591e+00,1.196326312612737119e+01,0.000000000000000000e+00
6.259831198446954126e+00,1.228561047276088658e+01,0.000000000000000000e+00
6.149283212478303007e+00,1.260789899350334053e+01,0.000000000000000000e+00
6.026523842195415703e+00,1.292392208620392324e+01,0.000000000000000000e+00
5.890280985956272808e+00,1.322978770308657204e+01,0.000000000000000000e+00
5.741975001125370959e+00,1.352724539090204559e+01,0.000000000000000000e+00
5.582240802251587475e+00,1.381653082225694362e+01,0.000000000000000000e+00
5.410166220671165149e+00,1.409396485964624191e+01,0.000000000000000000e+00
5.227064830925100658e+00,1.436124259299210060e+01,0.000000000000000000e+00
5.033530069923410011e+00,1.461843278217991049e+01,0.000000000000000000e+00
4.829903786501042795e+00,1.486491536985467832e+01,0.000000000000000000e+00
4.616636672240818307e+00,1.510033814798878815e+01,0.000000000000000000e+00
4.394215550112632762e+00,1.532445077881312123e+01,0.000000000000000000e+00
4.163132408613129165e+00,1.553702166758079706e+01,0.000000000000000000e+00
3.923902182146240758e+00,1.573791205721182607e+01,0.000000000000000000e+00
3.676441563749660801e+00,1.592441793659717497e+01,0.000000000000000000e+00
3.421952976511287492e+00,1.609902300651441109e+01,0.000000000000000000e+00
3.160922944121010936e+00,1.626153882635043502e+01,0.000000000000000000e+00
2.893955747705820425e+00,1.641243861874218624e+01,0.000000000000000000e+00
2.620846366542853190e+00,1.654737271649051777e+01,0.000000000000000000e+00
2.342814021017395554e+00,1.666998795032434799e+01,0.000000000000000000e+00
2.060456208971088277e+00,1.678106916553175409e+01,0.000000000000000000e+00
1.773661113161815628e+00,1.687525824890364134e+01,0.000000000000000000e+00
1.483612674770896867e+00,1.695777046967101498e+01,0.000000000000000000e+00
1.190600410102110374e+00,1.702637910997459514e+01,0.000000000000000000e+00
8.951049427516714063e-01,1.707961976250573244e+01,0.000000000000000000e+00
5.979013514699104137e-01,1.712165453888984601e+01,0.000000000000000000e+00
2.992849916722395975e-01,1.714602568956489392e+01,0.000000000000000000e+00
1.050715315465278542e-15,1.715948330893164453e+01,0.000000000000000000e+00
-2.994679256061041905e-01,1.715650596761686231e+01,0.000000000000000000e+00
-5.985715987842139540e-01,1.714084791074460412e+01,0.000000000000000000e+00
-8.967413081902779748e-01,1.711084347511097192e+01,0.000000000000000000e+00
-1.193369661326493247e+00,1.706598124751551637e+01,0.000000000000000000e+00
-1.488122211842319187e+00,1.700931471425858987e+01,0.000000000000000000e+00
-1.780008576475045956e+00,1.693565032822554528e+01,0.000000000000000000e+00
-2.069025699861858580e+00,1.685086206805758025e+01,0.000000000000000000e+00
-2.354203747998080853e+00,1.675103006882898171e+01,0.000000000000000000e+00
-2.635078232024400613e+00,1.663722917873127116e+01,0.000000000000000000e+00
-2.911505147789007708e+00,1.651196621237917483e+01,0.000000000000000000e+00
-3.182327073577809973e+00,1.637165352650576722e+01,0.000000000000000000e+00
-3.447261483044333552e+00,1.621809016837574191e+01,0.000000000000000000e+00
-3.706052249080107774e+00,1.605267590572703540e+01,0.000000000000000000e+00
-3.958177239245995516e+00,1.587538180272338195e+01,0.000000000000000000e+00
-4.202591013090569483e+00,1.568428318428636459e+01,0.000000000000000000e+00
-4.438975989562197633e+00,1.548054898186220640e+01,0.000000000000000000e+00
-4.667066408261742794e+00,1.526528638210230149e+01,0.000000000000000000e+00
-4.886326010354833826e+00,1.503856511934031381e+01,0.000000000000000000e+00
-5.096245751360276799e+00,1.480057234640972297e+01,0.000000000000000000e+00
-5.296390181373960893e+00,1.455171242794613029e+01,0.000000000000000000e+00
-5.486200203208873916e+00,1.429204015610034872e+01,0.000000000000000000e+00
-5.665928698977453770e+00,1.402366563523319165e+01,0.000000000000000000e+00
-5.837459468200620449e+00,1.375219269856070348e+01,0.000000000000000000e+00
-6.001799548320684075e+00,1.348026249512997765e+01,0.000000000000000000e+00
-6.159511658997444350e+00,1.320911537967933747e+01,0.000000000000000000e+00
-6.310864499044947173e+00,1.293918972607825246e+01,0.000000000000000000e+00
-6.455804358363781859e+00,1.267022945521069843e+01,0.000000000000000000e+00
-6.594097660242611347e+00,1.240169398469661388e+01,0.000000000000000000e+00
-6.726115341438720918e+00,1.213423328341921348e+01,0.000000000000000000e+00
-6.852231393197961040e+00,1.186841291823734679e+01,0.000000000000000000e+00
-6.972488777780568192e+00,1.160417001377943791e+01,0.000000000000000000e+00
-7.086702472249215568e+00,1.134109466338099992e+01,0.000000000000000000e+00
-7.194820367006298234e+00,1.107905180409257540e+01,0.000000000000000000e+00
-7.297978503992380794e+00,1.081969807906410708e+01,0.000000000000000000e+00
-7.397759184224205420e+00,1.056509503330797806e+01,0.000000000000000000e+00
-7.495396631403558274e+00,1.031652841022439837e+01,0.000000000000000000e+00
-7.590863274751235679e+00,1.007341580038717233e+01,0.000000000000000000e+00
-7.684311533257384141e+00,9.835470246157557384e+00,0.000000000000000000e+00
-7.775851080489290190e+00,9.602376388936235685e+00,0.000000000000000000e+00
-7.865596654599968929e+00,9.373853071016512217e+00,0.000000000000000000e+00
-7.953652822578014536e+00,9.149630929097954279e+00,0.000000000000000000e+00
-8.040119230650926596e+00,8.929457038279782211e+00,0.000000000000000000e+00
-8.125089791958425067e+00,8.713092059037174764e+00,0.000000000000000000e+00
-8.208653463286946561e+00,8.500309496635583884e+00,0.000000000000000000e+00
-8.290894586575028313e+00,8.290894586575030090e+00,0.000000000000000000e+00
-8.371893271067252229e+00,8.084643355752518801e+00,0.000000000000000000e+00
-8.451725734545517454e+00,7.881361751361604995e+00,0.000000000000000000e+00
-8.530464612397063107e+00,7.680864836741926105e+00,0.000000000000000000e+00
-8.608179244020906395e+00,7.482976053572285124e+00,0.000000000000000000e+00
-8.684935933941480002e+00,7.287526538968603695e+00,0.000000000000000000e+00
-8.760798194399628258e+00,7.094354495868471666e+00,0.000000000000000000e+00
-8.835827007494236440e+00,6.903304639255110509e+00,0.000000000000000000e+00
-8.910081044647983006e+00,6.714227657938621974e+00,0.000000000000000000e+00
-8.983616825835172293e+00,6.526979679273784640e+00,0.000000000000000000e+00
-9.056488894543408108e+00,6.341421793671819351e+00,0.000000000000000000e+00
-9.128749984266658402e+00,6.157419612513029605e+00,0.000000000000000000e+00
-9.200451234873378681e+00,5.974842892770183767e+00,0.000000000000000000e+00
-9.271642367891676173e+00,5.793565157559535272e+00,0.000000000000000000e+00
-9.342371755667874922e+00,5.613463276296197790e+00,0.000000000000000000e+00
-9.412686545616645972e+00,5.434417110909337545e+00,0.000000000000000000e+00
-9.482632816203665271e+00,5.256309201624754124e+00,0.000000000000000000e+00
-9.552255800170220468e+00,5.079024502593576962e+00,0.000000000000000000e+00
-9.621599908097355325e+00,4.902450018028861045e+00,0.000000000000000000e+00
-9.690708805414448790e+00,4.726474490702774922e+00,0.000000000000000000e+00
-9.759625546581148114e+00,4.550988133095953181e+00,0.000000000000000000e+00
-9.828392805521527720e+00,4.375882407498227877e+00,0.000000000000000000e+00
-9.897052883593151051e+00,4.201049703779946576e+00,0.000000000000000000e+00
-9.965647760330519134e+00,4.026383052608924373e+00,0.000000000000000000e+00
-1.003421922700758273e+01,3.851775880909080740e+00,0.000000000000000000e+00
-1.010280911765750389e+01,3.677121801300529125e+00,0.000000000000000000e+00
-1.017145929861561982e+01,3.502314303965292641e+00,0.000000000000000000e+00
-1.024021172100698429e+01,3.327246481750237184e+00,0.000000000000000000e+00
-1.030910856283263577e+01,3.151810786146135968e+00,0.000000000000000000e+00
-1.037819245777526511e+01,2.975898799783925242e+00,0.000000000000000000e+00
-1.044750648132243498e+01,2.799400924589269923e+00,0.000000000000000000e+00
-1.051709421898595309e+01,2.622206097333329211e+00,0.000000000000000000e+00
-1.058699991178816902e+01,2.444201519081028007e+00,0.000000000000000000e+00
-1.065726869167871449e+01,2.265272389896802352e+00,0.000000000000000000e+00
-1.072794659611656876e+01,2.085301575766075111e+00,0.000000000000000000e+00
-1.079908065205860268e+01,1.904169285804693690e+00,0.000000000000000000e+00
-1.087071901951431663e+01,1.721752747831068353e+00,0.000000000000000000e+00
-1.094291122779777226e+01,1.537925878028873372e+00,0.000000000000000000e+00
-1.101570828566036653e+01,1.352558904889296532e+00,0.000000000000000000e+00
-1.108916276694863079e+01,1.165517972356751697e+00,0.000000000000000000e+00
-1.116332897797955148e+01,9.766647327836552872e-01,0.000000000000000000e+00
-1.123826314705059026e+01,7.858559136554926772e-01,0.000000000000000000e+00
-1.131402367449299362e+01,5.929428555359312902e-01,0.000000000000000000e+00
-1.139067128424190223e+01,3.977710062732784380e-01,0.000000000000000000e+00
-1.146826920384051895e+01,2.001793835673135735e-01,0.000000000000000000e+00
-1.154688339795085383e+01,1.414085379342822573e-15,0.000000000000000000e+00
-1.162658281958415252e+01,-2.029427580091367478e-01,0.000000000000000000e+00
-1.170743968057126771e+01,-4.088328024237690705e-01,0.000000000000000000e+00
-1.178952975213278975e+01,-6.178630731006196086e-01,0.000000000000000000e+00
-1.187293267409357256e+01,-8.302363303192957789e-01,0.000000000000000000e+00
-1.195773227464884414e+01,-1.046166015509832015e+00,0.000000000000000000e+00
-1.204401694087393793e+01,-1.265877190097402183e+00,0.000000000000000000e+00
-1.213188002417162714e+01,-1.489607561694636262e+00,0.000000000000000000e+00
-1.222142028312497786e+01,-1.717608607839122836e+00,0.000000000000000000e+00
-1.231274236853258763e+01,-1.950146808900237616e+00,0.000000000000000000e+00
-1.240595735608259353e+01,-2.187505003396015724e+00,0.000000000000000000e+00
-1.250118333279643679e+01,-2.429983880816264374e+00,0.000000000000000000e+00
-1.259854604400416278e+01,-2.677903629154980258e+00,0.000000000000000000e+00
-1.269817960815462321e+01,-2.931605756722169165e+00,0.000000000000000000e+00
-1.280022730716936685e+01,-3.191455110435280407e+00,0.000000000000000000e+00
-1.290484246026825410e+01,-3.457842115679735429e+00,0.000000000000000000e+00
-1.301218939947348474e+01,-3.731185268918692621e+00,0.000000000000000000e+00
-1.312244460884339681e+01,-4.011933932665209923e+00,0.000000000000000000e+00
-1.323579793540243443e+01,-4.300571444571092528e+00,0.000000000000000000e+00
-1.335245391193890541e+01,-4.597618587058178719e+00,0.000000000000000000e+00
-1.347263323043302385e+01,-4.903637473063329644e+00,0.000000000000000000e+00
-1.359657462814571538e+01,-5.219235999420176242e+00,0.000000000000000000e+00
-1.372453685371326060e+01,-5.545072826341286287e+00,0.000000000000000000e+00
-1.385680055851790016e+01,-5.881862870330031079e+00,0.000000000000000000e+00
-1.399367126167925335e+01,-6.230383858477290815e+00,0.000000000000000000e+00
-1.413548176497058684e+01,-6.591483398716118103e+00,0.000000000000000000e+00
-1.428259576438740197e+01,-6.966087403604469763e+00,0.000000000000000000e+00
-1.443541119178765264e+01,-7.355209376132501475e+00,0.000000000000000000e+00
-1.459436487781459846e+01,-7.759961454643049983e+00,0.000000000000000000e+00
-1.475993715427444286e+01,-8.181566763488346439e+00,0.000000000000000000e+00
-1.493265761757908017e+01,-8.621373895225799444e+00,0.000000000000000000e+00
-1.511311174660714407e+01,-9.080873679499061879e+00,0.000000000000000000e+00
-1.530194853133243171e+01,-9.561718661723579871e+00,0.000000000000000000e+00
-1.549988940198017140e+01,-1.006574587136754495e+01,0.000000000000000000e+00
-1.570773872829652618e+01,-1.059500355257163129e+01,0.000000000000000000e+00
-1.592639606591953338e+01,-1.115178258187031268e+01,0.000000000000000000e+00
-1.615688506802174729e+01,-1.173866412201258314e+01,0.000000000000000000e+00
-1.640020229215159375e+01,-1.235843885975595313e+01,0.000000000000000000e+00
-1.664986055067348758e+01,-1.300829673158240318e+01,0.000000000000000000e+00
-1.688519999145533745e+01,-1.367336535038500855e+01,0.000000000000000000e+00
-1.709044312772465446e+01,-1.434058452513003701e+01,0.000000000000000000e+00
-1.726456410117686957e+01,-1.500785660733117766e+01,0.000000000000000000e+00
-1.740830168819607238e+01,-1.567450524440865856e+01,0.000000000000000000e+00
-1.752142824689552114e+01,-1.633899617090862932e+01,0.000000000000000000e+00
-1.760543109043628363e+01,-1.700136717967378530e+01,0.000000000000000000e+00
-1.765914883637821475e+01,-1.765914883637820765e+01,0.000000000000000000e+00
-1.768397865302866379e+01,-1.831229596363649748e+01,0.000000000000000000e+00
-1.767966751856676666e+01,-1.895912225055069911e+01,0.000000000000000000e+00
-1.764455781686034896e+01,-1.959626673003235453e+01,0.000000000000000000e+00
-1.758340703795553495e+01,-2.022739594777157990e+01,0.000000000000000000e+00
-1.749590513601997444e+01,-2.085080780153928970e+01,0.000000000000000000e+00
-1.738182562911444506e+01,-2.146476704478152797e+01,0.000000000000000000e+00
-1.724103580009698433e+01,-2.206751950267545226e+01,0.000000000000000000e+00
-1.707353651473106027e+01,-2.265734821862083592e+01,0.000000000000000000e+00
-1.687990713558329148e+01,-2.323319900064918997e+01,0.000000000000000000e+00
-1.666327868043496707e+01,-2.379762823325154741e+01,0.000000000000000000e+00
-1.642393967050765013e+01,-2.434949190470261371e+01,0.000000000000000000e+00
-1.615903395216324157e+01,-2.488273023202647494e+01,0.000000000000000000e+00
-1.587193031192346915e+01,-2.540039812070441272e+01,0.000000000000000000e+00
-1.556355830908410631e+01,-2.590211076617458374e+01,0.000000000000000000e+00
-1.523436313734601733e+01,-2.638669097483767345e+01,0.000000000000000000e+00
-1.488536548701030604e+01,-2.685391019323568429e+01,0.000000000000000000e+00
-1.451592480369347449e+01,-2.730048394728357763e+01,0.000000000000000000e+00
-1.412727653808791750e+01,-2.772634134782776982e+01,0.000000000000000000e+00
-1.372163359198027166e+01,-2.813351806638064545e+01,0.000000000000000000e+00
-1.330048610914176344e+01,-2.852298450719572287e+01,0.000000000000000000e+00
-1.286031305060929419e+01,-2.888473603558879788e+01,0.000000000000000000e+00
-1.240732014277500106e+01,-2.922981451188918456e+01,0.000000000000000000e+00
-1.193845623067890571e+01,-2.954871606663920502e+01,0.000000000000000000e+00
-1.145767611569055511e+01,-2.984826675578877087e+01,0.000000000000000000e+00
-1.096279312610623968e+01,-3.012002656812918389e+01,0.000000000000000000e+00
-1.045816311495026341e+01,-3.037271107894662592e+01,0.000000000000000000e+00
-9.941628925173906950e+00,-3.059718767571302678e+01,0.000000000000000000e+00
-9.415759264186904787e+00,-3.079756084428199969e+01,0.000000000000000000e+00
-8.882124591322089202e+00,-3.097564959177121935e+01,0.000000000000000000e+00
-8.340287721904388718e+00,-3.112637752789007806e+01,0.000000000000000000e+00
-7.791498388216513860e+00,-3.124999317913404795e+01,0.000000000000000000e+00
-7.237573271221005911e+00,-3.134937401265759505e+01,0.000000000000000000e+00
-6.679377235379202915e+00,-3.142399925412988537e+01,0.000000000000000000e+00
-6.117561659054574719e+00,-3.147212640103509074e+01,0.000000000000000000e+00
-5.552738625769239711e+00,-3.149114561741411933e+01,0.000000000000000000e+00
-4.986618526957694364e+00,-3.148427027768573794e+01,0.000000000000000000e+00
-4.420266134733776831e+00,-3.145182781996511068e+01,0.000000000000000000e+00
-3.854670721718896687e+00,-3.139377372344962680e+01,0.000000000000000000e+00
-3.290774186126697476e+00,-3.130962494335714297e+01,0.000000000000000000e+00
-2.729288057462202932e+00,-3.119590524609485627e+01,0.000000000000000000e+00
-2.172240221907593583e+00,-3.106448244290622540e+01,0.000000000000000000e+00
-1.620480745748427154e+00,-3.092061460945720341e+01,0.000000000000000000e+00
-1.074329198965525034e+00,-3.076476305080800344e+01,0.000000000000000000e+00
-5.340315579860319684e-01,-3.059464746663447343e+01,0.000000000000000000e+00
-5.586523448056222351e-15,-3.041161719414815678e+01,0.000000000000000000e+00
5.274547298350283908e-01,-3.021786123421201253e+01,0.000000000000000000e+00
1.048024848131069664e+00,-3.001150499787020465e+01,0.000000000000000000e+00
1.561308284900315480e+00,-2.979153679586535475e+01,0.000000000000000000e+00
2.067191357470993474e+00,-2.956221369195200310e+01,0.000000000000000000e+00
2.565106711985257082e+00,-2.931930388015575772e+01,0.000000000000000000e+00
3.054928602604661592e+00,-2.906570410680980387e+01,0.000000000000000000e+00
3.536374449313288260e+00,-2.880145861424524867e+01,0.000000000000000000e+00
4.008927056730963834e+00,-2.852499819871033537e+01,0.000000000000000000e+00
4.472654385179762215e+00,-2.823922839904673410e+01,0.000000000000000000e+00
4.926901222091405685e+00,-2.794184532789932973e+01,0.000000000000000000e+00
5.371596276191482389e+00,-2.763446719485213876e+01,0.000000000000000000e+00
5.806708444787694212e+00,-2.731841538631109856e+01,0.000000000000000000e+00
6.231152379416997178e+00,-2.699008620043304418e+01,0.000000000000000000e+00
6.645670539871695759e+00,-2.665432869187829468e+01,0.000000000000000000e+00
7.049683977572758664e+00,-2.630977878160575045e+01,0.000000000000000000e+00
7.442204887928578039e+00,-2.595405282018551318e+01,0.000000000000000000e+00
7.823909159089212473e+00,-2.559085375978900245e+01,0.000000000000000000e+00
8.194431218773914338e+00,-2.521986605853544106e+01,0.000000000000000000e+00
8.553504047725800419e+00,-2.484117949764948108e+01,0.000000000000000000e+00
8.900847751356439019e+00,-2.445487821085531266e+01,0.000000000000000000e+00
9.235881593530992362e+00,-2.406029414211441164e+01,0.000000000000000000e+00
9.558708018049692612e+00,-2.365863255111973729e+01,0.000000000000000000e+00
9.869253547586511743e+00,-2.325050431899616754e+01,0.000000000000000000e+00
1.016733867633953459e+01,-2.283621655979718668e+01,0.000000000000000000e+00
1.045244027327088787e+01,-2.241533050224222379e+01,0.000000000000000000e+00
1.072439744108868176e+01,-2.198827327208729798e+01,0.000000000000000000e+00
1.098328701172011179e+01,-2.155591447418017381e+01,0.000000000000000000e+00
1.122930522687137866e+01,-2.111925152762892210e+01,0.000000000000000000e+00
1.146215607804671066e+01,-2.067827694317090348e+01,0.000000000000000000e+00
1.168130348537671637e+01,-2.023261113530388045e+01,0.000000000000000000e+00
1.188677829862897539e+01,-1.978292123365760702e+01,0.000000000000000000e+00
1.207843104509425025e+01,-1.932953025810572356e+01,0.000000000000000000e+00
1.225611609115774847e+01,-1.887276376121797483e+01,0.000000000000000000e+00
1.241996669091762229e+01,-1.841335784618283355e+01,0.000000000000000000e+00
1.256996374204323885e+01,-1.795176866301970620e+01,0.000000000000000000e+00
1.270584369777904676e+01,-1.748809354995568910e+01,0.000000000000000000e+00
1.282744086326313315e+01,-1.702258897223540046e+01,0.000000000000000000e+00
1.293478126335483580e+01,-1.655576504227883206e+01,0.000000000000000000e+00
1.302792049508270189e+01,-1.608814197494234577e+01,0.000000000000000000e+00
1.310685581312308123e+01,-1.562014250290373951e+01,0.000000000000000000e+00
1.317153544271527998e+01,-1.515211824789146000e+01,0.000000000000000000e+00
1.322191331458772190e+01,-1.468442239716787334e+01,0.000000000000000000e+00
1.325795072464767443e+01,-1.421741151616125087e+01,0.000000000000000000e+00
1.327961647918922061e+01,-1.375144541971325474e+01,0.000000000000000000e+00
1.328688703837965512e+01,-1.328688703837966045e+01,0.000000000000000000e+00
1.327954459510400831e+01,-1.282390715004190263e+01,0.000000000000000000e+00
1.325706460005485710e+01,-1.236241273745269531e+01,0.000000000000000000e+00
1.322080538819604456e+01,-1.190406664040639129e+01,0.000000000000000000e+00
1.317275869342477712e+01,-1.145090443264756885e+01,0.000000000000000000e+00
1.311504058452237942e+01,-1.100482571734779746e+01,0.000000000000000000e+00
1.304987209612642829e+01,-1.056757805868025102e+01,0.000000000000000000e+00
1.297871297800354284e+01,-1.014008190027037770e+01,0.000000000000000000e+00
1.290167674965265654e+01,-9.722110767817811805e+00,0.000000000000000000e+00
1.281874709909617138e+01,-9.313364923238722781e+00,0.000000000000000000e+00
1.273018411640237701e+01,-8.913770881102466959e+00,0.000000000000000000e+00
1.263651570589352424e+01,-8.523437466838283072e+00,0.000000000000000000e+00
1.253804979779507356e+01,-8.142304742576632393e+00,0.000000000000000000e+00
1.243456528346270851e+01,-7.769978749951582664e+00,0.000000000000000000e+00
1.232689790171263056e+01,-7.406747503912590957e+00,0.000000000000000000e+00
1.221909211296296682e+01,-7.054696120672010018e+00,0.000000000000000000e+00
1.211452192462282618e+01,-6.715189156841448792e+00,0.000000000000000000e+00
1.201358424668103630e+01,-6.387736052020067667e+00,0.000000000000000000e+00
1.191618142635727118e+01,-6.071597697521854187e+00,0.000000000000000000e+00
1.182206019818335463e+01,-5.766004022641401328e+00,0.000000000000000000e+00
1.173094546610611211e+01,-5.470229708243947719e+00,0.000000000000000000e+00
1.164265628513972395e+01,-5.183644551331924255e+00,0.000000000000000000e+00
1.155701456322794130e+01,-4.905661632657920102e+00,0.000000000000000000e+00
1.147386165070834174e+01,-4.635741018490437959e+00,0.000000000000000000e+00
1.139304098234050144e+01,-4.373378682805089568e+00,0.000000000000000000e+00
1.131439691725382524e+01,-4.118103696553671256e+00,0.000000000000000000e+00
1.123780896677514463e+01,-3.869487940134896053e+00,0.000000000000000000e+00
1.116314518643862641e+01,-3.627125742981472278e+00,0.000000000000000000e+00
1.109028992325550078e+01,-3.390641895811012496e+00,0.000000000000000000e+00
1.101914476158270517e+01,-3.159688915392187880e+00,0.000000000000000000e+00
1.094959863488109875e+01,-2.933936111661313184e+00,0.000000000000000000e+00
1.088155858434359935e+01,-2.713077269655459922e+00,0.000000000000000000e+00
1.081494151007921545e+01,-2.496825983560758466e+00,0.000000000000000000e+00
1.074965322849815053e+01,-2.284909329394625654e+00,0.000000000000000000e+00
1.068561846637951085e+01,-2.077073820822560979e+00,0.000000000000000000e+00
1.062277826607086872e+01,-1.873082418391789350e+00,0.000000000000000000e+00
1.056106403674904470e+01,-1.672708216692088357e+00,0.000000000000000000e+00
1.050040167551505021e+01,-1.475735216187279653e+00,0.000000000000000000e+00
1.044071606463773350e+01,-1.281958737508452906e+00,0.000000000000000000e+00
1.038192403577655121e+01,-1.091184186366639386e+00,0.000000000000000000e+00
1.032394557078895936e+01,-9.032282003027102268e-01,0.000000000000000000e+00
1.026678197906797330e+01,-7.179233327153021760e-01,0.000000000000000000e+00
1.021046883042772890e+01,-5.351079968414337307e-01,0.000000000000000000e+00
1.015503518762008284e+01,-3.546216429674665660e-01,0.000000000000000000e+00
1.010050346842606395e+01,-1.763049438490733312e-01,0.000000000000000000e+00
1.004688953648316208e+01,-2.460778222448227894e-15,0.000000000000000000e+00
