1.370326389730041861e+01,0.000000000000000000e+00,0.000000000000000000e+00
1.373250920449268975e+01,2.397018397917655141e-01,0.000000000000000000e+00
1.376189716144728692e+01,4.805760385440380755e-01,0.000000000000000000e+00
1.379144782695696492e+01,7.227791537087389084e-01,0.000000000000000000e+00
1.382118003236799098e+01,9.664710569607977142e-01,0.000000000000000000e+00
1.385111385344045765e+01,1.211815439382916804e+00,0.000000000000000000e+00
1.388126979008537276e+01,1.458980245803459974e+00,0.000000000000000000e+00
1.391166888916808553e+01,1.708138155983101703e+00,0.000000000000000000e+00
1.394233287682300926e+01,1.959467100207300305e+00,0.000000000000000000e+00
1.397328416438996612e+01,2.213150791872610768e+00,0.000000000000000000e+00
1.400454588464030081e+01,2.469379292031782747e+00,0.000000000000000000e+00
1.403614229169047611e+01,2.728349677759799086e+00,0.000000000000000000e+00
1.406809959429848789e+01,2.990266878995519129e+00,0.000000000000000000e+00
1.410043312070359356e+01,3.255341488663817451e+00,0.000000000000000000e+00
1.413311530507889024e+01,3.523781412967710303e+00,0.000000000000000000e+00
1.416411419849628928e+01,3.795262960989279399e+00,0.000000000000000000e+00
1.418850625272923160e+01,4.068488698780100776e+00,0.000000000000000000e+00
1.420509827226524102e+01,4.342934374966891831e+00,0.000000000000000000e+00
1.421431330611122767e+01,4.618510361581019019e+00,0.000000000000000000e+00
1.421576675626754671e+01,4.894881038268169782e+00,0.000000000000000000e+00
1.420919939621498784e+01,5.171725632975549658e+00,0.000000000000000000e+00
1.419478368605060581e+01,5.448866942182278628e+00,0.000000000000000000e+00
1.417260713838202513e+01,5.726104972364891132e+00,0.000000000000000000e+00
1.414271081091186666e+01,6.003224572167403572e+00,0.000000000000000000e+00
1.410514115350684783e+01,6.280013451867183072e+00,0.000000000000000000e+00
1.405994988700411064e+01,6.556262305585525141e+00,0.000000000000000000e+00
1.400719387949121497e+01,6.831764929388141283e+00,0.000000000000000000e+00
1.394693502018225217e+01,7.106318335227952865e+00,0.000000000000000000e+00
1.387923293207575703e+01,7.379719054211279605e+00,0.000000000000000000e+00
1.380406708670030369e+01,7.651719333019233460e+00,0.000000000000000000e+00
1.372136948824399560e+01,7.922036367687986136e+00,0.000000000000000000e+00
1.363108191084476317e+01,8.190380314965564068e+00,0.000000000000000000e+00
1.353324233888367623e+01,8.456508369530112645e+00,0.000000000000000000e+00
1.342815025772029891e+01,8.720342739960670997e+00,0.000000000000000000e+00
1.331614364323797162e+01,8.981852298861152661e+00,0.000000000000000000e+00
1.319730274001808112e+01,9.240850862596317938e+00,0.000000000000000000e+00
1.307133879800275800e+01,9.496883534715479414e+00,0.000000000000000000e+00
1.293808800176440066e+01,9.749548614315932227e+00,0.000000000000000000e+00
1.279793249630885654e+01,9.998840708369341357e+00,0.000000000000000000e+00
1.265127008802910247e+01,1.024479651692355908e+01,0.000000000000000000e+00
1.249794797628887189e+01,1.048702353737682280e+01,0.000000000000000000e+00
1.233780021250619185e+01,1.072508609855785444e+01,0.000000000000000000e+00
1.217118490067811187e+01,1.095898410846737470e+01,0.000000000000000000e+00
1.199853296622175591e+01,1.118881300252185262e+01,0.000000000000000000e+00
1.182014989922084958e+01,1.141458607421454019e+01,0.000000000000000000e+00
1.163566314395022161e+01,1.163566314395021983e+01,0.000000000000000000e+00
1.144471745638260884e+01,1.185135185885228992e+01,0.000000000000000000e+00
1.124836726885636651e+01,1.206239709798736115e+01,0.000000000000000000e+00
1.104673989124856881e+01,1.226864757128353922e+01,0.000000000000000000e+00
1.083936572865704662e+01,1.246926388856120482e+01,0.000000000000000000e+00
1.062659758093045959e+01,1.266428584412681602e+01,0.000000000000000000e+00
1.040894145755001432e+01,1.285397220846832411e+01,0.000000000000000000e+00
1.018657036752939327e+01,1.303821550266522244e+01,0.000000000000000000e+00
9.959295078639126331e+00,1.321643096109768756e+01,0.000000000000000000e+00
9.727074479426148557e+00,1.338816945255870472e+01,0.000000000000000000e+00
9.490513088944364739e+00,1.355385735093584465e+01,0.000000000000000000e+00
9.249884324999541718e+00,1.371351746350213574e+01,0.000000000000000000e+00
9.005260751364135174e+00,1.386688552104021532e+01,0.000000000000000000e+00
8.756841909031116700e+00,1.401387647237624812e+01,0.000000000000000000e+00
8.504755331007077146e+00,1.415428979980626245e+01,0.000000000000000000e+00
8.248987994340394536e+00,1.428766631722324831e+01,0.000000000000000000e+00
7.989830380433559753e+00,1.441403556282058496e+01,0.000000000000000000e+00
7.727620807869190145e+00,1.453354096752058489e+01,0.000000000000000000e+00
7.462562048369901113e+00,1.464610267411480216e+01,0.000000000000000000e+00
7.194842090429321324e+00,1.475161237756364940e+01,0.000000000000000000e+00
6.924662292388219953e+00,1.484998620821812310e+01,0.000000000000000000e+00
6.652225142874242714e+00,1.494114229918577408e+01,0.000000000000000000e+00
6.377737689888603789e+00,1.502500842532737479e+01,0.000000000000000000e+00
6.101409846593670139e+00,1.510151929860873388e+01,0.000000000000000000e+00
5.823454300967112474e+00,1.517061711819350833e+01,0.000000000000000000e+00
5.544086020816004101e+00,1.523225115370599703e+01,0.000000000000000000e+00
5.263521921637550172e+00,1.528637761970491837e+01,0.000000000000000000e+00
4.981980539394378127e+00,1.533295948862156521e+01,0.000000000000000000e+00
4.699681746818016315e+00,1.537196634762182690e+01,0.000000000000000000e+00
4.416846498847885272e+00,1.540337427631026301e+01,0.000000000000000000e+00
4.133696606066264323e+00,1.542716575691432723e+01,0.000000000000000000e+00
3.850454531046481499e+00,1.544332961856791897e+01,0.000000000000000000e+00
3.567343203067217416e+00,1.545186101937721901e+01,0.000000000000000000e+00
3.284585846223301075e+00,1.545276146930890171e+01,0.000000000000000000e+00
3.002405815378505149e+00,1.544603889507809491e+01,0.000000000000000000e+00
2.721026435428041346e+00,1.543170775394222716e+01,0.000000000000000000e+00
2.440670834835813263e+00,1.540978918026781130e+01,0.000000000000000000e+00
2.161561778342032003e+00,1.538031123067783312e+01,0.000000000000000000e+00
1.883921457945954669e+00,1.534330899660682235e+01,0.000000000000000000e+00
1.607971344204184527e+00,1.529882540070480523e+01,0.000000000000000000e+00
1.333931767839759752e+00,1.524690987472336090e+01,0.000000000000000000e+00
1.062022139333238080e+00,1.518762417184381519e+01,0.000000000000000000e+00
7.924594168760045187e-01,1.512102645288839575e+01,0.000000000000000000e+00
5.254603443410130748e-01,1.504721551067725294e+01,0.000000000000000000e+00
2.612367091533304153e-01,1.496624104394027732e+01,0.000000000000000000e+00
9.109922133408498307e-16,1.487763188496663780e+01,0.000000000000000000e+00
-2.580191300518139275e-01,1.478190606067038004e+01,0.000000000000000000e+00
-5.126112558879691861e-01,1.467926575928144928e+01,0.000000000000000000e+00
-7.635717632603181704e-01,1.456981718565983464e+01,0.000000000000000000e+00
-1.010702777251353712e+00,1.445372310220346002e+01,0.000000000000000000e+00
-1.253806491623830510e+00,1.433107377680207506e+01,0.000000000000000000e+00
-1.492709517050822443e+00,1.420218236950812418e+01,0.000000000000000000e+00
-1.727206035138737050e+00,1.406696430265834685e+01,0.000000000000000000e+00
-1.956934030643788347e+00,1.392430915034611338e+01,0.000000000000000000e+00
-2.181834001958458558e+00,1.377555773463471489e+01,0.000000000000000000e+00
-2.401822627417313338e+00,1.362141300081825257e+01,0.000000000000000000e+00
-2.616653256286815221e+00,1.346151401803212266e+01,0.000000000000000000e+00
-2.826021655251215403e+00,1.329538656933302221e+01,0.000000000000000000e+00
-3.029761196056891759e+00,1.312333752556274646e+01,0.000000000000000000e+00
-3.227876985145754496e+00,1.294630746782175379e+01,0.000000000000000000e+00
-3.420196257570619736e+00,1.276434620511047946e+01,0.000000000000000000e+00
-3.606223832017076525e+00,1.257639707949967089e+01,0.000000000000000000e+00
-3.785958784764984930e+00,1.238331320462159013e+01,0.000000000000000000e+00
-3.959472627075570461e+00,1.218600372024653922e+01,0.000000000000000000e+00
-4.126596206698127212e+00,1.198450559126849946e+01,0.000000000000000000e+00
-4.286968231093895909e+00,1.177834841284980527e+01,0.000000000000000000e+00
-4.440244401929760443e+00,1.156723213603508782e+01,0.000000000000000000e+00
-4.586723182524369058e+00,1.135253824932581779e+01,0.000000000000000000e+00
-4.726972828970673390e+00,1.113605012231516511e+01,0.000000000000000000e+00
-4.861665902247049864e+00,1.091948039888309907e+01,0.000000000000000000e+00
-4.991441499478464827e+00,1.070418083895018135e+01,0.000000000000000000e+00
-5.116464775049574421e+00,1.049030738358928794e+01,0.000000000000000000e+00
-5.236777424902886224e+00,1.027775438910661521e+01,0.000000000000000000e+00
-5.352477476842654625e+00,1.006654604586814550e+01,0.000000000000000000e+00
-5.463694009605184476e+00,9.856764913518160753e+00,0.000000000000000000e+00
-5.570563519447393475e+00,9.648499042472590048e+00,0.000000000000000000e+00
-5.673234058804737856e+00,9.441847042640876708e+00,0.000000000000000000e+00
-5.771853528461756255e+00,9.236896498164774982e+00,0.000000000000000000e+00
-5.866511955368572728e+00,9.033636219871443274e+00,0.000000000000000000e+00
-5.957247603949181958e+00,8.831982777381103489e+00,0.000000000000000000e+00
-6.044103143107456333e+00,8.631873856372669351e+00,0.000000000000000000e+00
-6.127405098634915781e+00,8.433649597163988432e+00,0.000000000000000000e+00
-6.207769118138994457e+00,8.237987862041448395e+00,0.000000000000000000e+00
-6.285864900996529059e+00,8.045540181126684232e+00,0.000000000000000000e+00
-6.362285461208613491e+00,7.856768225110818626e+00,0.000000000000000000e+00
-6.437228158840087922e+00,7.671589784646284826e+00,0.000000000000000000e+00
-6.510790312918659950e+00,7.489807482022213136e+00,0.000000000000000000e+00
-6.583056304288827931e+00,7.311224717368387971e+00,0.000000000000000000e+00
-6.654103980914553240e+00,7.135652902383446516e+00,0.000000000000000000e+00
-6.724012322238571038e+00,6.962918589979368633e+00,0.000000000000000000e+00
-6.792850920202183396e+00,6.792850920202185172e+00,0.000000000000000000e+00
-6.860678555891350783e+00,6.625280268983881449e+00,0.000000000000000000e+00
-6.927550878955048397e+00,6.460045704611801831e+00,0.000000000000000000e+00
-6.993534001425201652e+00,6.297006298817711567e+00,0.000000000000000000e+00
-7.058688873525826857e+00,6.136024624126961591e+00,0.000000000000000000e+00
-7.123068151868388931e+00,5.976963859083397779e+00,0.000000000000000000e+00
-7.186718277209148020e+00,5.819689711954700861e+00,0.000000000000000000e+00
-7.249692702806294520e+00,5.664080705293194740e+00,0.000000000000000000e+00
-7.312044710909273881e+00,5.510020906438395372e+00,0.000000000000000000e+00
-7.373821009736349019e+00,5.357394557472891172e+00,0.000000000000000000e+00
-7.435061814532207158e+00,5.206086329590617900e+00,0.000000000000000000e+00
-7.495807520270209245e+00,5.055986013033767712e+00,0.000000000000000000e+00
-7.556106034176584885e+00,4.906992633599800868e+00,0.000000000000000000e+00
-7.616001524770882547e+00,4.759005936924032731e+00,0.000000000000000000e+00
-7.675532871426827164e+00,4.611925432491912780e+00,0.000000000000000000e+00
-7.734734099007397390e+00,4.465650814172096972e+00,0.000000000000000000e+00
-7.793643399475365108e+00,4.320087080124324963e+00,0.000000000000000000e+00
-7.852303673253549832e+00,4.175143923338991314e+00,0.000000000000000000e+00
-7.910753816268127458e+00,4.030730394073786194e+00,0.000000000000000000e+00
-7.969028311820396837e+00,3.886754806878798263e+00,0.000000000000000000e+00
-8.027158052030484825e+00,3.743125272882376287e+00,0.000000000000000000e+00
-8.085180104005299739e+00,3.599754108189015422e+00,0.000000000000000000e+00
-8.143134825365732965e+00,3.456555658367155281e+00,0.000000000000000000e+00
-8.201058862104339653e+00,3.313442859907984150e+00,0.000000000000000000e+00
-8.258984966117330018e+00,3.170327294390634432e+00,0.000000000000000000e+00
-8.316943201497103644e+00,3.027119765427601639e+00,0.000000000000000000e+00
-8.374971254690295908e+00,2.883733863497065730e+00,0.000000000000000000e+00
-8.433109399163454256e+00,2.740083344275057176e+00,0.000000000000000000e+00
-8.491394347390709640e+00,2.596079780361980394e+00,0.000000000000000000e+00
-8.549859108527488871e+00,2.451632648258177394e+00,0.000000000000000000e+00
-8.608534965870280331e+00,2.306649992120026749e+00,0.000000000000000000e+00
-8.667462738570062442e+00,2.161041174325359471e+00,0.000000000000000000e+00
-8.726684905021308225e+00,2.014713958545023775e+00,0.000000000000000000e+00
-8.786240246792479169e+00,1.867573016864975788e+00,0.000000000000000000e+00
-8.846163704785608317e+00,1.719520035619093168e+00,0.000000000000000000e+00
-8.906490713424561889e+00,1.570454616206134579e+00,0.000000000000000000e+00
-8.967268505397086642e+00,1.420275803467159648e+00,0.000000000000000000e+00
-9.028543813838544096e+00,1.268879083743984282e+00,0.000000000000000000e+00
-9.090359212160990410e+00,1.116155764314861631e+00,0.000000000000000000e+00
-9.152753207413192982e+00,9.619931264406335059e-01,0.000000000000000000e+00
-9.215771379777121908e+00,8.062755213771654050e-01,0.000000000000000000e+00
-9.279470133334331905e+00,6.488837629490934455e-01,0.000000000000000000e+00
-9.343902148145184938e+00,4.896931614223272722e-01,0.000000000000000000e+00
-9.409115051415305686e+00,3.285735378318054289e-01,0.000000000000000000e+00
-9.475156003776106672e+00,1.653894632509019247e-01,0.000000000000000000e+00
-9.542089665582714986e+00,1.168568956613291120e-15,0.000000000000000000e+00
-9.609981712894485995e+00,-1.677428547575538220e-01,0.000000000000000000e+00
-9.678891644022080243e+00,-3.379943440364975848e-01,0.000000000000000000e+00
-9.748875245968928738e+00,-5.109169021486410500e-01,0.000000000000000000e+00
-9.820007381038463379e+00,-6.866818094177561393e-01,0.000000000000000000e+00
-9.892369558440883281e+00,-8.654701917725255989e-01,0.000000000000000000e+00
-9.966035556914404125e+00,-1.047472545840024249e+00,0.000000000000000000e+00
-1.004107511219278948e+01,-1.232888998643678180e+00,0.000000000000000000e+00
-1.011758235311981124e+01,-1.421933469077645062e+00,0.000000000000000000e+00
-1.019565732995875429e+01,-1.614833479946272021e+00,0.000000000000000000e+00
-1.027538987995091091e+01,-1.811828473134061701e+00,0.000000000000000000e+00
-1.035687369228890908e+01,-2.013172310007421029e+00,0.000000000000000000e+00
-1.044023348429067966e+01,-2.219140132453058634e+00,0.000000000000000000e+00
-1.052558872580780225e+01,-2.430023629658867534e+00,0.000000000000000000e+00
-1.061304979089832123e+01,-2.646130508439912710e+00,0.000000000000000000e+00
-1.070276004911612233e+01,-2.867795911944743370e+00,0.000000000000000000e+00
-1.079487434021051229e+01,-3.095380406901518722e+00,0.000000000000000000e+00
-1.088953301714092170e+01,-3.329264350097071556e+00,0.000000000000000000e+00
-1.098690667580354763e+01,-3.569862379641382866e+00,0.000000000000000000e+00
-1.108718646605443681e+01,-3.817624453954003627e+00,0.000000000000000000e+00
-1.119054856023417344e+01,-4.073026581035744442e+00,0.000000000000000000e+00
-1.129721781631593913e+01,-4.336595615645027380e+00,0.000000000000000000e+00
-1.140743760585058375e+01,-4.608903962341848626e+00,0.000000000000000000e+00
-1.152143954507478973e+01,-4.890560933365690310e+00,0.000000000000000000e+00
-1.163948830588103434e+01,-5.182234076091487118e+00,0.000000000000000000e+00
-1.176183954407249566e+01,-5.484635853391298888e+00,0.000000000000000000e+00
-1.188888744818816967e+01,-5.798597850272988907e+00,0.000000000000000000e+00
-1.202111700719136245e+01,-6.125065046514292177e+00,0.000000000000000000e+00
-1.215876838161397444e+01,-6.464931825891526707e+00,0.000000000000000000e+00
-1.230172532195988033e+01,-6.818957694448087636e+00,0.000000000000000000e+00
-1.244823649868249404e+01,-7.186992693450464209e+00,0.000000000000000000e+00
-1.259393781946567259e+01,-7.567201274198747107e+00,0.000000000000000000e+00
-1.273616498876365277e+01,-7.958439162339008277e+00,0.000000000000000000e+00
-1.287500917212598139e+01,-8.361128718866206455e+00,0.000000000000000000e+00
-1.301033650192148983e+01,-8.775582777531946377e+00,0.000000000000000000e+00
-1.314137542788680335e+01,-9.201690137050183793e+00,0.000000000000000000e+00
-1.326765302629492815e+01,-9.639514170422293304e+00,0.000000000000000000e+00
-1.338939914486347682e+01,-1.008963595405475466e+01,0.000000000000000000e+00
-1.350638553018633203e+01,-1.055234488079288013e+01,0.000000000000000000e+00
-1.361593148724786495e+01,-1.102596391545047183e+01,0.000000000000000000e+00
-1.371474933032337873e+01,-1.150804110476319408e+01,0.000000000000000000e+00
-1.380006549015676676e+01,-1.199621391158866501e+01,0.000000000000000000e+00
-1.386977321128014218e+01,-1.248839989293047914e+01,0.000000000000000000e+00
-1.392193792726738621e+01,-1.298241714544892211e+01,0.000000000000000000e+00
-1.395475910823247467e+01,-1.347595422595687609e+01,0.000000000000000000e+00
-1.396657582700238542e+01,-1.396657582700238187e+01,0.000000000000000000e+00
-1.395664704175358750e+01,-1.445253109061130559e+01,0.000000000000000000e+00
-1.392689407756641984e+01,-1.493476543661027556e+01,0.000000000000000000e+00
-1.387802515516090729e+01,-1.541310841843604429e+01,0.000000000000000000e+00
-1.381027653158805002e+01,-1.588690581692461734e+01,0.000000000000000000e+00
-1.372390417023927078e+01,-1.635551209930130412e+01,0.000000000000000000e+00
-1.361920766394194082e+01,-1.681832081846230054e+01,0.000000000000000000e+00
-1.349674288339556227e+01,-1.727504311546364590e+01,0.000000000000000000e+00
-1.335715343019225365e+01,-1.772554129112592491e+01,0.000000000000000000e+00
-1.320022618111175383e+01,-1.816855266181245199e+01,0.000000000000000000e+00
-1.302539994561761461e+01,-1.860219896935263151e+01,0.000000000000000000e+00
-1.283441898227562916e+01,-1.902780863666083278e+01,0.000000000000000000e+00
-1.262798394889759734e+01,-1.944539004652033753e+01,0.000000000000000000e+00
-1.240500325322041242e+01,-1.985215503899518552e+01,0.000000000000000000e+00
-1.216625274327783934e+01,-2.024804481772800457e+01,0.000000000000000000e+00
-1.191277493407437937e+01,-2.063353144494978153e+01,0.000000000000000000e+00
-1.164500141088299578e+01,-2.100813865543604564e+01,0.000000000000000000e+00
-1.136338228132606432e+01,-2.137141379233750982e+01,0.000000000000000000e+00
-1.106813285120947654e+01,-2.172243381011038466e+01,0.000000000000000000e+00
-1.075902630133768412e+01,-2.205927295728532300e+01,0.000000000000000000e+00
-1.043770808311208853e+01,-2.238373721849240283e+01,0.000000000000000000e+00
-1.010479207931507339e+01,-2.269573460279771382e+01,0.000000000000000000e+00
-9.760859556126879610e+00,-2.299514407777488501e+01,0.000000000000000000e+00
-9.404486479656361197e+00,-2.327692084892874291e+01,0.000000000000000000e+00
-9.038869842972928836e+00,-2.354706098511932311e+01,0.000000000000000000e+00
-8.662948177057053556e+00,-2.380125450236978679e+01,0.000000000000000000e+00
-8.277698253533765538e+00,-2.404018131003092407e+01,0.000000000000000000e+00
-7.883971790171244720e+00,-2.426437018616413965e+01,0.000000000000000000e+00
-7.481895428387978164e+00,-2.447217725316730252e+01,0.000000000000000000e+00
-7.072255965262696620e+00,-2.466388760379718903e+01,0.000000000000000000e+00
-6.656092372759638387e+00,-2.484087491501066225e+01,0.000000000000000000e+00
-6.232843277964542850e+00,-2.499856898097723601e+01,0.000000000000000000e+00
-5.804597659567776624e+00,-2.514247472234406899e+01,0.000000000000000000e+00
-5.370904440784102007e+00,-2.526811874724436890e+01,0.000000000000000000e+00
-4.932563032780307388e+00,-2.537583695931652983e+01,0.000000000000000000e+00
-4.490789112970489327e+00,-2.546853065212667744e+01,0.000000000000000000e+00
-4.045643381557686880e+00,-2.554318702814488518e+01,0.000000000000000000e+00
-3.597675646284030471e+00,-2.559879236452852425e+01,0.000000000000000000e+00
-3.148014102289127258e+00,-2.563851740919217193e+01,0.000000000000000000e+00
-2.697175438564638927e+00,-2.566191011948164302e+01,0.000000000000000000e+00
-2.245398246030129386e+00,-2.566501939265294041e+01,0.000000000000000000e+00
-1.793705721362655714e+00,-2.565118688396195168e+01,0.000000000000000000e+00
-1.342852432050117173e+00,-2.562315080739631057e+01,0.000000000000000000e+00
-8.933400541298516240e-01,-2.558191205783546707e+01,0.000000000000000000e+00
-4.455613862770144151e-01,-2.552619472395815947e+01,0.000000000000000000e+00
-4.676724081948716832e-15,-2.545890012371912547e+01,0.000000000000000000e+00
4.430118397740124281e-01,-2.538013130262587325e+01,0.000000000000000000e+00
8.830228176042503874e-01,-2.528646505950887757e+01,0.000000000000000000e+00
1.319683889413737488e+00,-2.518106867849627051e+01,0.000000000000000000e+00
1.752709240813782321e+00,-2.506490989793287127e+01,0.000000000000000000e+00
2.181432165142728863e+00,-2.493388374250739403e+01,0.000000000000000000e+00
2.605740779637820914e+00,-2.479196745070444763e+01,0.000000000000000000e+00
3.025260573339453529e+00,-2.463877014416950928e+01,0.000000000000000000e+00
3.439241514697548130e+00,-2.447147494164573445e+01,0.000000000000000000e+00
3.847992747054523655e+00,-2.429527003517410932e+01,0.000000000000000000e+00
4.250260082491396751e+00,-2.410442273448038009e+01,0.000000000000000000e+00
4.646638949455082823e+00,-2.390488506818328318e+01,0.000000000000000000e+00
5.035801331978055906e+00,-2.369158257177575777e+01,0.000000000000000000e+00
5.418473436054294545e+00,-2.346998696371875681e+01,0.000000000000000000e+00
5.793004672478412331e+00,-2.323447268826050660e+01,0.000000000000000000e+00
6.160453822454135420e+00,-2.299112666308069919e+01,0.000000000000000000e+00
6.519284998322487645e+00,-2.273544866666517805e+01,0.000000000000000000e+00
6.869722804237536451e+00,-2.246985082250056109e+01,0.000000000000000000e+00
7.211883274504308439e+00,-2.219589442597148476e+01,0.000000000000000000e+00
7.544447738771253853e+00,-2.191066718899626764e+01,0.000000000000000000e+00
7.867490277392741760e+00,-2.161575188491537958e+01,0.000000000000000000e+00
8.181073021729934780e+00,-2.131242386637017816e+01,0.000000000000000000e+00
8.484797244048021270e+00,-2.100061011264608268e+01,0.000000000000000000e+00
8.778292086653564752e+00,-2.068036018023474654e+01,0.000000000000000000e+00
9.061195160299748252e+00,-2.035177754555612495e+01,0.000000000000000000e+00
9.333074707695995897e+00,-2.001484330028677761e+01,0.000000000000000000e+00
9.593787616083249148e+00,-1.967017960455136816e+01,0.000000000000000000e+00
9.842996132069382398e+00,-1.931796761444594068e+01,0.000000000000000000e+00
1.008038024068180327e+01,-1.895843789940451529e+01,0.000000000000000000e+00
1.030584677079433575e+01,-1.859223973302279731e+01,0.000000000000000000e+00
1.051922296428669057e+01,-1.821982863028983957e+01,0.000000000000000000e+00
1.072085798372588172e+01,-1.784250397550873046e+01,0.000000000000000000e+00
1.091015675310088717e+01,-1.745990056923775668e+01,0.000000000000000000e+00
1.108556379593764518e+01,-1.707027129349579297e+01,0.000000000000000000e+00
1.124831323084050716e+01,-1.667631015764959912e+01,0.000000000000000000e+00
1.139866484282033809e+01,-1.627898047479528643e+01,0.000000000000000000e+00
1.153542027462957265e+01,-1.587714391103676981e+01,0.000000000000000000e+00
1.165834116387139829e+01,-1.547114127019961671e+01,0.000000000000000000e+00
1.176766045913585224e+01,-1.506191853516028800e+01,0.000000000000000000e+00
1.186360474352258088e+01,-1.465033176403177784e+01,0.000000000000000000e+00
1.194641496701583350e+01,-1.423718295556236058e+01,0.000000000000000000e+00
1.201427577813296743e+01,-1.382084329080478646e+01,0.000000000000000000e+00
1.206786123205009709e+01,-1.340271771153689429e+01,0.000000000000000000e+00
1.211780372397905658e+01,-1.299475354781573166e+01,0.000000000000000000e+00
1.216616191233352495e+01,-1.259842946270563147e+01,0.000000000000000000e+00
1.221316692238015023e+01,-1.221316692238015733e+01,0.000000000000000000e+00
1.225890504405783688e+01,-1.183828699247248295e+01,0.000000000000000000e+00
1.230345369754104290e+01,-1.147315618455321307e+01,0.000000000000000000e+00
1.234688480737139393e+01,-1.111718501503675682e+01,0.000000000000000000e+00
1.238926540103770435e+01,-1.076982410440751536e+01,0.000000000000000000e+00
1.243065805167075588e+01,-1.043056058644782524e+01,0.000000000000000000e+00
1.247112127307533491e+01,-1.009891488297500572e+01,0.000000000000000000e+00
1.251070987321172900e+01,-9.774437801336015141e+00,0.000000000000000000e+00
1.254947526877571029e+01,-9.456707915450788704e+00,0.000000000000000000e+00
1.258746576751052260e+01,-9.145329199908040607e+00,0.000000000000000000e+00
1.262472685363954383e+01,-8.839928910756968961e+00,0.000000000000000000e+00
1.266130141125876385e+01,-8.540155636203085265e+00,0.000000000000000000e+00
1.269722991155700598e+01,-8.245677517139672119e+00,0.000000000000000000e+00
1.273255066215606846e+01,-7.956180680414159490e+00,0.000000000000000000e+00
1.276729994510551514e+01,-7.671367748326644254e+00,0.000000000000000000e+00
1.280151218193076268e+01,-7.390956504272009120e+00,0.000000000000000000e+00
1.283522011987400901e+01,-7.114678689834854630e+00,0.000000000000000000e+00
1.286845490597042385e+01,-6.842278844414901862e+00,0.000000000000000000e+00
1.290124628936388795e+01,-6.573513314626469928e+00,0.000000000000000000e+00
1.293362265855332716e+01,-6.308149258790286318e+00,0.000000000000000000e+00
1.296561122120922960e+01,-6.045963805110257105e+00,0.000000000000000000e+00
1.299723804761856272e+01,-5.786743208583297715e+00,0.000000000000000000e+00
1.302852819139422991e+01,-5.530282109523735556e+00,0.000000000000000000e+00
1.305950578296951470e+01,-5.276382832765582620e+00,0.000000000000000000e+00
1.309019406437378130e+01,-5.024854712947177227e+00,0.000000000000000000e+00
1.312061553361803590e+01,-4.775513509487727681e+00,0.000000000000000000e+00
1.315079195162223158e+01,-4.528180805571034639e+00,0.000000000000000000e+00
1.318074443243708771e+01,-4.282683477111033810e+00,0.000000000000000000e+00
1.321049353059397902e+01,-4.038853189513713637e+00,0.000000000000000000e+00
1.324005925036227538e+01,-3.796525897214613199e+00,0.000000000000000000e+00
1.326946113348232892e+01,-3.555541394712759207e+00,0.000000000000000000e+00
1.329871832483008198e+01,-3.315742880303896190e+00,0.000000000000000000e+00
1.332784958522119467e+01,-3.076976525333609214e+00,0.000000000000000000e+00
1.335687336090983024e+01,-2.839091076256913482e+00,0.000000000000000000e+00
1.338580785212591806e+01,-2.601937468354333038e+00,0.000000000000000000e+00
1.341467102428012126e+01,-2.365368438908657556e+00,0.000000000000000000e+00
1.344348065748492260e+01,-2.129238159949482512e+00,0.000000000000000000e+00
1.347225442200862844e+01,-1.893401881792083019e+00,0.000000000000000000e+00
1.350100989571084931e+01,-1.657715571790634890e+00,0.000000000000000000e+00
1.352976459645937091e+01,-1.422035561235485357e+00,0.000000000000000000e+00
1.355853604918481103e+01,-1.186218198311242755e+00,0.000000000000000000e+00
1.358734184374481124e+01,-9.501194979197260526e-01,0.000000000000000000e+00
1.361619960768984861e+01,-7.135947837136492611e-01,0.000000000000000000e+00
1.364512686217197590e+01,-4.764983298395606415e-01,0.000000000000000000e+00
1.367414370154139469e+01,-2.386830661481953719e-01,0.000000000000000000e+00
1.370323775659717214e+01,-3.356325251314376688e-15,0.000000000000000000e+00
