1.219425580515339291e+01,0.000000000000000000e+00,0.000000000000000000e+00
1.216227078402864947e+01,2.122932262097838585e-01,0.000000000000000000e+00
1.213107329261414513e+01,4.236264141388756954e-01,0.000000000000000000e+00
1.210063095193515892e+01,6.341671961145545211e-01,0.000000000000000000e+00
1.207090453452036449e+01,8.440798713734727343e-01,0.000000000000000000e+00
1.204184812042333874e+01,1.053525198437997856e+00,0.000000000000000000e+00
1.201340925870408860e+01,1.262660193069690129e+00,0.000000000000000000e+00
1.198552913419848664e+01,1.471637931931531584e+00,0.000000000000000000e+00
1.195814273940066741e+01,1.680607362085711376e+00,0.000000000000000000e+00
1.193117905128033485e+01,1.889713116448867636e+00,0.000000000000000000e+00
1.190456121285451196e+01,2.099095335321737643e+00,0.000000000000000000e+00
1.187820671933038774e+01,2.308889494105165419e+00,0.000000000000000000e+00
1.185202760863357696e+01,2.519226237309327487e+00,0.000000000000000000e+00
1.182593065613379935e+01,2.730231218957953399e+00,0.000000000000000000e+00
1.179981757337762360e+01,2.942024949484109975e+00,0.000000000000000000e+00
1.177358521063602836e+01,3.154722649208933749e+00,0.000000000000000000e+00
1.174712576307249456e+01,3.368434108489453127e+00,0.000000000000000000e+00
1.172032698033546438e+01,3.583263554616285873e+00,0.000000000000000000e+00
1.169307237937759147e+01,3.799309525536753718e+00,0.000000000000000000e+00
1.166527596282290347e+01,4.016676630644111512e+00,0.000000000000000000e+00
1.163702192752876563e+01,4.235529597123578682e+00,0.000000000000000000e+00
1.160844061292558393e+01,4.456062854146610519e+00,0.000000000000000000e+00
1.157965137853907578e+01,4.678482842958013421e+00,0.000000000000000000e+00
1.155076201590693152e+01,4.903007583782978074e+00,0.000000000000000000e+00
1.152186819769879200e+01,5.129866229959666235e+00,0.000000000000000000e+00
1.149305294128001798e+01,5.359298602099703324e+00,0.000000000000000000e+00
1.146438608734155551e+01,5.591554702697545842e+00,0.000000000000000000e+00
1.143592379420686278e+01,5.826894211627284825e+00,0.000000000000000000e+00
1.140770804841483610e+01,6.065585962982729562e+00,0.000000000000000000e+00
1.137969464698544542e+01,6.307867745592655062e+00,0.000000000000000000e+00
1.135105974765780168e+01,6.553537400897757159e+00,0.000000000000000000e+00
1.132053356947933587e+01,6.802062808279631057e+00,0.000000000000000000e+00
1.128688048565824253e+01,7.052825694151300340e+00,0.000000000000000000e+00
1.124890940818183438e+01,7.305127184864198320e+00,0.000000000000000000e+00
1.120547721221069715e+01,7.558189814919847649e+00,0.000000000000000000e+00
1.115549208850775464e+01,7.811159652811908494e+00,0.000000000000000000e+00
1.109791749859128629e+01,8.063109035021444271e+00,0.000000000000000000e+00
1.103208256414118615e+01,8.313270497277008175e+00,0.000000000000000000e+00
1.095814562937129999e+01,8.561441673395201235e+00,0.000000000000000000e+00
1.087639163020174671e+01,8.807528280913187402e+00,0.000000000000000000e+00
1.078710071625503453e+01,9.051452232481773663e+00,0.000000000000000000e+00
1.069049444099173485e+01,9.293105038252207351e+00,0.000000000000000000e+00
1.058670332747283638e+01,9.532310491837941768e+00,0.000000000000000000e+00
1.047584889226169480e+01,9.768887132132539008e+00,0.000000000000000000e+00
1.035792818245031377e+01,1.000253497605010544e+01,0.000000000000000000e+00
1.023279460739613178e+01,1.023279460739613178e+01,0.000000000000000000e+00
1.010040570786490299e+01,1.045927629207740139e+01,0.000000000000000000e+00
9.961105377092344781e+00,1.068197772365244624e+01,0.000000000000000000e+00
9.815277707668375484e+00,1.090097025866048952e+01,0.000000000000000000e+00
9.663016140518674746e+00,1.111602848651937769e+01,0.000000000000000000e+00
9.504311809605789918e+00,1.132679774423327501e+01,0.000000000000000000e+00
9.339153530228442079e+00,1.153289413892338899e+01,0.000000000000000000e+00
9.167681897863285911e+00,1.173409773177807836e+01,0.000000000000000000e+00
8.990441899027979744e+00,1.193071936618424722e+01,0.000000000000000000e+00
8.807602574257286321e+00,1.212262494590309636e+01,0.000000000000000000e+00
8.618903215154182007e+00,1.230906944702564765e+01,0.000000000000000000e+00
8.424728828877471543e+00,1.249017413199778836e+01,0.000000000000000000e+00
8.225363772577347632e+00,1.266594948802159593e+01,0.000000000000000000e+00
8.020599268763145773e+00,1.283564195340306391e+01,0.000000000000000000e+00
7.811131615428426933e+00,1.299990608149698446e+01,0.000000000000000000e+00
7.597105666037199612e+00,1.315857300404582197e+01,0.000000000000000000e+00
7.377951838880698610e+00,1.331017745343339520e+01,0.000000000000000000e+00
7.154479867095839829e+00,1.345561963183464904e+01,0.000000000000000000e+00
6.927102458397586204e+00,1.359520405756165751e+01,0.000000000000000000e+00
6.695807799603952226e+00,1.372844045400459656e+01,0.000000000000000000e+00
6.460593947387668123e+00,1.385478843077502198e+01,0.000000000000000000e+00
6.221620354146918608e+00,1.397398810868495111e+01,0.000000000000000000e+00
5.979348453261711605e+00,1.408646219970119340e+01,0.000000000000000000e+00
5.734043841989437951e+00,1.419225653022072819e+01,0.000000000000000000e+00
5.485858448813391242e+00,1.429114985546186389e+01,0.000000000000000000e+00
5.235013059432815474e+00,1.438308017134171379e+01,0.000000000000000000e+00
4.981650932303534951e+00,1.446776482637982753e+01,0.000000000000000000e+00
4.725807899046744254e+00,1.454454117074893738e+01,0.000000000000000000e+00
4.467958223450250621e+00,1.461403285445000044e+01,0.000000000000000000e+00
4.208351119647839589e+00,1.467626447941393586e+01,0.000000000000000000e+00
3.947187710808780281e+00,1.473110508374985805e+01,0.000000000000000000e+00
3.684699219293129158e+00,1.477852137455528592e+01,0.000000000000000000e+00
3.421110362135835636e+00,1.481845699685491091e+01,0.000000000000000000e+00
3.156649536217775776e+00,1.485086845316133619e+01,0.000000000000000000e+00
2.891550586813641743e+00,1.487573818377341972e+01,0.000000000000000000e+00
2.626040532884735157e+00,1.489301593172839411e+01,0.000000000000000000e+00
2.360310724381585512e+00,1.490241541116798096e+01,0.000000000000000000e+00
2.094599123953684305e+00,1.490384718711250756e+01,0.000000000000000000e+00
1.829201909011435756e+00,1.489765403370159369e+01,0.000000000000000000e+00
1.564359101482354131e+00,1.488388262878329371e+01,0.000000000000000000e+00
1.300302864245010959e+00,1.486252974775086422e+01,0.000000000000000000e+00
1.037268380423592262e+00,1.483362892707786429e+01,0.000000000000000000e+00
7.754894323852448146e-01,1.479721985923158023e+01,0.000000000000000000e+00
5.151976509487588007e-01,1.475333042333175371e+01,0.000000000000000000e+00
2.566255243172948508e-01,1.470206644161145704e+01,0.000000000000000000e+00
8.966498289179712818e-16,1.464340297206106634e+01,0.000000000000000000e+00
-2.544398730605663128e-01,1.457685056497517095e+01,0.000000000000000000e+00
-5.064455356896457872e-01,1.450270263401066906e+01,0.000000000000000000e+00
-7.557921224723426201e-01,1.442137279640304826e+01,0.000000000000000000e+00
-1.002261822595527541e+00,1.433301182678244956e+01,0.000000000000000000e+00
-1.245640671412834299e+00,1.423773802469544236e+01,0.000000000000000000e+00
-1.485715675904780042e+00,1.413564041590974263e+01,0.000000000000000000e+00
-1.722231803795374550e+00,1.402645243938511577e+01,0.000000000000000000e+00
-1.954881725534636683e+00,1.390970624071136008e+01,0.000000000000000000e+00
-2.183535557360520407e+00,1.378630093263178402e+01,0.000000000000000000e+00
-2.408099036201403198e+00,1.365700828384794896e+01,0.000000000000000000e+00
-2.628279623719906422e+00,1.352132649330117964e+01,0.000000000000000000e+00
-2.843644476027544776e+00,1.337829542257128423e+01,0.000000000000000000e+00
-3.054214501635952761e+00,1.322925642872494656e+01,0.000000000000000000e+00
-3.259814010166465881e+00,1.307439987884868060e+01,0.000000000000000000e+00
-3.460316028245784992e+00,1.291407522765820737e+01,0.000000000000000000e+00
-3.656124717384016787e+00,1.275042214788878780e+01,0.000000000000000000e+00
-3.847698033714463950e+00,1.258525318871123844e+01,0.000000000000000000e+00
-4.035304090079224082e+00,1.241938896553280003e+01,0.000000000000000000e+00
-4.218879978095724681e+00,1.225251712399434822e+01,0.000000000000000000e+00
-4.398435152885626032e+00,1.208460126348869679e+01,0.000000000000000000e+00
-4.574047206486544503e+00,1.191580035901132639e+01,0.000000000000000000e+00
-4.745826191630902358e+00,1.174633201550437001e+01,0.000000000000000000e+00
-4.913851319556741259e+00,1.157630825648392481e+01,0.000000000000000000e+00
-5.078157572515703322e+00,1.140572865155044013e+01,0.000000000000000000e+00
-5.238756080601807419e+00,1.123454866971211175e+01,0.000000000000000000e+00
-5.395662232236658085e+00,1.106274700261913502e+01,0.000000000000000000e+00
-5.548972813520511416e+00,1.089047233857782970e+01,0.000000000000000000e+00
-5.698796925548130332e+00,1.071787819851268786e+01,0.000000000000000000e+00
-5.845195934141139027e+00,1.054501260410897778e+01,0.000000000000000000e+00
-5.988221897000115312e+00,1.037190457260068754e+01,0.000000000000000000e+00
-6.127928474421464600e+00,1.019858562929115209e+01,0.000000000000000000e+00
-6.264367608539156862e+00,1.002508378655152654e+01,0.000000000000000000e+00
-6.397585817108864426e+00,9.851418252763030736e+00,0.000000000000000000e+00
-6.527635627765871362e+00,9.677617798398841842e+00,0.000000000000000000e+00
-6.654613945881258985e+00,9.503773642448605230e+00,0.000000000000000000e+00
-6.778632205438580804e+00,9.329986813089302444e+00,0.000000000000000000e+00
-6.899748219649713299e+00,9.156275145370791790e+00,0.000000000000000000e+00
-7.017976222011999887e+00,8.982599940294255347e+00,0.000000000000000000e+00
-7.133352192945795700e+00,8.808956339631839327e+00,0.000000000000000000e+00
-7.245970415283675692e+00,8.635411274245679891e+00,0.000000000000000000e+00
-7.355932608170412834e+00,8.462032478086079834e+00,0.000000000000000000e+00
-7.463303096771604750e+00,8.288837821238015380e+00,0.000000000000000000e+00
-7.568117824698933127e+00,8.115812748987204728e+00,0.000000000000000000e+00
-7.670413409995753717e+00,7.942945605356301009e+00,0.000000000000000000e+00
-7.770244798455330226e+00,7.770244798455331114e+00,0.000000000000000000e+00
-7.867672748932644566e+00,7.597723257499765737e+00,0.000000000000000000e+00
-7.962758388646555829e+00,7.425392324682132283e+00,0.000000000000000000e+00
-8.055566409044967457e+00,7.253264573813921423e+00,0.000000000000000000e+00
-8.146162154276792577e+00,7.081350724813279207e+00,0.000000000000000000e+00
-8.234609293209047109e+00,6.909657620820717661e+00,0.000000000000000000e+00
-8.320962853169913132e+00,6.738182859305771544e+00,0.000000000000000000e+00
-8.405273382553238193e+00,6.566919280648344959e+00,0.000000000000000000e+00
-8.487590206476236077e+00,6.395857975702977427e+00,0.000000000000000000e+00
-8.567968524011632780e+00,6.224993511305774163e+00,0.000000000000000000e+00
-8.646471430875388720e+00,6.054324474813846280e+00,0.000000000000000000e+00
-8.723161785175928884e+00,5.883846917895551698e+00,0.000000000000000000e+00
-8.798096919333232790e+00,5.713550945102625178e+00,0.000000000000000000e+00
-8.871286589322467719e+00,5.543395101671840131e+00,0.000000000000000000e+00
-8.942710625535713831e+00,5.373322642243732794e+00,0.000000000000000000e+00
-9.012344247005215081e+00,5.203279377038035669e+00,0.000000000000000000e+00
-9.080174644009220586e+00,5.033222993946236734e+00,0.000000000000000000e+00
-9.146391954711164729e+00,4.863222867992599063e+00,0.000000000000000000e+00
-9.211333491566062293e+00,4.693408837733285210e+00,0.000000000000000000e+00
-9.275348104141336592e+00,4.523889540682307420e+00,0.000000000000000000e+00
-9.338792278355420251e+00,4.354750357315900544e+00,0.000000000000000000e+00
-9.401952290911896881e+00,4.186018857816286243e+00,0.000000000000000000e+00
-9.464923848059486389e+00,4.017621810842959995e+00,0.000000000000000000e+00
-9.527769694311185589e+00,3.849468830219136439e+00,0.000000000000000000e+00
-9.590548634414023610e+00,3.681466697009562861e+00,0.000000000000000000e+00
-9.653315251430425903e+00,3.513519413508638500e+00,0.000000000000000000e+00
-9.716116090489531842e+00,3.345527063883577679e+00,0.000000000000000000e+00
-9.778989664588557673e+00,3.177386351282845744e+00,0.000000000000000000e+00
-9.841969870186238367e+00,3.008992155307645078e+00,0.000000000000000000e+00
-9.905086072498615835e+00,2.840237726832816723e+00,0.000000000000000000e+00
-9.968366488439723838e+00,2.671015750434893032e+00,0.000000000000000000e+00
-1.003185450259211109e+01,2.501222247944661525e+00,0.000000000000000000e+00
-1.009559623371650972e+01,2.330752040812176240e+00,0.000000000000000000e+00
-1.015963350437911217e+01,2.159496765518381878e+00,0.000000000000000000e+00
-1.022400380449404089e+01,1.987345020142763596e+00,0.000000000000000000e+00
-1.028874794925869018e+01,1.814183861163194855e+00,0.000000000000000000e+00
-1.035391547563613557e+01,1.639899107776185749e+00,0.000000000000000000e+00
-1.041955259869003569e+01,1.464372619445372559e+00,0.000000000000000000e+00
-1.048570075844640392e+01,1.287482163385095912e+00,0.000000000000000000e+00
-1.055239933470571678e+01,1.109101862292280360e+00,0.000000000000000000e+00
-1.061970157186319597e+01,9.291034975664703710e-01,0.000000000000000000e+00
-1.068766315479864737e+01,7.473542115411927478e-01,0.000000000000000000e+00
-1.075633438463868963e+01,5.637155983247310598e-01,0.000000000000000000e+00
-1.082576078992053148e+01,3.780438971176127150e-01,0.000000000000000000e+00
-1.089599927032998217e+01,1.901903747214204743e-01,0.000000000000000000e+00
-1.096711625767909659e+01,1.343084382084360356e-15,0.000000000000000000e+00
-1.103917229004811595e+01,-1.926894690765667273e-01,0.000000000000000000e+00
-1.111222167917338055e+01,-3.880473317996147031e-01,0.000000000000000000e+00
-1.118633000523946208e+01,-5.862507139018480196e-01,0.000000000000000000e+00
-1.126157707599972824e+01,-7.874861823807755012e-01,0.000000000000000000e+00
-1.133803590104449199e+01,-9.919496079913256992e-01,0.000000000000000000e+00
-1.141577247249365357e+01,-1.199846035688401091e+00,0.000000000000000000e+00
-1.149487027156291852e+01,-1.411392598929708031e+00,0.000000000000000000e+00
-1.157542582746263982e+01,-1.626820007827220582e+00,0.000000000000000000e+00
-1.165752602723306630e+01,-1.846370735392022455e+00,0.000000000000000000e+00
-1.174125487205352059e+01,-2.070300021317752925e+00,0.000000000000000000e+00
-1.182672569882677927e+01,-2.298882597424948049e+00,0.000000000000000000e+00
-1.191405203445160055e+01,-2.532409936000761252e+00,0.000000000000000000e+00
-1.200333565866096208e+01,-2.771188390988025940e+00,0.000000000000000000e+00
-1.209470253162548836e+01,-3.015548027192541891e+00,0.000000000000000000e+00
-1.218829870145852290e+01,-3.265844794165107423e+00,0.000000000000000000e+00
-1.228425503737205737e+01,-3.522453449450827723e+00,0.000000000000000000e+00
-1.238271732202063191e+01,-3.785776605171321307e+00,0.000000000000000000e+00
-1.248385731782082075e+01,-4.056251127521290023e+00,0.000000000000000000e+00
-1.258783058832117518e+01,-4.334337662971274874e+00,0.000000000000000000e+00
-1.269483430045804973e+01,-4.620541814308336548e+00,0.000000000000000000e+00
-1.280511175663794710e+01,-4.915421867982487036e+00,0.000000000000000000e+00
-1.291888025544494312e+01,-5.219566431623746006e+00,0.000000000000000000e+00
-1.303632021768423854e+01,-5.533589628451068165e+00,0.000000000000000000e+00
-1.315757974358876403e+01,-5.858131931080245103e+00,0.000000000000000000e+00
-1.328301671480385338e+01,-6.193972417513884388e+00,0.000000000000000000e+00
-1.341338370215127362e+01,-6.542144354477371415e+00,0.000000000000000000e+00
-1.354876394167618514e+01,-6.903440037476457292e+00,0.000000000000000000e+00
-1.368645548593714345e+01,-7.277217467887767910e+00,0.000000000000000000e+00
-1.382339134800494129e+01,-7.662430945973030205e+00,0.000000000000000000e+00
-1.395843631077959301e+01,-8.058906961494846755e+00,0.000000000000000000e+00
-1.409120127495902430e+01,-8.466847920913826542e+00,0.000000000000000000e+00
-1.422136962073786570e+01,-8.886498018173464075e+00,0.000000000000000000e+00
-1.434865225324007731e+01,-9.318123725404676705e+00,0.000000000000000000e+00
-1.447254269268213989e+01,-9.761853306579725498e+00,0.000000000000000000e+00
-1.459230110566056560e+01,-1.021763923400940222e+01,0.000000000000000000e+00
-1.470721343839569073e+01,-1.068541603144642060e+01,0.000000000000000000e+00
-1.481667456426281682e+01,-1.116516512695529073e+01,0.000000000000000000e+00
-1.492011926058618876e+01,-1.165687472406200875e+01,0.000000000000000000e+00
-1.501755468084938805e+01,-1.216097599818477981e+01,0.000000000000000000e+00
-1.510961793835713962e+01,-1.267847483930508723e+01,0.000000000000000000e+00
-1.519687656383925045e+01,-1.321044325317569523e+01,0.000000000000000000e+00
-1.527795205481029228e+01,-1.375632981873968141e+01,0.000000000000000000e+00
-1.534872907002806741e+01,-1.431292141084085046e+01,0.000000000000000000e+00
-1.540509092716763462e+01,-1.487652338324808632e+01,0.000000000000000000e+00
-1.544317249632009670e+01,-1.544317249632009315e+01,0.000000000000000000e+00
-1.545937160834009916e+01,-1.600864793258943308e+01,0.000000000000000000e+00
-1.545115307905849455e+01,-1.656933309578383984e+01,0.000000000000000000e+00
-1.541910865055231383e+01,-1.712465503481445595e+01,0.000000000000000000e+00
-1.536377516105572738e+01,-1.767400156092536889e+01,0.000000000000000000e+00
-1.528549729751774144e+01,-1.821654631890584852e+01,0.000000000000000000e+00
-1.518464526525885816e+01,-1.875147526106161422e+01,0.000000000000000000e+00
-1.506168546154449217e+01,-1.927807827322803291e+01,0.000000000000000000e+00
-1.491766695350295002e+01,-1.979641268130400888e+01,0.000000000000000000e+00
-1.475368461568821665e+01,-2.030670476536695190e+01,0.000000000000000000e+00
-1.456868391991899436e+01,-2.080623690108819090e+01,0.000000000000000000e+00
-1.436159051007534515e+01,-2.129193353600065919e+01,0.000000000000000000e+00
-1.413541667721196404e+01,-2.176663289015905889e+01,0.000000000000000000e+00
-1.389107350641427452e+01,-2.223036457776209929e+01,0.000000000000000000e+00
-1.362815285563734058e+01,-2.268105517997382847e+01,0.000000000000000000e+00
-1.334712692151956581e+01,-2.311790196314223778e+01,0.000000000000000000e+00
-1.304849418827884477e+01,-2.354010665003668734e+01,0.000000000000000000e+00
-1.273295031421577761e+01,-2.394719663788551145e+01,0.000000000000000000e+00
-1.240129877817118675e+01,-2.433891926394694849e+01,0.000000000000000000e+00
-1.205438228741041939e+01,-2.471514631174298415e+01,0.000000000000000000e+00
-1.169317667362272495e+01,-2.507609829932483336e+01,0.000000000000000000e+00
-1.131740925136311304e+01,-2.541931736388534446e+01,0.000000000000000000e+00
-1.092728057103443540e+01,-2.574305978529140049e+01,0.000000000000000000e+00
-1.052570107227395013e+01,-2.605202434697504188e+01,0.000000000000000000e+00
-1.011132794579841132e+01,-2.634090986113224275e+01,0.000000000000000000e+00
-9.685689203791683966e+00,-2.661121237927301664e+01,0.000000000000000000e+00
-9.249887857825948245e+00,-2.686362493397963291e+01,0.000000000000000000e+00
-8.803740597815641777e+00,-2.709512750345861321e+01,0.000000000000000000e+00
-8.348830465248429533e+00,-2.730779398853795570e+01,0.000000000000000000e+00
-7.885766643949604138e+00,-2.750093649486872849e+01,0.000000000000000000e+00
-7.414562279929393540e+00,-2.767152314458024520e+01,0.000000000000000000e+00
-6.937583098671196602e+00,-2.782512601697095533e+01,0.000000000000000000e+00
-6.453815305896101862e+00,-2.795454529457474635e+01,0.000000000000000000e+00
-5.965107110167502391e+00,-2.806362251675798447e+01,0.000000000000000000e+00
-5.472584654394643700e+00,-2.815400736150335703e+01,0.000000000000000000e+00
-4.975980666153117404e+00,-2.822018868672339664e+01,0.000000000000000000e+00
-4.476707857514442779e+00,-2.826482101613944664e+01,0.000000000000000000e+00
-3.975913556372177027e+00,-2.829009493782761098e+01,0.000000000000000000e+00
-3.473975866646894950e+00,-2.829326294039566037e+01,0.000000000000000000e+00
-2.971527962857494654e+00,-2.827220002453982417e+01,0.000000000000000000e+00
-2.469917732599652194e+00,-2.823128886713170260e+01,0.000000000000000000e+00
-1.969872021619673674e+00,-2.817048234961725939e+01,0.000000000000000000e+00
-1.471862604795239671e+00,-2.808481154765339838e+01,0.000000000000000000e+00
-9.771619969769097525e-01,-2.798225844386984917e+01,0.000000000000000000e+00
-4.864590912962953873e-01,-2.786922267529888586e+01,0.000000000000000000e+00
-5.096347454459192991e-15,-2.774322336860700844e+01,0.000000000000000000e+00
4.818618630179358764e-01,-2.760584764362440779e+01,0.000000000000000000e+00
9.588972968765488991e-01,-2.745922586565972523e+01,0.000000000000000000e+00
1.430685476743734919e+00,-2.729910513889474544e+01,0.000000000000000000e+00
1.897084849616239355e+00,-2.712957729502641158e+01,0.000000000000000000e+00
2.357761698259606131e+00,-2.694933952855479475e+01,0.000000000000000000e+00
2.812321553657984197e+00,-2.675745222396768597e+01,0.000000000000000000e+00
3.260791848915380431e+00,-2.655701844708260850e+01,0.000000000000000000e+00
3.702406893221932283e+00,-2.634399390797791796e+01,0.000000000000000000e+00
4.137528404166050500e+00,-2.612332622881444877e+01,0.000000000000000000e+00
4.565192432998614436e+00,-2.589049284832143627e+01,0.000000000000000000e+00
4.985786909834938108e+00,-2.564965006976360939e+01,0.000000000000000000e+00
5.398643512015051549e+00,-2.539862081696661988e+01,0.000000000000000000e+00
5.803507577935593353e+00,-2.513775306005330989e+01,0.000000000000000000e+00
6.200735007803905852e+00,-2.486978974320817315e+01,0.000000000000000000e+00
6.589009184225226079e+00,-2.459051704706646646e+01,0.000000000000000000e+00
6.968895284399724055e+00,-2.430342607243037278e+01,0.000000000000000000e+00
7.340258463768670971e+00,-2.400890361656813354e+01,0.000000000000000000e+00
7.702482724158587146e+00,-2.370580427551969649e+01,0.000000000000000000e+00
8.055045022709611757e+00,-2.339354937512177912e+01,0.000000000000000000e+00
8.398335628834802336e+00,-2.307423750122489636e+01,0.000000000000000000e+00
8.732047821582980873e+00,-2.274776229238920777e+01,0.000000000000000000e+00
9.055952266505743253e+00,-2.241426839999387965e+01,0.000000000000000000e+00
9.369802057813004126e+00,-2.207387034519905100e+01,0.000000000000000000e+00
9.673370833983508277e+00,-2.172674662073943352e+01,0.000000000000000000e+00
9.966450049420652491e+00,-2.137312110389541076e+01,0.000000000000000000e+00
1.024885819200921944e+01,-2.101327332287794292e+01,0.000000000000000000e+00
1.052044106001822499e+01,-2.064752814693951777e+01,0.000000000000000000e+00
1.078110256147538237e+01,-2.027630491297990289e+01,0.000000000000000000e+00
1.103070887580656745e+01,-1.989992558645144172e+01,0.000000000000000000e+00
1.126944336274971192e+01,-1.951924847730235868e+01,0.000000000000000000e+00
1.149694547115707799e+01,-1.913413045734943552e+01,0.000000000000000000e+00
1.171208894723655014e+01,-1.874326034946270880e+01,0.000000000000000000e+00
1.191595831761932089e+01,-1.834896672357697511e+01,0.000000000000000000e+00
1.210837691790596082e+01,-1.795140701052799770e+01,0.000000000000000000e+00
1.228854876605547553e+01,-1.754986642599540048e+01,0.000000000000000000e+00
1.245692862161706849e+01,-1.714549133939363657e+01,0.000000000000000000e+00
1.261353720882279283e+01,-1.673872923528466572e+01,0.000000000000000000e+00
1.275788109160562023e+01,-1.632934314771490492e+01,0.000000000000000000e+00
1.288990076338559199e+01,-1.591770180072385088e+01,0.000000000000000000e+00
1.300980752083745173e+01,-1.550448485191720849e+01,0.000000000000000000e+00
1.311756762477528326e+01,-1.509003537512663407e+01,0.000000000000000000e+00
1.321289279229157287e+01,-1.467440409221547526e+01,0.000000000000000000e+00
1.329550122094252806e+01,-1.425767949343374852e+01,0.000000000000000000e+00
1.336540885320822980e+01,-1.384028602370199934e+01,0.000000000000000000e+00
1.342283818749742963e+01,-1.342283818749743673e+01,0.000000000000000000e+00
1.346804177508888323e+01,-1.300593676083608585e+01,0.000000000000000000e+00
1.350129878191279431e+01,-1.259016479658571086e+01,0.000000000000000000e+00
1.352291420483891926e+01,-1.217608664072966818e+01,0.000000000000000000e+00
1.353321805636403852e+01,-1.176424697637235361e+01,0.000000000000000000e+00
1.352907139920229262e+01,-1.135223882124173933e+01,0.000000000000000000e+00
1.351252849339755890e+01,-1.094222982204593997e+01,0.000000000000000000e+00
1.348365776473378475e+01,-1.053458800432221487e+01,0.000000000000000000e+00
1.344247919986794848e+01,-1.012963464448306006e+01,0.000000000000000000e+00
1.339485817665935485e+01,-9.731934121943371707e+00,0.000000000000000000e+00
1.334733875175879447e+01,-9.345907209020095863e+00,0.000000000000000000e+00
1.330022389770272717e+01,-8.971114294911677334e+00,0.000000000000000000e+00
1.325379341995977889e+01,-8.607114085593080333e+00,0.000000000000000000e+00
1.320830415076321884e+01,-8.253464454508710801e+00,0.000000000000000000e+00
1.316399016928995991e+01,-7.909723281992289579e+00,0.000000000000000000e+00
1.312105150663811060e+01,-7.575442619408466527e+00,0.000000000000000000e+00
1.307954103010777303e+01,-7.250107981836608317e+00,0.000000000000000000e+00
1.303940842754202478e+01,-6.933176444210266354e+00,0.000000000000000000e+00
1.300057317604846396e+01,-6.624122891211310815e+00,0.000000000000000000e+00
1.296292658129166142e+01,-6.322441736882587371e+00,0.000000000000000000e+00
1.292633282113251347e+01,-6.027647986354407905e+00,0.000000000000000000e+00
1.289063002285673676e+01,-5.739278257875250588e+00,0.000000000000000000e+00
1.285563139881529438e+01,-5.456891775270561240e+00,0.000000000000000000e+00
1.282117994000073580e+01,-5.180092941911924598e+00,0.000000000000000000e+00
1.278726472463262631e+01,-4.908571034263522925e+00,0.000000000000000000e+00
1.275389161479927935e+01,-4.642036918844245186e+00,0.000000000000000000e+00
1.272105208824606315e+01,-4.380209504079291882e+00,0.000000000000000000e+00
1.268872370224238999e+01,-4.122816250915879444e+00,0.000000000000000000e+00
1.265687057286579176e+01,-3.869593665376316771e+00,0.000000000000000000e+00
1.262544386911805638e+01,-3.620287772626442635e+00,0.000000000000000000e+00
1.259438232127774171e+01,-3.374654572155178389e+00,0.000000000000000000e+00
1.256361277030394419e+01,-3.132460480514964729e+00,0.000000000000000000e+00
1.253308765485116538e+01,-2.893491276093619113e+00,0.000000000000000000e+00
1.250285959760790355e+01,-2.657564847110579276e+00,0.000000000000000000e+00
1.247299349762861098e+01,-2.424504331941800039e+00,0.000000000000000000e+00
1.244354639557111319e+01,-2.194132965236768484e+00,0.000000000000000000e+00
1.241456753724464157e+01,-1.966274331257652497e+00,0.000000000000000000e+00
1.238609844420592765e+01,-1.740752614054698721e+00,0.000000000000000000e+00
1.235817299129053382e+01,-1.517392844297751342e+00,0.000000000000000000e+00
1.233081749096234603e+01,-1.296021142588223984e+00,0.000000000000000000e+00
1.230405078435980393e+01,-1.076464959078737849e+00,0.000000000000000000e+00
1.227788433891338826e+01,-8.585533092313615278e-01,0.000000000000000000e+00
1.225232235240492784e+01,-6.421170055495162288e-01,0.000000000000000000e+00
1.222736186333528074e+01,-4.269888851217165104e-01,0.000000000000000000e+00
1.220299286746316092e+01,-2.130040328201570077e-01,0.000000000000000000e+00
1.217919844037418819e+01,-2.983043277236937227e-15,0.000000000000000000e+00
