1.224862038145901089e+01,0.000000000000000000e+00,0.000000000000000000e+00
1.221744329348114633e+01,2.132562659445298991e-01,0.000000000000000000e+00
1.218705538397198929e+01,4.255813518468489209e-01,0.000000000000000000e+00
1.215752344391219175e+01,6.371488052769489485e-01,0.000000000000000000e+00
1.212890696040206784e+01,8.481357961003699319e-01,0.000000000000000000e+00
1.210125796898271133e+01,1.058722886688734821e+00,0.000000000000000000e+00
1.207462091227640677e+01,1.269093797107756272e+00,0.000000000000000000e+00
1.204903250509784840e+01,1.479435165443263811e+00,0.000000000000000000e+00
1.202452160618386934e+01,1.689936303430021214e+00,0.000000000000000000e+00
1.200110909668529757e+01,1.900788947552202179e+00,0.000000000000000000e+00
1.197880776556067772e+01,2.112187005788427996e+00,0.000000000000000000e+00
1.195762220200708015e+01,2.324326300178182425e+00,0.000000000000000000e+00
1.193754869505929861e+01,2.537404305390263293e+00,0.000000000000000000e+00
1.191857514048400901e+01,2.751619883477647299e+00,0.000000000000000000e+00
1.190068095509118429e+01,2.967173015006761005e+00,0.000000000000000000e+00
1.188383699858034070e+01,3.184264526752698554e+00,0.000000000000000000e+00
1.186800550303459723e+01,3.403095816155310427e+00,0.000000000000000000e+00
1.185314001017064989e+01,3.623868572734386007e+00,0.000000000000000000e+00
1.183918531644802563e+01,3.846784496665377251e+00,0.000000000000000000e+00
1.182607742613583568e+01,4.072045014720139910e+00,0.000000000000000000e+00
1.181374351243044529e+01,4.299850993780137465e+00,0.000000000000000000e+00
1.180210188671218319e+01,4.530402452132432423e+00,0.000000000000000000e+00
1.179106197602401274e+01,4.763898268761407095e+00,0.000000000000000000e+00
1.178052430884995871e+01,5.000535890851866228e+00,0.000000000000000000e+00
1.177038050926564239e+01,5.240511039721559072e+00,0.000000000000000000e+00
1.176051329952773905e+01,5.484017415403496187e+00,0.000000000000000000e+00
1.175071637485888587e+01,5.731207315013179482e+00,0.000000000000000000e+00
1.174018940666987199e+01,5.981925284583198277e+00,0.000000000000000000e+00
1.172788607280811490e+01,6.235827638363374170e+00,0.000000000000000000e+00
1.171278618287230167e+01,6.492503398897044420e+00,0.000000000000000000e+00
1.169389976336037051e+01,6.751476176252609207e+00,0.000000000000000000e+00
1.167026982300834170e+01,7.012205550071448634e+00,0.000000000000000000e+00
1.164097506813895322e+01,7.274088546420625079e+00,0.000000000000000000e+00
1.160513256516096625e+01,7.536461207879233903e+00,0.000000000000000000e+00
1.156190036602047755e+01,7.798600267764382643e+00,0.000000000000000000e+00
1.151063147972389977e+01,8.059830931656660979e+00,0.000000000000000000e+00
1.145122936671413427e+01,8.319805132861716856e+00,0.000000000000000000e+00
1.138371972195190018e+01,8.578248101711908546e+00,0.000000000000000000e+00
1.130814472300754403e+01,8.834890934543578211e+00,0.000000000000000000e+00
1.122460868780465759e+01,9.089508894246170811e+00,0.000000000000000000e+00
1.113324427750243117e+01,9.341901167058852096e+00,0.000000000000000000e+00
1.103418941004772336e+01,9.591874516706736742e+00,0.000000000000000000e+00
1.092758082534333930e+01,9.839237969530671535e+00,0.000000000000000000e+00
1.081341890246549831e+01,1.008367625927523115e+01,0.000000000000000000e+00
1.069162336663860025e+01,1.032478066962791274e+01,0.000000000000000000e+00
1.056247090035701852e+01,1.056247090035701675e+01,0.000000000000000000e+00
1.042614846217122881e+01,1.079659278865923433e+01,0.000000000000000000e+00
1.028246026597826202e+01,1.102658865130716315e+01,0.000000000000000000e+00
1.013190550130410550e+01,1.125262104881508662e+01,0.000000000000000000e+00
9.974883531164234540e+00,1.147479087996048186e+01,0.000000000000000000e+00
9.811182975100976478e+00,1.169251255817573742e+01,0.000000000000000000e+00
9.640500914691179091e+00,1.190502716712569686e+01,0.000000000000000000e+00
9.463422599994229856e+00,1.211262856876948568e+01,0.000000000000000000e+00
9.280214802404140428e+00,1.231526099705549093e+01,0.000000000000000000e+00
9.091009399335121088e+00,1.251270097607836362e+01,0.000000000000000000e+00
8.895964963871941578e+00,1.270475463120140169e+01,0.000000000000000000e+00
8.695257431729130460e+00,1.289124927945194621e+01,0.000000000000000000e+00
8.489076189333244926e+00,1.307203099910687349e+01,0.000000000000000000e+00
8.277630127389441483e+00,1.324697731149179347e+01,0.000000000000000000e+00
8.060970331262881317e+00,1.341570753015706607e+01,0.000000000000000000e+00
7.839067734566795842e+00,1.357766360024354491e+01,0.000000000000000000e+00
7.612518971755223518e+00,1.373334776295613580e+01,0.000000000000000000e+00
7.381551923432629003e+00,1.388268005772786395e+01,0.000000000000000000e+00
7.146390474872466037e+00,1.402558102242664084e+01,0.000000000000000000e+00
6.907334641847654666e+00,1.416213475125399768e+01,0.000000000000000000e+00
6.663779072009063498e+00,1.429052033667020005e+01,0.000000000000000000e+00
6.416728883208327794e+00,1.441220903985923485e+01,0.000000000000000000e+00
6.166478310144352548e+00,1.452731251575442251e+01,0.000000000000000000e+00
5.912974149671802238e+00,1.463512458244308156e+01,0.000000000000000000e+00
5.656096796795563542e+00,1.473463591418175689e+01,0.000000000000000000e+00
5.396807364901625270e+00,1.482760637221361222e+01,0.000000000000000000e+00
5.135008891844374368e+00,1.491314868065650145e+01,0.000000000000000000e+00
4.870554118534804466e+00,1.499002422753569341e+01,0.000000000000000000e+00
4.604437648398553407e+00,1.506043693891136392e+01,0.000000000000000000e+00
4.336288318432250932e+00,1.512243451435923980e+01,0.000000000000000000e+00
4.066504417651827019e+00,1.517640109587990693e+01,0.000000000000000000e+00
3.795738199159149229e+00,1.522387439788118790e+01,0.000000000000000000e+00
3.523390081451731159e+00,1.526147913350026464e+01,0.000000000000000000e+00
3.250547677261327983e+00,1.529262447473888820e+01,0.000000000000000000e+00
2.976990084826455885e+00,1.531528629639772987e+01,0.000000000000000000e+00
2.703037268735288823e+00,1.532968611992754582e+01,0.000000000000000000e+00
2.429193302141621214e+00,1.533732289083512512e+01,0.000000000000000000e+00
2.155214890886022250e+00,1.533515077984196218e+01,0.000000000000000000e+00
1.881867478578772568e+00,1.532658067708458027e+01,0.000000000000000000e+00
1.609048453561263914e+00,1.530907341168511060e+01,0.000000000000000000e+00
1.337152453520572104e+00,1.528372248050579962e+01,0.000000000000000000e+00
1.066481800749397246e+00,1.525140030137424496e+01,0.000000000000000000e+00
7.970949748544478020e-01,1.520947816829896126e+01,0.000000000000000000e+00
5.294376368508644237e-01,1.516111026636959913e+01,0.000000000000000000e+00
2.636477308728130686e-01,1.510436838574036500e+01,0.000000000000000000e+00
9.208958672858682332e-16,1.503937082801395064e+01,0.000000000000000000e+00
-2.612652750278920410e-01,1.496787758179777583e+01,0.000000000000000000e+00
-5.198883753305194588e-01,1.488765519480834953e+01,0.000000000000000000e+00
-7.756264901600395945e-01,1.479983507736665516e+01,0.000000000000000000e+00
-1.028302551686545829e+00,1.470541160259455360e+01,0.000000000000000000e+00
-1.277610980250417194e+00,1.460316032684444920e+01,0.000000000000000000e+00
-1.523260717374690598e+00,1.449285762390336885e+01,0.000000000000000000e+00
-1.765149036509037650e+00,1.437598525033519081e+01,0.000000000000000000e+00
-2.003051943584984951e+00,1.425245515174745314e+01,0.000000000000000000e+00
-2.236661977006751290e+00,1.412172794514243357e+01,0.000000000000000000e+00
-2.465624998592628181e+00,1.398325422851331723e+01,0.000000000000000000e+00
-2.689911026747795031e+00,1.383839257525819022e+01,0.000000000000000000e+00
-2.909280466523638697e+00,1.368708847972464859e+01,0.000000000000000000e+00
-3.123516861186773408e+00,1.352943792715029225e+01,0.000000000000000000e+00
-3.332394631457413325e+00,1.336550485086659990e+01,0.000000000000000000e+00
-3.535693499596214817e+00,1.319538778048407934e+01,0.000000000000000000e+00
-3.733197524098135656e+00,1.301920696725096427e+01,0.000000000000000000e+00
-3.924698817987566368e+00,1.283711140557625008e+01,0.000000000000000000e+00
-4.110001393964263450e+00,1.264928362797116179e+01,0.000000000000000000e+00
-4.288922359306559073e+00,1.245593496940517220e+01,0.000000000000000000e+00
-4.461307507154299579e+00,1.225734163714982827e+01,0.000000000000000000e+00
-4.626992164140085961e+00,1.205372668922524504e+01,0.000000000000000000e+00
-4.785945248476289215e+00,1.184563016567384963e+01,0.000000000000000000e+00
-4.938582025418005728e+00,1.163457014839567449e+01,0.000000000000000000e+00
-5.085792080162180540e+00,1.142287603647508121e+01,0.000000000000000000e+00
-5.228156726586828285e+00,1.121181828167405747e+01,0.000000000000000000e+00
-5.365791572299358769e+00,1.100150307379918502e+01,0.000000000000000000e+00
-5.498635169698189884e+00,1.079167914998976485e+01,0.000000000000000000e+00
-5.626818341882504626e+00,1.058250617127459847e+01,0.000000000000000000e+00
-5.750434843358362969e+00,1.037405907099523716e+01,0.000000000000000000e+00
-5.869587387609451312e+00,1.016642357480505154e+01,0.000000000000000000e+00
-5.984457663213748724e+00,9.959810101881966915e+00,0.000000000000000000e+00
-6.095137498050829272e+00,9.754258997383622898e+00,0.000000000000000000e+00
-6.201648557837490472e+00,9.549701332105186680e+00,0.000000000000000000e+00
-6.304094456710004124e+00,9.346204383335782850e+00,0.000000000000000000e+00
-6.402593367780751166e+00,9.143850956176367006e+00,0.000000000000000000e+00
-6.497183249853835108e+00,8.942605559086963751e+00,0.000000000000000000e+00
-6.588064942782975386e+00,8.742657466819109047e+00,0.000000000000000000e+00
-6.676225250478797335e+00,8.545178643986480083e+00,0.000000000000000000e+00
-6.762742625979499600e+00,8.351291639200473682e+00,0.000000000000000000e+00
-6.847763143613827097e+00,8.160846327635999486e+00,0.000000000000000000e+00
-6.931338166696971115e+00,7.973592446733382744e+00,0.000000000000000000e+00
-7.013572676977728015e+00,7.789361588715548734e+00,0.000000000000000000e+00
-7.094540030568106559e+00,7.607962740798795309e+00,0.000000000000000000e+00
-7.174320077397154272e+00,7.429225920981064490e+00,0.000000000000000000e+00
-7.252985596905030086e+00,7.252985596905030974e+00,0.000000000000000000e+00
-7.330606849704030203e+00,7.079084747283026502e+00,0.000000000000000000e+00
-7.407250924342965170e+00,6.907373233756954889e+00,0.000000000000000000e+00
-7.482981990998033517e+00,6.737707248102537072e+00,0.000000000000000000e+00
-7.557861612198407464e+00,6.569948865734440702e+00,0.000000000000000000e+00
-7.631948897345034233e+00,6.403965504926070196e+00,0.000000000000000000e+00
-7.705300823633568719e+00,6.239629577942805483e+00,0.000000000000000000e+00
-7.777972380237665462e+00,6.076818024045929967e+00,0.000000000000000000e+00
-7.850016670106275463e+00,5.915411855133031693e+00,0.000000000000000000e+00
-7.921485071104483744e+00,5.755295789116980032e+00,0.000000000000000000e+00
-7.992427518383622420e+00,5.596357996966939474e+00,0.000000000000000000e+00
-8.062892620715460978e+00,5.438489743058532611e+00,0.000000000000000000e+00
-8.132927684481220609e+00,5.281584993228349845e+00,0.000000000000000000e+00
-8.202578866099193178e+00,5.125540140044549275e+00,0.000000000000000000e+00
-8.271891471954800679e+00,4.970253830367560077e+00,0.000000000000000000e+00
-8.340909948274815022e+00,4.815626603922891213e+00,0.000000000000000000e+00
-8.409677911077791279e+00,4.661560585912835286e+00,0.000000000000000000e+00
-8.478238379728772145e+00,4.507959310376125295e+00,0.000000000000000000e+00
-8.546633973244281535e+00,4.354727516881649940e+00,0.000000000000000000e+00
-8.614906817861685440e+00,4.201770802529366300e+00,0.000000000000000000e+00
-8.683098665561427509e+00,4.048995404266743314e+00,0.000000000000000000e+00
-8.751251210665429880e+00,3.896308071329307676e+00,0.000000000000000000e+00
-8.819406035423769552e+00,3.743615755964388558e+00,0.000000000000000000e+00
-8.887604614967475669e+00,3.590825349300433178e+00,0.000000000000000000e+00
-8.955888588084587099e+00,3.437843530749781884e+00,0.000000000000000000e+00
-9.024299896555554312e+00,3.284576547437792371e+00,0.000000000000000000e+00
-9.092880689272480055e+00,3.130929905664883162e+00,0.000000000000000000e+00
-9.161673476687562712e+00,2.976808163030398191e+00,0.000000000000000000e+00
-9.230721444408805709e+00,2.822114757554177178e+00,0.000000000000000000e+00
-9.300068369564638004e+00,2.666751692214105240e+00,0.000000000000000000e+00
-9.369758670639107834e+00,2.510619269072261517e+00,0.000000000000000000e+00
-9.439837687447745651e+00,2.353615877775135701e+00,0.000000000000000000e+00
-9.510351835890427097e+00,2.195637725319698585e+00,0.000000000000000000e+00
-9.581348556755051149e+00,2.036578505385882476e+00,0.000000000000000000e+00
-9.652876463795523776e+00,1.876329111100782265e+00,0.000000000000000000e+00
-9.724985663388594048e+00,1.714777359458418582e+00,0.000000000000000000e+00
-9.797727822785821772e+00,1.551807637664071038e+00,0.000000000000000000e+00
-9.871156224573393700e+00,1.387300535279254898e+00,0.000000000000000000e+00
-9.945325954612050268e+00,1.221132480373301687e+00,0.000000000000000000e+00
-1.002029421361414485e+01,1.053175360459000176e+00,0.000000000000000000e+00
-1.009612046220023629e+01,8.832960860346374954e-01,0.000000000000000000e+00
-1.017286653849633105e+01,7.113561253638650550e-01,0.000000000000000000e+00
-1.025059688889991705e+01,5.372110192728953848e-01,0.000000000000000000e+00
-1.032937883295932657e+01,3.607098572187079633e-01,0.000000000000000000e+00
-1.040928289120024353e+01,1.816947087220839308e-01,0.000000000000000000e+00
-1.049038299634619520e+01,1.284701395830518772e-15,0.000000000000000000e+00
-1.057275676828989042e+01,-1.845481558607485750e-01,0.000000000000000000e+00
-1.065648584937202870e+01,-3.721326859379914254e-01,0.000000000000000000e+00
-1.074165626722389000e+01,-5.629463507869629790e-01,0.000000000000000000e+00
-1.082835882792519833e+01,-7.571926114171710909e-01,0.000000000000000000e+00
-1.091668954375479217e+01,-9.550865783105333406e-01,0.000000000000000000e+00
-1.100675010137146970e+01,-1.156856052165050386e+00,0.000000000000000000e+00
-1.109864836040696900e+01,-1.362742665548314802e+00,0.000000000000000000e+00
-1.119249891148020026e+01,-1.573003139425036112e+00,0.000000000000000000e+00
-1.128842369709559001e+01,-1.787910669410716080e+00,0.000000000000000000e+00
-1.138655269652208268e+01,-2.007756457655570426e+00,0.000000000000000000e+00
-1.148702468297757129e+01,-2.232851408949781735e+00,0.000000000000000000e+00
-1.158998806230975909e+01,-2.463528012321161142e+00,0.000000000000000000e+00
-1.169560180310797826e+01,-2.700142432408412674e+00,0.000000000000000000e+00
-1.180403647987336235e+01,-2.943076841014871547e+00,0.000000000000000000e+00
-1.191547545537403252e+01,-3.192742025700329833e+00,0.000000000000000000e+00
-1.203011617842946102e+01,-3.449580304307029888e+00,0.000000000000000000e+00
-1.214817162808856388e+01,-3.714068790332274883e+00,0.000000000000000000e+00
-1.226987191333159721e+01,-3.986723054896375906e+00,0.000000000000000000e+00
-1.239546610909530777e+01,-4.268101260957722687e+00,0.000000000000000000e+00
-1.252522456277132612e+01,-4.558808918348669970e+00,0.000000000000000000e+00
-1.265944102801681126e+01,-4.859504114307428679e+00,0.000000000000000000e+00
-1.279843528628471994e+01,-5.170903505313110493e+00,0.000000000000000000e+00
-1.294255663283100155e+01,-5.493789348003337736e+00,0.000000000000000000e+00
-1.309218677575513112e+01,-5.829017105983252733e+00,0.000000000000000000e+00
-1.324774447948484557e+01,-6.177524704064386363e+00,0.000000000000000000e+00
-1.340968962597868419e+01,-6.540342633143355400e+00,0.000000000000000000e+00
-1.357852889086740333e+01,-6.918606036592291453e+00,0.000000000000000000e+00
-1.375482168754363954e+01,-7.313568422088811971e+00,0.000000000000000000e+00
-1.393918585938907739e+01,-7.726616891741806548e+00,0.000000000000000000e+00
-1.413228539256453331e+01,-8.159278775661750416e+00,0.000000000000000000e+00
-1.433429849764083386e+01,-8.612915468618298931e+00,0.000000000000000000e+00
-1.453849143925830667e+01,-9.084657723388641415e+00,0.000000000000000000e+00
-1.473969203461070343e+01,-9.572067928669055092e+00,0.000000000000000000e+00
-1.493684076596330890e+01,-1.007502631136140359e+01,0.000000000000000000e+00
-1.512923941381986737e+01,-1.059360748493611304e+01,0.000000000000000000e+00
-1.531619132936368466e+01,-1.112786436784967847e+01,0.000000000000000000e+00
-1.549592491380970039e+01,-1.167701697889008372e+01,0.000000000000000000e+00
-1.565981839846798707e+01,-1.223479102842846800e+01,0.000000000000000000e+00
-1.579572398531180255e+01,-1.279112507606090610e+01,0.000000000000000000e+00
-1.591053888933689464e+01,-1.335052731387435543e+01,0.000000000000000000e+00
-1.599879555561107125e+01,-1.390754079752589867e+01,0.000000000000000000e+00
-1.606347268619751034e+01,-1.446361577212012683e+01,0.000000000000000000e+00
-1.610566212702344302e+01,-1.501877290568533674e+01,0.000000000000000000e+00
-1.612387851450760934e+01,-1.557064848781296007e+01,0.000000000000000000e+00
-1.611728764155215998e+01,-1.611728764155215288e+01,0.000000000000000000e+00
-1.608715632402406115e+01,-1.665873803621457228e+01,0.000000000000000000e+00
-1.603413788393340411e+01,-1.719450775895153782e+01,0.000000000000000000e+00
-1.595860832513289118e+01,-1.772383012514992373e+01,0.000000000000000000e+00
-1.586096535322449519e+01,-1.824595345037646510e+01,0.000000000000000000e+00
-1.574166161375967832e+01,-1.876018178160045835e+01,0.000000000000000000e+00
-1.560152567052036154e+01,-1.926627968813422243e+01,0.000000000000000000e+00
-1.544149861952722347e+01,-1.976421694658485961e+01,0.000000000000000000e+00
-1.526100976872878334e+01,-2.025204398629002256e+01,0.000000000000000000e+00
-1.505905062856704468e+01,-2.072700502461973571e+01,0.000000000000000000e+00
-1.483815592561122898e+01,-2.119108280889035356e+01,0.000000000000000000e+00
-1.459947368004539037e+01,-2.164460983886432643e+01,0.000000000000000000e+00
-1.434238324711853707e+01,-2.208533345983907381e+01,0.000000000000000000e+00
-1.406731463709816055e+01,-2.251240934463275778e+01,0.000000000000000000e+00
-1.377473184438473730e+01,-2.292500358348981493e+01,0.000000000000000000e+00
-1.346529859050442113e+01,-2.332258129783922129e+01,0.000000000000000000e+00
-1.313979627961746566e+01,-2.370481998296770954e+01,0.000000000000000000e+00
-1.279909581689486586e+01,-2.407159823533770648e+01,0.000000000000000000e+00
-1.244405554470218789e+01,-2.442283414312212386e+01,0.000000000000000000e+00
-1.207573776317380343e+01,-2.475893152573940625e+01,0.000000000000000000e+00
-1.169322698080906875e+01,-2.507620618343410257e+01,0.000000000000000000e+00
-1.129767093460189642e+01,-2.537498437858468492e+01,0.000000000000000000e+00
-1.089166936820194209e+01,-2.565916504884864224e+01,0.000000000000000000e+00
-1.047273655779913071e+01,-2.592093257350084201e+01,0.000000000000000000e+00
-1.004460618307430231e+01,-2.616709372668256961e+01,0.000000000000000000e+00
-9.605815933256128147e+00,-2.639176237205858655e+01,0.000000000000000000e+00
-9.158921646570119535e+00,-2.659943987374949970e+01,0.000000000000000000e+00
-8.702716530080909507e+00,-2.678420739333294520e+01,0.000000000000000000e+00
-8.240392284141911716e+00,-2.695310867992204606e+01,0.000000000000000000e+00
-7.769952375099626884e+00,-2.709704414087844881e+01,0.000000000000000000e+00
-7.294396920129428530e+00,-2.722305991649697532e+01,0.000000000000000000e+00
-6.813909269476011943e+00,-2.732909738085754014e+01,0.000000000000000000e+00
-6.328312116419580136e+00,-2.741093125721148027e+01,0.000000000000000000e+00
-5.839829981133605408e+00,-2.747423996347609076e+01,0.000000000000000000e+00
-5.348763417599298187e+00,-2.751700232048545658e+01,0.000000000000000000e+00
-4.855161422539236327e+00,-2.753498870695603173e+01,0.000000000000000000e+00
-4.360888095288358635e+00,-2.753356381695520483e+01,0.000000000000000000e+00
-3.866634884529355887e+00,-2.751253678489484145e+01,0.000000000000000000e+00
-3.372417392202397668e+00,-2.746613554182306416e+01,0.000000000000000000e+00
-2.879783854150667732e+00,-2.739931313777525901e+01,0.000000000000000000e+00
-2.389621143193748409e+00,-2.731349465048887382e+01,0.000000000000000000e+00
-1.902488072618924386e+00,-2.720684698389825584e+01,0.000000000000000000e+00
-1.419682284616906598e+00,-2.708915172592121579e+01,0.000000000000000000e+00
-9.415577114061129960e-01,-2.696268510430727972e+01,0.000000000000000000e+00
-4.682107288255392685e-01,-2.682377468952507016e+01,0.000000000000000000e+00
-4.900248802114770544e-15,-2.667571202584840506e+01,0.000000000000000000e+00
4.628770659138086163e-01,-2.651820934596118207e+01,0.000000000000000000e+00
9.201300383405676131e-01,-2.634907683113910437e+01,0.000000000000000000e+00
1.371659250981467570e+00,-2.617281765696422013e+01,0.000000000000000000e+00
1.816965501847848774e+00,-2.598381724188521602e+01,0.000000000000000000e+00
2.256198160856665691e+00,-2.578846298398572401e+01,0.000000000000000000e+00
2.688660900078485572e+00,-2.558089969716496270e+01,0.000000000000000000e+00
3.114707799627309814e+00,-2.536725934207924738e+01,0.000000000000000000e+00
3.533438244996163657e+00,-2.514171950436009695e+01,0.000000000000000000e+00
3.945306576017865385e+00,-2.490968537019023543e+01,0.000000000000000000e+00
4.349654804993408064e+00,-2.466811821717198328e+01,0.000000000000000000e+00
4.746346189342924404e+00,-2.441783434956959908e+01,0.000000000000000000e+00
5.135589518474764859e+00,-2.416104907853842931e+01,0.000000000000000000e+00
5.516509003774225484e+00,-2.389462566011938804e+01,0.000000000000000000e+00
5.889275210367183711e+00,-2.362059272608603067e+01,0.000000000000000000e+00
6.253886450877356395e+00,-2.333982197944086323e+01,0.000000000000000000e+00
6.610167670505234128e+00,-2.305239421033014580e+01,0.000000000000000000e+00
6.957274366901477158e+00,-2.275621908049228992e+01,0.000000000000000000e+00
7.295551693686102901e+00,-2.245339934226877077e+01,0.000000000000000000e+00
7.624868713560853273e+00,-2.214422665877351903e+01,0.000000000000000000e+00
7.945045469156678308e+00,-2.182883302304827211e+01,0.000000000000000000e+00
8.255893736422089901e+00,-2.150733849202729076e+01,0.000000000000000000e+00
8.557240998118407660e+00,-2.117991469595781595e+01,0.000000000000000000e+00
8.848928555794733697e+00,-2.084676927317440587e+01,0.000000000000000000e+00
9.130817312809163866e+00,-2.050815146037063741e+01,0.000000000000000000e+00
9.402792698173595198e+00,-2.016435401335000677e+01,0.000000000000000000e+00
9.664765260925266332e+00,-1.981570534243720161e+01,0.000000000000000000e+00
9.916688064637424915e+00,-1.946259617547496035e+01,0.000000000000000000e+00
1.015851971113398733e+01,-1.910539686947208438e+01,0.000000000000000000e+00
1.038992588576036624e+01,-1.874392247164247394e+01,0.000000000000000000e+00
1.061026799907405938e+01,-1.837752325631843675e+01,0.000000000000000000e+00
1.082044905376601918e+01,-1.800825135000186350e+01,0.000000000000000000e+00
1.102029333679797141e+01,-1.763615594703881939e+01,0.000000000000000000e+00
1.120886351341056297e+01,-1.726013620848057428e+01,0.000000000000000000e+00
1.138690425750982982e+01,-1.688177980437564329e+01,0.000000000000000000e+00
1.155452150546031831e+01,-1.650156685688205016e+01,0.000000000000000000e+00
1.171110365442843815e+01,-1.611895133871920294e+01,0.000000000000000000e+00
1.185645021977662417e+01,-1.573404086695475534e+01,0.000000000000000000e+00
1.199055094869697413e+01,-1.534720535216946402e+01,0.000000000000000000e+00
1.211351558778850190e+01,-1.495894595500304192e+01,0.000000000000000000e+00
1.222549974343149870e+01,-1.456978324049408613e+01,0.000000000000000000e+00
1.232657034598198109e+01,-1.418009709540502961e+01,0.000000000000000000e+00
1.241672714302609215e+01,-1.379017255826412303e+01,0.000000000000000000e+00
1.249597121373495412e+01,-1.340028853097853734e+01,0.000000000000000000e+00
1.256425509666272333e+01,-1.301066702279193343e+01,0.000000000000000000e+00
1.262149378855226622e+01,-1.262149378855227333e+01,0.000000000000000000e+00
1.266760152925306926e+01,-1.223296060052862444e+01,0.000000000000000000e+00
1.270249294746795243e+01,-1.184526630507111200e+01,0.000000000000000000e+00
1.272608338300744180e+01,-1.145861694613143555e+01,0.000000000000000000e+00
1.273828921530523495e+01,-1.107322587733231423e+01,0.000000000000000000e+00
1.273902819784158602e+01,-1.068931386236585368e+01,0.000000000000000000e+00
1.272960801272119546e+01,-1.030823331753285999e+01,0.000000000000000000e+00
1.271567282130948939e+01,-9.934572406651239973e+00,0.000000000000000000e+00
1.269902982789363399e+01,-9.569405359185438442e+00,0.000000000000000000e+00
1.268014867372985854e+01,-9.212667272895519233e+00,0.000000000000000000e+00
1.265949622770661698e+01,-8.864274688577564731e+00,0.000000000000000000e+00
1.263753596915217514e+01,-8.524125643095665339e+00,0.000000000000000000e+00
1.261472737092694807e+01,-8.192099740796427554e+00,0.000000000000000000e+00
1.259152528330715093e+01,-7.868058243330068535e+00,0.000000000000000000e+00
1.256837931916776796e+01,-7.551844177888338727e+00,0.000000000000000000e+00
1.254573324097352049e+01,-7.243282463857307008e+00,0.000000000000000000e+00
1.252401371468199898e+01,-6.942174162566844942e+00,0.000000000000000000e+00
1.250342507001827208e+01,-6.648189037801301104e+00,0.000000000000000000e+00
1.248395551560104622e+01,-6.360893045555079617e+00,0.000000000000000000e+00
1.246556288743932939e+01,-6.079861255021310917e+00,0.000000000000000000e+00
1.244818269563293889e+01,-5.804682921086182112e+00,0.000000000000000000e+00
1.243172889895328126e+01,-5.534962313793105437e+00,0.000000000000000000e+00
1.241609470539581217e+01,-5.270319518113948831e+00,0.000000000000000000e+00
1.240115339774857439e+01,-5.010391203295192497e+00,0.000000000000000000e+00
1.238675918320229385e+01,-4.754831361076032437e+00,0.000000000000000000e+00
1.237274806600891885e+01,-4.503312012101965855e+00,0.000000000000000000e+00
1.235893874217796728e+01,-4.255523879887329386e+00,0.000000000000000000e+00
1.234513351518307722e+01,-4.011177031707960694e+00,0.000000000000000000e+00
1.233113833723860431e+01,-3.770007327004963660e+00,0.000000000000000000e+00
1.231693244198386594e+01,-3.531823544441847762e+00,0.000000000000000000e+00
1.230259181225446774e+01,-3.296469540903326223e+00,0.000000000000000000e+00
1.228818636085111216e+01,-3.063788963915822006e+00,0.000000000000000000e+00
1.227377878689700630e+01,-2.833625106806224814e+00,0.000000000000000000e+00
1.225942462013370537e+01,-2.605821145308444553e+00,0.000000000000000000e+00
1.224517227187987167e+01,-2.380220371652626010e+00,0.000000000000000000e+00
1.223106309255945412e+01,-2.156666425965760858e+00,0.000000000000000000e+00
1.221713143570107363e+01,-1.935003524814816522e+00,0.000000000000000000e+00
1.220340472830685030e+01,-1.715076686727360578e+00,0.000000000000000000e+00
1.218990354748462934e+01,-1.496731954526667074e+00,0.000000000000000000e+00
1.217664170323375927e+01,-1.279816614322527801e+00,0.000000000000000000e+00
1.216362632727066817e+01,-1.064179411001656028e+00,0.000000000000000000e+00
1.215085796777693972e+01,-8.496707600650365011e-01,0.000000000000000000e+00
1.213833068994879660e+01,-6.361429556634083937e-01,0.000000000000000000e+00
1.212603218222341894e+01,-4.234503746849369032e-01,0.000000000000000000e+00
1.211394386805408097e+01,-2.114496767536785948e-01,0.000000000000000000e+00
1.210204102310283147e+01,-2.964145160418568353e-15,0.000000000000000000e+00
