1.277471849402973092e+01,0.000000000000000000e+00,0.000000000000000000e+00
1.274990726118120321e+01,2.225504590726707088e-01,0.000000000000000000e+00
1.272614482691669302e+01,4.444067700193556347e-01,0.000000000000000000e+00
1.270347515359542889e+01,6.657609219772271381e-01,0.000000000000000000e+00
1.268193424540517356e+01,8.868072310584123041e-01,0.000000000000000000e+00
1.266155005382618981e+01,1.107742092375844534e+00,0.000000000000000000e+00
1.264234238985329206e+01,1.328763728852374593e+00,0.000000000000000000e+00
1.262432284307310404e+01,1.550071936983239418e+00,0.000000000000000000e+00
1.260749470768974589e+01,1.771867829724699472e+00,0.000000000000000000e+00
1.259185291558780939e+01,1.994353576684255502e+00,0.000000000000000000e+00
1.257738397651752749e+01,2.217732141790362377e+00,0.000000000000000000e+00
1.256406592548260548e+01,2.442207018621983750e+00,0.000000000000000000e+00
1.255186827740688926e+01,2.667981963580631888e+00,0.000000000000000000e+00
1.254075198915175093e+01,2.895260727089772335e+00,0.000000000000000000e+00
1.253066942895142866e+01,3.124246783008559181e+00,0.000000000000000000e+00
1.252156435332929085e+01,3.355143056448916195e+00,0.000000000000000000e+00
1.251337189155320040e+01,3.588151650186846009e+00,0.000000000000000000e+00
1.250601853768368343e+01,3.823473569860672328e+00,0.000000000000000000e+00
1.249942215026391779e+01,4.061308448150612982e+00,0.000000000000000000e+00
1.249349195969576876e+01,4.301854268135666182e+00,0.000000000000000000e+00
1.248812858334143527e+01,4.545307086025239585e+00,0.000000000000000000e+00
1.248322404838542532e+01,4.791860753464367129e+00,0.000000000000000000e+00
1.247859939173235411e+01,5.041681415950506562e+00,0.000000000000000000e+00
1.247369492963372828e+01,5.294769362710954219e+00,0.000000000000000000e+00
1.246781727233123149e+01,5.551029892827093803e+00,0.000000000000000000e+00
1.246028337849173617e+01,5.810325562172136138e+00,0.000000000000000000e+00
1.245042257487961912e+01,6.072476831184873802e+00,0.000000000000000000e+00
1.243757831187254936e+01,6.337262679979020596e+00,0.000000000000000000e+00
1.242110989570974233e+01,6.604421283252596808e+00,0.000000000000000000e+00
1.240039419567530743e+01,6.873650744245201949e+00,0.000000000000000000e+00
1.237482732444165379e+01,7.144609886941523769e+00,0.000000000000000000e+00
1.234382628982081087e+01,7.416919105670404910e+00,0.000000000000000000e+00
1.230683061619629903e+01,7.690161271200449455e+00,0.000000000000000000e+00
1.226330169105506229e+01,7.963881235843030204e+00,0.000000000000000000e+00
1.221262441421547251e+01,8.237519180386088991e+00,0.000000000000000000e+00
1.215407460945587736e+01,8.510374661504240379e+00,0.000000000000000000e+00
1.208695867053078032e+01,8.781689508383749398e+00,0.000000000000000000e+00
1.201076005351056075e+01,9.050756883135736786e+00,0.000000000000000000e+00
1.192576707807862491e+01,9.317430403169840503e+00,0.000000000000000000e+00
1.183252878600517910e+01,9.581792883227294055e+00,0.000000000000000000e+00
1.173128815718024498e+01,9.843719565924335058e+00,0.000000000000000000e+00
1.162196862374433515e+01,1.010282319193725264e+01,0.000000000000000000e+00
1.150461495166416626e+01,1.035880183056781334e+01,0.000000000000000000e+00
1.137939467244426162e+01,1.061145720316880769e+01,0.000000000000000000e+00
1.124629957146628989e+01,1.086042525428260319e+01,0.000000000000000000e+00
1.110533854822302224e+01,1.110533854822302047e+01,0.000000000000000000e+00
1.095679669937198497e+01,1.134609512424014710e+01,0.000000000000000000e+00
1.080111515565304892e+01,1.158277792629570691e+01,0.000000000000000000e+00
1.063845847941528078e+01,1.181520512572935466e+01,0.000000000000000000e+00
1.046856669778983928e+01,1.204270839802340021e+01,0.000000000000000000e+00
1.029134953716468814e+01,1.226475278355877485e+01,0.000000000000000000e+00
1.010747260938918402e+01,1.248168918509061776e+01,0.000000000000000000e+00
9.917137036342433376e+00,1.269335656497856668e+01,0.000000000000000000e+00
9.720447229008101431e+00,1.289946915908966396e+01,0.000000000000000000e+00
9.517586771688613112e+00,1.309983435906781324e+01,0.000000000000000000e+00
9.308740431679488836e+00,1.329425909278279327e+01,0.000000000000000000e+00
9.094120750507787676e+00,1.348258846764463392e+01,0.000000000000000000e+00
8.873935783055529214e+00,1.366466280346773488e+01,0.000000000000000000e+00
8.648446386697152377e+00,1.384040737519176290e+01,0.000000000000000000e+00
8.417447431958038351e+00,1.400898505477181821e+01,0.000000000000000000e+00
8.181337996996855821e+00,1.417049308469234070e+01,0.000000000000000000e+00
7.940608340175290714e+00,1.432523665158277915e+01,0.000000000000000000e+00
7.695495449304331714e+00,1.447312195545891456e+01,0.000000000000000000e+00
7.446314859376975903e+00,1.461421577031235941e+01,0.000000000000000000e+00
7.192714795703085251e+00,1.474725077701427622e+01,0.000000000000000000e+00
6.935134243080810279e+00,1.487244337894961710e+01,0.000000000000000000e+00
6.674244616926299223e+00,1.499059884764872486e+01,0.000000000000000000e+00
6.410274951618858630e+00,1.510166141035202259e+01,0.000000000000000000e+00
6.142516341241281985e+00,1.520326144310106642e+01,0.000000000000000000e+00
5.872278073586252312e+00,1.529780739434072245e+01,0.000000000000000000e+00
5.599723982514309917e+00,1.538511519713657094e+01,0.000000000000000000e+00
5.324192963481342744e+00,1.546257911938758411e+01,0.000000000000000000e+00
5.047004256436296465e+00,1.553308191208741995e+01,0.000000000000000000e+00
4.767973523776539935e+00,1.559533868510755106e+01,0.000000000000000000e+00
4.487084798738016467e+00,1.564832433785793775e+01,0.000000000000000000e+00
4.205318233799098415e+00,1.569446131053405402e+01,0.000000000000000000e+00
3.922106489753015790e+00,1.573070992839858562e+01,0.000000000000000000e+00
3.638313364177292453e+00,1.575926656001957049e+01,0.000000000000000000e+00
3.354079510502724570e+00,1.577970345469586277e+01,0.000000000000000000e+00
3.069360116985651032e+00,1.579048891629762252e+01,0.000000000000000000e+00
2.784988952547158725e+00,1.579445721441686068e+01,0.000000000000000000e+00
2.500603264010156757e+00,1.578818764574547728e+01,0.000000000000000000e+00
2.216952889747525468e+00,1.577443946766169169e+01,0.000000000000000000e+00
1.934140049649154536e+00,1.575230660456269227e+01,0.000000000000000000e+00
1.652312635082362258e+00,1.572070460249048374e+01,0.000000000000000000e+00
1.372019838000906544e+00,1.568225850877651162e+01,0.000000000000000000e+00
1.093223558641687188e+00,1.563382525610967200e+01,0.000000000000000000e+00
8.163887812904465635e-01,1.557762592613082298e+01,0.000000000000000000e+00
5.417650606131126922e-01,1.551412149555117104e+01,0.000000000000000000e+00
2.695139941634318581e-01,1.544044638457584995e+01,0.000000000000000000e+00
9.405115762570540777e-16,1.535971966630500951e+01,0.000000000000000000e+00
-2.665671690410753580e-01,1.527162288638340115e+01,0.000000000000000000e+00
-5.298757937837111909e-01,1.517365743927641475e+01,0.000000000000000000e+00
-7.897148216072527038e-01,1.506865645541294896e+01,0.000000000000000000e+00
-1.045860408462879310e+00,1.495650065253604133e+01,0.000000000000000000e+00
-1.297979280930412038e+00,1.483597106893515694e+01,0.000000000000000000e+00
-1.545789418938383397e+00,1.470720390126075827e+01,0.000000000000000000e+00
-1.789148803583098468e+00,1.457144766757704168e+01,0.000000000000000000e+00
-2.027811147014444870e+00,1.442862603817978417e+01,0.000000000000000000e+00
-2.261535953113467556e+00,1.427877604946220558e+01,0.000000000000000000e+00
-2.490052249492107794e+00,1.412178805244277591e+01,0.000000000000000000e+00
-2.712961380080365803e+00,1.395697636306480227e+01,0.000000000000000000e+00
-2.930213420388747547e+00,1.378557028475876400e+01,0.000000000000000000e+00
-3.141566012516875173e+00,1.360761739068793297e+01,0.000000000000000000e+00
-3.346804901717664649e+00,1.342330128807351386e+01,0.000000000000000000e+00
-3.545694443606626667e+00,1.323271181165458721e+01,0.000000000000000000e+00
-3.738097519158734450e+00,1.303629528080004363e+01,0.000000000000000000e+00
-3.924434355743125824e+00,1.283624638855152966e+01,0.000000000000000000e+00
-4.105311889575002482e+00,1.263485081751482042e+01,0.000000000000000000e+00
-4.280630174103794872e+00,1.243185271493960187e+01,0.000000000000000000e+00
-4.450602213159792875e+00,1.222792908363129882e+01,0.000000000000000000e+00
-4.615312588842611419e+00,1.202330035533752728e+01,0.000000000000000000e+00
-4.774870002620188458e+00,1.181821797025706111e+01,0.000000000000000000e+00
-4.929260979373108142e+00,1.161261114001885097e+01,0.000000000000000000e+00
-5.078301038639771114e+00,1.140605088174090831e+01,0.000000000000000000e+00
-5.222249728932110813e+00,1.119915068432408134e+01,0.000000000000000000e+00
-5.361223005355349791e+00,1.099213612344336966e+01,0.000000000000000000e+00
-5.495211517419900993e+00,1.078495985406119928e+01,0.000000000000000000e+00
-5.624232941070597569e+00,1.057764373954411674e+01,0.000000000000000000e+00
-5.748317481681914920e+00,1.037023924941574471e+01,0.000000000000000000e+00
-5.867533512110251870e+00,1.016286615808801663e+01,0.000000000000000000e+00
-5.982025982520982055e+00,9.955763105597366547e+00,0.000000000000000000e+00
-6.091869727827051051e+00,9.749029471861540230e+00,0.000000000000000000e+00
-6.197054391256826555e+00,9.542626935949694911e+00,0.000000000000000000e+00
-6.297658459896137373e+00,9.336662625666072302e+00,0.000000000000000000e+00
-6.393816280844146327e+00,9.131315976962854464e+00,0.000000000000000000e+00
-6.485500270106259180e+00,8.926525316985170377e+00,0.000000000000000000e+00
-6.572577706549355803e+00,8.722105210174069256e+00,0.000000000000000000e+00
-6.655359414877016988e+00,8.518471592309264651e+00,0.000000000000000000e+00
-6.734697193266834248e+00,8.316658414089808105e+00,0.000000000000000000e+00
-6.811537215213933294e+00,8.117673947320362515e+00,0.000000000000000000e+00
-6.886748596202122208e+00,7.922298013544555317e+00,0.000000000000000000e+00
-6.960580851129917868e+00,7.730508203745320550e+00,0.000000000000000000e+00
-7.033113863756838668e+00,7.542091241533634083e+00,0.000000000000000000e+00
-7.104425509359582058e+00,7.356847977008860617e+00,0.000000000000000000e+00
-7.174588402455284175e+00,7.174588402455285063e+00,0.000000000000000000e+00
-7.243671975307484523e+00,6.995132714939019891e+00,0.000000000000000000e+00
-7.311742041597663722e+00,6.818309759736808751e+00,0.000000000000000000e+00
-7.378861336366583146e+00,6.643956589577440397e+00,0.000000000000000000e+00
-7.445089682696722555e+00,6.471917723020679247e+00,0.000000000000000000e+00
-7.510484288661336549e+00,6.302044596578486590e+00,0.000000000000000000e+00
-7.575099937901073943e+00,6.134194979568783346e+00,0.000000000000000000e+00
-7.638989164265689524e+00,5.968232435081346487e+00,0.000000000000000000e+00
-7.702202428122062905e+00,5.804025834422953167e+00,0.000000000000000000e+00
-7.764788288744348677e+00,5.641448912730741228e+00,0.000000000000000000e+00
-7.826793643153324709e+00,5.480379908947798029e+00,0.000000000000000000e+00
-7.888263839597398075e+00,5.320701142908588643e+00,0.000000000000000000e+00
-7.949242763588290295e+00,5.162298610844596958e+00,0.000000000000000000e+00
-8.009772963060068918e+00,5.005061640368199782e+00,0.000000000000000000e+00
-8.069895857905754255e+00,4.848882620669199284e+00,0.000000000000000000e+00
-8.129651876669241162e+00,4.693656699412930955e+00,0.000000000000000000e+00
-8.189080462715290665e+00,4.539281423558116479e+00,0.000000000000000000e+00
-8.248220173479975159e+00,4.385656460659784983e+00,0.000000000000000000e+00
-8.307108899429742621e+00,4.232683395981110763e+00,0.000000000000000000e+00
-8.365783958087609662e+00,4.080265465260827007e+00,0.000000000000000000e+00
-8.424282071106562242e+00,3.928307244214842786e+00,0.000000000000000000e+00
-8.482639470431349693e+00,3.776714419366450137e+00,0.000000000000000000e+00
-8.540892143955355564e+00,3.625393623071511140e+00,0.000000000000000000e+00
-8.599075828325243975e+00,3.474252152588575449e+00,0.000000000000000000e+00
-8.657226011244990360e+00,3.323197708890059054e+00,0.000000000000000000e+00
-8.715378089332247669e+00,3.172138204892787083e+00,0.000000000000000000e+00
-8.773567576646945199e+00,3.020981583702438744e+00,0.000000000000000000e+00
-8.831830027811545136e+00,2.869635529817188946e+00,0.000000000000000000e+00
-8.890201098199028706e+00,2.718007240056922846e+00,0.000000000000000000e+00
-8.948716770129202303e+00,2.566003242297016929e+00,0.000000000000000000e+00
-9.007413445075677316e+00,2.413529158501266814e+00,0.000000000000000000e+00
-9.066327897672920244e+00,2.260489427848202837e+00,0.000000000000000000e+00
-9.125497386411668188e+00,2.106787074721913733e+00,0.000000000000000000e+00
-9.184959907533356116e+00,1.952323497022294019e+00,0.000000000000000000e+00
-9.244754205246785261e+00,1.796998180318094773e+00,0.000000000000000000e+00
-9.304919794635486241e+00,1.640708413122504483e+00,0.000000000000000000e+00
-9.365497101472435304e+00,1.483349016777779639e+00,0.000000000000000000e+00
-9.426527712838044692e+00,1.324812073107486610e+00,0.000000000000000000e+00
-9.488054396609086893e+00,1.164986592910520535e+00,0.000000000000000000e+00
-9.550121174545797231e+00,1.003758182745182470e+00,0.000000000000000000e+00
-9.612773471491131261e+00,8.410087037982205693e-01,0.000000000000000000e+00
-9.676058355642883413e+00,6.766159129894746549e-01,0.000000000000000000e+00
-9.740024664255756193e+00,5.104530628156930261e-01,0.000000000000000000e+00
-9.804723095912223130e+00,3.423884751627632728e-01,0.000000000000000000e+00
-9.870206392174495136e+00,1.722850934303133130e-01,0.000000000000000000e+00
-9.936529537611862750e+00,1.216873909286949689e-15,0.000000000000000000e+00
-1.000375001202280600e+01,-1.746161059855123321e-01,0.000000000000000000e+00
-1.007192799264494987e+01,-3.517194757686349926e-01,0.000000000000000000e+00
-1.014112655019428999e+01,-5.314739219239686951e-01,0.000000000000000000e+00
-1.021141190988532799e+01,-7.140514803002689925e-01,0.000000000000000000e+00
-1.028285373515621437e+01,-8.996331305213707275e-01,0.000000000000000000e+00
-1.035552543476054943e+01,-1.088409581594764974e+00,0.000000000000000000e+00
-1.042950449586298767e+01,-1.280582129959409121e+00,0.000000000000000000e+00
-1.050487284636856167e+01,-1.476363598271125177e+00,0.000000000000000000e+00
-1.058171725084644166e+01,-1.675979364447802933e+00,0.000000000000000000e+00
-1.066012974287536785e+01,-1.879668491521720108e+00,0.000000000000000000e+00
-1.074020810094523704e+01,-2.087684970865162803e+00,0.000000000000000000e+00
-1.082205637692815436e+01,-2.300299093678982221e+00,0.000000000000000000e+00
-1.090578547933397680e+01,-2.517798966417267081e+00,0.000000000000000000e+00
-1.099151381810779071e+01,-2.740492188492036796e+00,0.000000000000000000e+00
-1.107936802464430137e+01,-2.968707714850638446e+00,0.000000000000000000e+00
-1.116948375420569128e+01,-3.202797927826447566e+00,0.000000000000000000e+00
-1.126200657616918654e+01,-3.443140945124115060e+00,0.000000000000000000e+00
-1.135709296296034232e+01,-3.690143195613956539e+00,0.000000000000000000e+00
-1.145491138490659822e+01,-3.944242297609504622e+00,0.000000000000000000e+00
-1.155564351950096480e+01,-4.205910278889487763e+00,0.000000000000000000e+00
-1.165948571246492271e+01,-4.475657232024567556e+00,0.000000000000000000e+00
-1.176665064874891797e+01,-4.754035452334824718e+00,0.000000000000000000e+00
-1.187736890986256100e+01,-5.041643985067581824e+00,0.000000000000000000e+00
-1.199189107856571823e+01,-5.339133899272971107e+00,0.000000000000000000e+00
-1.211049025467318074e+01,-5.647214349765580010e+00,0.000000000000000000e+00
-1.223346421849872101e+01,-5.966659170416218849e+00,0.000000000000000000e+00
-1.236113895730415635e+01,-6.298314883483485893e+00,0.000000000000000000e+00
-1.249387158690837651e+01,-6.643109360726551671e+00,0.000000000000000000e+00
-1.263205464851283999e+01,-7.002062230116691488e+00,0.000000000000000000e+00
-1.277612053187126229e+01,-7.376296628274979561e+00,0.000000000000000000e+00
-1.292654667981427075e+01,-7.767052839921857910e+00,0.000000000000000000e+00
-1.308386177827594743e+01,-8.175704229862509109e+00,0.000000000000000000e+00
-1.324865289017984615e+01,-8.603775786520936109e+00,0.000000000000000000e+00
-1.342157380997517535e+01,-9.052965844257506944e+00,0.000000000000000000e+00
-1.360335491908806027e+01,-9.525171659287588355e+00,0.000000000000000000e+00
-1.379481480322909981e+01,-1.002251962050384293e+01,0.000000000000000000e+00
-1.399687401993437597e+01,-1.054740110650012141e+01,0.000000000000000000e+00
-1.421057150971004290e+01,-1.110251526498230668e+01,0.000000000000000000e+00
-1.443708537495349198e+01,-1.169092122251049481e+01,0.000000000000000000e+00
-1.467740439739005609e+01,-1.231580461648978186e+01,0.000000000000000000e+00
-1.491471291678982780e+01,-1.296516213690177111e+01,0.000000000000000000e+00
-1.514432574456249547e+01,-1.363601214856796773e+01,0.000000000000000000e+00
-1.536556438969705063e+01,-1.432862060041212793e+01,0.000000000000000000e+00
-1.557667934642113927e+01,-1.504222439360808750e+01,0.000000000000000000e+00
-1.575904072802159206e+01,-1.575904072802158851e+01,0.000000000000000000e+00
-1.590714877303512864e+01,-1.647233476045432710e+01,0.000000000000000000e+00
-1.601985805159019804e+01,-1.717919451356228677e+01,0.000000000000000000e+00
-1.610042633774302701e+01,-1.788133498478294214e+01,0.000000000000000000e+00
-1.614706778885665983e+01,-1.857507665355668536e+01,0.000000000000000000e+00
-1.616112974317741191e+01,-1.926008443181281393e+01,0.000000000000000000e+00
-1.614294037046175845e+01,-1.993487116159813866e+01,0.000000000000000000e+00
-1.609293719402480249e+01,-2.059802029890082409e+01,0.000000000000000000e+00
-1.601121172366277179e+01,-2.124759560575468242e+01,0.000000000000000000e+00
-1.589967109814712032e+01,-2.188401984092773844e+01,0.000000000000000000e+00
-1.576004595999478575e+01,-2.250767822393064677e+01,0.000000000000000000e+00
-1.559245717958605937e+01,-2.311676841766051282e+01,0.000000000000000000e+00
-1.539624846947998016e+01,-2.370814359233612478e+01,0.000000000000000000e+00
-1.517353641901807926e+01,-2.428273425901652161e+01,0.000000000000000000e+00
-1.492582303645263231e+01,-2.484074103676281098e+01,0.000000000000000000e+00
-1.465240125696075246e+01,-2.537870342994207107e+01,0.000000000000000000e+00
-1.435401948600485511e+01,-2.589533663284935017e+01,0.000000000000000000e+00
-1.403175436266513287e+01,-2.638989178510317046e+01,0.000000000000000000e+00
-1.368700521096673661e+01,-2.686226021594704250e+01,0.000000000000000000e+00
-1.332129602685319547e+01,-2.731270441867209797e+01,0.000000000000000000e+00
-1.293634084108093063e+01,-2.774207245976845826e+01,0.000000000000000000e+00
-1.253176147394512441e+01,-2.814679711227686454e+01,0.000000000000000000e+00
-1.210762238530895729e+01,-2.852377084093073023e+01,0.000000000000000000e+00
-1.166864794940205208e+01,-2.888091713670801752e+01,0.000000000000000000e+00
-1.121097444853615954e+01,-2.920558694044313341e+01,0.000000000000000000e+00
-1.074031953844644605e+01,-2.950878540960884067e+01,0.000000000000000000e+00
-1.025501978105302747e+01,-2.978273999891493773e+01,0.000000000000000000e+00
-9.756586239629571722e+00,-3.002768484873853438e+01,0.000000000000000000e+00
-9.247704828870414673e+00,-3.024787955447918364e+01,0.000000000000000000e+00
-8.728270901345590360e+00,-3.043909801110895685e+01,0.000000000000000000e+00
-8.198791634200373935e+00,-3.059830693950647529e+01,0.000000000000000000e+00
-7.661724685396523959e+00,-3.072949928618929150e+01,0.000000000000000000e+00
-7.118195026124501723e+00,-3.083229002410771358e+01,0.000000000000000000e+00
-6.569263240154839423e+00,-3.090595363672237994e+01,0.000000000000000000e+00
-6.016033120370341436e+00,-3.094980734961152535e+01,0.000000000000000000e+00
-5.459440155326839239e+00,-3.096202369819599198e+01,0.000000000000000000e+00
-4.900877848551275839e+00,-3.094292493952794842e+01,0.000000000000000000e+00
-4.341809649033513629e+00,-3.089358091708878362e+01,0.000000000000000000e+00
-3.783491570676713156e+00,-3.081406605891295669e+01,0.000000000000000000e+00
-3.227173601505656464e+00,-3.070450580177093514e+01,0.000000000000000000e+00
-2.674105054490064859e+00,-3.056516063589988264e+01,0.000000000000000000e+00
-2.125562171354322683e+00,-3.039695522042997666e+01,0.000000000000000000e+00
-1.583300162632026664e+00,-3.021116682088373295e+01,0.000000000000000000e+00
-1.048091063676301449e+00,-3.001340116299440908e+01,0.000000000000000000e+00
-5.202595657211267488e-01,-2.980565055819893772e+01,0.000000000000000000e+00
-5.435344924780558208e-15,-2.958863964458899787e+01,0.000000000000000000e+00
5.125248196996593508e-01,-2.936252725540602171e+01,0.000000000000000000e+00
1.017044377991305870e+00,-2.912434040812413372e+01,0.000000000000000000e+00
1.513413434949301140e+00,-2.887764861731182009e+01,0.000000000000000000e+00
2.001539141156965851e+00,-2.862334325743163532e+01,0.000000000000000000e+00
2.480922043122893328e+00,-2.835706871196829582e+01,0.000000000000000000e+00
2.951750493068912462e+00,-2.808402996898898252e+01,0.000000000000000000e+00
3.413613036371128118e+00,-2.780164713925666220e+01,0.000000000000000000e+00
3.866391396274665659e+00,-2.751080427593955946e+01,0.000000000000000000e+00
4.309996020080160584e+00,-2.721224390002456062e+01,0.000000000000000000e+00
4.744158175803883992e+00,-2.690545801182734564e+01,0.000000000000000000e+00
5.168702691660267412e+00,-2.659067018973746244e+01,0.000000000000000000e+00
5.583861470791338988e+00,-2.627000280264168097e+01,0.000000000000000000e+00
5.988641699450731437e+00,-2.593965704090291524e+01,0.000000000000000000e+00
6.383829447147137515e+00,-2.560414142956244277e+01,0.000000000000000000e+00
6.769047689551689118e+00,-2.526242989626359048e+01,0.000000000000000000e+00
7.143459136500979412e+00,-2.491220257162079932e+01,0.000000000000000000e+00
7.507764977541766527e+00,-2.455679273575601229e+01,0.000000000000000000e+00
7.861733372145067733e+00,-2.419592737311218045e+01,0.000000000000000000e+00
8.205216973882800247e+00,-2.382968038924075671e+01,0.000000000000000000e+00
8.538064303091012164e+00,-2.345813887859416624e+01,0.000000000000000000e+00
8.859719939998200289e+00,-2.308035953193899559e+01,0.000000000000000000e+00
9.170579788975354418e+00,-2.269798147389809273e+01,0.000000000000000000e+00
9.470532886275350393e+00,-2.231117730574345615e+01,0.000000000000000000e+00
9.759526358460393070e+00,-2.192025509698952135e+01,0.000000000000000000e+00
1.003748888242579085e+01,-2.152546437289985448e+01,0.000000000000000000e+00
1.030407221955536379e+01,-2.112647885566487460e+01,0.000000000000000000e+00
1.055918116478181368e+01,-2.072355988353291067e+01,0.000000000000000000e+00
1.080301527015688379e+01,-2.031751672412462639e+01,0.000000000000000000e+00
1.103585131761422211e+01,-1.990920279705115092e+01,0.000000000000000000e+00
1.125745025142948030e+01,-1.949847579915488893e+01,0.000000000000000000e+00
1.146736265545790623e+01,-1.908489638415115053e+01,0.000000000000000000e+00
1.166586044264532163e+01,-1.866927927733943449e+01,0.000000000000000000e+00
1.185288792167045990e+01,-1.825184683060140856e+01,0.000000000000000000e+00
1.202831072679589752e+01,-1.783270400069073602e+01,0.000000000000000000e+00
1.219230610607396059e+01,-1.741241766297924087e+01,0.000000000000000000e+00
1.234495083090691736e+01,-1.699136713276587685e+01,0.000000000000000000e+00
1.248617809602211182e+01,-1.656971798415635178e+01,0.000000000000000000e+00
1.261593282537237748e+01,-1.614765765214535165e+01,0.000000000000000000e+00
1.273417617058986551e+01,-1.572539794387782841e+01,0.000000000000000000e+00
1.284093010973789539e+01,-1.530322459053130579e+01,0.000000000000000000e+00
1.293632917963255125e+01,-1.488154439366057780e+01,0.000000000000000000e+00
1.302053333183122596e+01,-1.446076726808242441e+01,0.000000000000000000e+00
1.309364045136551802e+01,-1.404121032035786065e+01,0.000000000000000000e+00
1.315561172224390951e+01,-1.362303473484215388e+01,0.000000000000000000e+00
1.320639103663977565e+01,-1.320639103663978098e+01,0.000000000000000000e+00
1.324592022914462675e+01,-1.279143647727492272e+01,0.000000000000000000e+00
1.327413940887655563e+01,-1.237833525427184433e+01,0.000000000000000000e+00
1.329098730096685266e+01,-1.196725871850178358e+01,0.000000000000000000e+00
1.329640159703940050e+01,-1.155838556898484981e+01,0.000000000000000000e+00
1.329174365658765566e+01,-1.115309719994566073e+01,0.000000000000000000e+00
1.328279820662079125e+01,-1.075619790387280261e+01,0.000000000000000000e+00
1.327130038356560604e+01,-1.036867623473291111e+01,0.000000000000000000e+00
1.325757443934801394e+01,-9.990298913309976214e+00,0.000000000000000000e+00
1.324193094190470532e+01,-9.620825982203859539e+00,0.000000000000000000e+00
1.322466670375101039e+01,-9.260011316277420690e+00,0.000000000000000000e+00
1.320606472635349959e+01,-8.907603131897797510e+00,0.000000000000000000e+00
1.318639416020422317e+01,-8.563344494531930806e+00,0.000000000000000000e+00
1.316591028048222789e+01,-8.226973824261300194e+00,0.000000000000000000e+00
1.314485447817660635e+01,-7.898225398784401108e+00,0.000000000000000000e+00
1.312345426653445557e+01,-7.576829853481420685e+00,0.000000000000000000e+00
1.310192330268580996e+01,-7.262514678118698441e+00,0.000000000000000000e+00
1.308046189180664420e+01,-6.955004958362142276e+00,0.000000000000000000e+00
1.305927293423069990e+01,-6.654031911884328743e+00,0.000000000000000000e+00
1.303856653894105300e+01,-6.359333809225937273e+00,0.000000000000000000e+00
1.301854167255083183e+01,-6.070645679920446902e+00,0.000000000000000000e+00
1.299938491581956512e+01,-5.787699055889960142e+00,0.000000000000000000e+00
1.298127045198179097e+01,-5.510222389272158239e+00,0.000000000000000000e+00
1.296436006718431955e+01,-5.237941468312505400e+00,0.000000000000000000e+00
1.294880316293171418e+01,-4.970579831002330806e+00,0.000000000000000000e+00
1.293473678043138264e+01,-4.707859176145272606e+00,0.000000000000000000e+00
1.292228563672200004e+01,-4.449499771539821680e+00,0.000000000000000000e+00
1.291156217246110138e+01,-4.195220858968347954e+00,0.000000000000000000e+00
1.290266661124019265e+01,-3.944741055688361087e+00,0.000000000000000000e+00
1.289568703028810326e+01,-3.697778752124826873e+00,0.000000000000000000e+00
1.289069944241597732e+01,-3.454052505467683609e+00,0.000000000000000000e+00
1.288776788905006576e+01,-3.213281428883329571e+00,0.000000000000000000e+00
1.288694454419130331e+01,-2.975185576052895353e+00,0.000000000000000000e+00
1.288826982913378139e+01,-2.739486320756167270e+00,0.000000000000000000e+00
1.289177253776716725e+01,-2.505906731224329942e+00,0.000000000000000000e+00
1.289746997228170322e+01,-2.274171938990534603e+00,0.000000000000000000e+00
1.290536808908763611e+01,-2.044009501972279264e+00,0.000000000000000000e+00
1.291546165475456753e+01,-1.815149761525942651e+00,0.000000000000000000e+00
1.292773441177013716e+01,-1.587326193218574266e+00,0.000000000000000000e+00
1.294215925391103639e+01,-1.360275751068916739e+00,0.000000000000000000e+00
1.295869841101373865e+01,-1.133739205015108942e+00,0.000000000000000000e+00
1.297730364292638860e+01,-9.074614713727391369e-01,0.000000000000000000e+00
1.299791644241764210e+01,-6.811919360536429213e-01,0.000000000000000000e+00
1.302046824681302084e+01,-4.546847703215761705e-01,0.000000000000000000e+00
1.304488065812381947e+01,-2.276992388684132007e-01,0.000000000000000000e+00
1.307106567142879250e+01,-3.201487747192023865e-15,0.000000000000000000e+00
