2.950626256892972776e+01,0.000000000000000000e+00,0.000000000000000000e+00
2.922906045341260750e+01,5.101951480051140075e-01,0.000000000000000000e+00
2.894146926110549600e+01,1.010658376819567605e+00,0.000000000000000000e+00
2.864372535561156852e+01,1.501154036280942128e+00,0.000000000000000000e+00
2.833611554222942530e+01,1.981454222731059867e+00,0.000000000000000000e+00
2.801907347783778235e+01,2.451351291810690558e+00,0.000000000000000000e+00
2.769306455185398619e+01,2.910658371885626483e+00,0.000000000000000000e+00
2.735836174875965199e+01,3.359184434344274717e+00,0.000000000000000000e+00
2.701516465626503560e+01,3.796733790414031695e+00,0.000000000000000000e+00
2.666383756116837844e+01,4.223136989030002120e+00,0.000000000000000000e+00
2.630472462374035558e+01,4.638232671271748764e+00,0.000000000000000000e+00
2.593755746833366160e+01,5.041750438972035120e+00,0.000000000000000000e+00
2.556216015803424924e+01,5.433404872050188850e+00,0.000000000000000000e+00
2.517947123371595453e+01,5.813138977226152804e+00,0.000000000000000000e+00
2.479052529492667034e+01,6.180972161217420435e+00,0.000000000000000000e+00
2.439602101747851037e+01,6.536894130166062133e+00,0.000000000000000000e+00
2.399545549405278777e+01,6.880586142100472813e+00,0.000000000000000000e+00
2.358782882716720408e+01,7.211522981460063875e+00,0.000000000000000000e+00
2.317437596742912476e+01,7.529811199724234960e+00,0.000000000000000000e+00
2.275641740178817329e+01,7.835662890981125450e+00,0.000000000000000000e+00
2.233412605269668205e+01,8.128957091530903512e+00,0.000000000000000000e+00
2.190679223518512941e+01,8.409229662080679901e+00,0.000000000000000000e+00
2.147434994390992102e+01,8.676200560101337445e+00,0.000000000000000000e+00
2.103922326298135914e+01,8.930620427746852386e+00,0.000000000000000000e+00
2.060063491516342182e+01,9.171993599799336039e+00,0.000000000000000000e+00
2.015771302466501780e+01,9.399695954292058175e+00,0.000000000000000000e+00
1.971671575588881353e+01,9.616484813636956730e+00,0.000000000000000000e+00
1.928057473821241530e+01,9.823943509998608548e+00,0.000000000000000000e+00
1.884957840962738018e+01,1.002249862324145369e+01,0.000000000000000000e+00
1.842669803792360739e+01,1.021408551080803484e+01,0.000000000000000000e+00
1.801384676620757830e+01,1.040029927961061240e+01,0.000000000000000000e+00
1.761132859366351866e+01,1.058195380068643665e+01,0.000000000000000000e+00
1.721852934628175191e+01,1.075933127344281459e+01,0.000000000000000000e+00
1.683471855741565193e+01,1.093259406052876415e+01,0.000000000000000000e+00
1.645940720326131057e+01,1.110201034077733873e+01,0.000000000000000000e+00
1.609211652981110063e+01,1.126782129992280801e+01,0.000000000000000000e+00
1.573236081298256117e+01,1.143022919655682301e+01,0.000000000000000000e+00
1.537969737274195481e+01,1.158943324458500257e+01,0.000000000000000000e+00
1.503371077130519140e+01,1.174562213867996263e+01,0.000000000000000000e+00
1.469401098637666792e+01,1.189897548035984087e+01,0.000000000000000000e+00
1.436022318288512523e+01,1.204965797638233305e+01,0.000000000000000000e+00
1.403199884699344580e+01,1.219783050274398661e+01,0.000000000000000000e+00
1.370900244581710758e+01,1.234364124550270425e+01,0.000000000000000000e+00
1.339092037314064143e+01,1.248723526522181437e+01,0.000000000000000000e+00
1.307744937773819593e+01,1.262874606718953174e+01,0.000000000000000000e+00
1.276830505442016950e+01,1.276830505442016772e+01,0.000000000000000000e+00
1.246321213506936765e+01,1.290603397306681543e+01,0.000000000000000000e+00
1.216191040201598916e+01,1.304205216924565391e+01,0.000000000000000000e+00
1.186414870160835555e+01,1.317647202580076105e+01,0.000000000000000000e+00
1.156968666306994820e+01,1.330940201864193462e+01,0.000000000000000000e+00
1.127829391266722503e+01,1.344094728875457179e+01,0.000000000000000000e+00
1.098974652204237046e+01,1.357120673111109532e+01,0.000000000000000000e+00
1.070383144187167090e+01,1.370027948642882265e+01,0.000000000000000000e+00
1.042033899311061518e+01,1.382825690033668131e+01,0.000000000000000000e+00
1.013906959450375744e+01,1.395523208027396400e+01,0.000000000000000000e+00
9.859826631656099849e+00,1.408129175082247642e+01,0.000000000000000000e+00
9.582420277595586455e+00,1.420652228744823553e+01,0.000000000000000000e+00
9.306665468317557810e+00,1.433100808460524433e+01,0.000000000000000000e+00
9.032379798905996182e+00,1.445482927160212938e+01,0.000000000000000000e+00
8.759387132920830155e+00,1.457806828328527082e+01,0.000000000000000000e+00
8.487511772445591518e+00,1.470080161971473487e+01,0.000000000000000000e+00
8.216583062771066537e+00,1.482310823039334302e+01,0.000000000000000000e+00
7.946431606208061105e+00,1.494506422686005997e+01,0.000000000000000000e+00
7.676889564003824162e+00,1.506674410791675811e+01,0.000000000000000000e+00
7.407792149690844319e+00,1.518822470213208931e+01,0.000000000000000000e+00
7.138973475570577598e+00,1.530957802369528054e+01,0.000000000000000000e+00
6.870270431335144146e+00,1.543088003544551157e+01,0.000000000000000000e+00
6.601518895735796200e+00,1.555220390854938550e+01,0.000000000000000000e+00
6.332554745166875776e+00,1.567362299830151962e+01,0.000000000000000000e+00
6.063214313358963103e+00,1.579521330462636541e+01,0.000000000000000000e+00
5.793331328449962569e+00,1.591704700833531483e+01,0.000000000000000000e+00
5.522740003285511179e+00,1.603920159211718754e+01,0.000000000000000000e+00
5.251271492493398085e+00,1.616175182168465341e+01,0.000000000000000000e+00
4.978755232138069253e+00,1.628477458783041598e+01,0.000000000000000000e+00
4.705018507546768980e+00,1.640834950175740303e+01,0.000000000000000000e+00
4.429884399258143368e+00,1.653255364968812557e+01,0.000000000000000000e+00
4.153173943857808581e+00,1.665747086768276830e+01,0.000000000000000000e+00
3.874702853313253925e+00,1.678318192914634821e+01,0.000000000000000000e+00
3.594283190698087882e+00,1.690977292095050188e+01,0.000000000000000000e+00
3.311721728762185180e+00,1.703733131947963031e+01,0.000000000000000000e+00
3.026819312885230762e+00,1.716594534043376896e+01,0.000000000000000000e+00
2.739371361043777764e+00,1.729571008004757715e+01,0.000000000000000000e+00
2.449165507332732972e+00,1.742671809598308386e+01,0.000000000000000000e+00
2.155982879790951490e+00,1.755907146579981060e+01,0.000000000000000000e+00
1.859595609747550560e+00,1.769287036861047113e+01,0.000000000000000000e+00
1.559767429924713067e+00,1.782822330418311552e+01,0.000000000000000000e+00
1.256252001510690164e+00,1.796524060793076671e+01,0.000000000000000000e+00
9.487924358460765317e-01,1.810403815666154159e+01,0.000000000000000000e+00
6.371202940404671056e-01,1.824473811182842553e+01,0.000000000000000000e+00
3.209544080815301403e-01,1.838746572421387526e+01,0.000000000000000000e+00
1.134779531142994329e-15,1.853235613620305955e+01,0.000000000000000000e+00
-3.260527006793789706e-01,1.867954671152714496e+01,0.000000000000000000e+00
-6.575297256278732627e-01,1.882918776412579120e+01,0.000000000000000000e+00
-9.947746683645704024e-01,1.898143142055386079e+01,0.000000000000000000e+00
-1.338150432248601085e+00,1.913644273286204367e+01,0.000000000000000000e+00
-1.688040688254389909e+00,1.929439335593691851e+01,0.000000000000000000e+00
-2.044852822890868449e+00,1.945547501222957365e+01,0.000000000000000000e+00
-2.409017680829192543e+00,1.961987454378889595e+01,0.000000000000000000e+00
-2.780990758654232842e+00,1.978777744235863167e+01,0.000000000000000000e+00
-3.161266010477664867e+00,1.995944806194409793e+01,0.000000000000000000e+00
-3.550237634336850245e+00,2.013439815093716945e+01,0.000000000000000000e+00
-3.947036022378803910e+00,2.030574002010835244e+01,0.000000000000000000e+00
-4.350271311888360692e+00,2.046641739831031614e+01,0.000000000000000000e+00
-4.759951440506319464e+00,2.061761482731723305e+01,0.000000000000000000e+00
-5.175955948000787288e+00,2.075962542906300001e+01,0.000000000000000000e+00
-5.597584485852832969e+00,2.089046970086207722e+01,0.000000000000000000e+00
-6.024709587532991684e+00,2.101065923550936887e+01,0.000000000000000000e+00
-6.457279689538705014e+00,2.112081018081214268e+01,0.000000000000000000e+00
-6.894835248667302352e+00,2.122012093635900598e+01,0.000000000000000000e+00
-7.337108225768881553e+00,2.130850951996274389e+01,0.000000000000000000e+00
-7.783870107805697103e+00,2.138600735716396883e+01,0.000000000000000000e+00
-8.234710968959838340e+00,2.145215549615137363e+01,0.000000000000000000e+00
-8.689562339893550202e+00,2.150742150941186992e+01,0.000000000000000000e+00
-9.148144298614582226e+00,2.155167738878823513e+01,0.000000000000000000e+00
-9.609606751136336555e+00,2.158353014581042828e+01,0.000000000000000000e+00
-1.007447456153754395e+01,2.160478041771477464e+01,0.000000000000000000e+00
-1.054244773492151488e+01,2.161522109055852781e+01,0.000000000000000000e+00
-1.101188165542749786e+01,2.161203462232145966e+01,0.000000000000000000e+00
-1.148372083312325209e+01,2.159773769150391942e+01,0.000000000000000000e+00
-1.195793125401111112e+01,2.157267903648875063e+01,0.000000000000000000e+00
-1.243332550412554482e+01,2.153515148018737690e+01,0.000000000000000000e+00
-1.290968173677813624e+01,2.148531843819504772e+01,0.000000000000000000e+00
-1.338754413687792244e+01,2.142454914130681232e+01,0.000000000000000000e+00
-1.386637515641784724e+01,2.135234527847679686e+01,0.000000000000000000e+00
-1.434442206076908377e+01,2.126648026316933482e+01,0.000000000000000000e+00
-1.482276919190470466e+01,2.116910827581712340e+01,0.000000000000000000e+00
-1.530150303986930105e+01,2.106071214011081238e+01,0.000000000000000000e+00
-1.577946970834379492e+01,2.094006356437374450e+01,0.000000000000000000e+00
-1.625602226952837626e+01,2.080675967662719117e+01,0.000000000000000000e+00
-1.673197558109673011e+01,2.066226906831027321e+01,0.000000000000000000e+00
-1.720688557240378813e+01,2.050636769826969186e+01,0.000000000000000000e+00
-1.767896585269902232e+01,2.033732378928399953e+01,0.000000000000000000e+00
-1.814926918382788656e+01,2.015680549056306248e+01,0.000000000000000000e+00
-1.861777536992426008e+01,1.996511975697499253e+01,0.000000000000000000e+00
-1.908342183215711074e+01,1.976146179805145309e+01,0.000000000000000000e+00
-1.954569103863705593e+01,1.954569103863705948e+01,0.000000000000000000e+00
-2.000521612104334679e+01,1.931881264568106715e+01,0.000000000000000000e+00
-2.046165083571036547e+01,1.908079809158121165e+01,0.000000000000000000e+00
-2.091315196085323791e+01,1.883028660456757208e+01,0.000000000000000000e+00
-2.136113872571308647e+01,1.856895459891499556e+01,0.000000000000000000e+00
-2.180552186942428250e+01,1.829700535826203733e+01,0.000000000000000000e+00
-2.224388844290823997e+01,1.801274569723804220e+01,0.000000000000000000e+00
-2.267765751247303641e+01,1.771772785733726607e+01,0.000000000000000000e+00
-2.310716509998817614e+01,1.741249784749002316e+01,0.000000000000000000e+00
-2.353037269836875112e+01,1.709581646518116571e+01,0.000000000000000000e+00
-2.394751990606825842e+01,1.676823395965606522e+01,0.000000000000000000e+00
-2.435921942463919621e+01,1.643050096555261774e+01,0.000000000000000000e+00
-2.476519031003782700e+01,1.608270263431998615e+01,0.000000000000000000e+00
-2.516444305952562033e+01,1.572448922576495001e+01,0.000000000000000000e+00
-2.555604532616716185e+01,1.535562121457719975e+01,0.000000000000000000e+00
-2.594058673772318357e+01,1.497680473596131279e+01,0.000000000000000000e+00
-2.631839617612146753e+01,1.458852522014407604e+01,0.000000000000000000e+00
-2.668889659442413986e+01,1.419073803989323146e+01,0.000000000000000000e+00
-2.705167007688226022e+01,1.378351435549842741e+01,0.000000000000000000e+00
-2.740648368597122797e+01,1.336703523164679375e+01,0.000000000000000000e+00
-2.775306004805272053e+01,1.294146443764251941e+01,0.000000000000000000e+00
-2.809110891783178943e+01,1.250696749234515259e+01,0.000000000000000000e+00
-2.842040542039631745e+01,1.206374636742518192e+01,0.000000000000000000e+00
-2.874074844511570603e+01,1.161201612195775645e+01,0.000000000000000000e+00
-2.905191716485374798e+01,1.115198614841541414e+01,0.000000000000000000e+00
-2.935371341101067699e+01,1.068387794678852742e+01,0.000000000000000000e+00
-2.964616912954527805e+01,1.020799465955807506e+01,0.000000000000000000e+00
-2.992941948359351301e+01,9.724657887036434190e+00,0.000000000000000000e+00
-3.020316474812011620e+01,9.234034140650946298e+00,0.000000000000000000e+00
-3.046666221620978732e+01,8.736174809970375321e+00,0.000000000000000000e+00
-3.071935336374229308e+01,8.231225925821050282e+00,0.000000000000000000e+00
-3.096138220311062739e+01,7.719539589965971338e+00,0.000000000000000000e+00
-3.119304793978398749e+01,7.201482553550909493e+00,0.000000000000000000e+00
-3.141439346140365174e+01,6.677335461105183612e+00,0.000000000000000000e+00
-3.162506045569501367e+01,6.147289027877038237e+00,0.000000000000000000e+00
-3.182465999874982998e+01,5.611546209653015538e+00,0.000000000000000000e+00
-3.201292308694603861e+01,5.070348906278378642e+00,0.000000000000000000e+00
-3.218982168523356791e+01,4.523984408563862303e+00,0.000000000000000000e+00
-3.235536385082934885e+01,3.972739143277796092e+00,0.000000000000000000e+00
-3.250956202859489252e+01,3.416892655837548087e+00,0.000000000000000000e+00
-3.265233706609413389e+01,2.856709330910566891e+00,0.000000000000000000e+00
-3.278350267011285268e+01,2.292445826062560421e+00,0.000000000000000000e+00
-3.290287220544822588e+01,1.724366464321240855e+00,0.000000000000000000e+00
-3.301026522018079845e+01,1.152743862615396520e+00,0.000000000000000000e+00
-3.310550775712851390e+01,5.778587873822866872e-01,0.000000000000000000e+00
-3.318845160460889332e+01,4.064413102624112220e-15,0.000000000000000000e+00
-3.299182232512480795e+01,-5.758744007852760749e-01,0.000000000000000000e+00
-3.273019681445190798e+01,-1.142963658377008418e+00,0.000000000000000000e+00
-3.237564752896983578e+01,-1.696735789843780706e+00,0.000000000000000000e+00
-3.197818206497501947e+01,-2.236132323552844525e+00,0.000000000000000000e+00
-3.158532643841241594e+01,-2.763357997126727916e+00,0.000000000000000000e+00
-3.121023632874321763e+01,-3.280328021793590842e+00,0.000000000000000000e+00
-3.084176186149100118e+01,-3.786892187635116258e+00,0.000000000000000000e+00
-3.047830769364350445e+01,-4.283446803580979179e+00,0.000000000000000000e+00
-3.012207224188653854e+01,-4.770867553446445086e+00,0.000000000000000000e+00
-2.977262289732184897e+01,-5.249716703256476436e+00,0.000000000000000000e+00
-2.942894731092320626e+01,-5.720407875894879091e+00,0.000000000000000000e+00
-2.909074485795327192e+01,-6.183428703426429252e+00,0.000000000000000000e+00
-2.875783346302931065e+01,-6.639268992299764527e+00,0.000000000000000000e+00
-2.842988618554097968e+01,-7.088366743699857864e+00,0.000000000000000000e+00
-2.810655096000972719e+01,-7.531127631758803176e+00,0.000000000000000000e+00
-2.778754412522785344e+01,-7.967950059478352109e+00,0.000000000000000000e+00
-2.747259539459777500e+01,-8.399215311428433139e+00,0.000000000000000000e+00
-2.716144437305699810e+01,-8.825288254940657495e+00,0.000000000000000000e+00
-2.685383040934902610e+01,-9.246515332536587195e+00,0.000000000000000000e+00
-2.654951028684023839e+01,-9.663231478754186199e+00,0.000000000000000000e+00
-2.624824924570138407e+01,-1.007575886807024901e+01,0.000000000000000000e+00
-2.594981975605733737e+01,-1.048440773714243512e+01,0.000000000000000000e+00
-2.565400508687576320e+01,-1.088947909429184868e+01,0.000000000000000000e+00
-2.536058922756460987e+01,-1.129126180043841643e+01,0.000000000000000000e+00
-2.506937062049630072e+01,-1.169003950546334814e+01,0.000000000000000000e+00
-2.478014531819209765e+01,-1.208608442108004510e+01,0.000000000000000000e+00
-2.449272128828233619e+01,-1.247966482375382036e+01,0.000000000000000000e+00
-2.420690698932974527e+01,-1.287104075757880217e+01,0.000000000000000000e+00
-2.392251550698621543e+01,-1.326046687904168131e+01,0.000000000000000000e+00
-2.363936649511496668e+01,-1.364819460942685225e+01,0.000000000000000000e+00
-2.335727692992174553e+01,-1.403446787491093595e+01,0.000000000000000000e+00
-2.307607344261744586e+01,-1.441953105670040003e+01,0.000000000000000000e+00
-2.279557863021733510e+01,-1.480362185379404316e+01,0.000000000000000000e+00
-2.251562058660919874e+01,-1.518697784766057168e+01,0.000000000000000000e+00
-2.223602836890594858e+01,-1.556983468375290336e+01,0.000000000000000000e+00
-2.195662879526681621e+01,-1.595242459138845170e+01,0.000000000000000000e+00
-2.167725468909404540e+01,-1.633498306607660666e+01,0.000000000000000000e+00
-2.139773271704439850e+01,-1.671774101165931370e+01,0.000000000000000000e+00
-2.111789435883232358e+01,-1.710093366648133539e+01,0.000000000000000000e+00
-2.083756794180227345e+01,-1.748479557459779699e+01,0.000000000000000000e+00
-2.055657945264664832e+01,-1.786956189305126586e+01,0.000000000000000000e+00
-2.027475680576778316e+01,-1.825547302506846492e+01,0.000000000000000000e+00
-1.999192044319975281e+01,-1.864276741414768779e+01,0.000000000000000000e+00
-1.970789555098494361e+01,-1.903169350865643850e+01,0.000000000000000000e+00
-1.942250014353476573e+01,-1.942250014353476217e+01,0.000000000000000000e+00
-1.913554684833093944e+01,-1.981543883240628290e+01,0.000000000000000000e+00
-1.884684214830526017e+01,-2.021076380261692051e+01,0.000000000000000000e+00
-1.855619136692433813e+01,-2.060873835967160161e+01,0.000000000000000000e+00
-1.826341776654471616e+01,-2.100965880651193274e+01,0.000000000000000000e+00
-1.796832558009333880e+01,-2.141381656297867053e+01,0.000000000000000000e+00
-1.767065422811355546e+01,-2.182144066041149344e+01,0.000000000000000000e+00
-1.737011846433868811e+01,-2.223273777863280998e+01,0.000000000000000000e+00
-1.706661227290425842e+01,-2.264815943936093845e+01,0.000000000000000000e+00
-1.676017116274967123e+01,-2.306839657241097186e+01,0.000000000000000000e+00
-1.645003452007454570e+01,-2.349308401068342178e+01,0.000000000000000000e+00
-1.613413214490141456e+01,-2.391983457885759634e+01,0.000000000000000000e+00
-1.581078841056038087e+01,-2.434647912370759215e+01,0.000000000000000000e+00
-1.547954813313564593e+01,-2.477245537140990095e+01,0.000000000000000000e+00
-1.514020493342244222e+01,-2.519753242927705017e+01,0.000000000000000000e+00
-1.479263351892596567e+01,-2.562159283252612951e+01,0.000000000000000000e+00
-1.443672641669398971e+01,-2.604454388550447774e+01,0.000000000000000000e+00
-1.407237561294813943e+01,-2.646628924556588203e+01,0.000000000000000000e+00
-1.369946587462782439e+01,-2.688671564535386338e+01,0.000000000000000000e+00
-1.331786738574551876e+01,-2.730567466263763521e+01,0.000000000000000000e+00
-1.292752587944396225e+01,-2.772316871353401524e+01,0.000000000000000000e+00
-1.252846388532742772e+01,-2.813939060697630268e+01,0.000000000000000000e+00
-1.212033328750915295e+01,-2.855371584995081236e+01,0.000000000000000000e+00
-1.170270080685935632e+01,-2.896520091652184803e+01,0.000000000000000000e+00
-1.127581720042570446e+01,-2.937450808431523086e+01,0.000000000000000000e+00
-1.083973060018193735e+01,-2.978191505697119013e+01,0.000000000000000000e+00
-1.039402957515841308e+01,-3.018645375505927575e+01,0.000000000000000000e+00
-9.938733049035143097e+00,-3.058827508539505402e+01,0.000000000000000000e+00
-9.473784515180874166e+00,-3.098735288843382563e+01,0.000000000000000000e+00
-8.998817598220451686e+00,-3.138260646952380384e+01,0.000000000000000000e+00
-8.514096911273421497e+00,-3.177504225343767530e+01,0.000000000000000000e+00
-8.019491057880950180e+00,-3.216442183161011314e+01,0.000000000000000000e+00
-7.514473667204867979e+00,-3.254876139744143160e+01,0.000000000000000000e+00
-6.999305780131292565e+00,-3.292914471865218928e+01,0.000000000000000000e+00
-6.474014008096751205e+00,-3.330591476480221758e+01,0.000000000000000000e+00
-5.938436380151926208e+00,-3.367854627971202319e+01,0.000000000000000000e+00
-5.392396254261798916e+00,-3.404625001807342244e+01,0.000000000000000000e+00
-4.835745844000576277e+00,-3.440811956354687595e+01,0.000000000000000000e+00
-4.268596017769288764e+00,-3.476492472978597448e+01,0.000000000000000000e+00
-3.690907789883388190e+00,-3.511664187987979346e+01,0.000000000000000000e+00
-3.102592017339794062e+00,-3.546278903232364144e+01,0.000000000000000000e+00
-2.503598526493570731e+00,-3.580312696818016605e+01,0.000000000000000000e+00
-1.893873167365914378e+00,-3.613725277572945060e+01,0.000000000000000000e+00
-1.273385443861360322e+00,-3.646498809719204814e+01,0.000000000000000000e+00
-6.420983866389483596e-01,-3.678579193371791689e+01,0.000000000000000000e+00
-6.813973433549502459e-15,-3.709354369653713945e+01,0.000000000000000000e+00
6.524692364329998107e-01,-3.737993752049828089e+01,0.000000000000000000e+00
1.314588894087145743e+00,-3.764490053398707659e+01,0.000000000000000000e+00
1.985638138889325832e+00,-3.788823274051339496e+01,0.000000000000000000e+00
2.664887804354681755e+00,-3.810967110165818639e+01,0.000000000000000000e+00
3.351606756409903909e+00,-3.830904052405362137e+01,0.000000000000000000e+00
4.044984254283495950e+00,-3.848545440684512187e+01,0.000000000000000000e+00
4.744274108213318186e+00,-3.863901188655942320e+01,0.000000000000000000e+00
5.448752754170310020e+00,-3.876989037178098130e+01,0.000000000000000000e+00
6.157673559207196057e+00,-3.887802076131895035e+01,0.000000000000000000e+00
6.870291734822663088e+00,-3.896336061116967642e+01,0.000000000000000000e+00
7.585862656564627216e+00,-3.902588019442869438e+01,0.000000000000000000e+00
8.303642463578604804e+00,-3.906556635249572196e+01,0.000000000000000000e+00
9.022887628556967243e+00,-3.908242007947148977e+01,0.000000000000000000e+00
9.742854761922970397e+00,-3.907645611732960589e+01,0.000000000000000000e+00
1.046280084162573587e+01,-3.904770433042173750e+01,0.000000000000000000e+00
1.118198140516283523e+01,-3.899620346312529762e+01,0.000000000000000000e+00
1.189965653333954343e+01,-3.892202273113556288e+01,0.000000000000000000e+00
1.261507216211737159e+01,-3.882519991362649137e+01,0.000000000000000000e+00
1.332750330234338776e+01,-3.870588006292616257e+01,0.000000000000000000e+00
1.403570178465195006e+01,-3.856277371953014210e+01,0.000000000000000000e+00
1.473936537410643055e+01,-3.839735955661111433e+01,0.000000000000000000e+00
1.543781975130399609e+01,-3.820994471186295982e+01,0.000000000000000000e+00
1.613035051535861797e+01,-3.800072442317402022e+01,0.000000000000000000e+00
1.681623990733692864e+01,-3.776989323067441262e+01,0.000000000000000000e+00
1.749478024959356048e+01,-3.751767731804731199e+01,0.000000000000000000e+00
1.816527136233271378e+01,-3.724432565752113788e+01,0.000000000000000000e+00
1.882702391244781381e+01,-3.695011491796677916e+01,0.000000000000000000e+00
1.947936217459669450e+01,-3.663535196983031739e+01,0.000000000000000000e+00
2.012162399077966413e+01,-3.630037059298166469e+01,0.000000000000000000e+00
2.075317435501784402e+01,-3.594555240122636519e+01,0.000000000000000000e+00
2.137337378018085587e+01,-3.557126745096353204e+01,0.000000000000000000e+00
2.198168396875347597e+01,-3.517804786166432507e+01,0.000000000000000000e+00
2.257744594486175416e+01,-3.476621798291028398e+01,0.000000000000000000e+00
2.315899780453447576e+01,-3.433462621487504407e+01,0.000000000000000000e+00
2.372648546828535032e+01,-3.388493292852746919e+01,0.000000000000000000e+00
2.427970641418504627e+01,-3.341814894283230331e+01,0.000000000000000000e+00
2.481806025818877259e+01,-3.293467834829273500e+01,0.000000000000000000e+00
2.534163715759793689e+01,-3.243581642594065784e+01,0.000000000000000000e+00
2.584936843832253572e+01,-3.192131158271139313e+01,0.000000000000000000e+00
2.633830375296671633e+01,-3.138876812043565323e+01,0.000000000000000000e+00
2.681056517935089190e+01,-3.084202716206496930e+01,0.000000000000000000e+00
2.726604139880993571e+01,-3.028200680736921768e+01,0.000000000000000000e+00
2.770305346489047338e+01,-2.970788770788939459e+01,0.000000000000000000e+00
2.812137605063136547e+01,-2.912053736593290765e+01,0.000000000000000000e+00
2.852034840998757304e+01,-2.852034840998758725e+01,0.000000000000000000e+00
2.889938671646141799e+01,-2.790781335089548065e+01,0.000000000000000000e+00
2.925873898597298961e+01,-2.728421550578395482e+01,0.000000000000000000e+00
2.959805699069533347e+01,-2.665021021778002464e+01,0.000000000000000000e+00
2.991626770338489649e+01,-2.600581475951240051e+01,0.000000000000000000e+00
3.021340867478914305e+01,-2.535206007562402064e+01,0.000000000000000000e+00
3.049050664438653513e+01,-2.469072544465051422e+01,0.000000000000000000e+00
3.074897259147725848e+01,-2.402373031557018379e+01,0.000000000000000000e+00
3.099063520200949640e+01,-2.335311867173247791e+01,0.000000000000000000e+00
3.121715431843689359e+01,-2.268059021565061784e+01,0.000000000000000000e+00
3.142878426220166332e+01,-2.200667165716031803e+01,0.000000000000000000e+00
3.162533750615999750e+01,-2.133155949592113387e+01,0.000000000000000000e+00
3.180665829758304142e+01,-2.065548541268902838e+01,0.000000000000000000e+00
3.197275116253542393e+01,-1.997879229769171161e+01,0.000000000000000000e+00
3.212367548748688506e+01,-1.930185153885184945e+01,0.000000000000000000e+00
3.225950017874270515e+01,-1.862503111211990259e+01,0.000000000000000000e+00
3.238029485150570963e+01,-1.794869052489909933e+01,0.000000000000000000e+00
3.248610748874832410e+01,-1.727316974973608055e+01,0.000000000000000000e+00
3.257698703222749970e+01,-1.659880396076990294e+01,0.000000000000000000e+00
3.265298983382646725e+01,-1.592592725606695936e+01,0.000000000000000000e+00
3.271417964126739264e+01,-1.525487249698132075e+01,0.000000000000000000e+00
3.276062758041408074e+01,-1.458597114751032819e+01,0.000000000000000000e+00
3.279241213415642875e+01,-1.391955311371566850e+01,0.000000000000000000e+00
3.280961911787020568e+01,-1.325594658328211750e+01,0.000000000000000000e+00
3.281234165144664416e+01,-1.259547786528496793e+01,0.000000000000000000e+00
3.280067653794154126e+01,-1.193846992360450621e+01,0.000000000000000000e+00
3.277471925963014598e+01,-1.128524085890727235e+01,0.000000000000000000e+00
3.273459264420016268e+01,-1.063611389826145626e+01,0.000000000000000000e+00
3.268043293601655819e+01,-9.991411031892406314e+00,0.000000000000000000e+00
3.261238380429158212e+01,-9.351450574475880018e+00,0.000000000000000000e+00
3.253059625064478411e+01,-8.716546994663175951e+00,0.000000000000000000e+00
3.243522851280087593e+01,-8.087010746858835475e+00,0.000000000000000000e+00
3.232644596447918417e+01,-7.463148105337580773e+00,0.000000000000000000e+00
3.220442101153080472e+01,-6.845261000784822691e+00,0.000000000000000000e+00
3.206933298438044488e+01,-6.233646859344298186e+00,0.000000000000000000e+00
3.192136785746321692e+01,-5.628598414390731719e+00,0.000000000000000000e+00
3.176071686814515971e+01,-5.030403365467239318e+00,0.000000000000000000e+00
3.158757709615144549e+01,-4.439344451319280793e+00,0.000000000000000000e+00
3.140215205618880745e+01,-3.855699451625376639e+00,0.000000000000000000e+00
3.120464986330070545e+01,-3.279740860615414810e+00,0.000000000000000000e+00
3.099526090689778712e+01,-2.711733952381810919e+00,0.000000000000000000e+00
3.077416400484760572e+01,-2.151939179085736065e+00,0.000000000000000000e+00
3.054154495633073907e+01,-1.600614547034478141e+00,0.000000000000000000e+00
3.029766127828338185e+01,-1.058017645637980397e+00,0.000000000000000000e+00
3.004286503124598084e+01,-5.244001597500776990e-01,0.000000000000000000e+00
2.977750751069729773e+01,-7.293385851912343127e-15,0.000000000000000000e+00
