4.330515681265824668e+01,0.000000000000000000e+00,0.000000000000000000e+00
4.284530037997879504e+01,7.478675000015153618e-01,0.000000000000000000e+00
4.235474698172667729e+01,1.479060356230174955e+00,0.000000000000000000e+00
4.183395159493944959e+01,2.192424501725016128e+00,0.000000000000000000e+00
4.127938848314309439e+01,2.886536035603857187e+00,0.000000000000000000e+00
4.071073862624525219e+01,3.561728113563408460e+00,0.000000000000000000e+00
4.013793655594882637e+01,4.218667126855240923e+00,0.000000000000000000e+00
3.956227699774058948e+01,4.857636809486661100e+00,0.000000000000000000e+00
3.898389630439929476e+01,5.478829326571749370e+00,0.000000000000000000e+00
3.840293976756837679e+01,6.082428121903195262e+00,0.000000000000000000e+00
3.781824083221941635e+01,6.668376221650833990e+00,0.000000000000000000e+00
3.723131610235947164e+01,7.237034733580748558e+00,0.000000000000000000e+00
3.664318615073342755e+01,7.788749656834470514e+00,0.000000000000000000e+00
3.605428099796786512e+01,8.323786636333601052e+00,0.000000000000000000e+00
3.546483660887356848e+01,8.842376882850167874e+00,0.000000000000000000e+00
3.487539436115455516e+01,9.344833754788291813e+00,0.000000000000000000e+00
3.428600223397878466e+01,9.831352936709595980e+00,0.000000000000000000e+00
3.369522982953138523e+01,1.030166557768881574e+01,0.000000000000000000e+00
3.310522956060517430e+01,1.075654113255246358e+01,0.000000000000000000e+00
3.251658861696021319e+01,1.119635935079980449e+01,0.000000000000000000e+00
3.192939175355801495e+01,1.162134819651986106e+01,0.000000000000000000e+00
3.134405261385593633e+01,1.203185451071711221e+01,0.000000000000000000e+00
3.076071601847359105e+01,1.242813599693093529e+01,0.000000000000000000e+00
3.017910429879383116e+01,1.281026975060100348e+01,0.000000000000000000e+00
2.959905283402335385e+01,1.317834737967011982e+01,0.000000000000000000e+00
2.902176720338407279e+01,1.353307230012956985e+01,0.000000000000000000e+00
2.844768286788278289e+01,1.387486200385317758e+01,0.000000000000000000e+00
2.787697841275161181e+01,1.420402995630375287e+01,0.000000000000000000e+00
2.730972363354442578e+01,1.452083763202396050e+01,0.000000000000000000e+00
2.674548933899312786e+01,1.482526682613742608e+01,0.000000000000000000e+00
2.618443984271025826e+01,1.511759339176832739e+01,0.000000000000000000e+00
2.562741172704703274e+01,1.539850247438763908e+01,0.000000000000000000e+00
2.507485059059725785e+01,1.566850563776972471e+01,0.000000000000000000e+00
2.452662537620992822e+01,1.592777675482147792e+01,0.000000000000000000e+00
2.398242483230396971e+01,1.617634980392233501e+01,0.000000000000000000e+00
2.344220611909568674e+01,1.641440943685658382e+01,0.000000000000000000e+00
2.290667123813136996e+01,1.664267082953965371e+01,0.000000000000000000e+00
2.237638440615285162e+01,1.686181509591348870e+01,0.000000000000000000e+00
2.185094971529607122e+01,1.707183293808187230e+01,0.000000000000000000e+00
2.132944366071722797e+01,1.727224291338126960e+01,0.000000000000000000e+00
2.081299347397617439e+01,1.746417514770854140e+01,0.000000000000000000e+00
2.030210728752446414e+01,1.764835261476718387e+01,0.000000000000000000e+00
1.979626145219342703e+01,1.782463387353239170e+01,0.000000000000000000e+00
1.929483462435343455e+01,1.799272437174088068e+01,0.000000000000000000e+00
1.879873314294047404e+01,1.815372557673132192e+01,0.000000000000000000e+00
1.830803840714334640e+01,1.830803840714334285e+01,0.000000000000000000e+00
1.782219247720896504e+01,1.845542056836012534e+01,0.000000000000000000e+00
1.734142772471872007e+01,1.859640447914287975e+01,0.000000000000000000e+00
1.686588320636595739e+01,1.873146096263754856e+01,0.000000000000000000e+00
1.639545408708167429e+01,1.886081240382133828e+01,0.000000000000000000e+00
1.592988494158417723e+01,1.898449760874535031e+01,0.000000000000000000e+00
1.546933419999420600e+01,1.910303681706326984e+01,0.000000000000000000e+00
1.501384220075736664e+01,1.921684169192671021e+01,0.000000000000000000e+00
1.456310262107976783e+01,1.932588992003052653e+01,0.000000000000000000e+00
1.411710968174753056e+01,1.943053453526586694e+01,0.000000000000000000e+00
1.367589198346977142e+01,1.953119787661282203e+01,0.000000000000000000e+00
1.323932396169213099e+01,1.962810495510021980e+01,0.000000000000000000e+00
1.280722279923812934e+01,1.972139367231412166e+01,0.000000000000000000e+00
1.237944771087212636e+01,1.981125762216685615e+01,0.000000000000000000e+00
1.195600986040982328e+01,1.989814190146055495e+01,0.000000000000000000e+00
1.153678205895380593e+01,1.998229268195706965e+01,0.000000000000000000e+00
1.112151856264014782e+01,2.006375059814042672e+01,0.000000000000000000e+00
1.071009699479549049e+01,2.014276286453809206e+01,0.000000000000000000e+00
1.030241341256994403e+01,2.021962479556693637e+01,0.000000000000000000e+00
9.898317338662824483e+00,2.029455806463133882e+01,0.000000000000000000e+00
9.497638730904201410e+00,2.036775198692368249e+01,0.000000000000000000e+00
9.100194565029953608e+00,2.043937164274055718e+01,0.000000000000000000e+00
8.705796326787703876e+00,2.050957087284255564e+01,0.000000000000000000e+00
8.314255730312682502e+00,2.057850505403802899e+01,0.000000000000000000e+00
7.925396013832797237e+00,2.064636248900365700e+01,0.000000000000000000e+00
7.539045674210857584e+00,2.071335775413136915e+01,0.000000000000000000e+00
7.155038937173032743e+00,2.077974191153197125e+01,0.000000000000000000e+00
6.773177332626514335e+00,2.084569637099321682e+01,0.000000000000000000e+00
6.393231740867140189e+00,2.091131878019120549e+01,0.000000000000000000e+00
6.014961503874265425e+00,2.097666362775814619e+01,0.000000000000000000e+00
5.638122382495563301e+00,2.104175919076473278e+01,0.000000000000000000e+00
5.262478015747063864e+00,2.110664648870987037e+01,0.000000000000000000e+00
4.887795380420043578e+00,2.117136776872697368e+01,0.000000000000000000e+00
4.513843473710726251e+00,2.123596391589228460e+01,0.000000000000000000e+00
4.140392483690345848e+00,2.130047277966244579e+01,0.000000000000000000e+00
3.767214441705996730e+00,2.136493477384848916e+01,0.000000000000000000e+00
3.394081737306753332e+00,2.142938870985140909e+01,0.000000000000000000e+00
3.020767058143592365e+00,2.149387446389053835e+01,0.000000000000000000e+00
2.647042472524952839e+00,2.155843090580563626e+01,0.000000000000000000e+00
2.272679043727043435e+00,2.162309670949316143e+01,0.000000000000000000e+00
1.897446589446531551e+00,2.168791375906999264e+01,0.000000000000000000e+00
1.521112606218066210e+00,2.175292372040185995e+01,0.000000000000000000e+00
1.143441318385322480e+00,2.181816009050643501e+01,0.000000000000000000e+00
7.641941886796368433e-01,2.188365834436221036e+01,0.000000000000000000e+00
3.831299260861882883e-01,2.194949876507331510e+01,0.000000000000000000e+00
1.348073107383524357e-15,2.201570458228618321e+01,0.000000000000000000e+00
-3.854442156384520479e-01,2.208208432472512683e+01,0.000000000000000000e+00
-7.733802160411989979e-01,2.214671175055177343e+01,0.000000000000000000e+00
-1.163717221519168232e+00,2.220504736967053461e+01,0.000000000000000000e+00
-1.556212934200473796e+00,2.225488179637936526e+01,0.000000000000000000e+00
-1.950670697763040362e+00,2.229626810089550304e+01,0.000000000000000000e+00
-2.346839827295439829e+00,2.232868943257358652e+01,0.000000000000000000e+00
-2.744432939143217176e+00,2.235161260472690259e+01,0.000000000000000000e+00
-3.143277447715096429e+00,2.236558118052512611e+01,0.000000000000000000e+00
-3.543227672145213614e+00,2.237105908184538094e+01,0.000000000000000000e+00
-3.944071515499966818e+00,2.236794108112703583e+01,0.000000000000000000e+00
-4.345568001903131972e+00,2.235600931586283480e+01,0.000000000000000000e+00
-4.747453453708819993e+00,2.233501246166599330e+01,0.000000000000000000e+00
-5.149464002995784995e+00,2.230477909447095186e+01,0.000000000000000000e+00
-5.551363943033725157e+00,2.226530465783802271e+01,0.000000000000000000e+00
-5.953012658597685913e+00,2.221694569998723523e+01,0.000000000000000000e+00
-6.354271060507715063e+00,2.215997667649490666e+01,0.000000000000000000e+00
-6.754950037723915557e+00,2.209444601861882163e+01,0.000000000000000000e+00
-7.154706529413053850e+00,2.201992249889485720e+01,0.000000000000000000e+00
-7.553135215353505849e+00,2.193589745298596938e+01,0.000000000000000000e+00
-7.950121353892686926e+00,2.184277890174416825e+01,0.000000000000000000e+00
-8.345594713770221773e+00,2.174101752720920189e+01,0.000000000000000000e+00
-8.739335857520201145e+00,2.163061528853787507e+01,0.000000000000000000e+00
-9.131134851843691891e+00,2.151160564337168069e+01,0.000000000000000000e+00
-9.520809913408218250e+00,2.138408918286667060e+01,0.000000000000000000e+00
-9.908062096317967971e+00,2.124790773439233504e+01,0.000000000000000000e+00
-1.029254002300195125e+01,2.110283434876955155e+01,0.000000000000000000e+00
-1.067405711812822311e+01,2.094901663640048994e+01,0.000000000000000000e+00
-1.105248090502684022e+01,2.078669334581895356e+01,0.000000000000000000e+00
-1.142765570993546831e+01,2.061603663152375532e+01,0.000000000000000000e+00
-1.179940275065096067e+01,2.043716506309543490e+01,0.000000000000000000e+00
-1.216750308998320307e+01,2.025012574409556976e+01,0.000000000000000000e+00
-1.253174250800440781e+01,2.005498024461095241e+01,0.000000000000000000e+00
-1.289191913589967342e+01,1.985181459370267731e+01,0.000000000000000000e+00
-1.324783255901724566e+01,1.964071946939122881e+01,0.000000000000000000e+00
-1.359928343745298385e+01,1.942178953431952593e+01,0.000000000000000000e+00
-1.394607745935791066e+01,1.919512887655078970e+01,0.000000000000000000e+00
-1.428802553933040009e+01,1.896085030314857178e+01,0.000000000000000000e+00
-1.462494651542175106e+01,1.871907791368539620e+01,0.000000000000000000e+00
-1.495666653260508738e+01,1.846994497235699839e+01,0.000000000000000000e+00
-1.528301526522567322e+01,1.821358834800484772e+01,0.000000000000000000e+00
-1.560382658610493856e+01,1.795014913641038845e+01,0.000000000000000000e+00
-1.591896001136700356e+01,1.767979621168966275e+01,0.000000000000000000e+00
-1.622830624862230309e+01,1.740272783772060095e+01,0.000000000000000000e+00
-1.653166981865874163e+01,1.711904523479777041e+01,0.000000000000000000e+00
-1.682866029894891469e+01,1.682866029894891469e+01,0.000000000000000000e+00
-1.711894077050523322e+01,1.653156893866405852e+01,0.000000000000000000e+00
-1.740260739461070116e+01,1.622819393360530782e+01,0.000000000000000000e+00
-1.767989522470554675e+01,1.591904916308695483e+01,0.000000000000000000e+00
-1.795069118275491249e+01,1.560429777980352206e+01,0.000000000000000000e+00
-1.821451985206004309e+01,1.528379688993483221e+01,0.000000000000000000e+00
-1.847095664132921300e+01,1.495748576598566970e+01,0.000000000000000000e+00
-1.871995957545597378e+01,1.462563534509054541e+01,0.000000000000000000e+00
-1.896161451471580861e+01,1.428860141405202100e+01,0.000000000000000000e+00
-1.919593532470901565e+01,1.394666337824149949e+01,0.000000000000000000e+00
-1.942273337112874643e+01,1.359994431910163115e+01,0.000000000000000000e+00
-1.964178911969731089e+01,1.324855404725875019e+01,0.000000000000000000e+00
-1.985292306236458870e+01,1.289263898386554352e+01,0.000000000000000000e+00
-2.005606452274541596e+01,1.253242004017958600e+01,0.000000000000000000e+00
-2.025116688727680980e+01,1.216812867191958247e+01,0.000000000000000000e+00
-2.043818535463364583e+01,1.179999181624520155e+01,0.000000000000000000e+00
-2.061703153259428234e+01,1.142820719260416773e+01,0.000000000000000000e+00
-2.078759451565154848e+01,1.105296006552635468e+01,0.000000000000000000e+00
-2.094976709543490045e+01,1.067443949610506593e+01,0.000000000000000000e+00
-2.110344885589605113e+01,1.029283973815344488e+01,0.000000000000000000e+00
-2.124856940438600716e+01,9.908370638103193073e+00,0.000000000000000000e+00
-2.138507783482842228e+01,9.521250089621384305e+00,0.000000000000000000e+00
-2.151292911559863441e+01,9.131696632473985886e+00,0.000000000000000000e+00
-2.163208394014594660e+01,8.739929231286481581e+00,0.000000000000000000e+00
-2.174250814111314511e+01,8.346166906838067945e+00,0.000000000000000000e+00
-2.184416224675212703e+01,7.950624850299308655e+00,0.000000000000000000e+00
-2.193700229608360175e+01,7.553515643340371177e+00,0.000000000000000000e+00
-2.202098915965877524e+01,7.155053108504454862e+00,0.000000000000000000e+00
-2.209608892400597924e+01,6.755452324307501755e+00,0.000000000000000000e+00
-2.216227293171066393e+01,6.354929501095361921e+00,0.000000000000000000e+00
-2.221951781863144504e+01,5.953701855711243773e+00,0.000000000000000000e+00
-2.226780554821919011e+01,5.551987485037789050e+00,0.000000000000000000e+00
-2.230712344290765259e+01,5.150005238478738256e+00,0.000000000000000000e+00
-2.233746421254587844e+01,4.747974589445919769e+00,0.000000000000000000e+00
-2.235882597984338460e+01,4.346115505918413113e+00,0.000000000000000000e+00
-2.237121230280127548e+01,3.944648320141012743e+00,0.000000000000000000e+00
-2.237463219410340187e+01,3.543793597530421557e+00,0.000000000000000000e+00
-2.236911268375316553e+01,3.143773768126518320e+00,0.000000000000000000e+00
-2.235473670214223674e+01,2.744816530072581529e+00,0.000000000000000000e+00
-2.233160575190428077e+01,2.347146344808487051e+00,0.000000000000000000e+00
-2.229982720750792780e+01,1.950982079243906986e+00,0.000000000000000000e+00
-2.225951408805932985e+01,1.556536855589650381e+00,0.000000000000000000e+00
-2.221078482641410901e+01,1.164017908885830899e+00,0.000000000000000000e+00
-2.215376303483055764e+01,7.736264523141233029e-01,0.000000000000000000e+00
-2.208857726739759642e+01,3.855575503743743360e-01,0.000000000000000000e+00
-2.201536077947293535e+01,2.696104111065571043e-15,0.000000000000000000e+00
-2.196619453108718645e+01,-3.834213517659875725e-01,0.000000000000000000e+00
-2.175732225964268807e+01,-7.597824353866525771e-01,0.000000000000000000e+00
-2.153491857030429912e+01,-1.128597259310767376e+00,0.000000000000000000e+00
-2.130513369422638448e+01,-1.489800077267515288e+00,0.000000000000000000e+00
-2.107410006790568247e+01,-1.843744849952647646e+00,0.000000000000000000e+00
-2.084777190252451007e+01,-2.191189122808096190e+00,0.000000000000000000e+00
-2.062843155035519871e+01,-2.532852910025982673e+00,0.000000000000000000e+00
-2.041450558083997180e+01,-2.869071654367880253e+00,0.000000000000000000e+00
-2.020423589379028684e+01,-3.200036594222878783e+00,0.000000000000000000e+00
-1.999638871231881865e+01,-3.525902846716009620e+00,0.000000000000000000e+00
-1.979091185632044869e+01,-3.846963564748904663e+00,0.000000000000000000e+00
-1.958790457929766404e+01,-4.163537647695997101e+00,0.000000000000000000e+00
-1.938745590107537708e+01,-4.475946874407896736e+00,0.000000000000000000e+00
-1.918966611008954004e+01,-4.784521126456088957e+00,0.000000000000000000e+00
-1.899463498828322727e+01,-5.089597105634439345e+00,0.000000000000000000e+00
-1.880244821221727847e+01,-5.391515265822247827e+00,0.000000000000000000e+00
-1.861282558850341218e+01,-5.690511851044340652e+00,0.000000000000000000e+00
-1.842447936924504859e+01,-5.986476239904546581e+00,0.000000000000000000e+00
-1.823596280212613152e+01,-6.279145547695208940e+00,0.000000000000000000e+00
-1.804586048509493423e+01,-6.568156068295205152e+00,0.000000000000000000e+00
-1.785305172519453620e+01,-6.853144472929169062e+00,0.000000000000000000e+00
-1.765682708333915940e+01,-7.133821206705499129e+00,0.000000000000000000e+00
-1.745652753006278601e+01,-7.409856314981301928e+00,0.000000000000000000e+00
-1.725158412458284118e+01,-7.680900119277633387e+00,0.000000000000000000e+00
-1.704204805976628023e+01,-7.946837520914545649e+00,0.000000000000000000e+00
-1.682828303820645743e+01,-8.207702047343415686e+00,0.000000000000000000e+00
-1.661064498550575408e+01,-8.463546352632196346e+00,0.000000000000000000e+00
-1.638934301100621127e+01,-8.714368257687143071e+00,0.000000000000000000e+00
-1.616440489977882322e+01,-8.960075947294889431e+00,0.000000000000000000e+00
-1.593585068631212387e+01,-9.200567683507989258e+00,0.000000000000000000e+00
-1.570374092993654180e+01,-9.435759496210106789e+00,0.000000000000000000e+00
-1.546820821888405106e+01,-9.665609244932605648e+00,0.000000000000000000e+00
-1.522939289606875235e+01,-9.890083386495273743e+00,0.000000000000000000e+00
-1.498742800198077241e+01,-1.010914783289869945e+01,0.000000000000000000e+00
-1.474243337078412353e+01,-1.032276297777742613e+01,0.000000000000000000e+00
-1.449452792452876260e+01,-1.053089096053142271e+01,0.000000000000000000e+00
-1.424383908008775990e+01,-1.073350262781259090e+01,0.000000000000000000e+00
-1.399050511640215255e+01,-1.093058055501368742e+01,0.000000000000000000e+00
-1.373466313430293440e+01,-1.112211090747061348e+01,0.000000000000000000e+00
-1.347643254432848003e+01,-1.130806957753151920e+01,0.000000000000000000e+00
-1.321591999541149320e+01,-1.148842398005149157e+01,0.000000000000000000e+00
-1.295320130683878723e+01,-1.166311484328171133e+01,0.000000000000000000e+00
-1.268818687076596241e+01,-1.183192567272306661e+01,0.000000000000000000e+00
-1.242075043750191021e+01,-1.199457927217565256e+01,0.000000000000000000e+00
-1.215143029832198351e+01,-1.215143029832197996e+01,0.000000000000000000e+00
-1.188194587329795660e+01,-1.230411513861879591e+01,0.000000000000000000e+00
-1.161395210650658960e+01,-1.245443883874291124e+01,0.000000000000000000e+00
-1.134805003229448950e+01,-1.260328638477409058e+01,0.000000000000000000e+00
-1.108419302375910931e+01,-1.275090547407199359e+01,0.000000000000000000e+00
-1.082228864582039485e+01,-1.289750137374797845e+01,0.000000000000000000e+00
-1.056214975804128819e+01,-1.304316870310255361e+01,0.000000000000000000e+00
-1.030356988473986490e+01,-1.318796805568940300e+01,0.000000000000000000e+00
-1.004636341189650928e+01,-1.333197454187401654e+01,0.000000000000000000e+00
-9.790372340959933695e+00,-1.347529148477828720e+01,0.000000000000000000e+00
-9.535438385697821317e+00,-1.361801732394657982e+01,0.000000000000000000e+00
-9.281402848968495434e+00,-1.376024559692364768e+01,0.000000000000000000e+00
-9.028105994862345440e+00,-1.390206411109292794e+01,0.000000000000000000e+00
-8.775387388458014470e+00,-1.404355544346072904e+01,0.000000000000000000e+00
-8.523093075708404243e+00,-1.418480893206525906e+01,0.000000000000000000e+00
-8.271069016931466678e+00,-1.432591177023405216e+01,0.000000000000000000e+00
-8.019160353697678545e+00,-1.446694823524990348e+01,0.000000000000000000e+00
-7.767215202924742989e+00,-1.460800719418094573e+01,0.000000000000000000e+00
-7.515078991252098994e+00,-1.474917297793241211e+01,0.000000000000000000e+00
-7.262597088581181026e+00,-1.489053071056059530e+01,0.000000000000000000e+00
-7.009615975949672340e+00,-1.503216997053844572e+01,0.000000000000000000e+00
-6.755978229749145747e+00,-1.517417554771289367e+01,0.000000000000000000e+00
-6.501526486005702488e+00,-1.531663655352232212e+01,0.000000000000000000e+00
-6.246101713240900466e+00,-1.545964423554354283e+01,0.000000000000000000e+00
-5.989540335236422486e+00,-1.560328602986682611e+01,0.000000000000000000e+00
-5.731678405652347763e+00,-1.574765699510550654e+01,0.000000000000000000e+00
-5.472347554599226171e+00,-1.589285129448976264e+01,0.000000000000000000e+00
-5.211374850834451955e+00,-1.603896258446232537e+01,0.000000000000000000e+00
-4.948585310343405652e+00,-1.618609322012885698e+01,0.000000000000000000e+00
-4.683797183917794982e+00,-1.633434195121631305e+01,0.000000000000000000e+00
-4.416824388597222040e+00,-1.648381302635418422e+01,0.000000000000000000e+00
-4.147475704827198406e+00,-1.663461647922406073e+01,0.000000000000000000e+00
-3.875551817145899580e+00,-1.678685919550555994e+01,0.000000000000000000e+00
-3.600848373868997143e+00,-1.694065967937057593e+01,0.000000000000000000e+00
-3.323152174341142295e+00,-1.709613586418721098e+01,0.000000000000000000e+00
-3.042241699134505151e+00,-1.725341003918440919e+01,0.000000000000000000e+00
-2.757887270391611523e+00,-1.741261493073803734e+01,0.000000000000000000e+00
-2.469847810011963407e+00,-1.757388032625602392e+01,0.000000000000000000e+00
-2.177872850417599260e+00,-1.773735096988146509e+01,0.000000000000000000e+00
-1.881699180736898125e+00,-1.790317179874292464e+01,0.000000000000000000e+00
-1.581051127414713653e+00,-1.807149707968995145e+01,0.000000000000000000e+00
-1.275639257789607184e+00,-1.824249128960881094e+01,0.000000000000000000e+00
-9.651584826855978960e-01,-1.841632093344409071e+01,0.000000000000000000e+00
-6.492878414212670535e-01,-1.859317108045705780e+01,0.000000000000000000e+00
-3.276878797834330559e-01,-1.877322605965780511e+01,0.000000000000000000e+00
-3.482287860964672383e-15,-1.895669218471359230e+01,0.000000000000000000e+00
3.341558743846151369e-01,-1.914377722218788946e+01,0.000000000000000000e+00
6.751830014264156299e-01,-1.933471144116583318e+01,0.000000000000000000e+00
1.023509812643063954e+00,-1.952973063627334938e+01,0.000000000000000000e+00
1.379592658482408529e+00,-1.972909417916691055e+01,0.000000000000000000e+00
1.743917683170522759e+00,-1.993307033034952624e+01,0.000000000000000000e+00
2.117004705769988782e+00,-2.014195432200001790e+01,0.000000000000000000e+00
2.499408956197680887e+00,-2.035605240445625697e+01,0.000000000000000000e+00
2.891726502130587573e+00,-2.057570319867597419e+01,0.000000000000000000e+00
3.294595824365034620e+00,-2.080125937632683630e+01,0.000000000000000000e+00
3.708704771786783816e+00,-2.103310994656387933e+01,0.000000000000000000e+00
4.134793250589630098e+00,-2.127166722252777831e+01,0.000000000000000000e+00
4.573659827631415098e+00,-2.151737773558678413e+01,0.000000000000000000e+00
5.026168572500132825e+00,-2.177072791186956380e+01,0.000000000000000000e+00
5.493253863321052144e+00,-2.203223785808022228e+01,0.000000000000000000e+00
5.975930627265674033e+00,-2.230247672346249033e+01,0.000000000000000000e+00
6.475302877492311815e+00,-2.258206478321126554e+01,0.000000000000000000e+00
6.992571877358768617e+00,-2.287167203499749490e+01,0.000000000000000000e+00
7.529048999009841481e+00,-2.317203015483842776e+01,0.000000000000000000e+00
8.086176681778724173e+00,-2.348396227803038983e+01,0.000000000000000000e+00
8.665510212334723406e+00,-2.380829363644306440e+01,0.000000000000000000e+00
9.268830311255927157e+00,-2.414612848635525566e+01,0.000000000000000000e+00
9.897946591540723205e+00,-2.449827748453908427e+01,0.000000000000000000e+00
1.055511936685753049e+01,-2.486630293196344610e+01,0.000000000000000000e+00
1.124249113856869897e+01,-2.525104852751761086e+01,0.000000000000000000e+00
1.195326656679534061e+01,-2.563386287518812523e+01,0.000000000000000000e+00
1.268760988720737970e+01,-2.601345529220075292e+01,0.000000000000000000e+00
1.344586732730215139e+01,-2.638900047219167533e+01,0.000000000000000000e+00
1.422847583746244204e+01,-2.675987106905645518e+01,0.000000000000000000e+00
1.503591127605430700e+01,-2.712550198602604468e+01,0.000000000000000000e+00
1.586867317171418357e+01,-2.748534818211412301e+01,0.000000000000000000e+00
1.672759164132422782e+01,-2.783938755779393759e+01,0.000000000000000000e+00
1.761083882497359454e+01,-2.818323345698198068e+01,0.000000000000000000e+00
1.851440570889889869e+01,-2.850968467698213971e+01,0.000000000000000000e+00
1.943006969415140617e+01,-2.880626294403114329e+01,0.000000000000000000e+00
2.035030957795986595e+01,-2.906325406034834558e+01,0.000000000000000000e+00
2.126825011337731652e+01,-2.927323493611154248e+01,0.000000000000000000e+00
2.219154171810023257e+01,-2.944917052077823882e+01,0.000000000000000000e+00
2.311534503388118367e+01,-2.958629245137204578e+01,0.000000000000000000e+00
2.403227564972749164e+01,-2.967738886491502726e+01,0.000000000000000000e+00
2.495022778278936926e+01,-2.973452359618310936e+01,0.000000000000000000e+00
2.586525551417934565e+01,-2.975457278821094675e+01,0.000000000000000000e+00
2.676878576137129429e+01,-2.972974847336050175e+01,0.000000000000000000e+00
2.766869249674838827e+01,-2.967104008080766420e+01,0.000000000000000000e+00
2.856322062136797868e+01,-2.957808081291445390e+01,0.000000000000000000e+00
2.944211617260829073e+01,-2.944211617260830494e+01,0.000000000000000000e+00
3.031178490782848911e+01,-2.927175042985647124e+01,0.000000000000000000e+00
3.117108493463929975e+01,-2.906750695282952179e+01,0.000000000000000000e+00
3.201893677597144716e+01,-2.882998016720152279e+01,0.000000000000000000e+00
3.284687505081401326e+01,-2.855335286037932363e+01,0.000000000000000000e+00
3.366026435005347395e+01,-2.824431540145963737e+01,0.000000000000000000e+00
3.445763298655817408e+01,-2.790324101420843306e+01,0.000000000000000000e+00
3.523767503530014977e+01,-2.753068901659457524e+01,0.000000000000000000e+00
3.599889768407798840e+01,-2.712711514907306665e+01,0.000000000000000000e+00
3.673994602633518980e+01,-2.669313326475409553e+01,0.000000000000000000e+00
3.745953654227695750e+01,-2.622944986474443851e+01,0.000000000000000000e+00
3.815649131895626311e+01,-2.573687836746010049e+01,0.000000000000000000e+00
3.882975142241979682e+01,-2.521633541569124759e+01,0.000000000000000000e+00
3.947839724340529699e+01,-2.466884049990565586e+01,0.000000000000000000e+00
4.010165039086167127e+01,-2.409550247787997179e+01,0.000000000000000000e+00
4.069896711570277859e+01,-2.349755961999075282e+01,0.000000000000000000e+00
4.126968157874539855e+01,-2.287615804967216704e+01,0.000000000000000000e+00
4.181440707840093296e+01,-2.223311462291827567e+01,0.000000000000000000e+00
4.233124282835508012e+01,-2.156884552977544800e+01,0.000000000000000000e+00
4.281636786624170554e+01,-2.088293793239025575e+01,0.000000000000000000e+00
4.327263216958845504e+01,-2.017835976920343555e+01,0.000000000000000000e+00
4.369900192387784443e+01,-1.945604917586332050e+01,0.000000000000000000e+00
4.409296955933305640e+01,-1.871635514983360338e+01,0.000000000000000000e+00
4.445515194671860115e+01,-1.796104725996115903e+01,0.000000000000000000e+00
4.478593819099538109e+01,-1.719171094684224599e+01,0.000000000000000000e+00
4.508498921532927284e+01,-1.640959408659259466e+01,0.000000000000000000e+00
4.535128556081085804e+01,-1.561569991677206382e+01,0.000000000000000000e+00
4.558309412955413364e+01,-1.481084509793071824e+01,0.000000000000000000e+00
4.577902120495930660e+01,-1.399605134950269480e+01,0.000000000000000000e+00
4.593962828381480534e+01,-1.317297643385870920e+01,0.000000000000000000e+00
4.606617665872690282e+01,-1.234339483409530303e+01,0.000000000000000000e+00
4.615999945290798934e+01,-1.150898047483586950e+01,0.000000000000000000e+00
4.622249668379619436e+01,-1.067130419869538471e+01,0.000000000000000000e+00
4.624468242220447678e+01,-9.829610691185919791e+00,0.000000000000000000e+00
4.623129019515570093e+01,-8.986452479969930351e+00,0.000000000000000000e+00
4.618221613746083420e+01,-8.143170733944216977e+00,0.000000000000000000e+00
4.609246157151988399e+01,-7.300328729185385335e+00,0.000000000000000000e+00
4.597088857238699688e+01,-6.460787051973918338e+00,0.000000000000000000e+00
4.581591077002959622e+01,-5.625486486264728470e+00,0.000000000000000000e+00
4.562596395602670185e+01,-4.795482049857502815e+00,0.000000000000000000e+00
4.539951137311886242e+01,-3.971942574764162348e+00,0.000000000000000000e+00
4.513567819570600648e+01,-3.156194081133952167e+00,0.000000000000000000e+00
4.483560440102628775e+01,-2.349734459470760761e+00,0.000000000000000000e+00
4.450085931170340103e+01,-1.554004250208683269e+00,0.000000000000000000e+00
4.413296060107258256e+01,-7.703436927661925226e-01,0.000000000000000000e+00
4.373312083542018058e+01,-1.071152528956434919e-14,0.000000000000000000e+00
