1.142785299392937581e+01,0.000000000000000000e+00,0.000000000000000000e+00
1.120797268670034086e+01,1.956358909600437179e-01,0.000000000000000000e+00
1.099626153688359942e+01,3.839979144004837530e-01,0.000000000000000000e+00
1.079216201794202412e+01,5.655932450231261344e-01,0.000000000000000000e+00
1.059514254047706316e+01,7.408845399426268186e-01,0.000000000000000000e+00
1.040473461763383156e+01,9.102963260386996991e-01,0.000000000000000000e+00
1.022049756344097204e+01,1.074217580440172792e+00,0.000000000000000000e+00
1.004202622290268287e+01,1.233005780354559544e+00,0.000000000000000000e+00
9.868959335032366553e+00,1.386991782589406697e+00,0.000000000000000000e+00
9.700941487279969522e+00,1.536478188083912677e+00,0.000000000000000000e+00
9.537667509885340067e+00,1.681748115019305434e+00,0.000000000000000000e+00
9.378841656720821263e+00,1.823062140587104807e+00,0.000000000000000000e+00
9.224184235603020809e+00,1.960660885330599568e+00,0.000000000000000000e+00
9.073453832867251379e+00,2.094771873655369987e+00,0.000000000000000000e+00
8.926408562384253287e+00,2.225603619421533619e+00,0.000000000000000000e+00
8.782823960289229959e+00,2.353350587424213991e+00,0.000000000000000000e+00
8.642504630835937007e+00,2.478198324291334576e+00,0.000000000000000000e+00
8.505253485718746731e+00,2.600316944167439637e+00,0.000000000000000000e+00
8.370883833591840073e+00,2.719865032411607153e+00,0.000000000000000000e+00
8.239235456283497072e+00,2.836996279993682535e+00,0.000000000000000000e+00
8.110148357791137741e+00,2.951852597718896742e+00,0.000000000000000000e+00
7.983463744202289547e+00,3.064564606408439307e+00,0.000000000000000000e+00
7.859045345694561924e+00,3.175260429688328667e+00,0.000000000000000000e+00
7.736763259521628910e+00,3.284061162642665899e+00,0.000000000000000000e+00
7.616485147423349034e+00,3.391077668859289851e+00,0.000000000000000000e+00
7.498087245963656500e+00,3.496415504307175404e+00,0.000000000000000000e+00
7.381461888186956699e+00,3.600179514125676050e+00,0.000000000000000000e+00
7.266500902975512766e+00,3.702467138840270788e+00,0.000000000000000000e+00
7.153094691071625100e+00,3.803367912810434515e+00,0.000000000000000000e+00
7.041143904281240040e+00,3.902969798724580386e+00,0.000000000000000000e+00
6.930558976282481964e+00,4.001360090591266960e+00,0.000000000000000000e+00
6.821248901256371511e+00,4.098619837349969153e+00,0.000000000000000000e+00
6.713121466932274295e+00,4.194823860330562759e+00,0.000000000000000000e+00
6.606092654152079469e+00,4.290046730972655986e+00,0.000000000000000000e+00
6.500085935405443216e+00,4.384363323638643450e+00,0.000000000000000000e+00
6.395023366254489083e+00,4.477843568078625935e+00,0.000000000000000000e+00
6.290825536733347434e+00,4.570552288698928045e+00,0.000000000000000000e+00
6.187417728440679277e+00,4.662553688944304220e+00,0.000000000000000000e+00
6.084732575518586373e+00,4.753914102389871665e+00,0.000000000000000000e+00
5.982701624925037542e+00,4.844696251234119622e+00,0.000000000000000000e+00
5.881254757590673066e+00,4.934958697953956808e+00,0.000000000000000000e+00
5.780322854956055245e+00,5.024757998109326884e+00,0.000000000000000000e+00
5.679843930155305642e+00,5.114154445692375539e+00,0.000000000000000000e+00
5.579755959645625651e+00,5.203206609336071153e+00,0.000000000000000000e+00
5.479995033023821627e+00,5.291969689389625309e+00,0.000000000000000000e+00
5.380495974756551725e+00,5.380495974756550837e+00,0.000000000000000000e+00
5.281198205146866442e+00,5.468840834565926734e+00,0.000000000000000000e+00
5.182043388883329271e+00,5.557061184228750506e+00,0.000000000000000000e+00
5.082971045263298571e+00,5.645211255383843607e+00,0.000000000000000000e+00
4.983918562659424900e+00,5.733342458645745765e+00,0.000000000000000000e+00
4.884824066562567957e+00,5.821506630516598335e+00,0.000000000000000000e+00
4.785629768327525291e+00,5.909760593137158402e+00,0.000000000000000000e+00
4.686276094719546315e+00,5.998159873582744162e+00,0.000000000000000000e+00
4.586700822686648138e+00,6.086757575068390658e+00,0.000000000000000000e+00
4.486839806941690156e+00,6.175605190324913174e+00,0.000000000000000000e+00
4.386632031378765006e+00,6.264759791924697119e+00,0.000000000000000000e+00
4.286016327601127607e+00,6.354280517709746334e+00,0.000000000000000000e+00
4.184928245172311101e+00,6.444224380818886821e+00,0.000000000000000000e+00
4.083300150491875335e+00,6.534646223270666354e+00,0.000000000000000000e+00
3.981064761655501272e+00,6.625604400731907262e+00,0.000000000000000000e+00
3.878156277513843175e+00,6.717163712346160942e+00,0.000000000000000000e+00
3.774505171507764878e+00,6.809387581918962873e+00,0.000000000000000000e+00
3.670037802573759667e+00,6.902337224121964709e+00,0.000000000000000000e+00
3.564678386973609392e+00,6.996075251021559360e+00,0.000000000000000000e+00
3.458352790813354449e+00,7.090674012541099636e+00,0.000000000000000000e+00
3.350982946037303734e+00,7.186206118286506239e+00,0.000000000000000000e+00
3.242485586346711912e+00,7.282741865789088997e+00,0.000000000000000000e+00
3.132773641932488307e+00,7.380352195936947801e+00,0.000000000000000000e+00
3.021760831272194192e+00,7.479120507650108607e+00,0.000000000000000000e+00
2.909356278601434198e+00,7.579132226682846252e+00,0.000000000000000000e+00
2.795462522960887597e+00,7.680470158766684818e+00,0.000000000000000000e+00
2.679977068880429858e+00,7.783218555364309843e+00,0.000000000000000000e+00
2.562796425785931920e+00,7.887476368772943225e+00,0.000000000000000000e+00
2.443810539434173368e+00,7.993344101987405637e+00,0.000000000000000000e+00
2.322901175229735493e+00,8.100919110111201249e+00,0.000000000000000000e+00
2.199945249711452888e+00,8.210307445792944137e+00,0.000000000000000000e+00
2.074816743694708698e+00,8.321635436191668234e+00,0.000000000000000000e+00
1.947379757389609223e+00,8.435028437202428009e+00,0.000000000000000000e+00
1.817488066851858708e+00,8.550609082929039317e+00,0.000000000000000000e+00
1.684987503702750633e+00,8.668509229033768193e+00,0.000000000000000000e+00
1.549713763335086369e+00,8.788863491613613022e+00,0.000000000000000000e+00
1.411490912210872306e+00,8.911802884921449674e+00,0.000000000000000000e+00
1.270139223610806889e+00,9.037510174892922521e+00,0.000000000000000000e+00
1.125471905562563046e+00,9.166233093854220471e+00,0.000000000000000000e+00
9.772811166913926151e-01,9.298208718431540731e+00,0.000000000000000000e+00
8.252951239148987872e-01,9.433166431561200937e+00,0.000000000000000000e+00
6.692043952336648172e-01,9.570068713761390455e+00,0.000000000000000000e+00
5.087653387631702051e-01,9.707820970918373149e+00,0.000000000000000000e+00
3.438224823056856283e-01,9.845787687666351928e+00,0.000000000000000000e+00
1.742681575541739913e-01,9.983816059741718263e+00,0.000000000000000000e+00
6.197807346178831248e-16,1.012178752354390809e+01,0.000000000000000000e+00
-1.790834727038608520e-01,1.025968527990736234e+01,0.000000000000000000e+00
-3.630896940672552753e-01,1.039752844372626583e+01,0.000000000000000000e+00
-5.521258467525098634e-01,1.053518875071231697e+01,0.000000000000000000e+00
-7.462818851272101650e-01,1.067232817263405664e+01,0.000000000000000000e+00
-9.456351511538574339e-01,1.080865923701821174e+01,0.000000000000000000e+00
-1.150275078482570157e+00,1.094413631929264952e+01,0.000000000000000000e+00
-1.360298493854962043e+00,1.107874217940689299e+01,0.000000000000000000e+00
-1.575790097426849057e+00,1.121232914806387271e+01,0.000000000000000000e+00
-1.796825342380327761e+00,1.134470872706030065e+01,0.000000000000000000e+00
-2.023487380200504671e+00,1.147576719155699365e+01,0.000000000000000000e+00
-2.255859510128819689e+00,1.160539110229803583e+01,0.000000000000000000e+00
-2.493980708707502103e+00,1.173325673464372976e+01,0.000000000000000000e+00
-2.737867847090929452e+00,1.185900852665266036e+01,0.000000000000000000e+00
-2.987581013404862151e+00,1.198253296595791539e+01,0.000000000000000000e+00
-3.243205601563342366e+00,1.210380808442637424e+01,0.000000000000000000e+00
-3.504849981485229193e+00,1.222286444892713497e+01,0.000000000000000000e+00
-3.772562041032191615e+00,1.233949443030402193e+01,0.000000000000000000e+00
-4.046301031222301781e+00,1.245323407024813456e+01,0.000000000000000000e+00
-4.326051836772480286e+00,1.256376680174411042e+01,0.000000000000000000e+00
-4.611870293409143784e+00,1.267100949259518750e+01,0.000000000000000000e+00
-4.903928498443824502e+00,1.277517050533630183e+01,0.000000000000000000e+00
-5.202137316066452577e+00,1.287574168066240787e+01,0.000000000000000000e+00
-5.506356195441727941e+00,1.297216227009967326e+01,0.000000000000000000e+00
-5.816827229352523609e+00,1.306480786457313847e+01,0.000000000000000000e+00
-6.133243648220524591e+00,1.315278344878021244e+01,0.000000000000000000e+00
-6.454008916576477795e+00,1.323267927524377896e+01,0.000000000000000000e+00
-6.776508642747404387e+00,1.329964705290250571e+01,0.000000000000000000e+00
-7.101161241825123760e+00,1.335534188219213192e+01,0.000000000000000000e+00
-7.427969423968645124e+00,1.340041156553540702e+01,0.000000000000000000e+00
-7.755737527994645220e+00,1.343333144865537854e+01,0.000000000000000000e+00
-8.083853428010451481e+00,1.345379139856669504e+01,0.000000000000000000e+00
-8.412727283289019198e+00,1.346317795485313162e+01,0.000000000000000000e+00
-8.742077077223667558e+00,1.346161820218331506e+01,0.000000000000000000e+00
-9.070757622428923028e+00,1.344795120585254899e+01,0.000000000000000000e+00
-9.398370587846459401e+00,1.342226422165663280e+01,0.000000000000000000e+00
-9.725359691554377406e+00,1.338580924953455487e+01,0.000000000000000000e+00
-1.005127983794660018e+01,1.333849885960466608e+01,0.000000000000000000e+00
-1.037480418137341331e+01,1.327914379759066321e+01,0.000000000000000000e+00
-1.069598183778243516e+01,1.320843755782808948e+01,0.000000000000000000e+00
-1.101537799133249074e+01,1.312761629495368432e+01,0.000000000000000000e+00
-1.133222788188898633e+01,1.303623693875415235e+01,0.000000000000000000e+00
-1.164454221626824371e+01,1.293257431484437703e+01,0.000000000000000000e+00
-1.195383299263753329e+01,1.281891646616520752e+01,0.000000000000000000e+00
-1.225982974158567984e+01,1.269542533932317419e+01,0.000000000000000000e+00
-1.256083421586476589e+01,1.256083421586476767e+01,0.000000000000000000e+00
-1.285769388154075976e+01,1.241653065130950573e+01,0.000000000000000000e+00
-1.314984002429565813e+01,1.226242420295253943e+01,0.000000000000000000e+00
-1.343625219440608554e+01,1.209805581604897284e+01,0.000000000000000000e+00
-1.371784441323677939e+01,1.192474021985315069e+01,0.000000000000000000e+00
-1.399390633577371368e+01,1.174228164507712968e+01,0.000000000000000000e+00
-1.426286037931939710e+01,1.154983660286253055e+01,0.000000000000000000e+00
-1.452537887398061933e+01,1.134846973380538770e+01,0.000000000000000000e+00
-1.478187419944726244e+01,1.113894117110347892e+01,0.000000000000000000e+00
-1.503163379443505931e+01,1.092112121705966565e+01,0.000000000000000000e+00
-1.527418010609568810e+01,1.069509605026098065e+01,0.000000000000000000e+00
-1.550925107424230731e+01,1.046112193942399138e+01,0.000000000000000000e+00
-1.573655233519164298e+01,1.021943657722347609e+01,0.000000000000000000e+00
-1.595578482992862313e+01,9.970280925882180512e+00,0.000000000000000000e+00
-1.616668603307429208e+01,9.713924977457239152e+00,0.000000000000000000e+00
-1.636904420418328243e+01,9.450672077662098047e+00,0.000000000000000000e+00
-1.656285574030307117e+01,9.180940854756448388e+00,0.000000000000000000e+00
-1.674818297913504139e+01,8.905166853198343446e+00,0.000000000000000000e+00
-1.692477627072491231e+01,8.623604236933756439e+00,0.000000000000000000e+00
-1.709215015689828832e+01,8.336398640180394892e+00,0.000000000000000000e+00
-1.724991160965750581e+01,8.043765886080114669e+00,0.000000000000000000e+00
-1.739796551637780198e+01,7.746073313900141422e+00,0.000000000000000000e+00
-1.753628382412717812e+01,7.443710853245849357e+00,0.000000000000000000e+00
-1.766480275870477357e+01,7.137043588721960319e+00,0.000000000000000000e+00
-1.778333972604659152e+01,6.826384543645850123e+00,0.000000000000000000e+00
-1.789169956696695962e+01,6.512046082809479053e+00,0.000000000000000000e+00
-1.798969650881298321e+01,6.194349262684997193e+00,0.000000000000000000e+00
-1.807720888612152876e+01,5.873641220017403519e+00,0.000000000000000000e+00
-1.815421248596555515e+01,5.550299754679566711e+00,0.000000000000000000e+00
-1.822070300243476737e+01,5.224702511229827984e+00,0.000000000000000000e+00
-1.827668838608316193e+01,4.897223893366268399e+00,0.000000000000000000e+00
-1.832218865745161196e+01,4.568234705678388075e+00,0.000000000000000000e+00
-1.835723571094111861e+01,4.238101802650571237e+00,0.000000000000000000e+00
-1.838187310927197160e+01,3.907187745161489367e+00,0.000000000000000000e+00
-1.839615586876897879e+01,3.575850464716971544e+00,0.000000000000000000e+00
-1.840015023571974950e+01,3.244442935646612458e+00,0.000000000000000000e+00
-1.839178868153637936e+01,2.912973156892282756e+00,0.000000000000000000e+00
-1.837233364474959529e+01,2.582063105863935615e+00,0.000000000000000000e+00
-1.834234422724854596e+01,2.252156681872640842e+00,0.000000000000000000e+00
-1.830145086678493982e+01,1.923559997605787553e+00,0.000000000000000000e+00
-1.824986789290916178e+01,1.596656551475293728e+00,0.000000000000000000e+00
-1.818736807893304430e+01,1.271784667402959368e+00,0.000000000000000000e+00
-1.811425698083908031e+01,9.493279817281022881e-01,0.000000000000000000e+00
-1.803046614333169728e+01,6.296377520200509004e-01,0.000000000000000000e+00
-1.793621609397762739e+01,3.130778164869193469e-01,0.000000000000000000e+00
-1.783138176426087895e+01,2.183714460197657111e-15,0.000000000000000000e+00
-1.779080991781219723e+01,-3.105397422409914565e-01,0.000000000000000000e+00
-1.762264902302613478e+01,-6.153964643670677415e-01,0.000000000000000000e+00
-1.744693162740032832e+01,-9.143549418951026908e-01,0.000000000000000000e+00
-1.726687621218341562e+01,-1.207417605741222699e+00,0.000000000000000000e+00
-1.708569024605458964e+01,-1.494804205045227929e+00,0.000000000000000000e+00
-1.690655889016045066e+01,-1.776950943124438353e+00,0.000000000000000000e+00
-1.673162065707208512e+01,-2.054384695572560648e+00,0.000000000000000000e+00
-1.656029967517247314e+01,-2.327398339270482897e+00,0.000000000000000000e+00
-1.639160335141762204e+01,-2.596174922836071097e+00,0.000000000000000000e+00
-1.622508976558917837e+01,-2.860921090090157382e+00,0.000000000000000000e+00
-1.606080502576601887e+01,-3.121904245909020048e+00,0.000000000000000000e+00
-1.589878040104711410e+01,-3.379390096793312370e+00,0.000000000000000000e+00
-1.573889407048302580e+01,-3.633610004369266289e+00,0.000000000000000000e+00
-1.558095881981942377e+01,-3.884769344927414991e+00,0.000000000000000000e+00
-1.542479911092357270e+01,-4.133062465184271339e+00,0.000000000000000000e+00
-1.527029973546782315e+01,-4.378687988299341249e+00,0.000000000000000000e+00
-1.511735395647493974e+01,-4.621838926964859873e+00,0.000000000000000000e+00
-1.496585162755286369e+01,-4.862699964691221233e+00,0.000000000000000000e+00
-1.481568491624318895e+01,-5.101449426461713621e+00,0.000000000000000000e+00
-1.466674144945321068e+01,-5.338257321279304080e+00,0.000000000000000000e+00
-1.451891071930856647e+01,-5.573287653032741318e+00,0.000000000000000000e+00
-1.437209622920253871e+01,-5.806703796824389308e+00,0.000000000000000000e+00
-1.422619894057503487e+01,-6.038663180661858476e+00,0.000000000000000000e+00
-1.408111916983525269e+01,-6.269318175658575854e+00,0.000000000000000000e+00
-1.393676644289128852e+01,-6.498820922237803721e+00,0.000000000000000000e+00
-1.379304751987432098e+01,-6.727318771080239124e+00,0.000000000000000000e+00
-1.364986723198286889e+01,-6.954954736915343716e+00,0.000000000000000000e+00
-1.350713933390324861e+01,-7.181873378602102953e+00,0.000000000000000000e+00
-1.336477572269338054e+01,-7.408216153725160957e+00,0.000000000000000000e+00
-1.322268477402547937e+01,-7.634120613693179180e+00,0.000000000000000000e+00
-1.308078198968067696e+01,-7.859726763684093953e+00,0.000000000000000000e+00
-1.293898208577082620e+01,-8.085173350302010675e+00,0.000000000000000000e+00
-1.279719500422799960e+01,-8.310595607374910543e+00,0.000000000000000000e+00
-1.265533580437691441e+01,-8.536131783553125629e+00,0.000000000000000000e+00
-1.251332013470937454e+01,-8.761921086354847787e+00,0.000000000000000000e+00
-1.237105791050039549e+01,-8.988099688395672970e+00,0.000000000000000000e+00
-1.222846179280147183e+01,-9.214806910492825409e+00,0.000000000000000000e+00
-1.208544626288922785e+01,-9.442185455114673331e+00,0.000000000000000000e+00
-1.194191935755261902e+01,-9.670375621448492609e+00,0.000000000000000000e+00
-1.179778953511430295e+01,-9.899520847621584352e+00,0.000000000000000000e+00
-1.165296790135362848e+01,-1.012977045284489108e+01,0.000000000000000000e+00
-1.150735851710893343e+01,-1.036127214799007845e+01,0.000000000000000000e+00
-1.136086385153445910e+01,-1.059417693311189979e+01,0.000000000000000000e+00
-1.121338926177118189e+01,-1.082864413763461542e+01,0.000000000000000000e+00
-1.106483235620496153e+01,-1.106483235620495797e+01,0.000000000000000000e+00
-1.091508765181530904e+01,-1.130290414113587971e+01,0.000000000000000000e+00
-1.076405217230380273e+01,-1.154303274265180868e+01,0.000000000000000000e+00
-1.061161410903960167e+01,-1.178539143203742157e+01,0.000000000000000000e+00
-1.045765777017031084e+01,-1.203015911233323543e+01,0.000000000000000000e+00
-1.030206885318962584e+01,-1.227752756694164482e+01,0.000000000000000000e+00
-1.014472254650413063e+01,-1.252768902651496497e+01,0.000000000000000000e+00
-9.985490372081477162e+00,-1.278084484509024499e+01,0.000000000000000000e+00
-9.824242869080027418e+00,-1.303721062575388956e+01,0.000000000000000000e+00
-9.660838006480970463e+00,-1.329700276872117826e+01,0.000000000000000000e+00
-9.495131477682100751e+00,-1.356045309360599127e+01,0.000000000000000000e+00
-9.326973335901119100e+00,-1.382780662216607581e+01,0.000000000000000000e+00
-9.156199952910659690e+00,-1.409931150916786535e+01,0.000000000000000000e+00
-8.982646705547994159e+00,-1.437523968506529037e+01,0.000000000000000000e+00
-8.806135846517777921e+00,-1.465587120815093947e+01,0.000000000000000000e+00
-8.626478881455723169e+00,-1.494149971310123348e+01,0.000000000000000000e+00
-8.443482046344930936e+00,-1.523244483238315361e+01,0.000000000000000000e+00
-8.256932666578450153e+00,-1.552903178861675570e+01,0.000000000000000000e+00
-8.066612293572973158e+00,-1.583161803120330546e+01,0.000000000000000000e+00
-7.872284413862351116e+00,-1.614057497574678024e+01,0.000000000000000000e+00
-7.673698537455789115e+00,-1.645629961947803110e+01,0.000000000000000000e+00
-7.470589750779636162e+00,-1.677921930300300346e+01,0.000000000000000000e+00
-7.262670988215188750e+00,-1.710978062978627889e+01,0.000000000000000000e+00
-7.049641168585594642e+00,-1.744847417766848707e+01,0.000000000000000000e+00
-6.831171414897267091e+00,-1.779580995199772886e+01,0.000000000000000000e+00
-6.606915585349992348e+00,-1.815235138299193096e+01,0.000000000000000000e+00
-6.376495328259325746e+00,-1.851868709377980338e+01,0.000000000000000000e+00
-6.139509490685330029e+00,-1.889546728581345292e+01,0.000000000000000000e+00
-5.895519972686214416e+00,-1.928337693998622626e+01,0.000000000000000000e+00
-5.644058361508566435e+00,-1.968317065180605496e+01,0.000000000000000000e+00
-5.384614055096381691e+00,-2.009565323276919102e+01,0.000000000000000000e+00
-5.116635557562606351e+00,-2.052170433812364081e+01,0.000000000000000000e+00
-4.839523480286913149e+00,-2.096227919789443206e+01,0.000000000000000000e+00
-4.552623792940167391e+00,-2.141841097339426625e+01,0.000000000000000000e+00
-4.255225453825640436e+00,-2.189123719733780860e+01,0.000000000000000000e+00
-3.946549415893108925e+00,-2.238199395257747781e+01,0.000000000000000000e+00
-3.625742187061630872e+00,-2.289203522538155156e+01,0.000000000000000000e+00
-3.291867269515071470e+00,-2.342285269961504568e+01,0.000000000000000000e+00
-2.943893585370854549e+00,-2.397608920635250485e+01,0.000000000000000000e+00
-2.580682002885545501e+00,-2.455354911590620404e+01,0.000000000000000000e+00
-2.200972577746031167e+00,-2.515723168058056913e+01,0.000000000000000000e+00
-1.803370663468272905e+00,-2.578940199540482681e+01,0.000000000000000000e+00
-1.386308816578847303e+00,-2.645234802054348222e+01,0.000000000000000000e+00
-9.480819563259189620e-01,-2.714951503431131030e+01,0.000000000000000000e+00
-4.866207882570142140e-01,-2.787848628797427608e+01,0.000000000000000000e+00
-5.256407423959433522e-15,-2.861454925953153605e+01,0.000000000000000000e+00
5.118537676426948568e-01,-2.932408270881028400e+01,0.000000000000000000e+00
1.047481481481569832e+00,-2.999594501286963322e+01,0.000000000000000000e+00
1.605125705254276891e+00,-3.062762298294293473e+01,0.000000000000000000e+00
2.183706185104841602e+00,-3.122845335590197990e+01,0.000000000000000000e+00
2.782169926535550619e+00,-3.180034777547113123e+01,0.000000000000000000e+00
3.397204443034180343e+00,-3.232224119653159988e+01,0.000000000000000000e+00
4.029500720672962721e+00,-3.281764980093383599e+01,0.000000000000000000e+00
4.675946500413898477e+00,-3.327108815253345142e+01,0.000000000000000000e+00
5.335919749080523466e+00,-3.368967139794167309e+01,0.000000000000000000e+00
6.007220419582719018e+00,-3.406863995201581474e+01,0.000000000000000000e+00
6.689230334182864723e+00,-3.441310677947082297e+01,0.000000000000000000e+00
7.378701879414548692e+00,-3.471406303075892197e+01,0.000000000000000000e+00
8.077116451082755333e+00,-3.498583504164862035e+01,0.000000000000000000e+00
8.778558040499824244e+00,-3.520887321277452031e+01,0.000000000000000000e+00
9.485669812487834918e+00,-3.540100168402700831e+01,0.000000000000000000e+00
1.019490800343399606e+01,-3.555386942480497225e+01,0.000000000000000000e+00
1.090396437834187893e+01,-3.566526043875732910e+01,0.000000000000000000e+00
1.161442864594369340e+01,-3.574553583731759687e+01,0.000000000000000000e+00
1.232064764606085916e+01,-3.578175891370101169e+01,0.000000000000000000e+00
1.302403069337271724e+01,-3.578323024032543742e+01,0.000000000000000000e+00
1.372334755343970691e+01,-3.575054264245820690e+01,0.000000000000000000e+00
1.441356254177322427e+01,-3.567481915803648462e+01,0.000000000000000000e+00
1.509865852310126577e+01,-3.557021040241312448e+01,0.000000000000000000e+00
1.577128999470503778e+01,-3.542289730001518677e+01,0.000000000000000000e+00
1.643533500501360223e+01,-3.524568965914465224e+01,0.000000000000000000e+00
1.708500282529961467e+01,-3.502944692610493149e+01,0.000000000000000000e+00
1.772299073215815213e+01,-3.478332779990402202e+01,0.000000000000000000e+00
1.834314270681919368e+01,-3.449843394633943916e+01,0.000000000000000000e+00
1.895035431397202430e+01,-3.418734416171934498e+01,0.000000000000000000e+00
1.953582777495166667e+01,-3.383704627413153077e+01,0.000000000000000000e+00
2.010377635128024920e+01,-3.345830249919928434e+01,0.000000000000000000e+00
2.065293152168179347e+01,-3.305159944006772577e+01,0.000000000000000000e+00
2.117842856977198807e+01,-3.261192014324171140e+01,0.000000000000000000e+00
2.168030057970197433e+01,-3.214236742509026357e+01,0.000000000000000000e+00
2.215869552590234903e+01,-3.164589684732284880e+01,0.000000000000000000e+00
2.261198778445824686e+01,-3.112273117244338039e+01,0.000000000000000000e+00
2.303889563248926109e+01,-3.057364714494798719e+01,0.000000000000000000e+00
2.343818333498718687e+01,-2.999950663342409740e+01,0.000000000000000000e+00
2.380951005227468897e+01,-2.940229626204673252e+01,0.000000000000000000e+00
2.415145782080426429e+01,-2.878258662433101733e+01,0.000000000000000000e+00
2.446095374999304894e+01,-2.813910840448630069e+01,0.000000000000000000e+00
2.473934862099255483e+01,-2.747583018719669212e+01,0.000000000000000000e+00
2.498583107663257152e+01,-2.679402344054308571e+01,0.000000000000000000e+00
2.519849691097032363e+01,-2.609380741326779685e+01,0.000000000000000000e+00
2.537664513183622361e+01,-2.537664513183623427e+01,0.000000000000000000e+00
2.551971456122976889e+01,-2.464410188806024493e+01,0.000000000000000000e+00
2.562691369115762186e+01,-2.389748362815225846e+01,0.000000000000000000e+00
2.569744008318869888e+01,-2.313807897900451493e+01,0.000000000000000000e+00
2.573052896553895508e+01,-2.236720758673929410e+01,0.000000000000000000e+00
2.572545421865564208e+01,-2.158621914674196773e+01,0.000000000000000000e+00
2.568140592451976545e+01,-2.079639246767579053e+01,0.000000000000000000e+00
2.559728898507635009e+01,-1.999879396157886546e+01,0.000000000000000000e+00
2.547263591925706550e+01,-1.919500796375007567e+01,0.000000000000000000e+00
2.530721754106772536e+01,-1.838676980906896929e+01,0.000000000000000000e+00
2.510089972157430438e+01,-1.757583920089235008e+01,0.000000000000000000e+00
2.485489753032127425e+01,-1.676484006944748373e+01,0.000000000000000000e+00
2.457188425456830316e+01,-1.595716821408700525e+01,0.000000000000000000e+00
2.424741404859920024e+01,-1.515146590202530774e+01,0.000000000000000000e+00
2.387415282084091928e+01,-1.434503824268906236e+01,0.000000000000000000e+00
2.346027775452319375e+01,-1.354479767683736924e+01,0.000000000000000000e+00
2.301513055311397338e+01,-1.275749518595824306e+01,0.000000000000000000e+00
2.255877708853441277e+01,-1.199471454472262089e+01,0.000000000000000000e+00
2.209972565975824565e+01,-1.126037265049188640e+01,0.000000000000000000e+00
2.163834132940403521e+01,-1.055372422886190442e+01,0.000000000000000000e+00
2.117574523485122739e+01,-9.874412170150341339e+00,0.000000000000000000e+00
2.071282066072492256e+01,-9.221941911806041503e+00,0.000000000000000000e+00
2.025047998371540814e+01,-8.595818769243882329e+00,0.000000000000000000e+00
1.978959724961380573e+01,-7.995516287559272683e+00,0.000000000000000000e+00
1.933102591284115235e+01,-7.420485608277399336e+00,0.000000000000000000e+00
1.887559682503895786e+01,-6.870155398323812612e+00,0.000000000000000000e+00
1.842412162669902642e+01,-6.343933826679781340e+00,0.000000000000000000e+00
1.797739494228783030e+01,-5.841209703707153089e+00,0.000000000000000000e+00
1.753619652475207502e+01,-5.361353313705452983e+00,0.000000000000000000e+00
1.710129223634758233e+01,-4.903716639285589984e+00,0.000000000000000000e+00
1.667343497370350036e+01,-4.467633436256688739e+00,0.000000000000000000e+00
1.625335913761937690e+01,-4.052417573275603146e+00,0.000000000000000000e+00
1.584179347961834772e+01,-3.657366204824234579e+00,0.000000000000000000e+00
1.543939192526403303e+01,-3.281744061910034649e+00,0.000000000000000000e+00
1.504695323575190713e+01,-2.924831421546246979e+00,0.000000000000000000e+00
1.466471162441235165e+01,-2.585784323692959408e+00,0.000000000000000000e+00
1.429397335170832939e+01,-2.263942969324163723e+00,0.000000000000000000e+00
1.393915291528744760e+01,-1.959020185758777455e+00,0.000000000000000000e+00
1.360277050465790616e+01,-1.670210203477399347e+00,0.000000000000000000e+00
1.328382675760128961e+01,-1.396186452759413221e+00,0.000000000000000000e+00
1.298047405147613098e+01,-1.135644326696584550e+00,0.000000000000000000e+00
1.269154267846195872e+01,-8.874791181498501436e-01,0.000000000000000000e+00
1.241587035990604626e+01,-6.506881934288161196e-01,0.000000000000000000e+00
1.215238241005142505e+01,-4.243705449169737354e-01,0.000000000000000000e+00
1.190014416102079053e+01,-2.077177889857678428e-01,0.000000000000000000e+00
1.165831461251645251e+01,-2.855463534734217983e-15,0.000000000000000000e+00
