3.294098318399554159e+01,0.000000000000000000e+00,0.000000000000000000e+00
3.251887358964280139e+01,5.676190498997152334e-01,0.000000000000000000e+00
3.207465594157720545e+01,1.120071666662934229e+00,0.000000000000000000e+00
3.161135925206315989e+01,1.656681138519048524e+00,0.000000000000000000e+00
3.112656426043801261e+01,2.176581405487241216e+00,0.000000000000000000e+00
3.061735652868552293e+01,2.678671603391420408e+00,0.000000000000000000e+00
3.009212920347629350e+01,3.162810227447305778e+00,0.000000000000000000e+00
2.956464619086692736e+01,3.630082100795326561e+00,0.000000000000000000e+00
2.903894239738552230e+01,4.081157203403225076e+00,0.000000000000000000e+00
2.851497894956200696e+01,4.516328981792312014e+00,0.000000000000000000e+00
2.799329112603841452e+01,4.935972504347419409e+00,0.000000000000000000e+00
2.747415522832498880e+01,5.340434786579474569e+00,0.000000000000000000e+00
2.695800310978482273e+01,5.730100450505624998e+00,0.000000000000000000e+00
2.644502612441452527e+01,6.105315345611841416e+00,0.000000000000000000e+00
2.593473878995464332e+01,6.466256626758959847e+00,0.000000000000000000e+00
2.542782498454382178e+01,6.813365169888442097e+00,0.000000000000000000e+00
2.492506457883474980e+01,7.147147257721169211e+00,0.000000000000000000e+00
2.442682094276214499e+01,7.468028612699347590e+00,0.000000000000000000e+00
2.393325784153689284e+01,7.776386867735990194e+00,0.000000000000000000e+00
2.344478582002376754e+01,8.072687145496171723e+00,0.000000000000000000e+00
2.296137573099737494e+01,8.357257303885408106e+00,0.000000000000000000e+00
2.248213806520190516e+01,8.630084233931718529e+00,0.000000000000000000e+00
2.200833094346128505e+01,8.891942888017757340e+00,0.000000000000000000e+00
2.154038257431730585e+01,9.143349934317908989e+00,0.000000000000000000e+00
2.107854631089459119e+01,9.384773462214694106e+00,0.000000000000000000e+00
2.062268787269632497e+01,9.616517286778513807e+00,0.000000000000000000e+00
2.017201789777469045e+01,9.838550505878536967e+00,0.000000000000000000e+00
1.972749560065392416e+01,1.005166106332255715e+01,0.000000000000000000e+00
1.928970715402660474e+01,1.025651922778384595e+01,0.000000000000000000e+00
1.885831128337627405e+01,1.045333263948935176e+01,0.000000000000000000e+00
1.843276231925923270e+01,1.064216028693270566e+01,0.000000000000000000e+00
1.801373087482580360e+01,1.082374148444370832e+01,0.000000000000000000e+00
1.760144394859359451e+01,1.099860287282603188e+01,0.000000000000000000e+00
1.719567076221224511e+01,1.116699916310505536e+01,0.000000000000000000e+00
1.679617942651361062e+01,1.132916607359697636e+01,0.000000000000000000e+00
1.640329848281012204e+01,1.148571324916754044e+01,0.000000000000000000e+00
1.601711533286215072e+01,1.163711546529109420e+01,0.000000000000000000e+00
1.563724128961927917e+01,1.178350650622724771e+01,0.000000000000000000e+00
1.526374391984675505e+01,1.192534373125557323e+01,0.000000000000000000e+00
1.489687388870054718e+01,1.206325061958931677e+01,0.000000000000000000e+00
1.453687987919801294e+01,1.219789054510347448e+01,0.000000000000000000e+00
1.418376827088266801e+01,1.232976165013689496e+01,0.000000000000000000e+00
1.383734009056950498e+01,1.245919697987342012e+01,0.000000000000000000e+00
1.349717141130774678e+01,1.258631596123042762e+01,0.000000000000000000e+00
1.316286057790671649e+01,1.271122670443507019e+01,0.000000000000000000e+00
1.283407398430153989e+01,1.283407398430153812e+01,0.000000000000000000e+00
1.251048217258047757e+01,1.295498352984358803e+01,0.000000000000000000e+00
1.219176348390335818e+01,1.307406568015947279e+01,0.000000000000000000e+00
1.187763117160853987e+01,1.319144582571377100e+01,0.000000000000000000e+00
1.156780056267257883e+01,1.330723230833195281e+01,0.000000000000000000e+00
1.126195579399040625e+01,1.342147627712524383e+01,0.000000000000000000e+00
1.095984727789750046e+01,1.353428423953404725e+01,0.000000000000000000e+00
1.066138866749795788e+01,1.364595521252213040e+01,0.000000000000000000e+00
1.036616830357476893e+01,1.375636996730452921e+01,0.000000000000000000e+00
1.007310731183042307e+01,1.386444278696937715e+01,0.000000000000000000e+00
9.781385918564531323e+00,1.396926680277332444e+01,0.000000000000000000e+00
9.490750143458578592e+00,1.407061572459838139e+01,0.000000000000000000e+00
9.201087821142843737e+00,1.416843276475892388e+01,0.000000000000000000e+00
8.912419978698165934e+00,1.426285342922597721e+01,0.000000000000000000e+00
8.624759623842429335e+00,1.435401048216612985e+01,0.000000000000000000e+00
8.338081920084199794e+00,1.444198152325729190e+01,0.000000000000000000e+00
8.052359329559710233e+00,1.452684077313110045e+01,0.000000000000000000e+00
7.767569524108346002e+00,1.460867357540817757e+01,0.000000000000000000e+00
7.483688051265246166e+00,1.468756478933653931e+01,0.000000000000000000e+00
7.200687371928747638e+00,1.476359698067703441e+01,0.000000000000000000e+00
6.918534411016180385e+00,1.483684492420772294e+01,0.000000000000000000e+00
6.637186502194142079e+00,1.490736495918873850e+01,0.000000000000000000e+00
6.356600291515142054e+00,1.497521183536190925e+01,0.000000000000000000e+00
6.076737902086747134e+00,1.504045409311143189e+01,0.000000000000000000e+00
5.797560756167126961e+00,1.510316212778890232e+01,0.000000000000000000e+00
5.519028971648822335e+00,1.516340747692099988e+01,0.000000000000000000e+00
5.241099571843996330e+00,1.522125838753142624e+01,0.000000000000000000e+00
4.963723572924309657e+00,1.527677032347787289e+01,0.000000000000000000e+00
4.686848910906548760e+00,1.532999203267822530e+01,0.000000000000000000e+00
4.410422543313793575e+00,1.538097128099408373e+01,0.000000000000000000e+00
4.134390015593335299e+00,1.542975359649981293e+01,0.000000000000000000e+00
3.858695000802626396e+00,1.547638033754925857e+01,0.000000000000000000e+00
3.583279540674539021e+00,1.552088888124778165e+01,0.000000000000000000e+00
3.308084380020590132e+00,1.556331337894022582e+01,0.000000000000000000e+00
3.033049051877225288e+00,1.560368468046991453e+01,0.000000000000000000e+00
2.758111785526215165e+00,1.564202922572815702e+01,0.000000000000000000e+00
2.483209670619227705e+00,1.567836881912786140e+01,0.000000000000000000e+00
2.208279308844637967e+00,1.571272373272065970e+01,0.000000000000000000e+00
1.933256950297118859e+00,1.574511433750939560e+01,0.000000000000000000e+00
1.658077239892106425e+00,1.577555115358495286e+01,0.000000000000000000e+00
1.382673050095365008e+00,1.580402528020858099e+01,0.000000000000000000e+00
1.106978192852184018e+00,1.583052568943719329e+01,0.000000000000000000e+00
8.309280198426290953e-01,1.585505112428050190e+01,0.000000000000000000e+00
5.544580770447233853e-01,1.587760192901098399e+01,0.000000000000000000e+00
2.775038763967130340e-01,1.589818643115461683e+01,0.000000000000000000e+00
9.746235425298883637e-16,1.591681035231479235e+01,0.000000000000000000e+00
-2.781195821241373989e-01,1.593346018865470981e+01,0.000000000000000000e+00
-5.569203724805010802e-01,1.594811284476733704e+01,0.000000000000000000e+00
-8.364672196334297372e-01,1.596074535262944494e+01,0.000000000000000000e+00
-1.116824398451298217e+00,1.597133298960507020e+01,0.000000000000000000e+00
-1.398055397053066917e+00,1.597984631047432202e+01,0.000000000000000000e+00
-1.680222738868234478e+00,1.598625150186443200e+01,0.000000000000000000e+00
-1.963387908835700690e+00,1.599051130205456417e+01,0.000000000000000000e+00
-2.247611244298351352e+00,1.599258499537079992e+01,0.000000000000000000e+00
-2.532951791967613442e+00,1.599242821313439222e+01,0.000000000000000000e+00
-2.819467181710327175e+00,1.598999296864256436e+01,0.000000000000000000e+00
-3.107213519644071997e+00,1.598522779096215451e+01,0.000000000000000000e+00
-3.396245274275363712e+00,1.597807777652978878e+01,0.000000000000000000e+00
-3.686615176641056646e+00,1.596848469539055593e+01,0.000000000000000000e+00
-3.978374116654020298e+00,1.595638705354844866e+01,0.000000000000000000e+00
-4.271571011408733298e+00,1.594172004271576526e+01,0.000000000000000000e+00
-4.566252698856231973e+00,1.592441561621876467e+01,0.000000000000000000e+00
-4.862464021003836123e+00,1.590440317538532611e+01,0.000000000000000000e+00
-5.160247779849004957e+00,1.588160963978643636e+01,0.000000000000000000e+00
-5.459643949364263449e+00,1.585595734598068596e+01,0.000000000000000000e+00
-5.760689547160474433e+00,1.582736445131167891e+01,0.000000000000000000e+00
-6.063421777897000098e+00,1.579575376822572252e+01,0.000000000000000000e+00
-6.367877524509332865e+00,1.576104994507815427e+01,0.000000000000000000e+00
-6.674079535974724031e+00,1.572314606452194674e+01,0.000000000000000000e+00
-6.982042177663338123e+00,1.568192348798212699e+01,0.000000000000000000e+00
-7.291830516008160679e+00,1.563738100476228965e+01,0.000000000000000000e+00
-7.603511880966502545e+00,1.558950961903943622e+01,0.000000000000000000e+00
-7.916905663149332639e+00,1.553780222559010404e+01,0.000000000000000000e+00
-8.231600316016919550e+00,1.548138856648624540e+01,0.000000000000000000e+00
-8.546705576669662463e+00,1.541866501055666561e+01,0.000000000000000000e+00
-8.861380825542285677e+00,1.534836181505588826e+01,0.000000000000000000e+00
-9.175556749471443396e+00,1.527069083728813403e+01,0.000000000000000000e+00
-9.489225390954198147e+00,1.518593504699706820e+01,0.000000000000000000e+00
-9.802168257943483454e+00,1.509401546982259390e+01,0.000000000000000000e+00
-1.011417532553230814e+01,1.499488156632884284e+01,0.000000000000000000e+00
-1.042508883740553394e+01,1.488856984325017940e+01,0.000000000000000000e+00
-1.073474246804685350e+01,1.477510545393379715e+01,0.000000000000000000e+00
-1.104295701535084895e+01,1.465449892259811548e+01,0.000000000000000000e+00
-1.134955663494644362e+01,1.452677004400113780e+01,0.000000000000000000e+00
-1.165436852065217010e+01,1.439194654736498435e+01,0.000000000000000000e+00
-1.195721919484843454e+01,1.425005893289706727e+01,0.000000000000000000e+00
-1.225793515807394130e+01,1.410114134361193727e+01,0.000000000000000000e+00
-1.255634440847677524e+01,1.394523324055986535e+01,0.000000000000000000e+00
-1.285227631347293809e+01,1.378237897115976196e+01,0.000000000000000000e+00
-1.314556233403323304e+01,1.361262828871492125e+01,0.000000000000000000e+00
-1.343603579493204947e+01,1.343603579493205125e+01,0.000000000000000000e+00
-1.372353304349138092e+01,1.325266181079358141e+01,0.000000000000000000e+00
-1.400789319522443144e+01,1.306257172955187684e+01,0.000000000000000000e+00
-1.428896104498379316e+01,1.286583831371770614e+01,0.000000000000000000e+00
-1.456658492933303073e+01,1.266253909434292169e+01,0.000000000000000000e+00
-1.484061551572803772e+01,1.245275500569122151e+01,0.000000000000000000e+00
-1.511090733567819733e+01,1.223657148752150725e+01,0.000000000000000000e+00
-1.537733497852869569e+01,1.201409079270345437e+01,0.000000000000000000e+00
-1.563978631994186763e+01,1.178542432413446583e+01,0.000000000000000000e+00
-1.589811984194210126e+01,1.155066018049680743e+01,0.000000000000000000e+00
-1.615216133716437596e+01,1.130986512666191501e+01,0.000000000000000000e+00
-1.640171738235941490e+01,1.106309806524389749e+01,0.000000000000000000e+00
-1.664655634248345706e+01,1.081040008939894292e+01,0.000000000000000000e+00
-1.688646831262005676e+01,1.055183651054429106e+01,0.000000000000000000e+00
-1.712141129524387040e+01,1.028758178948570112e+01,0.000000000000000000e+00
-1.735141021492113822e+01,1.001784135840433798e+01,0.000000000000000000e+00
-1.757640622381770967e+01,9.742761061872942108e+00,0.000000000000000000e+00
-1.779622235190801760e+01,9.462419272454313912e+00,0.000000000000000000e+00
-1.801067444273572349e+01,9.176896991132741377e+00,0.000000000000000000e+00
-1.821958484597662675e+01,8.886285279523518099e+00,0.000000000000000000e+00
-1.842277972390836993e+01,8.590683269761106189e+00,0.000000000000000000e+00
-1.862009780122591351e+01,8.290201664356185773e+00,0.000000000000000000e+00
-1.881142825670422525e+01,7.984977551904691495e+00,0.000000000000000000e+00
-1.899667676989518839e+01,7.675155618751156261e+00,0.000000000000000000e+00
-1.917575661300798728e+01,7.360883308326302554e+00,0.000000000000000000e+00
-1.934860397203727800e+01,7.042315920426386100e+00,0.000000000000000000e+00
-1.951516538700195014e+01,6.719610320659465508e+00,0.000000000000000000e+00
-1.967538992556361777e+01,6.392921717878118137e+00,0.000000000000000000e+00
-1.982918976267177769e+01,6.062391698914730398e+00,0.000000000000000000e+00
-1.997644079770760683e+01,5.728152222626658130e+00,0.000000000000000000e+00
-2.011701995906629747e+01,5.390339252152597460e+00,0.000000000000000000e+00
-2.025080848530905442e+01,5.049093635601844987e+00,0.000000000000000000e+00
-2.037771796885720121e+01,4.704566886736950337e+00,0.000000000000000000e+00
-2.049768692983368723e+01,4.356917855993999389e+00,0.000000000000000000e+00
-2.061065853533319725e+01,4.006306177630027499e+00,0.000000000000000000e+00
-2.071657984896983962e+01,3.652891975374677802e+00,0.000000000000000000e+00
-2.081540090335748872e+01,3.296835622209124850e+00,0.000000000000000000e+00
-2.090706035649379047e+01,2.938295713674912157e+00,0.000000000000000000e+00
-2.099148796970603215e+01,2.577430633058960918e+00,0.000000000000000000e+00
-2.106861675140179102e+01,2.214400851761711753e+00,0.000000000000000000e+00
-2.113838339580703618e+01,1.849368912397741260e+00,0.000000000000000000e+00
-2.120072834607555734e+01,1.482499344121481100e+00,0.000000000000000000e+00
-2.125559585547972929e+01,1.113958576123506683e+00,0.000000000000000000e+00
-2.130293404663260048e+01,7.439148493403654472e-01,0.000000000000000000e+00
-2.134269496869192650e+01,3.725381264216587884e-01,0.000000000000000000e+00
-2.137484281907027395e+01,2.617663284065220160e-15,0.000000000000000000e+00
-2.122200048229123581e+01,-3.704313963250611130e-01,0.000000000000000000e+00
-2.102525483711717413e+01,-7.342180776722213587e-01,0.000000000000000000e+00
-2.077730842588088933e+01,-1.088892594079232445e+00,0.000000000000000000e+00
-2.049979264823009473e+01,-1.433485145393742499e+00,0.000000000000000000e+00
-2.021430581154212192e+01,-1.768522599556134445e+00,0.000000000000000000e+00
-1.993929959882688507e+01,-2.095704836067909582e+00,0.000000000000000000e+00
-1.967538168953114663e+01,-2.415833101346127165e+00,0.000000000000000000e+00
-1.941706050872495126e+01,-2.728889891363047493e+00,0.000000000000000000e+00
-1.916269681446173934e+01,-3.035073010067294685e+00,0.000000000000000000e+00
-1.891325441048903855e+01,-3.334917045572593608e+00,0.000000000000000000e+00
-1.866916959229597595e+01,-3.628918956694983766e+00,0.000000000000000000e+00
-1.842992304314938323e+01,-3.917401073894947405e+00,0.000000000000000000e+00
-1.819494337581816268e+01,-4.200633664807185141e+00,0.000000000000000000e+00
-1.796395619558439449e+01,-4.478917321407434926e+00,0.000000000000000000e+00
-1.773679997072534320e+01,-4.752561228468216825e+00,0.000000000000000000e+00
-1.751328801874208096e+01,-5.021854528839304166e+00,0.000000000000000000e+00
-1.729319530422857909e+01,-5.287060384959509918e+00,0.000000000000000000e+00
-1.707628826768923247e+01,-5.548422396723125871e+00,0.000000000000000000e+00
-1.686236332326111054e+01,-5.806177317521687975e+00,0.000000000000000000e+00
-1.665124070119265909e+01,-6.060555978836014823e+00,0.000000000000000000e+00
-1.644273743992215486e+01,-6.311775540716424437e+00,0.000000000000000000e+00
-1.623668453658323685e+01,-6.560046373391777763e+00,0.000000000000000000e+00
-1.603291670980843975e+01,-6.805569373699833058e+00,0.000000000000000000e+00
-1.583126694137389201e+01,-7.048534167076387469e+00,0.000000000000000000e+00
-1.563158552771494136e+01,-7.289128040678319209e+00,0.000000000000000000e+00
-1.543372551726091402e+01,-7.527530897748655470e+00,0.000000000000000000e+00
-1.523753803865583833e+01,-7.763913418334571936e+00,0.000000000000000000e+00
-1.504288779959484046e+01,-7.998445322469967422e+00,0.000000000000000000e+00
-1.484964083852657168e+01,-8.231290327617962532e+00,0.000000000000000000e+00
-1.465766055845008431e+01,-8.462604269111318800e+00,0.000000000000000000e+00
-1.446682169646954108e+01,-8.692543439902028268e+00,0.000000000000000000e+00
-1.427700072576804580e+01,-8.921260190719673133e+00,0.000000000000000000e+00
-1.408807042086596617e+01,-9.148899904811605310e+00,0.000000000000000000e+00
-1.389991192300666256e+01,-9.375608975427583758e+00,0.000000000000000000e+00
-1.371240912497436781e+01,-9.601532236322663394e+00,0.000000000000000000e+00
-1.352544134915359741e+01,-9.826808350202291820e+00,0.000000000000000000e+00
-1.333889299147951846e+01,-1.005157683761716925e+01,0.000000000000000000e+00
-1.315265259074956816e+01,-1.027597841958897362e+01,0.000000000000000000e+00
-1.296660362958814083e+01,-1.050014858400890816e+01,0.000000000000000000e+00
-1.278063113996421940e+01,-1.072422287575683519e+01,0.000000000000000000e+00
-1.259462544222739133e+01,-1.094834086469109558e+01,0.000000000000000000e+00
-1.240847176012301389e+01,-1.117263815637029900e+01,0.000000000000000000e+00
-1.222205359932656599e+01,-1.139724936495512608e+01,0.000000000000000000e+00
-1.203526014178284598e+01,-1.162231562080269143e+01,0.000000000000000000e+00
-1.184797584485010269e+01,-1.184797584485009914e+01,0.000000000000000000e+00
-1.166008078044988672e+01,-1.207436710940266167e+01,0.000000000000000000e+00
-1.147145983071959741e+01,-1.230163458076873439e+01,0.000000000000000000e+00
-1.128199382836239906e+01,-1.252992353800500069e+01,0.000000000000000000e+00
-1.109155724480308969e+01,-1.275937704130477890e+01,0.000000000000000000e+00
-1.090002801030525248e+01,-1.299014754065879806e+01,0.000000000000000000e+00
-1.070728076421315578e+01,-1.322239056994926543e+01,0.000000000000000000e+00
-1.051318197368234664e+01,-1.345625929493784234e+01,0.000000000000000000e+00
-1.031759873152172169e+01,-1.369191596822321166e+01,0.000000000000000000e+00
-1.012039437007864429e+01,-1.392952783901449187e+01,0.000000000000000000e+00
-9.921422865186549700e+00,-1.416926028896179979e+01,0.000000000000000000e+00
-9.720540726894867589e+00,-1.441129427453279988e+01,0.000000000000000000e+00
-9.517601778558207215e+00,-1.465582151834114910e+01,0.000000000000000000e+00
-9.312447411671719522e+00,-1.490303114277720553e+01,0.000000000000000000e+00
-9.104907810987198147e+00,-1.515311125851895291e+01,0.000000000000000000e+00
-8.894801208602881815e+00,-1.540624761652522778e+01,0.000000000000000000e+00
-8.681940219036096806e+00,-1.566263476355277540e+01,0.000000000000000000e+00
-8.466175015957238870e+00,-1.592255941276468256e+01,0.000000000000000000e+00
-8.247356984695867865e+00,-1.618634946081538573e+01,0.000000000000000000e+00
-8.025275031792620695e+00,-1.645425222741480553e+01,0.000000000000000000e+00
-7.799570106194868124e+00,-1.672623206973438315e+01,0.000000000000000000e+00
-7.569852076019675913e+00,-1.700216613575537039e+01,0.000000000000000000e+00
-7.335532620258778280e+00,-1.728143187801395086e+01,0.000000000000000000e+00
-7.095808470686362668e+00,-1.756274226015579032e+01,0.000000000000000000e+00
-6.850021638171938321e+00,-1.784491646251760955e+01,0.000000000000000000e+00
-6.598005710593566775e+00,-1.812787170328848774e+01,0.000000000000000000e+00
-6.339731212267239790e+00,-1.841191634820744838e+01,0.000000000000000000e+00
-6.075047913503501817e+00,-1.869707495094059269e+01,0.000000000000000000e+00
-5.803710785900751290e+00,-1.898308262098809607e+01,0.000000000000000000e+00
-5.525500452956693564e+00,-1.926971008909068317e+01,0.000000000000000000e+00
-5.240236498001642040e+00,-1.955682885421894213e+01,0.000000000000000000e+00
-4.947740793105433355e+00,-1.984430443706478897e+01,0.000000000000000000e+00
-4.647830801133943979e+00,-2.013196698286645159e+01,0.000000000000000000e+00
-4.340330731162108435e+00,-2.041965064291984078e+01,0.000000000000000000e+00
-4.025077001088411599e+00,-2.070722605053914123e+01,0.000000000000000000e+00
-3.701904074977599990e+00,-2.099454127838917827e+01,0.000000000000000000e+00
-3.370641613371156087e+00,-2.128139359184884327e+01,0.000000000000000000e+00
-3.031152218312862967e+00,-2.156776871812101248e+01,0.000000000000000000e+00
-2.683313551821316256e+00,-2.185383514091181567e+01,0.000000000000000000e+00
-2.326882360990160770e+00,-2.213880682456233728e+01,0.000000000000000000e+00
-1.961643219703520513e+00,-2.242168460056837986e+01,0.000000000000000000e+00
-1.587573971539694595e+00,-2.270336552483176007e+01,0.000000000000000000e+00
-1.204540619477593832e+00,-2.298400420617257112e+01,0.000000000000000000e+00
-8.123360367105876279e-01,-2.326226049808435548e+01,0.000000000000000000e+00
-4.108682191363849934e-01,-2.353862450962197528e+01,0.000000000000000000e+00
-4.374391686515734070e-15,-2.381307921903880853e+01,0.000000000000000000e+00
4.203884463078559341e-01,-2.408403795899216249e+01,0.000000000000000000e+00
8.504089829996736016e-01,-2.435252703124510631e+01,0.000000000000000000e+00
1.290203787043104011e+00,-2.461855481559399550e+01,0.000000000000000000e+00
1.739824561826718075e+00,-2.488065040391399307e+01,0.000000000000000000e+00
2.199352592629494563e+00,-2.513871516596896427e+01,0.000000000000000000e+00
2.668925506140658488e+00,-2.539312996659282007e+01,0.000000000000000000e+00
3.148670175250549708e+00,-2.564386069467191120e+01,0.000000000000000000e+00
3.638646919881565189e+00,-2.589031812417184497e+01,0.000000000000000000e+00
4.138852958570143237e+00,-2.613168913618956424e+01,0.000000000000000000e+00
4.649268347840588511e+00,-2.636731105563245592e+01,0.000000000000000000e+00
5.170064858236552041e+00,-2.659767792926778540e+01,0.000000000000000000e+00
5.701315787133555801e+00,-2.682258191579336426e+01,0.000000000000000000e+00
6.243040401993368960e+00,-2.704157888341554639e+01,0.000000000000000000e+00
6.795269490830148307e+00,-2.725433731205942323e+01,0.000000000000000000e+00
7.358016459337402004e+00,-2.746049126917529648e+01,0.000000000000000000e+00
7.931289089324703667e+00,-2.765969212838875890e+01,0.000000000000000000e+00
8.515087038725937418e+00,-2.785159473723709667e+01,0.000000000000000000e+00
9.109404009626192789e+00,-2.803586275390479443e+01,0.000000000000000000e+00
9.714228708988633443e+00,-2.821216868487558926e+01,0.000000000000000000e+00
1.032954606192201119e+01,-2.838019455834712090e+01,0.000000000000000000e+00
1.095533930701178704e+01,-2.853963462870656898e+01,0.000000000000000000e+00
1.159158852043692001e+01,-2.869018835714468096e+01,0.000000000000000000e+00
1.223828326762547292e+01,-2.883158858965674298e+01,0.000000000000000000e+00
1.289538725544374209e+01,-2.896351398946244160e+01,0.000000000000000000e+00
1.356287746751535828e+01,-2.908568459110982829e+01,0.000000000000000000e+00
1.423976998879317435e+01,-2.919585511122821941e+01,0.000000000000000000e+00
1.492692712376165787e+01,-2.929574398800442481e+01,0.000000000000000000e+00
1.562303587062669941e+01,-2.938265703094273462e+01,0.000000000000000000e+00
1.632375105795032155e+01,-2.944882645370478969e+01,0.000000000000000000e+00
1.702607049815098605e+01,-2.949001915604704749e+01,0.000000000000000000e+00
1.772651099459404023e+01,-2.950186854196373787e+01,0.000000000000000000e+00
1.842525507071199442e+01,-2.948657189604912787e+01,0.000000000000000000e+00
1.912254736221135332e+01,-2.944614070195426692e+01,0.000000000000000000e+00
1.981739192180429043e+01,-2.938049176098670756e+01,0.000000000000000000e+00
2.050900284653936012e+01,-2.928989153555354363e+01,0.000000000000000000e+00
2.119488481340168562e+01,-2.917225626363514124e+01,0.000000000000000000e+00
2.187406476897819019e+01,-2.902786437946198461e+01,0.000000000000000000e+00
2.254733031553353584e+01,-2.885926676566046112e+01,0.000000000000000000e+00
2.321365128966904479e+01,-2.866647197040852291e+01,0.000000000000000000e+00
2.387216142764539839e+01,-2.844973414438533510e+01,0.000000000000000000e+00
2.452194797435366880e+01,-2.820927423321371208e+01,0.000000000000000000e+00
2.516209810263503499e+01,-2.794534105214638586e+01,0.000000000000000000e+00
2.579162041133999850e+01,-2.765812670995493505e+01,0.000000000000000000e+00
2.640862244255201219e+01,-2.734692908471256345e+01,0.000000000000000000e+00
2.701376831012930069e+01,-2.701376831012931490e+01,0.000000000000000000e+00
2.760622202093827227e+01,-2.665901872045196797e+01,0.000000000000000000e+00
2.818527403569932943e+01,-2.628319324521374867e+01,0.000000000000000000e+00
2.875019598191456893e+01,-2.588679273647137791e+01,0.000000000000000000e+00
2.930038894230316870e+01,-2.547043952040136716e+01,0.000000000000000000e+00
2.983516513771855827e+01,-2.503467606317290262e+01,0.000000000000000000e+00
3.035246271316641042e+01,-2.457893967326899087e+01,0.000000000000000000e+00
3.085251413552659017e+01,-2.410462583568223849e+01,0.000000000000000000e+00
3.133528123136589727e+01,-2.361282808300584080e+01,0.000000000000000000e+00
3.180028774897084887e+01,-2.310426145243519613e+01,0.000000000000000000e+00
3.224777863897276831e+01,-2.258013769352680811e+01,0.000000000000000000e+00
3.267631077737118517e+01,-2.204044991832682854e+01,0.000000000000000000e+00
3.308204973556883743e+01,-2.148373429681609537e+01,0.000000000000000000e+00
3.346918605310046502e+01,-2.091386859793359676e+01,0.000000000000000000e+00
3.383731606915786472e+01,-2.033151067954542768e+01,0.000000000000000000e+00
3.418134395126217839e+01,-1.973460813152442839e+01,0.000000000000000000e+00
3.450304434282887911e+01,-1.912534978190629431e+01,0.000000000000000000e+00
3.480405723460035006e+01,-1.850564549172293027e+01,0.000000000000000000e+00
3.508312655707459271e+01,-1.787574582866337636e+01,0.000000000000000000e+00
3.533919569656330850e+01,-1.723607739492038959e+01,0.000000000000000000e+00
3.557172988093658716e+01,-1.658737005730171532e+01,0.000000000000000000e+00
3.578037679340422983e+01,-1.593045011957142165e+01,0.000000000000000000e+00
3.596507846166068845e+01,-1.526627006997744118e+01,0.000000000000000000e+00
3.612583827593131502e+01,-1.459578609375578928e+01,0.000000000000000000e+00
3.626253617198564427e+01,-1.391988345559615148e+01,0.000000000000000000e+00
3.637486484498688100e+01,-1.323936807903131552e+01,0.000000000000000000e+00
3.646252458005630359e+01,-1.255505406316654060e+01,0.000000000000000000e+00
3.652523904524647236e+01,-1.186776957541578348e+01,0.000000000000000000e+00
3.656275581167945177e+01,-1.117835625031137070e+01,0.000000000000000000e+00
3.657484685937900792e+01,-1.048766857176194911e+01,0.000000000000000000e+00
3.656130376059773823e+01,-9.796571816881131767e+00,0.000000000000000000e+00
3.652197965215684405e+01,-9.105952246551556328e+00,0.000000000000000000e+00
3.645698009713157717e+01,-8.416757048925436635e+00,0.000000000000000000e+00
3.636649895705538427e+01,-7.729937978288158540e+00,0.000000000000000000e+00
3.625076078098286558e+01,-7.046434087084925579e+00,0.000000000000000000e+00
3.611002024601127403e+01,-6.367170843300710814e+00,0.000000000000000000e+00
3.594456157445132760e+01,-5.693059267680316893e+00,0.000000000000000000e+00
3.575461225561566181e+01,-5.024983050864595846e+00,0.000000000000000000e+00
3.553973769713281428e+01,-4.363731087746847592e+00,0.000000000000000000e+00
3.529919230415244868e+01,-3.710094612623993093e+00,0.000000000000000000e+00
3.503269793939876564e+01,-3.064963922425395282e+00,0.000000000000000000e+00
3.474204864232635970e+01,-2.429400701944258056e+00,0.000000000000000000e+00
3.442912958717895577e+01,-1.804354224312116894e+00,0.000000000000000000e+00
3.409193869747970496e+01,-1.190516732781478071e+00,0.000000000000000000e+00
3.372823209596347027e+01,-5.887284811490363090e-01,0.000000000000000000e+00
3.334246446799206609e+01,-8.166548477282167128e-15,0.000000000000000000e+00
