1.642901185027482569e+01,0.000000000000000000e+00,0.000000000000000000e+00
1.623486577364799643e+01,2.833806361799231510e-01,0.000000000000000000e+00
1.604513029537040580e+01,5.603082965096880530e-01,0.000000000000000000e+00
1.585955608524003679e+01,8.311641148422730385e-01,0.000000000000000000e+00
1.567790574871386688e+01,1.096305966958395661e+00,0.000000000000000000e+00
1.549993306602473098e+01,1.356068428687781324e+00,0.000000000000000000e+00
1.532542637904627547e+01,1.610767219690083962e+00,0.000000000000000000e+00
1.515419352742024373e+01,1.860700998101933568e+00,0.000000000000000000e+00
1.498603282636418754e+01,2.106149562294661326e+00,0.000000000000000000e+00
1.482075465827238148e+01,2.347376931737735095e+00,0.000000000000000000e+00
1.465820069581590346e+01,2.584636271311937961e+00,0.000000000000000000e+00
1.449820854532042347e+01,2.818166258982495176e+00,0.000000000000000000e+00
1.434061052425754035e+01,3.048190865285116402e+00,0.000000000000000000e+00
1.418526232548716770e+01,3.274925853726821323e+00,0.000000000000000000e+00
1.403203296205062678e+01,3.498578754257763990e+00,0.000000000000000000e+00
1.388078509030967389e+01,3.719345155258445779e+00,0.000000000000000000e+00
1.373137952245707716e+01,3.937409718167550920e+00,0.000000000000000000e+00
1.358369945568954762e+01,4.152953691317600615e+00,0.000000000000000000e+00
1.343763346501573075e+01,4.366151783542047582e+00,0.000000000000000000e+00
1.329306453731971516e+01,4.577169185440785881e+00,0.000000000000000000e+00
1.314987403526813381e+01,4.786162733187594220e+00,0.000000000000000000e+00
1.300796152577965792e+01,4.993288598871223449e+00,0.000000000000000000e+00
1.286723064913383219e+01,5.198698636119996053e+00,0.000000000000000000e+00
1.272758006759553595e+01,5.402537209985643685e+00,0.000000000000000000e+00
1.258890536611498057e+01,5.604941785628949624e+00,0.000000000000000000e+00
1.245111517962272529e+01,5.806050360828026946e+00,0.000000000000000000e+00
1.231412417045116747e+01,6.005999657575589623e+00,0.000000000000000000e+00
1.217784238568954436e+01,6.204920615440772558e+00,0.000000000000000000e+00
1.204217561969968209e+01,6.402938354718234137e+00,0.000000000000000000e+00
1.190703616424382005e+01,6.600177921815808091e+00,0.000000000000000000e+00
1.177234558812524234e+01,6.796766894297411099e+00,0.000000000000000000e+00
1.163802151294219200e+01,6.992828810522510707e+00,0.000000000000000000e+00
1.150397684952636368e+01,7.188482558343444850e+00,0.000000000000000000e+00
1.137012442545386470e+01,7.383845137490222754e+00,0.000000000000000000e+00
1.123638782154792182e+01,7.579039284178595182e+00,0.000000000000000000e+00
1.110268877535085252e+01,7.774186374896997265e+00,0.000000000000000000e+00
1.096894385091245105e+01,7.969404194990790558e+00,0.000000000000000000e+00
1.083506562854113753e+01,8.164807587516751397e+00,0.000000000000000000e+00
1.070097425948882730e+01,8.360517378556986401e+00,0.000000000000000000e+00
1.056659244509397588e+01,8.556657847316090582e+00,0.000000000000000000e+00
1.043183708542693644e+01,8.753350650883213291e+00,0.000000000000000000e+00
1.029661929673887144e+01,8.950714598997743465e+00,0.000000000000000000e+00
1.016085177913350712e+01,9.148872035442712658e+00,0.000000000000000000e+00
1.002445343948135914e+01,9.347954062600939196e+00,0.000000000000000000e+00
9.887337424196905644e+00,9.548090763276841031e+00,0.000000000000000000e+00
9.749409880402398088e+00,9.749409880402396311e+00,0.000000000000000000e+00
9.610574118812127864e+00,9.952040832961049688e+00,0.000000000000000000e+00
9.470742120675081921e+00,1.015612751092476351e+01,0.000000000000000000e+00
9.329821313068467958e+00,1.036181631141397297e+01,0.000000000000000000e+00
9.187710450391811889e+00,1.056925183682505498e+01,0.000000000000000000e+00
9.044301361988575039e+00,1.077857864065458848e+01,0.000000000000000000e+00
8.899488498117680280e+00,1.098995304094191816e+01,0.000000000000000000e+00
8.753161108659472944e+00,1.120353531626658494e+01,0.000000000000000000e+00
8.605198257304262910e+00,1.141948378637259864e+01,0.000000000000000000e+00
8.455473076451008652e+00,1.163796027145794021e+01,0.000000000000000000e+00
8.303877860438360514e+00,1.185916661461502031e+01,0.000000000000000000e+00
8.150303926347296724e+00,1.208332248271863918e+01,0.000000000000000000e+00
7.994627668529765252e+00,1.231064704551165079e+01,0.000000000000000000e+00
7.836702606184156039e+00,1.254134577450249566e+01,0.000000000000000000e+00
7.676335077187656175e+00,1.277556696861099539e+01,0.000000000000000000e+00
7.513312331090376439e+00,1.301343869058228719e+01,0.000000000000000000e+00
7.347414450367472760e+00,1.325508654623425819e+01,0.000000000000000000e+00
7.178530690695026806e+00,1.350085265229101950e+01,0.000000000000000000e+00
7.006701117642925247e+00,1.375142522242068388e+01,0.000000000000000000e+00
6.831930899277708136e+00,1.400753416819337716e+01,0.000000000000000000e+00
6.653974987368274085e+00,1.426949540930876559e+01,0.000000000000000000e+00
6.471582835801797273e+00,1.453541303457816802e+01,0.000000000000000000e+00
6.283332662775944044e+00,1.480260411885837080e+01,0.000000000000000000e+00
6.088046591059170787e+00,1.506844408051645345e+01,0.000000000000000000e+00
5.885260401977792988e+00,1.533162751606779040e+01,0.000000000000000000e+00
5.674874791311102840e+00,1.559159034735951010e+01,0.000000000000000000e+00
5.456846940241685928e+00,1.584783424166192844e+01,0.000000000000000000e+00
5.231294699437172291e+00,1.610026957456994623e+01,0.000000000000000000e+00
4.998381535830639599e+00,1.634896933465442714e+01,0.000000000000000000e+00
4.758208862944226070e+00,1.659384631544352473e+01,0.000000000000000000e+00
4.510787636420237945e+00,1.683448864127386102e+01,0.000000000000000000e+00
4.256152684597657831e+00,1.707049603760168921e+01,0.000000000000000000e+00
3.994436973110298439e+00,1.730180738037589450e+01,0.000000000000000000e+00
3.725795498233533731e+00,1.752848968274875219e+01,0.000000000000000000e+00
3.450329537643522571e+00,1.775040667930495530e+01,0.000000000000000000e+00
3.168112528702817787e+00,1.796725898653537357e+01,0.000000000000000000e+00
2.879241175539954067e+00,1.817881333318013048e+01,0.000000000000000000e+00
2.583831625587771352e+00,1.838491731644599980e+01,0.000000000000000000e+00
2.282002804212845071e+00,1.858542138711889180e+01,0.000000000000000000e+00
1.973875862670570802e+00,1.878017434484081960e+01,0.000000000000000000e+00
1.659576114678546155e+00,1.896904179118924816e+01,0.000000000000000000e+00
1.339231871110516447e+00,1.915190802910335677e+01,0.000000000000000000e+00
1.012972845512329023e+00,1.932867332617768952e+01,0.000000000000000000e+00
6.809268129386298884e-01,1.949919268243904114e+01,0.000000000000000000e+00
3.432174648912330595e-01,1.966291539462516980e+01,0.000000000000000000e+00
1.213587646753041309e-15,1.981939033520502846e+01,0.000000000000000000e+00
-3.485615357167793915e-01,1.996907700717290979e+01,0.000000000000000000e+00
-7.023373773419689936e-01,2.011231102762330281e+01,0.000000000000000000e+00
-1.061200117346462912e+00,2.024890449212107058e+01,0.000000000000000000e+00
-1.424964320778889570e+00,2.037793917918108377e+01,0.000000000000000000e+00
-1.793411030050314992e+00,2.049878187382418204e+01,0.000000000000000000e+00
-2.166500736749699563e+00,2.061287759977836842e+01,0.000000000000000000e+00
-2.544086034014198194e+00,2.071991800358360436e+01,0.000000000000000000e+00
-2.925790004547617063e+00,2.081807761241248755e+01,0.000000000000000000e+00
-3.311622602217014322e+00,2.090876222077979207e+01,0.000000000000000000e+00
-3.701498005373281330e+00,2.099223834322470950e+01,0.000000000000000000e+00
-4.094940505230416861e+00,2.106664262134263055e+01,0.000000000000000000e+00
-4.492033251520947346e+00,2.113335488788385419e+01,0.000000000000000000e+00
-4.892671331882097796e+00,2.119248783484902887e+01,0.000000000000000000e+00
-5.296219704702372688e+00,2.124197701143711114e+01,0.000000000000000000e+00
-5.702937029078868569e+00,2.128365074488823794e+01,0.000000000000000000e+00
-6.112691805659744126e+00,2.131748969380576852e+01,0.000000000000000000e+00
-6.524749009093739893e+00,2.134149238134606819e+01,0.000000000000000000e+00
-6.939353275136444843e+00,2.135713333353061927e+01,0.000000000000000000e+00
-7.356437063393929776e+00,2.136464454044623906e+01,0.000000000000000000e+00
-7.775520449596198702e+00,2.136306685977321251e+01,0.000000000000000000e+00
-8.196289490389464305e+00,2.135206412247832475e+01,0.000000000000000000e+00
-8.618983790806227674e+00,2.133273347043263968e+01,0.000000000000000000e+00
-9.043364036720420884e+00,2.130483056091324201e+01,0.000000000000000000e+00
-9.468556227890578825e+00,2.126672548362202519e+01,0.000000000000000000e+00
-9.894808607921886434e+00,2.121948553680604377e+01,0.000000000000000000e+00
-1.032195448187874298e+01,2.116314292680261744e+01,0.000000000000000000e+00
-1.074916392151283517e+01,2.109642203775803537e+01,0.000000000000000000e+00
-1.117555735533471051e+01,2.101816648317384306e+01,0.000000000000000000e+00
-1.160165052855431256e+01,2.092993159348193899e+01,0.000000000000000000e+00
-1.202731206663695751e+01,2.083191557790145154e+01,0.000000000000000000e+00
-1.245159704197614303e+01,2.072293747945729336e+01,0.000000000000000000e+00
-1.287431939594926078e+01,2.060321786724053084e+01,0.000000000000000000e+00
-1.329595869303089017e+01,2.047398095172419374e+01,0.000000000000000000e+00
-1.371601859567394754e+01,2.033483381334113105e+01,0.000000000000000000e+00
-1.413294046987677888e+01,2.018393076145947873e+01,0.000000000000000000e+00
-1.454781500717520437e+01,2.002334955823516793e+01,0.000000000000000000e+00
-1.496053816026764238e+01,1.985330469423770339e+01,0.000000000000000000e+00
-1.536993770676052939e+01,1.967262315509701764e+01,0.000000000000000000e+00
-1.577615915352333076e+01,1.948193407973039015e+01,0.000000000000000000e+00
-1.617920530881191254e+01,1.928162605209590552e+01,0.000000000000000000e+00
-1.657867353249105946e+01,1.907158226540885337e+01,0.000000000000000000e+00
-1.697390201241673324e+01,1.885142800047444567e+01,0.000000000000000000e+00
-1.736505099305707489e+01,1.862173733293745315e+01,0.000000000000000000e+00
-1.775211760515900750e+01,1.838285591411739617e+01,0.000000000000000000e+00
-1.813430598353802026e+01,1.813430598353802381e+01,0.000000000000000000e+00
-1.851143136201698169e+01,1.787628147191141537e+01,0.000000000000000000e+00
-1.888360003159556300e+01,1.760924191005249284e+01,0.000000000000000000e+00
-1.925081765205082363e+01,1.733351406994681909e+01,0.000000000000000000e+00
-1.961236895704179162e+01,1.704877223151509114e+01,0.000000000000000000e+00
-1.996748409165989457e+01,1.675470853685003192e+01,0.000000000000000000e+00
-2.031664301956803342e+01,1.645209312536898594e+01,0.000000000000000000e+00
-2.066007461334812234e+01,1.614141933796521755e+01,0.000000000000000000e+00
-2.099734909644650571e+01,1.582263745304950397e+01,0.000000000000000000e+00
-2.132788566427124266e+01,1.549561596752893067e+01,0.000000000000000000e+00
-2.165115475276368784e+01,1.516030176883011293e+01,0.000000000000000000e+00
-2.196718218586839555e+01,1.481705147539747003e+01,0.000000000000000000e+00
-2.227605787781771696e+01,1.446624113236205744e+01,0.000000000000000000e+00
-2.257756892555807937e+01,1.410803086220165348e+01,0.000000000000000000e+00
-2.287150552108177592e+01,1.374258696548946723e+01,0.000000000000000000e+00
-2.315778201735794894e+01,1.337015168155628331e+01,0.000000000000000000e+00
-2.343622228877116243e+01,1.299091014652498899e+01,0.000000000000000000e+00
-2.370639502113782271e+01,1.260491382343169775e+01,0.000000000000000000e+00
-2.396794389140120529e+01,1.221227738472344981e+01,0.000000000000000000e+00
-2.422089037116075261e+01,1.181331755809617867e+01,0.000000000000000000e+00
-2.446531552612825067e+01,1.140836398901199367e+01,0.000000000000000000e+00
-2.470107513206183825e+01,1.099762720675527561e+01,0.000000000000000000e+00
-2.492791803171035170e+01,1.058127342499834356e+01,0.000000000000000000e+00
-2.514565171159954104e+01,1.015950275720291884e+01,0.000000000000000000e+00
-2.535418590012147178e+01,9.732560104658672273e+00,0.000000000000000000e+00
-2.555344454114982256e+01,9.300693195950714198e+00,0.000000000000000000e+00
-2.574331121451472981e+01,8.864132908666928046e+00,0.000000000000000000e+00
-2.592363184833110523e+01,8.423098585413439920e+00,0.000000000000000000e+00
-2.609425624265714916e+01,7.977814743224468153e+00,0.000000000000000000e+00
-2.625506375396312109e+01,7.528518384252251394e+00,0.000000000000000000e+00
-2.640597531161161626e+01,7.075459760102503992e+00,0.000000000000000000e+00
-2.654692126568032862e+01,6.618890860807239207e+00,0.000000000000000000e+00
-2.667783915716217891e+01,6.159064469352754756e+00,0.000000000000000000e+00
-2.679869061132908215e+01,5.696237533602811709e+00,0.000000000000000000e+00
-2.690946450429662562e+01,5.230670029075645822e+00,0.000000000000000000e+00
-2.701015789498533337e+01,4.762619590081669685e+00,0.000000000000000000e+00
-2.710077473886649813e+01,4.292341039376704970e+00,0.000000000000000000e+00
-2.718132573327232748e+01,3.820086206871681433e+00,0.000000000000000000e+00
-2.725182815812225812e+01,3.346103754196454449e+00,0.000000000000000000e+00
-2.731230571225163573e+01,2.870639005228582175e+00,0.000000000000000000e+00
-2.736278834553131034e+01,2.393933782693264067e+00,0.000000000000000000e+00
-2.740331208696924392e+01,1.916226250934830455e+00,0.000000000000000000e+00
-2.743391886898761101e+01,1.437750764954761618e+00,0.000000000000000000e+00
-2.745465634807093025e+01,9.587377258061381413e-01,0.000000000000000000e+00
-2.746557772198275771e+01,4.794134424282134321e-01,0.000000000000000000e+00
-2.746674154375054400e+01,3.363705711456173301e-15,0.000000000000000000e+00
-2.779028463511302149e+01,-4.850812226795488402e-01,0.000000000000000000e+00
-2.774875015173841675e+01,-9.690077077329550814e-01,0.000000000000000000e+00
-2.769262143581973845e+01,-1.451308791977249157e+00,0.000000000000000000e+00
-2.762610062812592560e+01,-1.931805143355456167e+00,0.000000000000000000e+00
-2.754571079209531348e+01,-2.409937423072034068e+00,0.000000000000000000e+00
-2.745335742458550854e+01,-2.885464137586342126e+00,0.000000000000000000e+00
-2.734752826094929645e+01,-3.357854249300428418e+00,0.000000000000000000e+00
-2.722898383771360642e+01,-3.826784116650198353e+00,0.000000000000000000e+00
-2.709838418462392440e+01,-4.291962412780921277e+00,0.000000000000000000e+00
-2.695517983116133109e+01,-4.752925474082392299e+00,0.000000000000000000e+00
-2.679915555980055331e+01,-5.209228142343835799e+00,0.000000000000000000e+00
-2.663152347033932088e+01,-5.660705060889826612e+00,0.000000000000000000e+00
-2.645176579673036343e+01,-6.106871321568178246e+00,0.000000000000000000e+00
-2.626047894151701811e+01,-6.547472768193836501e+00,0.000000000000000000e+00
-2.605730020669038538e+01,-6.982032547318016036e+00,0.000000000000000000e+00
-2.584225185642642941e+01,-7.410146477447261404e+00,0.000000000000000000e+00
-2.561631685763425992e+01,-7.831694009345492979e+00,0.000000000000000000e+00
-2.537902513438671548e+01,-8.246145137352222321e+00,0.000000000000000000e+00
-2.513079351771146364e+01,-8.653226152028981488e+00,0.000000000000000000e+00
-2.487185511815670580e+01,-9.052614933990538404e+00,0.000000000000000000e+00
-2.460240407377517613e+01,-9.443978099331095777e+00,0.000000000000000000e+00
-2.432289962741159428e+01,-9.827089337830447136e+00,0.000000000000000000e+00
-2.403317468965807535e+01,-1.020147740932593017e+01,0.000000000000000000e+00
-2.373609752848951970e+01,-1.056799149696458429e+01,0.000000000000000000e+00
-2.343951629652323376e+01,-1.093002595251766884e+01,0.000000000000000000e+00
-2.314654978458091961e+01,-1.128932664280223541e+01,0.000000000000000000e+00
-2.285646645950144418e+01,-1.164595134663180431e+01,0.000000000000000000e+00
-2.256827129758047334e+01,-1.199976270521858268e+01,0.000000000000000000e+00
-2.228194287186010669e+01,-1.235108261782555950e+01,0.000000000000000000e+00
-2.199747861884885225e+01,-1.270025020208542621e+01,0.000000000000000000e+00
-2.171464084560990315e+01,-1.304747254045431148e+01,0.000000000000000000e+00
-2.143319553990226467e+01,-1.339294700636461144e+01,0.000000000000000000e+00
-2.115297689934124747e+01,-1.373690381716373921e+01,0.000000000000000000e+00
-2.087381832881454713e+01,-1.407956824180695499e+01,0.000000000000000000e+00
-2.059554243819324171e+01,-1.442115406874089345e+01,0.000000000000000000e+00
-2.031797161183163425e+01,-1.476187045880130988e+01,0.000000000000000000e+00
-2.004093684008478959e+01,-1.510192912370018981e+01,0.000000000000000000e+00
-1.976426773033487905e+01,-1.544153829614118045e+01,0.000000000000000000e+00
-1.948779641461507239e+01,-1.578090637871019908e+01,0.000000000000000000e+00
-1.921135269225645814e+01,-1.612023895848903976e+01,0.000000000000000000e+00
-1.893476955904948156e+01,-1.645974406128810941e+01,0.000000000000000000e+00
-1.865787681204061599e+01,-1.679962773957225863e+01,0.000000000000000000e+00
-1.838050631662948220e+01,-1.714009943110557188e+01,0.000000000000000000e+00
-1.810248584113767478e+01,-1.748136737289064868e+01,0.000000000000000000e+00
-1.782364451017943807e+01,-1.782364451017943097e+01,0.000000000000000000e+00
-1.754380649649019830e+01,-1.816714344639152756e+01,0.000000000000000000e+00
-1.726279641951378352e+01,-1.851208272781269315e+01,0.000000000000000000e+00
-1.698043307643463962e+01,-1.885868148190789029e+01,0.000000000000000000e+00
-1.669653474649698310e+01,-1.920716608243798262e+01,0.000000000000000000e+00
-1.641091299368756040e+01,-1.955776451797814275e+01,0.000000000000000000e+00
-1.612337777407851291e+01,-1.991071336694998450e+01,0.000000000000000000e+00
-1.583373140903664122e+01,-2.026625202338918896e+01,0.000000000000000000e+00
-1.554177334169877511e+01,-2.062462983189949739e+01,0.000000000000000000e+00
-1.524729447704343066e+01,-2.098610045430254800e+01,0.000000000000000000e+00
-1.495008126823548800e+01,-2.135092876386312000e+01,0.000000000000000000e+00
-1.464991082970952085e+01,-2.171938598831944134e+01,0.000000000000000000e+00
-1.434655378293252070e+01,-2.209175552181936197e+01,0.000000000000000000e+00
-1.403977080919109177e+01,-2.246833000577110795e+01,0.000000000000000000e+00
-1.372931344574943857e+01,-2.284941467451987052e+01,0.000000000000000000e+00
-1.341492287640735448e+01,-2.323532800155553701e+01,0.000000000000000000e+00
-1.309632792842944404e+01,-2.362640100158161260e+01,0.000000000000000000e+00
-1.277324649371097287e+01,-2.402298272911446730e+01,0.000000000000000000e+00
-1.244538088201514547e+01,-2.442543526405587073e+01,0.000000000000000000e+00
-1.211242071625072647e+01,-2.483414272535349099e+01,0.000000000000000000e+00
-1.177403792470765431e+01,-2.524950581187758303e+01,0.000000000000000000e+00
-1.142988769249328485e+01,-2.567194807893513087e+01,0.000000000000000000e+00
-1.107960653591643130e+01,-2.610191727003503104e+01,0.000000000000000000e+00
-1.072280903525777696e+01,-2.653988367485997912e+01,0.000000000000000000e+00
-1.035908869595599668e+01,-2.698634868202809756e+01,0.000000000000000000e+00
-9.988013666616620156e+00,-2.744184201423334457e+01,0.000000000000000000e+00
-9.609124969052519560e+00,-2.790692526006868590e+01,0.000000000000000000e+00
-9.221935367859305899e+00,-2.838219866255478152e+01,0.000000000000000000e+00
-8.825925031290333678e+00,-2.886829999914066747e+01,0.000000000000000000e+00
-8.420538894856781198e+00,-2.936590896684773355e+01,0.000000000000000000e+00
-8.005184258943979003e+00,-2.987575437832956382e+01,0.000000000000000000e+00
-7.579226242033365146e+00,-3.039861610250194346e+01,0.000000000000000000e+00
-7.141983599246877645e+00,-3.093532965467093021e+01,0.000000000000000000e+00
-6.692724408371311995e+00,-3.148679276606498334e+01,0.000000000000000000e+00
-6.230661143886131015e+00,-3.205397280992959708e+01,0.000000000000000000e+00
-5.754944536010883738e+00,-3.263791231998679621e+01,0.000000000000000000e+00
-5.264657307078207893e+00,-3.323973804681003230e+01,0.000000000000000000e+00
-4.758806343760208613e+00,-3.386066657308118977e+01,0.000000000000000000e+00
-4.236315867986910177e+00,-3.450202400721136797e+01,0.000000000000000000e+00
-3.696014977619811681e+00,-3.516523352534025548e+01,0.000000000000000000e+00
-3.136634195498423150e+00,-3.585189290917669780e+01,0.000000000000000000e+00
-2.556774265330294948e+00,-3.656357546223822652e+01,0.000000000000000000e+00
-1.954955533133779344e+00,-3.730277374615588570e+01,0.000000000000000000e+00
-1.329353440172905687e+00,-3.806770181530675501e+01,0.000000000000000000e+00
-6.780065265525306861e-01,-3.884296789159898822e+01,0.000000000000000000e+00
-7.277347734593629571e-15,-3.961603590336088843e+01,0.000000000000000000e+00
7.045540405045430665e-01,-4.036387394730267886e+01,0.000000000000000000e+00
1.433746627314021138e+00,-4.105713156328994984e+01,0.000000000000000000e+00
2.185952609695276383e+00,-4.171046053849168089e+01,0.000000000000000000e+00
2.959942858186075387e+00,-4.232915495385712035e+01,0.000000000000000000e+00
3.752202345347171342e+00,-4.288786905786209047e+01,0.000000000000000000e+00
4.563027163906309802e+00,-4.341430345192248552e+01,0.000000000000000000e+00
5.388583164077050291e+00,-4.388648804419487703e+01,0.000000000000000000e+00
6.228858513971100130e+00,-4.432063127532506286e+01,0.000000000000000000e+00
7.079942876699444554e+00,-4.470100006157395711e+01,0.000000000000000000e+00
7.942643449526446631e+00,-4.504496939500512553e+01,0.000000000000000000e+00
8.811483675512100433e+00,-4.533115372951252908e+01,0.000000000000000000e+00
9.688719534591408333e+00,-4.558184164473078681e+01,0.000000000000000000e+00
1.056868430759620381e+01,-4.577800110127851951e+01,0.000000000000000000e+00
1.145198116267057031e+01,-4.593138769845083402e+01,0.000000000000000000e+00
1.233672021470385616e+01,-4.604126664003690905e+01,0.000000000000000000e+00
1.321837329439863851e+01,-4.609794595096670378e+01,0.000000000000000000e+00
1.409960442442083561e+01,-4.611772805120746455e+01,0.000000000000000000e+00
1.497366217566326618e+01,-4.608419356926265209e+01,0.000000000000000000e+00
1.584239881018275753e+01,-4.600966695301133313e+01,0.000000000000000000e+00
1.670288008490589249e+01,-4.589078587313720448e+01,0.000000000000000000e+00
1.755182494192272813e+01,-4.572406722162280346e+01,0.000000000000000000e+00
1.839110766582818712e+01,-4.551958880345500802e+01,0.000000000000000000e+00
1.921369983902247114e+01,-4.526464022198857862e+01,0.000000000000000000e+00
2.002390968753557488e+01,-4.497443751554184388e+01,0.000000000000000000e+00
2.081418742232523655e+01,-4.463616897195945654e+01,0.000000000000000000e+00
2.158721086789523724e+01,-4.426034137142794123e+01,0.000000000000000000e+00
2.234032244854906679e+01,-4.384535153389496287e+01,0.000000000000000000e+00
2.306866205084351762e+01,-4.338584323915203100e+01,0.000000000000000000e+00
2.377566809670708281e+01,-4.289244065994279254e+01,0.000000000000000000e+00
2.445860260064615943e+01,-4.236354238645541415e+01,0.000000000000000000e+00
2.511079173742805892e+01,-4.179137547417843734e+01,0.000000000000000000e+00
2.573582985979798110e+01,-4.118593715816043499e+01,0.000000000000000000e+00
2.633139285650728212e+01,-4.054678930817319582e+01,0.000000000000000000e+00
2.689587974049058872e+01,-3.987478151706389440e+01,0.000000000000000000e+00
2.742767233524556758e+01,-3.917077557515679587e+01,0.000000000000000000e+00
2.792531723321859261e+01,-3.843590176322418017e+01,0.000000000000000000e+00
2.838848601648566472e+01,-3.767279336182075866e+01,0.000000000000000000e+00
2.881534833844113308e+01,-3.688196398451644598e+01,0.000000000000000000e+00
2.920199494068668145e+01,-3.606146051740492453e+01,0.000000000000000000e+00
2.955052513536632475e+01,-3.521694449311832642e+01,0.000000000000000000e+00
2.985990348150258455e+01,-3.434988960778922973e+01,0.000000000000000000e+00
3.012737394988817385e+01,-3.345983854768485344e+01,0.000000000000000000e+00
3.035199707218678711e+01,-3.254853194697387408e+01,0.000000000000000000e+00
3.053311410341970955e+01,-3.161796522851748037e+01,0.000000000000000000e+00
3.066979870595491775e+01,-3.066979870595493551e+01,0.000000000000000000e+00
3.076110585254769347e+01,-2.970565462245751931e+01,0.000000000000000000e+00
3.080613954661717102e+01,-2.872718987288252279e+01,0.000000000000000000e+00
3.080405387184277188e+01,-2.773609468697576119e+01,0.000000000000000000e+00
3.075389558725193595e+01,-2.673395357018308971e+01,0.000000000000000000e+00
3.065437200975093290e+01,-2.572207224735316089e+01,0.000000000000000000e+00
3.050510912037334421e+01,-2.470255029654974877e+01,0.000000000000000000e+00
3.030607619731435065e+01,-2.367770172877904500e+01,0.000000000000000000e+00
3.005732967424135538e+01,-2.264982251129947244e+01,0.000000000000000000e+00
2.975824861648330000e+01,-2.162063317883182023e+01,0.000000000000000000e+00
2.940631789109940541e+01,-2.059052545833887393e+01,0.000000000000000000e+00
2.900663785794321825e+01,-1.956522428014665138e+01,0.000000000000000000e+00
2.858208729840609408e+01,-1.856142452101903473e+01,0.000000000000000000e+00
2.814511538108437705e+01,-1.758702000759144823e+01,0.000000000000000000e+00
2.769710043189592241e+01,-1.664209691077750719e+01,0.000000000000000000e+00
2.723617814869436771e+01,-1.572481478584531622e+01,0.000000000000000000e+00
2.676649205273030674e+01,-1.483690882046700743e+01,0.000000000000000000e+00
2.629149805110987970e+01,-1.397943748628451033e+01,0.000000000000000000e+00
2.580958342157798313e+01,-1.315063959414348638e+01,0.000000000000000000e+00
2.531744360665072335e+01,-1.234814230614198927e+01,0.000000000000000000e+00
2.482044131442757973e+01,-1.157396186370429270e+01,0.000000000000000000e+00
2.431916577803515267e+01,-1.082759020715493570e+01,0.000000000000000000e+00
2.381930666508347372e+01,-1.011069581890152413e+01,0.000000000000000000e+00
2.333426002779573594e+01,-9.427653011686480511e+00,0.000000000000000000e+00
2.287414681939325689e+01,-8.780562296084832852e+00,0.000000000000000000e+00
2.243760812806756277e+01,-8.166621486745993863e+00,0.000000000000000000e+00
2.202256298805047408e+01,-7.582976552196737607e+00,0.000000000000000000e+00
2.162732454496643797e+01,-7.027143721480979544e+00,0.000000000000000000e+00
2.125023726363274079e+01,-6.496849519768666426e+00,0.000000000000000000e+00
2.088987577703633747e+01,-5.990075488139856574e+00,0.000000000000000000e+00
2.054494466955145882e+01,-5.505001332748410192e+00,0.000000000000000000e+00
2.021427644382991318e+01,-5.039985174660068346e+00,0.000000000000000000e+00
1.989681780119358834e+01,-4.593542334916474346e+00,0.000000000000000000e+00
1.959160262469114500e+01,-4.164323691509741465e+00,0.000000000000000000e+00
1.929777125079518285e+01,-3.751106741398540834e+00,0.000000000000000000e+00
1.901451813949730152e+01,-3.352772573163898873e+00,0.000000000000000000e+00
1.874112708545040462e+01,-2.968302924480074712e+00,0.000000000000000000e+00
1.847692994243954701e+01,-2.596763156848071574e+00,0.000000000000000000e+00
1.822131415263024934e+01,-2.237296057304581698e+00,0.000000000000000000e+00
1.797373194712395872e+01,-1.889115351172720780e+00,0.000000000000000000e+00
1.773364657011591561e+01,-1.551493037860530277e+00,0.000000000000000000e+00
1.750060435208682463e+01,-1.223761469426161153e+00,0.000000000000000000e+00
1.727414940064533511e+01,-9.052998090913084717e-01,0.000000000000000000e+00
1.705387480031140512e+01,-5.955344308427974465e-01,0.000000000000000000e+00
1.683941574283363707e+01,-2.939330951444113493e-01,0.000000000000000000e+00
1.663039937090751152e+01,-4.073273071624807597e-15,0.000000000000000000e+00
