1.646621732423630391e+01,0.000000000000000000e+00,0.000000000000000000e+00
1.661219567576961609e+01,2.899669541208140244e-01,0.000000000000000000e+00
1.674550852569317172e+01,5.847660432478276604e-01,0.000000000000000000e+00
1.686692677253762795e+01,8.839581754783706335e-01,0.000000000000000000e+00
1.697676974119401194e+01,1.187131385100751446e+00,0.000000000000000000e+00
1.707456518673157220e+01,1.493830888473413943e+00,0.000000000000000000e+00
1.715956551891270010e+01,1.803543011356590009e+00,0.000000000000000000e+00
1.723184321544807318e+01,2.115804302756487232e+00,0.000000000000000000e+00
1.729181148219868192e+01,2.430205619224599101e+00,0.000000000000000000e+00
1.733950760537586078e+01,2.746308207580496319e+00,0.000000000000000000e+00
1.737476606806820101e+01,3.063640041298353545e+00,0.000000000000000000e+00
1.739743470218696331e+01,3.381718735614372751e+00,0.000000000000000000e+00
1.740737749062547479e+01,3.700052307099489290e+00,0.000000000000000000e+00
1.740455966781319219e+01,4.018159207844964165e+00,0.000000000000000000e+00
1.738923460774525154e+01,4.335623135720643617e+00,0.000000000000000000e+00
1.736149260812391404e+01,4.651997923745708974e+00,0.000000000000000000e+00
1.732137324416871493e+01,4.966823852771452330e+00,0.000000000000000000e+00
1.726893064334887740e+01,5.279641933653395292e+00,0.000000000000000000e+00
1.720423348492299098e+01,5.589994317841172844e+00,0.000000000000000000e+00
1.712736498878213354e+01,5.897424708528327564e+00,0.000000000000000000e+00
1.703842289356849449e+01,6.201478772098750092e+00,0.000000000000000000e+00
1.693754475314522168e+01,6.501714272535260797e+00,0.000000000000000000e+00
1.682501949802292529e+01,6.797749127389126400e+00,0.000000000000000000e+00
1.670119220246186487e+01,7.089235490621283553e+00,0.000000000000000000e+00
1.656639332238119522e+01,7.375833519227893653e+00,0.000000000000000000e+00
1.642066466518460999e+01,7.657081685370769719e+00,0.000000000000000000e+00
1.626385544795002147e+01,7.932412317689651715e+00,0.000000000000000000e+00
1.609598744611066579e+01,8.201315238536219354e+00,0.000000000000000000e+00
1.591758248404099696e+01,8.463528736014147569e+00,0.000000000000000000e+00
1.572915629660417025e+01,8.718813706923006279e+00,0.000000000000000000e+00
1.553068781132297183e+01,8.966646788567356197e+00,0.000000000000000000e+00
1.532209065812251580e+01,9.206440877635893472e+00,0.000000000000000000e+00
1.510369035145918915e+01,9.437833201355466883e+00,0.000000000000000000e+00
1.487624265362772924e+01,9.660744937514531117e+00,0.000000000000000000e+00
1.464106872717400165e+01,9.875525552154172715e+00,0.000000000000000000e+00
1.439739510643015130e+01,1.008116458410597893e+01,0.000000000000000000e+00
1.414376374425776817e+01,1.027604586626360650e+01,0.000000000000000000e+00
1.388300009955568015e+01,1.046159095259767824e+01,0.000000000000000000e+00
1.361553056063709555e+01,1.063761832428870946e+01,0.000000000000000000e+00
1.333975842750778895e+01,1.080232338127434311e+01,0.000000000000000000e+00
1.305715938527094089e+01,1.095625762440380591e+01,0.000000000000000000e+00
1.276841137734234444e+01,1.109941067330551867e+01,0.000000000000000000e+00
1.247540936270317857e+01,1.123290904444907845e+01,0.000000000000000000e+00
1.218169615924608351e+01,1.135961544324218409e+01,0.000000000000000000e+00
1.188906235602653361e+01,1.148113406019616711e+01,0.000000000000000000e+00
1.159794692060884103e+01,1.159794692060883925e+01,0.000000000000000000e+00
1.130844135849065957e+01,1.171023382844008687e+01,0.000000000000000000e+00
1.102042958224640579e+01,1.181796385503142766e+01,0.000000000000000000e+00
1.073355932102593080e+01,1.192082531059293338e+01,0.000000000000000000e+00
1.044826649162128795e+01,1.201935568218702777e+01,0.000000000000000000e+00
1.016481969016216169e+01,1.211396038382312135e+01,0.000000000000000000e+00
9.882990787229941176e+00,1.220447722121236289e+01,0.000000000000000000e+00
9.602412449790129756e+00,1.229052746397551843e+01,0.000000000000000000e+00
9.323521605253546340e+00,1.237273106551773161e+01,0.000000000000000000e+00
9.046487933713425633e+00,1.245142243572378149e+01,0.000000000000000000e+00
8.771097925847454846e+00,1.252642601973893655e+01,0.000000000000000000e+00
8.497128181335636299e+00,1.259751058609786156e+01,0.000000000000000000e+00
8.224898998943787731e+00,1.266523379938717575e+01,0.000000000000000000e+00
7.954438448328956746e+00,1.272976250799254672e+01,0.000000000000000000e+00
7.685529083406843043e+00,1.279086836452219167e+01,0.000000000000000000e+00
7.418208803262659856e+00,1.284871454840564020e+01,0.000000000000000000e+00
7.152610236156618839e+00,1.290365044086975566e+01,0.000000000000000000e+00
6.888667044102336767e+00,1.295569842080234935e+01,0.000000000000000000e+00
6.626137742404762498e+00,1.300452754416776635e+01,0.000000000000000000e+00
6.365261783946697172e+00,1.305072068828379450e+01,0.000000000000000000e+00
6.106006267607851257e+00,1.309437269755977695e+01,0.000000000000000000e+00
5.848123061960697200e+00,1.313509945548104874e+01,0.000000000000000000e+00
5.591785477586265429e+00,1.317342104655051038e+01,0.000000000000000000e+00
5.336942908366223648e+00,1.320939722993057153e+01,0.000000000000000000e+00
5.083437446597968368e+00,1.324280730318734456e+01,0.000000000000000000e+00
4.831348561405452102e+00,1.327402107797604636e+01,0.000000000000000000e+00
4.580608946104680612e+00,1.330305432765639573e+01,0.000000000000000000e+00
4.331111033016099121e+00,1.332978912399175009e+01,0.000000000000000000e+00
4.082894675562847020e+00,1.335454674055969093e+01,0.000000000000000000e+00
3.835880321025085138e+00,1.337730443638798405e+01,0.000000000000000000e+00
3.589966122978528684e+00,1.339793596840693191e+01,0.000000000000000000e+00
3.345185302537126315e+00,1.341680543056024533e+01,0.000000000000000000e+00
3.101455058753975536e+00,1.343387776216939855e+01,0.000000000000000000e+00
2.858656317715687845e+00,1.344892058497602250e+01,0.000000000000000000e+00
2.616811063955755579e+00,1.346232586810911691e+01,0.000000000000000000e+00
2.375857096406234437e+00,1.347415515685839260e+01,0.000000000000000000e+00
2.135674066565955265e+00,1.348411537263300630e+01,0.000000000000000000e+00
1.896239292402657872e+00,1.349244364755712766e+01,0.000000000000000000e+00
1.657506868285449242e+00,1.349931014206395297e+01,0.000000000000000000e+00
1.419388779091593777e+00,1.350458214651145283e+01,0.000000000000000000e+00
1.181818708329593681e+00,1.350824964858911414e+01,0.000000000000000000e+00
9.447392669763206019e-01,1.351040095663904061e+01,0.000000000000000000e+00
7.080907169918749799e-01,1.351117575823340644e+01,0.000000000000000000e+00
4.717960897978162316e-01,1.351047232533941944e+01,0.000000000000000000e+00
2.357852912183457383e-01,1.350813028699639773e+01,0.000000000000000000e+00
8.269054481658574646e-16,1.350439079645790486e+01,0.000000000000000000e+00
-2.356315652948777484e-01,1.349932333473935842e+01,0.000000000000000000e+00
-4.711766750022455263e-01,1.349273460636631761e+01,0.000000000000000000e+00
-7.066999448235919967e-01,1.348463824438893965e+01,0.000000000000000000e+00
-9.422724615820547989e-01,1.347512399597536970e+01,0.000000000000000000e+00
-1.177969106509941355e+00,1.346424849844566651e+01,0.000000000000000000e+00
-1.413849119605819604e+00,1.345187580721149523e+01,0.000000000000000000e+00
-1.649961799870117929e+00,1.343786049106673985e+01,0.000000000000000000e+00
-1.886397860232800650e+00,1.342241821907083832e+01,0.000000000000000000e+00
-2.123230724850387219e+00,1.340555120502872910e+01,0.000000000000000000e+00
-2.360491145174454353e+00,1.338701051699647238e+01,0.000000000000000000e+00
-2.598251144834830217e+00,1.336684336165948395e+01,0.000000000000000000e+00
-2.836594456439036183e+00,1.334512768814276029e+01,0.000000000000000000e+00
-3.075580940323177526e+00,1.332180464241801765e+01,0.000000000000000000e+00
-3.315246106565045370e+00,1.329672587419002383e+01,0.000000000000000000e+00
-3.555637340448829509e+00,1.326981920784410462e+01,0.000000000000000000e+00
-3.796876643875349178e+00,1.324128244933309340e+01,0.000000000000000000e+00
-4.038987372167108347e+00,1.321093242227716935e+01,0.000000000000000000e+00
-4.281936875549114063e+00,1.317844662910115439e+01,0.000000000000000000e+00
-4.525895869327000831e+00,1.314415601492754959e+01,0.000000000000000000e+00
-4.770918322032122738e+00,1.310799035984559602e+01,0.000000000000000000e+00
-5.016908231648276484e+00,1.306949277283924182e+01,0.000000000000000000e+00
-5.264037508772732465e+00,1.302895003385365946e+01,0.000000000000000000e+00
-5.512380818251182646e+00,1.298635539199852218e+01,0.000000000000000000e+00
-5.761813346422291815e+00,1.294124466043657762e+01,0.000000000000000000e+00
-6.012525496501708311e+00,1.289390253698808664e+01,0.000000000000000000e+00
-6.264552055243715500e+00,1.284423514463966143e+01,0.000000000000000000e+00
-6.517522934091447340e+00,1.279135898031862872e+01,0.000000000000000000e+00
-6.770979095825848226e+00,1.273435958182644789e+01,0.000000000000000000e+00
-7.024282156452118286e+00,1.267214045674056244e+01,0.000000000000000000e+00
-7.276808549738854381e+00,1.260380212509929798e+01,0.000000000000000000e+00
-7.528992448473134758e+00,1.253034765476582635e+01,0.000000000000000000e+00
-7.780768484482240233e+00,1.245183246819133949e+01,0.000000000000000000e+00
-8.031323739771412562e+00,1.236715403992630335e+01,0.000000000000000000e+00
-8.281164134681707978e+00,1.227733071992668457e+01,0.000000000000000000e+00
-8.530279968368155608e+00,1.218250233377716540e+01,0.000000000000000000e+00
-8.777811614861859013e+00,1.208162120799774186e+01,0.000000000000000000e+00
-9.024192797780706599e+00,1.197550832159908296e+01,0.000000000000000000e+00
-9.269508430600197357e+00,1.186442975028992208e+01,0.000000000000000000e+00
-9.513009276757117050e+00,1.174758810595893443e+01,0.000000000000000000e+00
-9.754848817111570369e+00,1.162537612300609524e+01,0.000000000000000000e+00
-9.995190190380611739e+00,1.149815101917920757e+01,0.000000000000000000e+00
-1.023367063858558090e+01,1.136564268385320453e+01,0.000000000000000000e+00
-1.047002693198252210e+01,1.122772927497378603e+01,0.000000000000000000e+00
-1.070421520574626761e+01,1.108453933088821408e+01,0.000000000000000000e+00
-1.093649941943422732e+01,1.093649941943422910e+01,0.000000000000000000e+00
-1.116657370130615057e+01,1.078343487640722742e+01,0.000000000000000000e+00
-1.139379598332807930e+01,1.062488664282812678e+01,0.000000000000000000e+00
-1.161835392955175195e+01,1.046121286625210622e+01,0.000000000000000000e+00
-1.184047122769317895e+01,1.029276460772829616e+01,0.000000000000000000e+00
-1.205998374112748905e+01,1.011952790918407530e+01,0.000000000000000000e+00
-1.227665865129208989e+01,9.941442156801684860e+00,0.000000000000000000e+00
-1.249025389828896948e+01,9.758455842152669035e+00,0.000000000000000000e+00
-1.270062034300292453e+01,9.570603898287789235e+00,0.000000000000000000e+00
-1.290767383963436643e+01,9.377973982116619922e+00,0.000000000000000000e+00
-1.311141967067248792e+01,9.180714890035941877e+00,0.000000000000000000e+00
-1.331182233159599093e+01,8.978937537354708454e+00,0.000000000000000000e+00
-1.350873417658122300e+01,8.772674548758571333e+00,0.000000000000000000e+00
-1.370202721830134251e+01,8.561976867743926078e+00,0.000000000000000000e+00
-1.389161668981575559e+01,8.346925403536287646e+00,0.000000000000000000e+00
-1.407738929818791185e+01,8.127584500795943967e+00,0.000000000000000000e+00
-1.425919677826325227e+01,7.904001840637484122e+00,0.000000000000000000e+00
-1.443700964263237907e+01,7.676294191975348014e+00,0.000000000000000000e+00
-1.461095050594745715e+01,7.444651124083731197e+00,0.000000000000000000e+00
-1.478084190190245373e+01,7.209098281997631474e+00,0.000000000000000000e+00
-1.494595422045790833e+01,6.969412911433546576e+00,0.000000000000000000e+00
-1.510609763514437809e+01,6.725667990237723437e+00,0.000000000000000000e+00
-1.526313583871650437e+01,6.478816779921420022e+00,0.000000000000000000e+00
-1.541932156417617783e+01,6.229810296512751755e+00,0.000000000000000000e+00
-1.557588416871681680e+01,5.979021746247888736e+00,0.000000000000000000e+00
-1.573341125394249751e+01,5.726493379903958569e+00,0.000000000000000000e+00
-1.589228295605606789e+01,5.472151859982809619e+00,0.000000000000000000e+00
-1.605251819849291550e+01,5.215779336827520041e+00,0.000000000000000000e+00
-1.621411674761641919e+01,4.957152962499044691e+00,0.000000000000000000e+00
-1.637720103272603822e+01,4.696086827778575667e+00,0.000000000000000000e+00
-1.654192700079588718e+01,4.432395981117845274e+00,0.000000000000000000e+00
-1.670843206299998585e+01,4.165879996908752325e+00,0.000000000000000000e+00
-1.687683787123675216e+01,3.896325031251831827e+00,0.000000000000000000e+00
-1.704727530561899229e+01,3.623510224804647795e+00,0.000000000000000000e+00
-1.721989220926909070e+01,3.347207970955919265e+00,0.000000000000000000e+00
-1.739483704253356322e+01,3.067179095625706342e+00,0.000000000000000000e+00
-1.757226666193353992e+01,2.783173620483852861e+00,0.000000000000000000e+00
-1.775234043432364572e+01,2.494928742560857060e+00,0.000000000000000000e+00
-1.793524157571944855e+01,2.202170761562232570e+00,0.000000000000000000e+00
-1.812115038171623382e+01,1.904609653004610825e+00,0.000000000000000000e+00
-1.831023297666365579e+01,1.601937811976604786e+00,0.000000000000000000e+00
-1.850267552249023950e+01,1.293833111712972439e+00,0.000000000000000000e+00
-1.869880497777853279e+01,9.799628441320490380e-01,0.000000000000000000e+00
-1.889886439553007236e+01,6.599628872121071632e-01,0.000000000000000000e+00
-1.910263472197524237e+01,3.334377293721001445e-01,0.000000000000000000e+00
-1.930977347977255931e+01,2.364765228426391347e-15,0.000000000000000000e+00
-1.930744883465555262e+01,-3.370127730071539873e-01,0.000000000000000000e+00
-1.939323081216769751e+01,-6.772265428919663766e-01,0.000000000000000000e+00
-1.947024112160495690e+01,-1.020392099288660148e+00,0.000000000000000000e+00
-1.953837834421092623e+01,-1.366256508156793226e+00,0.000000000000000000e+00
-1.959754814771330089e+01,-1.714563295828379630e+00,0.000000000000000000e+00
-1.964766340285802571e+01,-2.065052636714812540e+00,0.000000000000000000e+00
-1.968864429522063375e+01,-2.417461544562139242e+00,0.000000000000000000e+00
-1.972041843219455615e+01,-2.771524067141049485e+00,0.000000000000000000e+00
-1.974292094505830519e+01,-3.126971484254622347e+00,0.000000000000000000e+00
-1.975609458602644253e+01,-3.483532508944895856e+00,0.000000000000000000e+00
-1.975988982019170592e+01,-3.840933491776118203e+00,0.000000000000000000e+00
-1.975426491226897951e+01,-4.198898628070659278e+00,0.000000000000000000e+00
-1.973917912685062603e+01,-4.557148579319475701e+00,0.000000000000000000e+00
-1.971459472545861047e+01,-4.915400529761296156e+00,0.000000000000000000e+00
-1.968056433844036590e+01,-5.273391321073850335e+00,0.000000000000000000e+00
-1.963716949298607517e+01,-5.630867741477382005e+00,0.000000000000000000e+00
-1.958449787660732255e+01,-5.987581881840844389e+00,0.000000000000000000e+00
-1.952264311289586374e+01,-6.343291269905562579e+00,0.000000000000000000e+00
-1.945170029298289549e+01,-6.697757536308684756e+00,0.000000000000000000e+00
-1.937167661455444190e+01,-7.050713675528491819e+00,0.000000000000000000e+00
-1.928249608442266805e+01,-7.401856752521093874e+00,0.000000000000000000e+00
-1.918410559130314397e+01,-7.750881778077339135e+00,0.000000000000000000e+00
-1.907661985212313027e+01,-8.097544705630459916e+00,0.000000000000000000e+00
-1.896024688341430320e+01,-8.441645793027822364e+00,0.000000000000000000e+00
-1.883518872841740688e+01,-8.782992746855741828e+00,0.000000000000000000e+00
-1.870158693660387783e+01,-9.121373406879309087e+00,0.000000000000000000e+00
-1.855907408679034987e+01,-9.456320566272257366e+00,0.000000000000000000e+00
-1.840740429937784128e+01,-9.787390478385255221e+00,0.000000000000000000e+00
-1.824743086737113984e+01,-1.011471609554246953e+01,0.000000000000000000e+00
-1.807976018071880375e+01,-1.043835440722188146e+01,0.000000000000000000e+00
-1.790396991736882271e+01,-1.075779044760104952e+01,0.000000000000000000e+00
-1.771900883304866881e+01,-1.107206556598276848e+01,0.000000000000000000e+00
-1.752621398023858745e+01,-1.138165643877130329e+01,0.000000000000000000e+00
-1.732583431636566829e+01,-1.168642280778941966e+01,0.000000000000000000e+00
-1.711778948971405967e+01,-1.198600523818472574e+01,0.000000000000000000e+00
-1.690222901229536490e+01,-1.228018819551862606e+01,0.000000000000000000e+00
-1.667927349055912600e+01,-1.256873409158299992e+01,0.000000000000000000e+00
-1.644909575959956172e+01,-1.285144208600772764e+01,0.000000000000000000e+00
-1.621189374916500014e+01,-1.312813270592776327e+01,0.000000000000000000e+00
-1.596789053935899716e+01,-1.339865106225531122e+01,0.000000000000000000e+00
-1.571733498455749789e+01,-1.366287085589083361e+01,0.000000000000000000e+00
-1.546019061466292754e+01,-1.392041815505800884e+01,0.000000000000000000e+00
-1.519594961406239975e+01,-1.417045226330096064e+01,0.000000000000000000e+00
-1.492590741850282221e+01,-1.441378124785781090e+01,0.000000000000000000e+00
-1.465025826590768254e+01,-1.465025826590767721e+01,0.000000000000000000e+00
-1.436935215395454790e+01,-1.487989974495175005e+01,0.000000000000000000e+00
-1.408160080325551533e+01,-1.510066808846964648e+01,0.000000000000000000e+00
-1.378923362206491809e+01,-1.531449543056878326e+01,0.000000000000000000e+00
-1.349244365022644310e+01,-1.552128091143021749e+01,0.000000000000000000e+00
-1.318938422541080868e+01,-1.571849603473872392e+01,0.000000000000000000e+00
-1.288278781478787316e+01,-1.590891804072593807e+01,0.000000000000000000e+00
-1.257131533070286089e+01,-1.609054986319370073e+01,0.000000000000000000e+00
-1.225564264959468375e+01,-1.626378711377486752e+01,0.000000000000000000e+00
-1.193645409328095042e+01,-1.642911960852602959e+01,0.000000000000000000e+00
-1.161291398764524629e+01,-1.658495996392316485e+01,0.000000000000000000e+00
-1.128666608384244974e+01,-1.673317060054137073e+01,0.000000000000000000e+00
-1.095647371307265594e+01,-1.687148999771606128e+01,0.000000000000000000e+00
-1.062395379295828413e+01,-1.700188008980777354e+01,0.000000000000000000e+00
-1.028830158401823525e+01,-1.712260923451587402e+01,0.000000000000000000e+00
-9.950381049995627336e+00,-1.723456553326295904e+01,0.000000000000000000e+00
-9.610439489216787479e+00,-1.733769178769340158e+01,0.000000000000000000e+00
-9.268076402713822048e+00,-1.743071657343571346e+01,0.000000000000000000e+00
-8.924930661666708787e+00,-1.751616267749210465e+01,0.000000000000000000e+00
-8.579300213436717115e+00,-1.759017218567135998e+01,0.000000000000000000e+00
-8.233331128592100256e+00,-1.765643558411254688e+01,0.000000000000000000e+00
-7.886205797417185970e+00,-1.771270822757562868e+01,0.000000000000000000e+00
-7.538333948170046206e+00,-1.775920186616591323e+01,0.000000000000000000e+00
-7.190777163724559884e+00,-1.779779802378076070e+01,0.000000000000000000e+00
-6.842281967098885254e+00,-1.782475393004087394e+01,0.000000000000000000e+00
-6.494608644538734765e+00,-1.784379059906497744e+01,0.000000000000000000e+00
-6.147300527825860783e+00,-1.785305706125419434e+01,0.000000000000000000e+00
-5.800509641232139302e+00,-1.785213303004648111e+01,0.000000000000000000e+00
-5.455308002344121832e+00,-1.784350846410473324e+01,0.000000000000000000e+00
-5.110750372008865838e+00,-1.782330466620904019e+01,0.000000000000000000e+00
-4.768219095253148687e+00,-1.779523592510486552e+01,0.000000000000000000e+00
-4.427406344523266313e+00,-1.775735695162953931e+01,0.000000000000000000e+00
-4.088621274617905144e+00,-1.770976441009236879e+01,0.000000000000000000e+00
-3.752521828657024106e+00,-1.765422718157494586e+01,0.000000000000000000e+00
-3.418672436584833108e+00,-1.758754501291952721e+01,0.000000000000000000e+00
-3.088220480626484576e+00,-1.751416866674804496e+01,0.000000000000000000e+00
-2.760487513909536617e+00,-1.742903222218786397e+01,0.000000000000000000e+00
-2.436640330393881726e+00,-1.733759683122483253e+01,0.000000000000000000e+00
-2.116154222253459061e+00,-1.723469308105336140e+01,0.000000000000000000e+00
-1.799992240680876154e+00,-1.712578219261061108e+01,0.000000000000000000e+00
-1.487771788728725619e+00,-1.700530935974212099e+01,0.000000000000000000e+00
-1.180275448814571915e+00,-1.687872528448800580e+01,0.000000000000000000e+00
-8.774120547021133643e-01,-1.674201934723133434e+01,0.000000000000000000e+00
-5.796009806559757616e-01,-1.659760048509089003e+01,0.000000000000000000e+00
-2.870668247635266845e-01,-1.644604737616639767e+01,0.000000000000000000e+00
-2.991383395749117586e-15,-1.628433274438439682e+01,0.000000000000000000e+00
2.813068734991025499e-01,-1.611605998923283423e+01,0.000000000000000000e+00
5.566741226287197364e-01,-1.594106117164069758e+01,0.000000000000000000e+00
8.257437911387290885e-01,-1.575613014776094900e+01,0.000000000000000000e+00
1.088387558358598017e+00,-1.556466723004390573e+01,0.000000000000000000e+00
1.344387610406345246e+00,-1.536642070212891653e+01,0.000000000000000000e+00
1.593537092519865306e+00,-1.516149266955628327e+01,0.000000000000000000e+00
1.835609861323580505e+00,-1.494984261722561669e+01,0.000000000000000000e+00
2.070280391062309100e+00,-1.473081041141049319e+01,0.000000000000000000e+00
2.297354038718868896e+00,-1.450492254170610629e+01,0.000000000000000000e+00
2.518525068188068872e+00,-1.428326543146647865e+01,0.000000000000000000e+00
2.734268757580752940e+00,-1.406659331755419018e+01,0.000000000000000000e+00
2.944968868638345061e+00,-1.385498921087264712e+01,0.000000000000000000e+00
3.150925540322270457e+00,-1.364815795957168909e+01,0.000000000000000000e+00
3.352416868696070473e+00,-1.344580965823015539e+01,0.000000000000000000e+00
3.549705624844946783e+00,-1.324768174383439501e+01,0.000000000000000000e+00
3.743038520094728483e+00,-1.305352659883124389e+01,0.000000000000000000e+00
3.932647691326834227e+00,-1.286311099875199027e+01,0.000000000000000000e+00
4.118751980468534413e+00,-1.267621516399598747e+01,0.000000000000000000e+00
4.301558023968532929e+00,-1.249263160416314733e+01,0.000000000000000000e+00
4.481261243345817213e+00,-1.231216407676976665e+01,0.000000000000000000e+00
4.658046758150891975e+00,-1.213462667249129545e+01,0.000000000000000000e+00
4.832090222317086514e+00,-1.195984298377844901e+01,0.000000000000000000e+00
5.003558589636667442e+00,-1.178764534093331307e+01,0.000000000000000000e+00
5.172610815664480555e+00,-1.161787410907712115e+01,0.000000000000000000e+00
5.339398503489957371e+00,-1.145037704209258678e+01,0.000000000000000000e+00
5.504066497233258026e+00,-1.128500868358525189e+01,0.000000000000000000e+00
5.666753429544679754e+00,-1.112162981293173303e+01,0.000000000000000000e+00
5.827592229811542346e+00,-1.096010693585322215e+01,0.000000000000000000e+00
5.986710595668996326e+00,-1.080031181157629483e+01,0.000000000000000000e+00
6.144231431496411489e+00,-1.064212101281343514e+01,0.000000000000000000e+00
6.300273257288838913e+00,-1.048541551530748173e+01,0.000000000000000000e+00
6.454950590956743284e+00,-1.033008031396201609e+01,0.000000000000000000e+00
6.608374306814081223e+00,-1.017600406283549397e+01,0.000000000000000000e+00
6.760651972758437545e+00,-1.002307873651031223e+01,0.000000000000000000e+00
6.911888168423802270e+00,-9.871199310558859352e+00,0.000000000000000000e+00
7.062184786392269764e+00,-9.720263459016900143e+00,0.000000000000000000e+00
7.211641318381644794e+00,-9.570171266942155697e+00,0.000000000000000000e+00
7.360355128179232764e+00,-9.420824956282418228e+00,0.000000000000000000e+00
7.508421712964865158e+00,-9.272128623406350911e+00,0.000000000000000000e+00
7.655934954556452787e+00,-9.123987986760244695e+00,0.000000000000000000e+00
7.802987362017255180e+00,-8.976310143209463632e+00,0.000000000000000000e+00
7.949670307000094027e+00,-8.829003331720347347e+00,0.000000000000000000e+00
8.096074253441507551e+00,-8.681976703427110920e+00,0.000000000000000000e+00
8.242288982244197371e+00,-8.535140096135888754e+00,0.000000000000000000e+00
8.388403811998639270e+00,-8.388403811998642823e+00,0.000000000000000000e+00
8.534507817553437903e+00,-8.241678397914581566e+00,0.000000000000000000e+00
8.680690047337524362e+00,-8.094874427227290781e+00,0.000000000000000000e+00
8.827039740551922975e+00,-7.947902281570705441e+00,0.000000000000000000e+00
8.973646545359732940e+00,-7.800671931731616660e+00,0.000000000000000000e+00
9.120600739210422248e+00,-7.653092716386697525e+00,0.000000000000000000e+00
9.267993452453234582e+00,-7.505073117552506723e+00,0.000000000000000000e+00
9.415916896422507065e+00,-7.356520531556642872e+00,0.000000000000000000e+00
9.564464597217398278e+00,-7.207341034297961357e+00,0.000000000000000000e+00
9.713731636449436380e+00,-7.057439139511627602e+00,0.000000000000000000e+00
9.863814900294334720e+00,-6.906717548691356789e+00,0.000000000000000000e+00
1.001481333826174769e+01,-6.755076891244678805e+00,0.000000000000000000e+00
1.016682823318769202e+01,-6.602415453366916154e+00,0.000000000000000000e+00
1.031996348406255137e+01,-6.448628894014094115e+00,0.000000000000000000e+00
1.047432590343268188e+01,-6.293609946232977315e+00,0.000000000000000000e+00
1.063002553125887495e+01,-6.137248101964912550e+00,0.000000000000000000e+00
1.078717596728047212e+01,-5.979429278277342164e+00,0.000000000000000000e+00
1.094589472412202902e+01,-5.820035462789302727e+00,0.000000000000000000e+00
1.110630360359068192e+01,-5.658944335841139761e+00,0.000000000000000000e+00
1.126852909884725484e+01,-5.496028866710511274e+00,0.000000000000000000e+00
1.143270282539292459e+01,-5.331156880891007255e+00,0.000000000000000000e+00
1.159896198409479595e+01,-5.164190595122216010e+00,0.000000000000000000e+00
1.176744985977670588e+01,-4.994986116484458449e+00,0.000000000000000000e+00
1.193831635922271062e+01,-4.823392901442866254e+00,0.000000000000000000e+00
1.211171859277720309e+01,-4.649253170236932853e+00,0.000000000000000000e+00
1.228782150407193363e+01,-4.472401271458338989e+00,0.000000000000000000e+00
1.246679855708353379e+01,-4.292662992523615273e+00,0.000000000000000000e+00
1.264883250115688540e+01,-4.109854813976810739e+00,0.000000000000000000e+00
1.283411618129860798e+01,-3.923783086028049372e+00,0.000000000000000000e+00
1.302285342090222997e+01,-3.734243127857018507e+00,0.000000000000000000e+00
1.321525998718896311e+01,-3.541018241334610739e+00,0.000000000000000000e+00
1.341156466388146384e+01,-3.343878632647741878e+00,0.000000000000000000e+00
1.361201051783371696e+01,-3.142580245834415198e+00,0.000000000000000000e+00
1.381685609802642389e+01,-2.936863425285982654e+00,0.000000000000000000e+00
1.402637681426764082e+01,-2.726451461239468799e+00,0.000000000000000000e+00
1.424086793673638596e+01,-2.511049245952714948e+00,0.000000000000000000e+00
1.446064140270992304e+01,-2.290340595302032156e+00,0.000000000000000000e+00
1.468599566798672029e+01,-2.063982089614565307e+00,0.000000000000000000e+00
1.491735114569938325e+01,-1.831620410259135578e+00,0.000000000000000000e+00
1.514759385488061305e+01,-1.592076268232286207e+00,0.000000000000000000e+00
1.537067223014327944e+01,-1.344759570910271540e+00,0.000000000000000000e+00
1.558027506721963640e+01,-1.089478964653636917e+00,0.000000000000000000e+00
1.577936608130297103e+01,-8.269615348152413725e-01,0.000000000000000000e+00
1.596810993663502387e+01,-5.576186863161157747e-01,0.000000000000000000e+00
1.614558743090275783e+01,-2.818222769106221715e-01,0.000000000000000000e+00
1.631070751021604082e+01,-3.994971148842953355e-15,0.000000000000000000e+00
