2.654470322147816930e+01,0.000000000000000000e+00,0.000000000000000000e+00
2.622749321265065348e+01,4.578025969312031207e-01,0.000000000000000000e+00
2.590706316571726475e+01,9.046945810181605818e-01,0.000000000000000000e+00
2.558375925468334700e+01,1.340788008249907737e+00,0.000000000000000000e+00
2.525765588790985205e+01,1.766187353407771221e+00,0.000000000000000000e+00
2.492876603951297909e+01,2.180984424147431877e+00,0.000000000000000000e+00
2.459742027125868091e+01,2.585293047119091803e+00,0.000000000000000000e+00
2.426403758626371143e+01,2.979249200760962779e+00,0.000000000000000000e+00
2.392902285455565448e+01,3.363004845591852643e+00,0.000000000000000000e+00
2.359268771485726646e+01,3.736714639469230992e+00,0.000000000000000000e+00
2.325520691185527156e+01,4.100520420518065201e+00,0.000000000000000000e+00
2.291686636150877376e+01,4.454587567817857696e+00,0.000000000000000000e+00
2.257800244111484744e+01,4.799102568260737556e+00,0.000000000000000000e+00
2.223842568891948446e+01,5.134145112281095713e+00,0.000000000000000000e+00
2.189788979494363375e+01,5.459757129053364189e+00,0.000000000000000000e+00
2.155702001767103937e+01,5.776186104956501310e+00,0.000000000000000000e+00
2.121641700973437139e+01,6.083709679876016629e+00,0.000000000000000000e+00
2.087616578175048332e+01,6.382484390698542676e+00,0.000000000000000000e+00
2.053639543170258008e+01,6.672679365387646833e+00,0.000000000000000000e+00
2.019733604850516784e+01,6.954500516391104448e+00,0.000000000000000000e+00
1.985900051722118320e+01,7.228085070545627211e+00,0.000000000000000000e+00
1.952131779452508198e+01,7.493531817815061835e+00,0.000000000000000000e+00
1.918447995959780883e+01,7.751033032686503788e+00,0.000000000000000000e+00
1.884875176841165967e+01,8.000820442677001765e+00,0.000000000000000000e+00
1.851437131363054434e+01,8.243129199281803210e+00,0.000000000000000000e+00
1.818150966288070336e+01,8.478177192620378833e+00,0.000000000000000000e+00
1.785024714245106381e+01,8.706147245328027751e+00,0.000000000000000000e+00
1.752066117629488318e+01,8.927222761291238484e+00,0.000000000000000000e+00
1.719283618908750100e+01,9.141593158748619885e+00,0.000000000000000000e+00
1.686688857913119932e+01,9.349469009257756369e+00,0.000000000000000000e+00
1.654291822759611819e+01,9.551058291884583440e+00,0.000000000000000000e+00
1.622083806733965972e+01,9.746462802287524596e+00,0.000000000000000000e+00
1.590062833583875523e+01,9.935815323166650614e+00,0.000000000000000000e+00
1.558278620455116226e+01,1.011957968440894184e+01,0.000000000000000000e+00
1.526778872003927745e+01,1.029825352501722513e+01,0.000000000000000000e+00
1.495575431270677846e+01,1.047213190936966321e+01,0.000000000000000000e+00
1.464671947486301562e+01,1.064146459425232827e+01,0.000000000000000000e+00
1.434068397429527941e+01,1.080648049007444378e+01,0.000000000000000000e+00
1.403763651774410270e+01,1.096740364143927593e+01,0.000000000000000000e+00
1.373755923605989615e+01,1.112445612443190157e+01,0.000000000000000000e+00
1.344043761986428365e+01,1.127786624968935847e+01,0.000000000000000000e+00
1.314626852434140680e+01,1.142787687998088053e+01,0.000000000000000000e+00
1.285500299513585354e+01,1.157469668628116821e+01,0.000000000000000000e+00
1.256651048325482023e+01,1.171846060574219806e+01,0.000000000000000000e+00
1.228076561929663235e+01,1.185939750459140285e+01,0.000000000000000000e+00
1.199800768478743151e+01,1.199800768478742974e+01,0.000000000000000000e+00
1.171841609752438984e+01,1.213477509859789194e+01,0.000000000000000000e+00
1.144191150618611807e+01,1.226994788210537912e+01,0.000000000000000000e+00
1.116834710495863980e+01,1.240370606472344939e+01,0.000000000000000000e+00
1.089751541151854752e+01,1.253615744661499498e+01,0.000000000000000000e+00
1.062919253990387780e+01,1.266737839580602198e+01,0.000000000000000000e+00
1.036317947823773089e+01,1.279746087033817403e+01,0.000000000000000000e+00
1.009929124967971603e+01,1.292650332610833352e+01,0.000000000000000000e+00
9.837345371934381077e+00,1.305459823431702837e+01,0.000000000000000000e+00
9.577162288252178968e+00,1.318183302296863246e+01,0.000000000000000000e+00
9.318565138839229434e+00,1.330829022872980083e+01,0.000000000000000000e+00
9.061384839345043574e+00,1.343405548348605016e+01,0.000000000000000000e+00
8.805453306570814931e+00,1.355920903729366778e+01,0.000000000000000000e+00
8.550607545969427292e+00,1.368383250009383545e+01,0.000000000000000000e+00
8.296685841467215994e+00,1.380800401746192918e+01,0.000000000000000000e+00
8.043529022234471526e+00,1.393180093866491376e+01,0.000000000000000000e+00
7.790980722814635051e+00,1.405530128435667514e+01,0.000000000000000000e+00
7.538884356795740871e+00,1.417857932901120499e+01,0.000000000000000000e+00
7.287086542617275953e+00,1.430171260306587122e+01,0.000000000000000000e+00
7.035432671744898947e+00,1.442477463405105453e+01,0.000000000000000000e+00
6.783769830453228344e+00,1.454784134855090194e+01,0.000000000000000000e+00
6.531944617488396609e+00,1.467098781598464718e+01,0.000000000000000000e+00
6.279802769277355701e+00,1.479428821090861490e+01,0.000000000000000000e+00
6.027190483597809845e+00,1.491781992898875053e+01,0.000000000000000000e+00
5.773951159231518915e+00,1.504165702499012269e+01,0.000000000000000000e+00
5.519928252806274749e+00,1.516587823159483861e+01,0.000000000000000000e+00
5.264962043143581738e+00,1.529056003624790883e+01,0.000000000000000000e+00
5.008891195082712855e+00,1.541578197060814226e+01,0.000000000000000000e+00
4.751551789965771100e+00,1.554162561407254550e+01,0.000000000000000000e+00
4.492775756138294163e+00,1.566817106489494904e+01,0.000000000000000000e+00
4.232392089192449802e+00,1.579550231441881358e+01,0.000000000000000000e+00
3.970224743361381758e+00,1.592370170252607409e+01,0.000000000000000000e+00
3.706095924513562068e+00,1.605286508481333385e+01,0.000000000000000000e+00
3.439821555836195976e+00,1.618308806281998002e+01,0.000000000000000000e+00
3.171207833127543285e+00,1.631444999339279889e+01,0.000000000000000000e+00
2.900052886739467262e+00,1.644701721249538906e+01,0.000000000000000000e+00
2.626159480414928638e+00,1.658091839724797367e+01,0.000000000000000000e+00
2.349333096700488621e+00,1.671637358405778784e+01,0.000000000000000000e+00
2.069339087302397573e+00,1.685341440393948531e+01,0.000000000000000000e+00
1.785890885244457715e+00,1.699161675768997526e+01,0.000000000000000000e+00
1.498728719963975609e+00,1.713054765683880376e+01,0.000000000000000000e+00
1.207636171071695852e+00,1.727000184202981004e+01,0.000000000000000000e+00
9.124107699442871589e-01,1.740983461666223775e+01,0.000000000000000000e+00
6.128584511567166659e-01,1.754996983389904486e+01,0.000000000000000000e+00
3.087858817083554142e-01,1.769033131519181268e+01,0.000000000000000000e+00
1.091819922620200979e-15,1.783077248689775018e+01,0.000000000000000000e+00
-3.136872344655726175e-01,1.797112962659172908e+01,0.000000000000000000e+00
-6.324594921652737511e-01,1.811127020882896232e+01,0.000000000000000000e+00
-9.564979002993266866e-01,1.825106717713647697e+01,0.000000000000000000e+00
-1.285981728104828692e+00,1.839039550585680871e+01,0.000000000000000000e+00
-1.621087456079177702e+00,1.852911441033532114e+01,0.000000000000000000e+00
-1.961986922267420663e+00,1.866705863287069889e+01,0.000000000000000000e+00
-2.308857516244118280e+00,1.880413546512509271e+01,0.000000000000000000e+00
-2.661884312781001682e+00,1.894029104365144889e+01,0.000000000000000000e+00
-3.021185475290030009e+00,1.907501437072667372e+01,0.000000000000000000e+00
-3.386850497922899272e+00,1.920778365463332804e+01,0.000000000000000000e+00
-3.759112681291391311e+00,1.933895824102254934e+01,0.000000000000000000e+00
-4.138163019802922449e+00,1.946852634089511369e+01,0.000000000000000000e+00
-4.524047638655145143e+00,1.959580320094696404e+01,0.000000000000000000e+00
-4.916885652909174453e+00,1.972055122906405700e+01,0.000000000000000000e+00
-5.316869360313670079e+00,1.984282658989684833e+01,0.000000000000000000e+00
-5.724169755113669211e+00,1.996255228298069540e+01,0.000000000000000000e+00
-6.138252973219761266e+00,2.007732081037392291e+01,0.000000000000000000e+00
-6.557796945309862124e+00,2.018282369871833737e+01,0.000000000000000000e+00
-6.981094101838904997e+00,2.027456942863907940e+01,0.000000000000000000e+00
-7.408371711868150911e+00,2.035433399328412918e+01,0.000000000000000000e+00
-7.839348588274645202e+00,2.042220128163706860e+01,0.000000000000000000e+00
-8.272534642879108446e+00,2.047524173902095157e+01,0.000000000000000000e+00
-8.708352446717549711e+00,2.051559271402659945e+01,0.000000000000000000e+00
-9.146851564821631086e+00,2.054416498003270419e+01,0.000000000000000000e+00
-9.587163867154396613e+00,2.055973926117179218e+01,0.000000000000000000e+00
-1.002817146819099214e+01,2.056079848524787579e+01,0.000000000000000000e+00
-1.047039223842903688e+01,2.054930180390041983e+01,0.000000000000000000e+00
-1.091370437836205731e+01,2.052569265935165177e+01,0.000000000000000000e+00
-1.135700723094646492e+01,2.048858340159030433e+01,0.000000000000000000e+00
-1.179968978594230933e+01,2.043766222280361688e+01,0.000000000000000000e+00
-1.224219372592464694e+01,2.037443183701662974e+01,0.000000000000000000e+00
-1.268413694902836930e+01,2.029886233061550982e+01,0.000000000000000000e+00
-1.312421223849358931e+01,2.020951460372283393e+01,0.000000000000000000e+00
-1.356237324159201307e+01,2.010704520838593368e+01,0.000000000000000000e+00
-1.399916139006639071e+01,1.999287443528448094e+01,0.000000000000000000e+00
-1.443382413537004538e+01,1.986645458318380264e+01,0.000000000000000000e+00
-1.486439667613985982e+01,1.972572063558303057e+01,0.000000000000000000e+00
-1.529217510666923197e+01,1.957309156581258947e+01,0.000000000000000000e+00
-1.571703739367143804e+01,1.940892478659994325e+01,0.000000000000000000e+00
-1.613759727591891746e+01,1.923203952941490513e+01,0.000000000000000000e+00
-1.655371773178090322e+01,1.904287390069498898e+01,0.000000000000000000e+00
-1.696553518385307058e+01,1.884213569596221305e+01,0.000000000000000000e+00
-1.737265828560275693e+01,1.862989515543144492e+01,0.000000000000000000e+00
-1.777395089561431618e+01,1.840546494823366075e+01,0.000000000000000000e+00
-1.816964736307300043e+01,1.816964736307300399e+01,0.000000000000000000e+00
-1.855986660427646484e+01,1.792305484166645968e+01,0.000000000000000000e+00
-1.894366174098455957e+01,1.766525036015694639e+01,0.000000000000000000e+00
-1.932054280606960006e+01,1.739629488061461515e+01,0.000000000000000000e+00
-1.969046286221736963e+01,1.711665822758849487e+01,0.000000000000000000e+00
-2.005371909120409768e+01,1.682706829316214581e+01,0.000000000000000000e+00
-2.040974429059032502e+01,1.652748504811300023e+01,0.000000000000000000e+00
-2.075742184400403545e+01,1.621747533005691722e+01,0.000000000000000000e+00
-2.109667879523141565e+01,1.589748774986436253e+01,0.000000000000000000e+00
-2.142765833085165283e+01,1.556810505293209701e+01,0.000000000000000000e+00
-2.175013651244580615e+01,1.522960954310479664e+01,0.000000000000000000e+00
-2.206381456309391353e+01,1.488223083683881143e+01,0.000000000000000000e+00
-2.236836432690336451e+01,1.452618564129937440e+01,0.000000000000000000e+00
-2.266354695270331021e+01,1.416175589630233489e+01,0.000000000000000000e+00
-2.294923861498028828e+01,1.378929372040825463e+01,0.000000000000000000e+00
-2.322518783219981842e+01,1.340906844690018396e+01,0.000000000000000000e+00
-2.349094517739717958e+01,1.302124353901203158e+01,0.000000000000000000e+00
-2.374618188685596465e+01,1.262606887519028120e+01,0.000000000000000000e+00
-2.399089799125046341e+01,1.222397308276688399e+01,0.000000000000000000e+00
-2.422512175423214842e+01,1.181538134151480435e+01,0.000000000000000000e+00
-2.444861079188603270e+01,1.140057444350740212e+01,0.000000000000000000e+00
-2.466099013721314748e+01,1.097978021719819530e+01,0.000000000000000000e+00
-2.486195030640995540e+01,1.055327178692569312e+01,0.000000000000000000e+00
-2.505139254795773240e+01,1.012141958306634315e+01,0.000000000000000000e+00
-2.522927112795913018e+01,9.684609816180905995e+00,0.000000000000000000e+00
-2.539552938582609087e+01,9.243216779873351996e+00,0.000000000000000000e+00
-2.554999364161188069e+01,8.797568330182338414e+00,0.000000000000000000e+00
-2.569245502965882366e+01,8.347984683714352983e+00,0.000000000000000000e+00
-2.582271254805175076e+01,7.894795504426958210e+00,0.000000000000000000e+00
-2.594059037031943049e+01,7.438344592548464362e+00,0.000000000000000000e+00
-2.604604870954604934e+01,6.979017717744556926e+00,0.000000000000000000e+00
-2.613911709734210831e+01,6.517213861964346933e+00,0.000000000000000000e+00
-2.621983774822343705e+01,6.053326512538109050e+00,0.000000000000000000e+00
-2.628826499363707114e+01,5.587743219317900412e+00,0.000000000000000000e+00
-2.634446498724658881e+01,5.120845248288797613e+00,0.000000000000000000e+00
-2.638851540098421822e+01,4.653007246034373878e+00,0.000000000000000000e+00
-2.642050511221114206e+01,4.184596915289114705e+00,0.000000000000000000e+00
-2.644053388233324853e+01,3.715974701799973801e+00,0.000000000000000000e+00
-2.644871202722466208e+01,3.247493492710153529e+00,0.000000000000000000e+00
-2.644224962781008159e+01,2.779192425835103730e+00,0.000000000000000000e+00
-2.642303311222316964e+01,2.311715853289642464e+00,0.000000000000000000e+00
-2.639151727271145376e+01,1.845474665232806455e+00,0.000000000000000000e+00
-2.634736306479261714e+01,1.380806788189802958e+00,0.000000000000000000e+00
-2.629082671319581266e+01,9.180958993989990491e-01,0.000000000000000000e+00
-2.622177196501210616e+01,4.577027321821999228e-01,0.000000000000000000e+00
-2.614034872143344046e+01,3.201269439029907130e-15,0.000000000000000000e+00
-2.606108057802685352e+01,-4.548978535889721675e-01,0.000000000000000000e+00
-2.579821834183490026e+01,-9.008936360129931042e-01,0.000000000000000000e+00
-2.551142243628484252e+01,-1.336996996237234558e+00,0.000000000000000000e+00
-2.521236901043828738e+01,-1.763020586443307280e+00,0.000000000000000000e+00
-2.491270367789853069e+01,-2.179579149596708287e+00,0.000000000000000000e+00
-2.462159402358021154e+01,-2.587833810870348916e+00,0.000000000000000000e+00
-2.433824023344439524e+01,-2.988360140212872107e+00,0.000000000000000000e+00
-2.405968837623510481e+01,-3.381368687075509083e+00,0.000000000000000000e+00
-2.378545317524086755e+01,-3.767245689025986000e+00,0.000000000000000000e+00
-2.351594883612285258e+01,-4.146496256768286592e+00,0.000000000000000000e+00
-2.325108897925927920e+01,-4.519553863577015385e+00,0.000000000000000000e+00
-2.299042784102525161e+01,-4.886766293211080914e+00,0.000000000000000000e+00
-2.273360592777618194e+01,-5.248466478307065586e+00,0.000000000000000000e+00
-2.248042427558879197e+01,-5.604999287699905075e+00,0.000000000000000000e+00
-2.223068732808906844e+01,-5.956694716750259744e+00,0.000000000000000000e+00
-2.198418261089680925e+01,-6.303862923353679371e+00,0.000000000000000000e+00
-2.174068665373701492e+01,-6.646794946026220785e+00,0.000000000000000000e+00
-2.149999237700306765e+01,-6.985770992145634573e+00,0.000000000000000000e+00
-2.126191440951014044e+01,-7.321064242595770821e+00,0.000000000000000000e+00
-2.102626441271619129e+01,-7.652934384039423499e+00,0.000000000000000000e+00
-2.079286838190674658e+01,-7.981634357039043337e+00,0.000000000000000000e+00
-2.056155255214638444e+01,-8.307406474954939668e+00,0.000000000000000000e+00
-2.033214644335610188e+01,-8.630484124690344316e+00,0.000000000000000000e+00
-2.010449342900372827e+01,-8.951097178189433734e+00,0.000000000000000000e+00
-1.987843274214066014e+01,-9.269465419779253423e+00,0.000000000000000000e+00
-1.965381198925636852e+01,-9.585804596706772429e+00,0.000000000000000000e+00
-1.943048469021056945e+01,-9.900326445674155096e+00,0.000000000000000000e+00
-1.920830019220670337e+01,-1.021323437838130133e+01,0.000000000000000000e+00
-1.898711841032474013e+01,-1.052473159584850926e+01,0.000000000000000000e+00
-1.876679924853969794e+01,-1.083501659797206251e+01,0.000000000000000000e+00
-1.854720043416400799e+01,-1.114428233410002100e+01,0.000000000000000000e+00
-1.832818924609563638e+01,-1.145272373587928172e+01,0.000000000000000000e+00
-1.810962907087761664e+01,-1.176053062861830156e+01,0.000000000000000000e+00
-1.789138351925862480e+01,-1.206789056183416520e+01,0.000000000000000000e+00
-1.767332298714383043e+01,-1.237499398081305735e+01,0.000000000000000000e+00
-1.745531191420017691e+01,-1.268202644526508927e+01,0.000000000000000000e+00
-1.723721699425910003e+01,-1.298917467852466068e+01,0.000000000000000000e+00
-1.701890820009321104e+01,-1.329662835557012990e+01,0.000000000000000000e+00
-1.680024856547115419e+01,-1.360457304202586926e+01,0.000000000000000000e+00
-1.658110490018136929e+01,-1.391319900625397743e+01,0.000000000000000000e+00
-1.636134342019877863e+01,-1.422269884803557538e+01,0.000000000000000000e+00
-1.614082331657470348e+01,-1.453326259254073705e+01,0.000000000000000000e+00
-1.591940831391821654e+01,-1.484508841511405031e+01,0.000000000000000000e+00
-1.569695739895576914e+01,-1.515837555879643439e+01,0.000000000000000000e+00
-1.547332365609024407e+01,-1.547332365609023874e+01,0.000000000000000000e+00
-1.524836388185807046e+01,-1.579014303537327635e+01,0.000000000000000000e+00
-1.502192617179898626e+01,-1.610904359093808935e+01,0.000000000000000000e+00
-1.479385533473346648e+01,-1.643024087732761274e+01,0.000000000000000000e+00
-1.456399634711794633e+01,-1.675396128060667422e+01,0.000000000000000000e+00
-1.433218291767053998e+01,-1.708043048185122714e+01,0.000000000000000000e+00
-1.409824858426733840e+01,-1.740988708883603309e+01,0.000000000000000000e+00
-1.386202059622737615e+01,-1.774257726742935048e+01,0.000000000000000000e+00
-1.362331561087557574e+01,-1.807875043471292642e+01,0.000000000000000000e+00
-1.338195044588928084e+01,-1.841867465436316209e+01,0.000000000000000000e+00
-1.313772832081838082e+01,-1.876262051449618085e+01,0.000000000000000000e+00
-1.289044694891743603e+01,-1.911087351314914429e+01,0.000000000000000000e+00
-1.263989682944691850e+01,-1.946373427389634614e+01,0.000000000000000000e+00
-1.238585342651953347e+01,-1.982150891010061500e+01,0.000000000000000000e+00
-1.212808886367406203e+01,-2.018452945593653780e+01,0.000000000000000000e+00
-1.186635716788397765e+01,-2.055313351553415302e+01,0.000000000000000000e+00
-1.160040439595453066e+01,-2.092768351076254163e+01,0.000000000000000000e+00
-1.132996146481967692e+01,-2.130855837824046262e+01,0.000000000000000000e+00
-1.105474325400897762e+01,-2.169615524598020073e+01,0.000000000000000000e+00
-1.077445227641956471e+01,-2.209090089325580664e+01,0.000000000000000000e+00
-1.048876828201754030e+01,-2.249323616840778683e+01,0.000000000000000000e+00
-1.019735821548629850e+01,-2.290364154865651258e+01,0.000000000000000000e+00
-9.899861720270573429e+00,-2.332261265502743086e+01,0.000000000000000000e+00
-9.595902300226693882e+00,-2.375069162995826844e+01,0.000000000000000000e+00
-9.285072435889730968e+00,-2.418844066762613920e+01,0.000000000000000000e+00
-8.966943540266139934e+00,-2.463647489840572291e+01,0.000000000000000000e+00
-8.641051699799465524e+00,-2.509543634111676980e+01,0.000000000000000000e+00
-8.306905850302529259e+00,-2.556602738034088418e+01,0.000000000000000000e+00
-7.963974513956757484e+00,-2.604898689251638189e+01,0.000000000000000000e+00
-7.611690829161190663e+00,-2.654512053966815088e+01,0.000000000000000000e+00
-7.249442350539164082e+00,-2.705528717875371925e+01,0.000000000000000000e+00
-6.876569737810203975e+00,-2.758041479253873973e+01,0.000000000000000000e+00
-6.492361963251996215e+00,-2.812150921094610112e+01,0.000000000000000000e+00
-6.096047681245733152e+00,-2.867964947000492515e+01,0.000000000000000000e+00
-5.686793690262607726e+00,-2.925601731723514831e+01,0.000000000000000000e+00
-5.263692587560154124e+00,-2.985188407588639947e+01,0.000000000000000000e+00
-4.825757741147453039e+00,-3.046863524762451192e+01,0.000000000000000000e+00
-4.371919017970594901e+00,-3.110782020918358270e+01,0.000000000000000000e+00
-3.900986038749591600e+00,-3.177098171026907636e+01,0.000000000000000000e+00
-3.411698389178592805e+00,-3.246014188252929245e+01,0.000000000000000000e+00
-2.902585511635627835e+00,-3.317670421123249724e+01,0.000000000000000000e+00
-2.371346358951410771e+00,-3.391183285843298734e+01,0.000000000000000000e+00
-1.814681202932280524e+00,-3.462618007780158536e+01,0.000000000000000000e+00
-1.233051809134515953e+00,-3.530998391733351838e+01,0.000000000000000000e+00
-6.277819144694175568e-01,-3.596560179243765276e+01,0.000000000000000000e+00
-6.721707028888621855e-15,-3.659126878361193036e+01,0.000000000000000000e+00
6.490993474386081985e-01,-3.718687670930965794e+01,0.000000000000000000e+00
1.318326449502727371e+00,-3.775193011752661931e+01,0.000000000000000000e+00
2.006522152741026854e+00,-3.828672346340611199e+01,0.000000000000000000e+00
2.712135224835048763e+00,-3.878534069343844948e+01,0.000000000000000000e+00
3.433974213545960996e+00,-3.925050486716421716e+01,0.000000000000000000e+00
4.171032119552368300e+00,-3.968471973568991729e+01,0.000000000000000000e+00
4.922186310666424980e+00,-4.008799049710147244e+01,0.000000000000000000e+00
5.686152840167112643e+00,-4.045907975577404869e+01,0.000000000000000000e+00
6.460428662948300094e+00,-4.078954125613994108e+01,0.000000000000000000e+00
7.245239395923453785e+00,-4.108979446487877141e+01,0.000000000000000000e+00
8.039590202550295217e+00,-4.136010606328560613e+01,0.000000000000000000e+00
8.839984454986813844e+00,-4.158885703425242042e+01,0.000000000000000000e+00
9.647015307116131311e+00,-4.178581406162349055e+01,0.000000000000000000e+00
1.046012758188574132e+01,-4.195328026777978181e+01,0.000000000000000000e+00
1.127476197849076556e+01,-4.207798454697341839e+01,0.000000000000000000e+00
1.209286086251094439e+01,-4.217281763927906013e+01,0.000000000000000000e+00
1.291264456313322384e+01,-4.223535728087931318e+01,0.000000000000000000e+00
1.373029048021076548e+01,-4.225748897157880890e+01,0.000000000000000000e+00
1.454819137639367987e+01,-4.225101564583218305e+01,0.000000000000000000e+00
1.536272798998597899e+01,-4.220874825370994188e+01,0.000000000000000000e+00
1.617235255166459851e+01,-4.213041878271432239e+01,0.000000000000000000e+00
1.697858233251288951e+01,-4.202346592084884236e+01,0.000000000000000000e+00
1.777676710035375152e+01,-4.187943883006627033e+01,0.000000000000000000e+00
1.856707192934757700e+01,-4.170232633703940905e+01,0.000000000000000000e+00
1.935007981738661798e+01,-4.149638008079791973e+01,0.000000000000000000e+00
2.012183692429313453e+01,-4.125587954551035352e+01,0.000000000000000000e+00
2.088144106251738208e+01,-4.098213559938326256e+01,0.000000000000000000e+00
2.162973473170724859e+01,-4.067961454834260593e+01,0.000000000000000000e+00
2.236546395785206798e+01,-4.034836504876692231e+01,0.000000000000000000e+00
2.308454999640284555e+01,-3.998361346363365953e+01,0.000000000000000000e+00
2.378748475665614492e+01,-3.958902281722853189e+01,0.000000000000000000e+00
2.447403748047686278e+01,-3.916664724505198336e+01,0.000000000000000000e+00
2.514290873267251314e+01,-3.871668424583015877e+01,0.000000000000000000e+00
2.579286838866561027e+01,-3.823949993902171229e+01,0.000000000000000000e+00
2.642270665174166666e+01,-3.773553583741647799e+01,0.000000000000000000e+00
2.703127068824709411e+01,-3.720535226266569850e+01,0.000000000000000000e+00
2.761748111876204348e+01,-3.664963530485265863e+01,0.000000000000000000e+00
2.818035823817940866e+01,-3.606921371916100583e+01,0.000000000000000000e+00
2.871904152656857079e+01,-3.546506271957158418e+01,0.000000000000000000e+00
2.923284289522620583e+01,-3.483834554212796775e+01,0.000000000000000000e+00
2.972116387920066316e+01,-3.419028795247069041e+01,0.000000000000000000e+00
3.018385355663281899e+01,-3.352256550576809246e+01,0.000000000000000000e+00
3.061932460560854352e+01,-3.283520562914343799e+01,0.000000000000000000e+00
3.102375479408107850e+01,-3.212603853687647160e+01,0.000000000000000000e+00
3.139976044276705025e+01,-3.139976044276706446e+01,0.000000000000000000e+00
3.174816413672058246e+01,-3.065884572756360882e+01,0.000000000000000000e+00
3.206569459627293384e+01,-2.990174395850739231e+01,0.000000000000000000e+00
3.235139495280969157e+01,-2.912932685418656575e+01,0.000000000000000000e+00
3.260516089819182639e+01,-2.834323395316237537e+01,0.000000000000000000e+00
3.282560008133745555e+01,-2.754394892142317275e+01,0.000000000000000000e+00
3.301091065973133709e+01,-2.673170837347732132e+01,0.000000000000000000e+00
3.316076409347084564e+01,-2.590802835020881645e+01,0.000000000000000000e+00
3.327675544910345451e+01,-2.507583384295213236e+01,0.000000000000000000e+00
3.336074784294152096e+01,-2.423800207396013562e+01,0.000000000000000000e+00
3.341475640929566282e+01,-2.339726432523006139e+01,0.000000000000000000e+00
3.344094166714786809e+01,-2.255619996572200137e+01,0.000000000000000000e+00
3.344160269008768438e+01,-2.171723071563723195e+01,0.000000000000000000e+00
3.342015764031494029e+01,-2.088323224541115763e+01,0.000000000000000000e+00
3.338276827373602629e+01,-2.005839080981064626e+01,0.000000000000000000e+00
3.333114558184240650e+01,-1.924374587407534420e+01,0.000000000000000000e+00
3.326561304293398535e+01,-1.843943041182359011e+01,0.000000000000000000e+00
3.318649188377340664e+01,-1.764557073835943513e+01,0.000000000000000000e+00
3.309410099295810426e+01,-1.686228668405101061e+01,0.000000000000000000e+00
3.298875684076192982e+01,-1.608969176751460139e+01,0.000000000000000000e+00
3.287077340538589709e+01,-1.532789336840909478e+01,0.000000000000000000e+00
3.274046210555247427e+01,-1.457699289964907408e+01,0.000000000000000000e+00
3.259813700670138559e+01,-1.383708821469509331e+01,0.000000000000000000e+00
3.244415614043178664e+01,-1.310828995582519596e+01,0.000000000000000000e+00
3.227890046887061715e+01,-1.239070898048727010e+01,0.000000000000000000e+00
3.210275028794197993e+01,-1.168444554289163406e+01,0.000000000000000000e+00
3.191608986717833929e+01,-1.098959104950398569e+01,0.000000000000000000e+00
3.171934937243919705e+01,-1.030624136279837977e+01,0.000000000000000000e+00
3.151298394362026656e+01,-9.634486055878861421e+00,0.000000000000000000e+00
3.129744188839426400e+01,-8.974397047551480711e+00,0.000000000000000000e+00
3.107304281711168414e+01,-8.325996729222771009e+00,0.000000000000000000e+00
3.083998735932189916e+01,-7.689272456008671597e+00,0.000000000000000000e+00
3.059849576157887796e+01,-7.064219367638937541e+00,0.000000000000000000e+00
3.034903291968319650e+01,-6.450886087418190584e+00,0.000000000000000000e+00
3.009218630693098362e+01,-5.849328476971058954e+00,0.000000000000000000e+00
2.982834457034039488e+01,-5.259541937619857777e+00,0.000000000000000000e+00
2.955749482959550178e+01,-4.681447275980866962e+00,0.000000000000000000e+00
2.927966964347178092e+01,-4.114989211503809585e+00,0.000000000000000000e+00
2.899544252169557268e+01,-3.560192678211791417e+00,0.000000000000000000e+00
2.870553640023834774e+01,-3.017073451238089010e+00,0.000000000000000000e+00
2.841031210352640457e+01,-2.485580236291911937e+00,0.000000000000000000e+00
2.810991602562602765e+01,-1.965636811671830131e+00,0.000000000000000000e+00
2.780460080476051488e+01,-1.457177382028973733e+00,0.000000000000000000e+00
2.749470507157325017e+01,-9.601362580479927411e-01,0.000000000000000000e+00
2.718054978985379577e+01,-4.744382613665501514e-01,0.000000000000000000e+00
2.686243724099805164e+01,-6.579399556896984529e-15,0.000000000000000000e+00
