1.751627855957677937e+01,0.000000000000000000e+00,0.000000000000000000e+00
1.727578965823601465e+01,3.015500301707395026e-01,0.000000000000000000e+00
1.703214071705503585e+01,5.947754599312896628e-01,0.000000000000000000e+00
1.678620712954161931e+01,8.797278382444297939e-01,0.000000000000000000e+00
1.653874933401053582e+01,1.156502014460212946e+00,0.000000000000000000e+00
1.628923210337798366e+01,1.425123146588115564e+00,0.000000000000000000e+00
1.603804945909912050e+01,1.685666923551709218e+00,0.000000000000000000e+00
1.578566355308492675e+01,1.938235767926517417e+00,0.000000000000000000e+00
1.553188865645219607e+01,2.182864596282396263e+00,0.000000000000000000e+00
1.527715102217532461e+01,2.419663014400656120e+00,0.000000000000000000e+00
1.502176044464086502e+01,2.648741664129371731e+00,0.000000000000000000e+00
1.476540275960033810e+01,2.870103552954035298e+00,0.000000000000000000e+00
1.450873315263189589e+01,3.083926433111295662e+00,0.000000000000000000e+00
1.425206121949921645e+01,3.290347593556571137e+00,0.000000000000000000e+00
1.399471966812680002e+01,3.489275505204235461e+00,0.000000000000000000e+00
1.373767729646241875e+01,3.680999537466473903e+00,0.000000000000000000e+00
1.348125538900657716e+01,3.865687777033699479e+00,0.000000000000000000e+00
1.322443472883781546e+01,4.043115441553160494e+00,0.000000000000000000e+00
1.296846833140310906e+01,4.213710790845563103e+00,0.000000000000000000e+00
1.271365792904354386e+01,4.377663490888791920e+00,0.000000000000000000e+00
1.245877896967556353e+01,4.534624700263649721e+00,0.000000000000000000e+00
1.220519040579172554e+01,4.685133637542755913e+00,0.000000000000000000e+00
1.195320950225836043e+01,4.829410121814378343e+00,0.000000000000000000e+00
1.170161807551547817e+01,4.967042181959421043e+00,0.000000000000000000e+00
1.145153451163590397e+01,5.098551655380983760e+00,0.000000000000000000e+00
1.120347372294924249e+01,5.224265594949525138e+00,0.000000000000000000e+00
1.095714158900804769e+01,5.344155030489551095e+00,0.000000000000000000e+00
1.071565181840232484e+01,5.459897309397238274e+00,0.000000000000000000e+00
1.048102941934715027e+01,5.572862195788312434e+00,0.000000000000000000e+00
1.025234825120428539e+01,5.682969434288501986e+00,0.000000000000000000e+00
1.002913685317118109e+01,5.790324861917976129e+00,0.000000000000000000e+00
9.811212317732849186e+00,5.895171106643783077e+00,0.000000000000000000e+00
9.598246456436518415e+00,5.997650042699486761e+00,0.000000000000000000e+00
9.389918953324304596e+00,6.097884667798024516e+00,0.000000000000000000e+00
9.185966233666773562e+00,6.196012460035187353e+00,0.000000000000000000e+00
8.986135924540159081e+00,6.292160113740099092e+00,0.000000000000000000e+00
8.790183275308631750e+00,6.386441978473175851e+00,0.000000000000000000e+00
8.597880158426107755e+00,6.478967415680447317e+00,0.000000000000000000e+00
8.409011612044093198e+00,6.569839905618131581e+00,0.000000000000000000e+00
8.223375181853489480e+00,6.659157921237041755e+00,0.000000000000000000e+00
8.040777565358546042e+00,6.747013489470901959e+00,0.000000000000000000e+00
7.861036525247669715e+00,6.833494796886752098e+00,0.000000000000000000e+00
7.683978367564521683e+00,6.918685198452209306e+00,0.000000000000000000e+00
7.509437864229242976e+00,7.002664096807150074e+00,0.000000000000000000e+00
7.337257956239378487e+00,7.085507646204260546e+00,0.000000000000000000e+00
7.167287458621213858e+00,7.167287458621212082e+00,0.000000000000000000e+00
6.999383565216783509e+00,7.248073859629490912e+00,0.000000000000000000e+00
6.833407009456794690e+00,7.327931859804805548e+00,0.000000000000000000e+00
6.669226711480991554e+00,7.406926650003931023e+00,0.000000000000000000e+00
6.506713999772618884e+00,7.485118220161071534e+00,0.000000000000000000e+00
6.345746889148385250e+00,7.562566652836118841e+00,0.000000000000000000e+00
6.186206367634164316e+00,7.639328653130458058e+00,0.000000000000000000e+00
6.027977375489761869e+00,7.715459200807317508e+00,0.000000000000000000e+00
5.870949237136609433e+00,7.791012783138433484e+00,0.000000000000000000e+00
5.715012687835163696e+00,7.866040138799686332e+00,0.000000000000000000e+00
5.560063336381181998e+00,7.940593371212696816e+00,0.000000000000000000e+00
5.405997575533960209e+00,8.014721001361154507e+00,0.000000000000000000e+00
5.252714987069110109e+00,8.088471773491493266e+00,0.000000000000000000e+00
5.100117191713144038e+00,8.161893644054419639e+00,0.000000000000000000e+00
4.948106496999321813e+00,8.235032119441267895e+00,0.000000000000000000e+00
4.796588238190381048e+00,8.307934531533025080e+00,0.000000000000000000e+00
4.645467469136705496e+00,8.380645159882496031e+00,0.000000000000000000e+00
4.494651130149779128e+00,8.453209332971489687e+00,0.000000000000000000e+00
4.344046866815900465e+00,8.525672017219619647e+00,0.000000000000000000e+00
4.193562031186488959e+00,8.598076342442732667e+00,0.000000000000000000e+00
4.043105562683005694e+00,8.670467859524398690e+00,0.000000000000000000e+00
3.892585247919955638e+00,8.742889612385280174e+00,0.000000000000000000e+00
3.741909416827979840e+00,8.815386152332377989e+00,0.000000000000000000e+00
3.590986058784578994e+00,8.888002384898911146e+00,0.000000000000000000e+00
3.439721822595314116e+00,8.960781705631681859e+00,0.000000000000000000e+00
3.288023625172182385e+00,9.033770664793896898e+00,0.000000000000000000e+00
3.135796304291694092e+00,9.107013737099579842e+00,0.000000000000000000e+00
2.982943953042275886e+00,9.180557496594682121e+00,0.000000000000000000e+00
2.829369138953449436e+00,9.254449456804106688e+00,0.000000000000000000e+00
2.674972036980744594e+00,9.328736118637188213e+00,0.000000000000000000e+00
2.519651640634528622e+00,9.403467940222340005e+00,0.000000000000000000e+00
2.363303719351762311e+00,9.478693497730398931e+00,0.000000000000000000e+00
2.205821999949590495e+00,9.554464775746879468e+00,0.000000000000000000e+00
2.047097078348076415e+00,9.630834551821729761e+00,0.000000000000000000e+00
1.887016059104073218e+00,9.707856045064323425e+00,0.000000000000000000e+00
1.725462976447221797e+00,9.785586808748584886e+00,0.000000000000000000e+00
1.562317237894779831e+00,9.864082827161093192e+00,0.000000000000000000e+00
1.397454548590689072e+00,9.943405783450280921e+00,0.000000000000000000e+00
1.230745370059583621e+00,1.002361665839103821e+01,0.000000000000000000e+00
1.062055258078254738e+00,1.010478079587993960e+01,0.000000000000000000e+00
8.912440169858910632e-01,1.018696572867185601e+01,0.000000000000000000e+00
7.181652211956290888e-01,1.027024114549640110e+01,0.000000000000000000e+00
5.426658873671773575e-01,1.035468197262040668e+01,0.000000000000000000e+00
3.645855336281552117e-01,1.044036368426276518e+01,0.000000000000000000e+00
1.837559136638075574e-01,1.052736924322462642e+01,0.000000000000000000e+00
6.500291510140358163e-16,1.061578165176459621e+01,0.000000000000000000e+00
-1.868685635047088733e-01,1.070569283317992593e+01,0.000000000000000000e+00
-3.770463614188653279e-01,1.079719510499237067e+01,0.000000000000000000e+00
-5.707411906542588786e-01,1.089039067219066048e+01,0.000000000000000000e+00
-7.681728136646818195e-01,1.098538303569796959e+01,0.000000000000000000e+00
-9.695744535663693986e-01,1.108228671568484458e+01,0.000000000000000000e+00
-1.175193438387407419e+00,1.118121867702875960e+01,0.000000000000000000e+00
-1.385293074264142055e+00,1.128230670108112044e+01,0.000000000000000000e+00
-1.600153674849166707e+00,1.138568500918359661e+01,0.000000000000000000e+00
-1.820074872770203189e+00,1.149150048477486052e+01,0.000000000000000000e+00
-2.045375780686368383e+00,1.159990247929298235e+01,0.000000000000000000e+00
-2.276397296104163637e+00,1.171104885161663134e+01,0.000000000000000000e+00
-2.513513157132515108e+00,1.182514967961587971e+01,0.000000000000000000e+00
-2.757113163792629162e+00,1.194236915163903134e+01,0.000000000000000000e+00
-3.007591827691625141e+00,1.206279195836379081e+01,0.000000000000000000e+00
-3.265504920126639732e+00,1.218703027427876506e+01,0.000000000000000000e+00
-3.531280105399412950e+00,1.231503724481796525e+01,0.000000000000000000e+00
-3.804495292543488727e+00,1.244394338962646174e+01,0.000000000000000000e+00
-4.082969989269708222e+00,1.256608951875600511e+01,0.000000000000000000e+00
-4.364312574417236412e+00,1.267488405219991243e+01,0.000000000000000000e+00
-4.647536941095310681e+00,1.276900280174057656e+01,0.000000000000000000e+00
-4.932846482042004155e+00,1.285050442818091376e+01,0.000000000000000000e+00
-5.220233891328501130e+00,1.292053227618536226e+01,0.000000000000000000e+00
-5.508846494371031355e+00,1.297802904672388102e+01,0.000000000000000000e+00
-5.797444979410134813e+00,1.302127461844153089e+01,0.000000000000000000e+00
-6.086145562375834039e+00,1.305178127774351893e+01,0.000000000000000000e+00
-6.374957652669006158e+00,1.307060016517259271e+01,0.000000000000000000e+00
-6.663163302183692238e+00,1.307719429676210687e+01,0.000000000000000000e+00
-6.949691922799959620e+00,1.307046952521351812e+01,0.000000000000000000e+00
-7.234284803325987667e+00,1.305099526043442459e+01,0.000000000000000000e+00
-7.517127328804301456e+00,1.302004646045357283e+01,0.000000000000000000e+00
-7.797617776874253614e+00,1.297741527726347854e+01,0.000000000000000000e+00
-8.074506875343246293e+00,1.292191215759116218e+01,0.000000000000000000e+00
-8.347788450521596459e+00,1.285446696029422853e+01,0.000000000000000000e+00
-8.617666049025549668e+00,1.277621532396268478e+01,0.000000000000000000e+00
-8.883416093186866647e+00,1.268683298654564240e+01,0.000000000000000000e+00
-9.143448620401326110e+00,1.258487737187748401e+01,0.000000000000000000e+00
-9.398778852312348775e+00,1.247260080551652095e+01,0.000000000000000000e+00
-9.649176346782626368e+00,1.235038252261980496e+01,0.000000000000000000e+00
-9.892557964561246919e+00,1.221629170129486397e+01,0.000000000000000000e+00
-1.012953953373528115e+01,1.207191513065409794e+01,0.000000000000000000e+00
-1.036043441904302398e+01,1.191831644075225327e+01,0.000000000000000000e+00
-1.058413923266682133e+01,1.175487749049442066e+01,0.000000000000000000e+00
-1.080119554973144247e+01,1.158286413838985318e+01,0.000000000000000000e+00
-1.101296342844329068e+01,1.140425747481994279e+01,0.000000000000000000e+00
-1.122020475768604619e+01,1.122020475768604797e+01,0.000000000000000000e+00
-1.142326983984700561e+01,1.103132345593245311e+01,0.000000000000000000e+00
-1.162188583094659755e+01,1.083758386672723795e+01,0.000000000000000000e+00
-1.181579250336899634e+01,1.063898735661754991e+01,0.000000000000000000e+00
-1.200487938325541393e+01,1.043568243694737419e+01,0.000000000000000000e+00
-1.218906146186498063e+01,1.022783697704810812e+01,0.000000000000000000e+00
-1.236826945711903925e+01,1.001562712462847671e+01,0.000000000000000000e+00
-1.254236806914440194e+01,9.799171894779332703e+00,0.000000000000000000e+00
-1.271110709339658484e+01,9.578506231519348546e+00,0.000000000000000000e+00
-1.287429369596678796e+01,9.353721888151193653e+00,0.000000000000000000e+00
-1.303193149339877266e+01,9.125056669110337637e+00,0.000000000000000000e+00
-1.318404902741950124e+01,8.892753355462566844e+00,0.000000000000000000e+00
-1.333053036167379091e+01,8.656947638220922059e+00,0.000000000000000000e+00
-1.347118525386201426e+01,8.417730799031247102e+00,0.000000000000000000e+00
-1.360586610533768948e+01,8.175229130459308990e+00,0.000000000000000000e+00
-1.373453261568501027e+01,7.929636102859433322e+00,0.000000000000000000e+00
-1.385716626435990939e+01,7.681152687820653746e+00,0.000000000000000000e+00
-1.397372265515845235e+01,7.429960131169428550e+00,0.000000000000000000e+00
-1.408410005846969959e+01,7.176207413016286729e+00,0.000000000000000000e+00
-1.418819296225704463e+01,6.920044080553563681e+00,0.000000000000000000e+00
-1.428590263105676428e+01,6.661625800518414131e+00,0.000000000000000000e+00
-1.437715772506667911e+01,6.401123032404906432e+00,0.000000000000000000e+00
-1.446190114456214815e+01,6.138712830379490448e+00,0.000000000000000000e+00
-1.454008056297006313e+01,5.874573873195919838e+00,0.000000000000000000e+00
-1.461164876959246683e+01,5.608886455216032907e+00,0.000000000000000000e+00
-1.467657641061584073e+01,5.341836954397669146e+00,0.000000000000000000e+00
-1.473485644813615814e+01,5.073617952952556465e+00,0.000000000000000000e+00
-1.478648859605124777e+01,4.804421382980305744e+00,0.000000000000000000e+00
-1.483147812217031536e+01,4.534437913330340741e+00,0.000000000000000000e+00
-1.486983577824755010e+01,4.263856796403717730e+00,0.000000000000000000e+00
-1.490157772601250130e+01,3.992865717634659806e+00,0.000000000000000000e+00
-1.492672545928315131e+01,3.721650647751527430e+00,0.000000000000000000e+00
-1.494530572225027854e+01,3.450395697914452775e+00,0.000000000000000000e+00
-1.495735042402397852e+01,3.179282977824184009e+00,0.000000000000000000e+00
-1.496289654953526593e+01,2.908492456894368861e+00,0.000000000000000000e+00
-1.496092217798698520e+01,2.638014236258756195e+00,0.000000000000000000e+00
-1.495205322670891768e+01,2.368172582014970384e+00,0.000000000000000000e+00
-1.493663916217780141e+01,2.099207735500895122e+00,0.000000000000000000e+00
-1.491460366223908629e+01,1.831283061708880222e+00,0.000000000000000000e+00
-1.488590686981314981e+01,1.564571857787794729e+00,0.000000000000000000e+00
-1.485057770056213755e+01,1.299257195610071358e+00,0.000000000000000000e+00
-1.480866573055628699e+01,1.035522783674920122e+00,0.000000000000000000e+00
-1.476022364339310222e+01,7.735505428712715625e-01,0.000000000000000000e+00
-1.470530090136972312e+01,5.135204230835247463e-01,0.000000000000000000e+00
-1.464394249811830484e+01,2.556109671097387404e-01,0.000000000000000000e+00
-1.457617488622153168e+01,1.785066591822322981e-15,0.000000000000000000e+00
-1.453405745261015092e+01,-2.536929165057566493e-01,0.000000000000000000e+00
-1.443644068382576684e+01,-5.041316174011675200e-01,0.000000000000000000e+00
-1.433413066434936667e+01,-7.512199560714905022e-01,0.000000000000000000e+00
-1.422826923122347154e+01,-9.949375068133987643e-01,0.000000000000000000e+00
-1.411999440489662305e+01,-1.235339439477927126e+00,0.000000000000000000e+00
-1.401043713750043018e+01,-1.472556281074816287e+00,0.000000000000000000e+00
-1.390071807098989609e+01,-1.706793564581562839e+00,0.000000000000000000e+00
-1.379194430620390754e+01,-1.938331364962793346e+00,0.000000000000000000e+00
-1.368494870469590019e+01,-2.167482941463246160e+00,0.000000000000000000e+00
-1.357958407825335989e+01,-2.394447059795160371e+00,0.000000000000000000e+00
-1.347547128689600804e+01,-2.619366274523293736e+00,0.000000000000000000e+00
-1.337223011323542288e+01,-2.842355254729654224e+00,0.000000000000000000e+00
-1.326962199952919086e+01,-3.063533627951281701e+00,0.000000000000000000e+00
-1.316763973919654163e+01,-3.283061318332371137e+00,0.000000000000000000e+00
-1.306629126668519092e+01,-3.501102192978128524e+00,0.000000000000000000e+00
-1.296557638722578609e+01,-3.717819202740346274e+00,0.000000000000000000e+00
-1.286545661470541013e+01,-3.933364818090715698e+00,0.000000000000000000e+00
-1.276585499970111570e+01,-4.147877728656212959e+00,0.000000000000000000e+00
-1.266668794590048286e+01,-4.361490428696886745e+00,0.000000000000000000e+00
-1.256786850548819956e+01,-4.574330044169365728e+00,0.000000000000000000e+00
-1.246933017571213220e+01,-4.786527395437732757e+00,0.000000000000000000e+00
-1.237102181572424797e+01,-4.998217253931455772e+00,0.000000000000000000e+00
-1.227288735237168105e+01,-5.209531603259149435e+00,0.000000000000000000e+00
-1.217486590211072617e+01,-5.420599539404483913e+00,0.000000000000000000e+00
-1.207690011993192059e+01,-5.631551012697273428e+00,0.000000000000000000e+00
-1.197893371066450818e+01,-5.842516346961261320e+00,0.000000000000000000e+00
-1.188090488786419563e+01,-6.053623403389559066e+00,0.000000000000000000e+00
-1.178274729305722879e+01,-6.264997866602288745e+00,0.000000000000000000e+00
-1.168440202756134383e+01,-6.476769804690337473e+00,0.000000000000000000e+00
-1.158581329092326229e+01,-6.689072422295290643e+00,0.000000000000000000e+00
-1.148691920522732524e+01,-6.902037384372461837e+00,0.000000000000000000e+00
-1.138765279223994931e+01,-7.115795220055417758e+00,0.000000000000000000e+00
-1.128795333470949025e+01,-7.330482607219503066e+00,0.000000000000000000e+00
-1.118776103559433643e+01,-7.546240102906222269e+00,0.000000000000000000e+00
-1.108700906254601293e+01,-7.763207321794086901e+00,0.000000000000000000e+00
-1.098562530935764059e+01,-7.981523983980373771e+00,0.000000000000000000e+00
-1.088354487060574805e+01,-8.201339316720453354e+00,0.000000000000000000e+00
-1.078070147191946582e+01,-8.422807103670487905e+00,0.000000000000000000e+00
-1.067702044150131080e+01,-8.646080675624469691e+00,0.000000000000000000e+00
-1.057242261756404567e+01,-8.871315919048322840e+00,0.000000000000000000e+00
-1.046683654181731882e+01,-9.098682192692047366e+00,0.000000000000000000e+00
-1.036018519309433650e+01,-9.328352647536737763e+00,0.000000000000000000e+00
-1.025238153794932749e+01,-9.560500452976985031e+00,0.000000000000000000e+00
-1.014333798734351255e+01,-9.795307633451811213e+00,0.000000000000000000e+00
-1.003297181899674051e+01,-1.003297181899673696e+01,0.000000000000000000e+00
-9.921189627644318776e+00,-1.027369260829026665e+01,0.000000000000000000e+00
-9.807888009580400634e+00,-1.051767221290028154e+01,0.000000000000000000e+00
-9.692969624199674783e+00,-1.076513337049538244e+01,0.000000000000000000e+00
-9.576331754398514917e+00,-1.101630950732739578e+01,0.000000000000000000e+00
-9.457857054609018377e+00,-1.127143512307278606e+01,0.000000000000000000e+00
-9.337427010868827537e+00,-1.153076206507548918e+01,0.000000000000000000e+00
-9.214924238617808072e+00,-1.179456517051204933e+01,0.000000000000000000e+00
-9.090214232903642610e+00,-1.206312172519492520e+01,0.000000000000000000e+00
-8.963154662633957770e+00,-1.233672402803627755e+01,0.000000000000000000e+00
-8.833606489627042535e+00,-1.261569750050506045e+01,0.000000000000000000e+00
-8.701411447317042303e+00,-1.290037298276220668e+01,0.000000000000000000e+00
-8.566399904418519284e+00,-1.319109907883867550e+01,0.000000000000000000e+00
-8.428403814183024423e+00,-1.348826564853838050e+01,0.000000000000000000e+00
-8.287231741656659878e+00,-1.379226975312312220e+01,0.000000000000000000e+00
-8.142681532168557723e+00,-1.410353812356871828e+01,0.000000000000000000e+00
-7.994545868636374841e+00,-1.442254252872789877e+01,0.000000000000000000e+00
-7.842588562977714339e+00,-1.474976386721464650e+01,0.000000000000000000e+00
-7.686567827867857083e+00,-1.508573877025135346e+01,0.000000000000000000e+00
-7.526220637031336480e+00,-1.543103908467871399e+01,0.000000000000000000e+00
-7.361257323931458707e+00,-1.578626727482269843e+01,0.000000000000000000e+00
-7.191376519445945803e+00,-1.615209611766690756e+01,0.000000000000000000e+00
-7.016239100403203643e+00,-1.652922348387000184e+01,0.000000000000000000e+00
-6.835495455340874216e+00,-1.691844493810102179e+01,0.000000000000000000e+00
-6.648754531369398535e+00,-1.732059772350375582e+01,0.000000000000000000e+00
-6.455585222459780503e+00,-1.773657462807320329e+01,0.000000000000000000e+00
-6.255510581222842426e+00,-1.816732187540359078e+01,0.000000000000000000e+00
-6.048069395311937768e+00,-1.861404360964503013e+01,0.000000000000000000e+00
-5.832745795072668216e+00,-1.907805185676577153e+01,0.000000000000000000e+00
-5.608769028969498471e+00,-1.956010212379580082e+01,0.000000000000000000e+00
-5.375452857684823726e+00,-2.006146317857108485e+01,0.000000000000000000e+00
-5.132797763770510890e+00,-2.058652740662618186e+01,0.000000000000000000e+00
-4.878339623850220796e+00,-2.113041038727164889e+01,0.000000000000000000e+00
-4.606993370853097680e+00,-2.167419972668307437e+01,0.000000000000000000e+00
-4.316750667654851270e+00,-2.220775698322630376e+01,0.000000000000000000e+00
-4.007429057175412979e+00,-2.272725955536665765e+01,0.000000000000000000e+00
-3.679365190923703732e+00,-2.323059754723713866e+01,0.000000000000000000e+00
-3.332975153265946844e+00,-2.371535049100731740e+01,0.000000000000000000e+00
-2.969438195879055886e+00,-2.418413336369897593e+01,0.000000000000000000e+00
-2.589406098343449703e+00,-2.463655333962613980e+01,0.000000000000000000e+00
-2.193505870595293672e+00,-2.507188682731824159e+01,0.000000000000000000e+00
-1.782424090468151867e+00,-2.548985204570824692e+01,0.000000000000000000e+00
-1.356796549824336395e+00,-2.588922042463596540e+01,0.000000000000000000e+00
-9.172794448313744686e-01,-2.626744651340360903e+01,0.000000000000000000e+00
-4.647826390212745351e-01,-2.662737955617194885e+01,0.000000000000000000e+00
-4.954110934418246815e-15,-2.696892381742225808e+01,0.000000000000000000e+00
4.763947311674299745e-01,-2.729263586967861244e+01,0.000000000000000000e+00
9.636241108231093921e-01,-2.759458410705465070e+01,0.000000000000000000e+00
1.460833252107461622e+00,-2.787435896144094016e+01,0.000000000000000000e+00
1.967518720361747020e+00,-2.813682857372629798e+01,0.000000000000000000e+00
2.482731373027619703e+00,-2.837774944741227046e+01,0.000000000000000000e+00
3.005494680992387924e+00,-2.859537176018915616e+01,0.000000000000000000e+00
3.535764698072486834e+00,-2.879649258890527364e+01,0.000000000000000000e+00
4.071644465668220469e+00,-2.897125575132888287e+01,0.000000000000000000e+00
4.613451833778593247e+00,-2.912818850339998633e+01,0.000000000000000000e+00
5.159704289563578961e+00,-2.926213713200550259e+01,0.000000000000000000e+00
5.709846551285432170e+00,-2.937461400598964545e+01,0.000000000000000000e+00
6.263318051474118242e+00,-2.946659469020504218e+01,0.000000000000000000e+00
6.818697776458244597e+00,-2.953502491276390884e+01,0.000000000000000000e+00
7.376206596781782032e+00,-2.958434878019372860e+01,0.000000000000000000e+00
7.933736356805671797e+00,-2.960910717745522547e+01,0.000000000000000000e+00
8.492135899737592197e+00,-2.961559739580476958e+01,0.000000000000000000e+00
9.048714177896655997e+00,-2.959701046268784808e+01,0.000000000000000000e+00
9.604927778804487559e+00,-2.956092810058386533e+01,0.000000000000000000e+00
1.015743015335957899e+01,-2.949931914061932403e+01,0.000000000000000000e+00
1.070847460222335989e+01,-2.942129216641197686e+01,0.000000000000000000e+00
1.125381125467039567e+01,-2.931718063566986743e+01,0.000000000000000000e+00
1.179641016915726226e+01,-2.919713972718744799e+01,0.000000000000000000e+00
1.233195614643359761e+01,-2.905226806281038776e+01,0.000000000000000000e+00
1.286262543756898680e+01,-2.888992974173579142e+01,0.000000000000000000e+00
1.338611987809335702e+01,-2.870662671734175930e+01,0.000000000000000000e+00
1.390153780264365402e+01,-2.850237636062009372e+01,0.000000000000000000e+00
1.441026908221720682e+01,-2.828174548791556120e+01,0.000000000000000000e+00
1.490822813855304751e+01,-2.803829921159762861e+01,0.000000000000000000e+00
1.539717306253191609e+01,-2.777723550098631478e+01,0.000000000000000000e+00
1.587682062579841968e+01,-2.749945998654035151e+01,0.000000000000000000e+00
1.634449466925303796e+01,-2.720180712742525131e+01,0.000000000000000000e+00
1.680008735621181870e+01,-2.688575988705176911e+01,0.000000000000000000e+00
1.724400359843625807e+01,-2.655343697712461903e+01,0.000000000000000000e+00
1.767536787985145352e+01,-2.620481052277153822e+01,0.000000000000000000e+00
1.809340244140684106e+01,-2.584005663187808821e+01,0.000000000000000000e+00
1.849735237250963849e+01,-2.545942138210684647e+01,0.000000000000000000e+00
1.888611401747925811e+01,-2.506271980742851113e+01,0.000000000000000000e+00
1.925950161145908979e+01,-2.465103792779616398e+01,0.000000000000000000e+00
1.961731346534323706e+01,-2.422536461720913437e+01,0.000000000000000000e+00
1.995831596101464100e+01,-2.378539474866956382e+01,0.000000000000000000e+00
2.028206944445674864e+01,-2.333185192196563307e+01,0.000000000000000000e+00
2.058842939499966818e+01,-2.286576734676388512e+01,0.000000000000000000e+00
2.087743479483356523e+01,-2.238830781956007954e+01,0.000000000000000000e+00
2.114861985557577029e+01,-2.190003695528184835e+01,0.000000000000000000e+00
2.140100188741466525e+01,-2.140100188741467591e+01,0.000000000000000000e+00
2.163366514371012173e+01,-2.089138758721594513e+01,0.000000000000000000e+00
2.184639553774018950e+01,-2.037209341667321283e+01,0.000000000000000000e+00
2.203920767203200626e+01,-1.984419172101759443e+01,0.000000000000000000e+00
2.221197482045182880e+01,-1.930857513212674448e+01,0.000000000000000000e+00
2.236440921571238860e+01,-1.876596752440203986e+01,0.000000000000000000e+00
2.249597737289839472e+01,-1.821688328768930276e+01,0.000000000000000000e+00
2.260615656320741351e+01,-1.766186519339443706e+01,0.000000000000000000e+00
2.269457327441132577e+01,-1.710158760628728558e+01,0.000000000000000000e+00
2.276091918457326457e+01,-1.653677576408558636e+01,0.000000000000000000e+00
2.280490660244148060e+01,-1.596816751119791888e+01,0.000000000000000000e+00
2.282626885055242738e+01,-1.539651274743259002e+01,0.000000000000000000e+00
2.282476066954503580e+01,-1.482257289171843873e+01,0.000000000000000000e+00
2.280224939229381675e+01,-1.424842679983749782e+01,0.000000000000000000e+00
2.276705601123264344e+01,-1.367982736834439628e+01,0.000000000000000000e+00
2.272147144769373739e+01,-1.311824765671039117e+01,0.000000000000000000e+00
2.266572058038207160e+01,-1.256381407540508377e+01,0.000000000000000000e+00
2.260002811815264323e+01,-1.201664810623637969e+01,0.000000000000000000e+00
2.252461852111040130e+01,-1.147686637665931819e+01,0.000000000000000000e+00
2.243971592485709010e+01,-1.094458073471314208e+01,0.000000000000000000e+00
2.234554409435861899e+01,-1.041989833683962097e+01,0.000000000000000000e+00
2.224234682155179499e+01,-9.902930833536002453e+00,0.000000000000000000e+00
2.213042547366015000e+01,-9.393808285572252004e+00,0.000000000000000000e+00
2.201009304748881945e+01,-8.892654824257540724e+00,0.000000000000000000e+00
2.188166400783226351e+01,-8.399583839335734936e+00,0.000000000000000000e+00
2.174545077018772332e+01,-7.914696811049393155e+00,0.000000000000000000e+00
2.160176323829077560e+01,-7.438083578689092867e+00,0.000000000000000000e+00
2.145090093828241962e+01,-6.969820216788894740e+00,0.000000000000000000e+00
2.129300643808401361e+01,-6.509925368619077446e+00,0.000000000000000000e+00
2.112809935729853095e+01,-6.058385000558984324e+00,0.000000000000000000e+00
2.095628782656528344e+01,-5.615220399482333313e+00,0.000000000000000000e+00
2.077797065446975111e+01,-5.180529926413162123e+00,0.000000000000000000e+00
2.059358397612528435e+01,-4.754403481360433226e+00,0.000000000000000000e+00
2.040343367410247311e+01,-4.336883708029580120e+00,0.000000000000000000e+00
2.020777425716143227e+01,-3.927993407092265521e+00,0.000000000000000000e+00
2.000688827822770222e+01,-3.527754203471470618e+00,0.000000000000000000e+00
1.980105558355575823e+01,-3.136179106436517650e+00,0.000000000000000000e+00
1.959041770110673752e+01,-2.753253655882054396e+00,0.000000000000000000e+00
1.937505300654163776e+01,-2.378957375878711478e+00,0.000000000000000000e+00
1.915506972626963744e+01,-2.013278955040279872e+00,0.000000000000000000e+00
1.893070598710848884e+01,-1.656222166414332397e+00,0.000000000000000000e+00
1.870255138768842684e+01,-1.307809793750734695e+00,0.000000000000000000e+00
1.847116614919706734e+01,-9.680327986475121271e-01,0.000000000000000000e+00
1.823689370425372758e+01,-6.368463612917470984e-01,0.000000000000000000e+00
1.799916226623657067e+01,-3.141765460106841212e-01,0.000000000000000000e+00
1.775750495887340819e+01,-4.349334321745514127e-15,0.000000000000000000e+00
