2.601148494509683573e+01,0.000000000000000000e+00,0.000000000000000000e+00
2.593944849649678730e+01,4.527747577085074471e-01,0.000000000000000000e+00
2.585968774129435133e+01,9.030401947423145614e-01,0.000000000000000000e+00
2.577226345191601453e+01,1.350667094612404417e+00,0.000000000000000000e+00
2.567719215742897632e+01,1.795524187229916802e+00,0.000000000000000000e+00
2.557448573588602159e+01,2.237477577395475148e+00,0.000000000000000000e+00
2.546415859166597428e+01,2.676390915460956865e+00,0.000000000000000000e+00
2.534625179943013151e+01,3.112128397727484064e+00,0.000000000000000000e+00
2.522093595804570043e+01,3.544571391519301340e+00,0.000000000000000000e+00
2.508842478910677087e+01,3.973616118846898804e+00,0.000000000000000000e+00
2.494891805254517081e+01,4.399167392148204847e+00,0.000000000000000000e+00
2.480240012846375919e+01,4.821098204328174042e+00,0.000000000000000000e+00
2.464869331502822547e+01,5.239241500701259824e+00,0.000000000000000000e+00
2.448766276228470318e+01,5.653422406821480450e+00,0.000000000000000000e+00
2.431950525161452248e+01,6.063533674519294259e+00,0.000000000000000000e+00
2.414456998660028120e+01,6.469518029506267531e+00,0.000000000000000000e+00
2.396297902087055931e+01,6.871273663269749754e+00,0.000000000000000000e+00
2.377445181272331354e+01,7.268579354009983895e+00,0.000000000000000000e+00
2.357880732077017427e+01,7.661218912198872744e+00,0.000000000000000000e+00
2.337640104753284120e+01,8.049140379999013106e+00,0.000000000000000000e+00
2.316765877655437222e+01,8.432338192301932267e+00,0.000000000000000000e+00
2.295267723300941398e+01,8.810707297528516335e+00,0.000000000000000000e+00
2.273143224999751411e+01,9.184094779794060415e+00,0.000000000000000000e+00
2.250384326053833917e+01,9.552314732026763622e+00,0.000000000000000000e+00
2.226990575591922905e+01,9.915200861652921915e+00,0.000000000000000000e+00
2.202992695166180681e+01,1.027272364615510369e+01,0.000000000000000000e+00
2.178429673100945863e+01,1.062491143470207788e+01,0.000000000000000000e+00
2.153339715624127138e+01,1.097181386517588919e+01,0.000000000000000000e+00
2.127694337862069318e+01,1.131315147133987153e+01,0.000000000000000000e+00
2.101436932124138579e+01,1.164845512533548089e+01,0.000000000000000000e+00
2.074646431710734618e+01,1.197797675821488994e+01,0.000000000000000000e+00
2.047371520723681471e+01,1.230184919321428616e+01,0.000000000000000000e+00
2.019561613294922964e+01,1.261962156440554494e+01,0.000000000000000000e+00
1.991257652611982465e+01,1.293137839618872320e+01,0.000000000000000000e+00
1.962485477933928735e+01,1.323713169046015103e+01,0.000000000000000000e+00
1.933193129312430258e+01,1.353636401959781921e+01,0.000000000000000000e+00
1.903484394902168120e+01,1.382962364290975721e+01,0.000000000000000000e+00
1.873366212596599212e+01,1.411682696827899441e+01,0.000000000000000000e+00
1.842712145945649382e+01,1.439684513416684375e+01,0.000000000000000000e+00
1.811651750237068015e+01,1.467046661051766421e+01,0.000000000000000000e+00
1.780252789525691881e+01,1.493809459093331959e+01,0.000000000000000000e+00
1.748462752377815477e+01,1.519915482207692214e+01,0.000000000000000000e+00
1.716215095072417540e+01,1.545287012488206457e+01,0.000000000000000000e+00
1.683613608336091971e+01,1.569995089000070188e+01,0.000000000000000000e+00
1.650706197838843181e+01,1.594068445757435981e+01,0.000000000000000000e+00
1.617468817157572047e+01,1.617468817157571692e+01,0.000000000000000000e+00
1.583879444925389457e+01,1.640155178610021736e+01,0.000000000000000000e+00
1.549954891023932646e+01,1.662123127083782137e+01,0.000000000000000000e+00
1.515746998933316725e+01,1.683407586330132588e+01,0.000000000000000000e+00
1.481275575280173129e+01,1.704012624190437464e+01,0.000000000000000000e+00
1.446555367460263319e+01,1.723937556057206066e+01,0.000000000000000000e+00
1.411587081140066147e+01,1.743164872701480661e+01,0.000000000000000000e+00
1.376320572713568957e+01,1.761610000259918252e+01,0.000000000000000000e+00
1.340836233594381888e+01,1.779349780432438877e+01,0.000000000000000000e+00
1.305157920666321125e+01,1.796395765364874464e+01,0.000000000000000000e+00
1.269291188108336144e+01,1.812735680272250605e+01,0.000000000000000000e+00
1.233251426030279596e+01,1.828370428595169273e+01,0.000000000000000000e+00
1.197051435726692326e+01,1.843297565759477408e+01,0.000000000000000000e+00
1.160694126107635604e+01,1.857498887665176568e+01,0.000000000000000000e+00
1.124164865074722819e+01,1.870924519723199708e+01,0.000000000000000000e+00
1.087515751894085270e+01,1.883632536312024541e+01,0.000000000000000000e+00
1.050765933642464489e+01,1.895631923903369653e+01,0.000000000000000000e+00
1.013925229501063541e+01,1.906916013005003663e+01,0.000000000000000000e+00
9.770089147507642124e+00,1.917487960062035768e+01,0.000000000000000000e+00
9.400290000113528777e+00,1.927345069919221032e+01,0.000000000000000000e+00
9.030015385928233940e+00,1.936493048743088963e+01,0.000000000000000000e+00
8.659359681775015360e+00,1.944924028373019453e+01,0.000000000000000000e+00
8.288179326055784557e+00,1.952572687366004089e+01,0.000000000000000000e+00
7.916926761908008814e+00,1.959508134785816225e+01,0.000000000000000000e+00
7.545770146381046040e+00,1.965740329303020317e+01,0.000000000000000000e+00
7.174821145059561367e+00,1.971265908467669448e+01,0.000000000000000000e+00
6.804225020992038075e+00,1.976090432011907438e+01,0.000000000000000000e+00
6.434107539885991045e+00,1.980214685192228075e+01,0.000000000000000000e+00
6.064613952228776306e+00,1.983645842574294704e+01,0.000000000000000000e+00
5.695855567768949079e+00,1.986380897706909110e+01,0.000000000000000000e+00
5.327858519747652899e+00,1.988383869123695291e+01,0.000000000000000000e+00
4.960794549772200135e+00,1.989666019541487785e+01,0.000000000000000000e+00
4.594886900501604643e+00,1.990264175458700890e+01,0.000000000000000000e+00
4.230276489749222435e+00,1.990188614509300891e+01,0.000000000000000000e+00
3.867084611510191117e+00,1.989442566824173042e+01,0.000000000000000000e+00
3.505435451124837343e+00,1.988031234380768453e+01,0.000000000000000000e+00
3.145458305174465341e+00,1.985964213864247085e+01,0.000000000000000000e+00
2.787247606185966120e+00,1.983229722584349020e+01,0.000000000000000000e+00
2.430845311827096289e+00,1.979764633233779847e+01,0.000000000000000000e+00
2.076492420842229958e+00,1.975650567832391857e+01,0.000000000000000000e+00
1.724323856154232670e+00,1.970911186274201299e+01,0.000000000000000000e+00
1.374439411449496440e+00,1.965539931321083245e+01,0.000000000000000000e+00
1.026962781326394403e+00,1.959561720369841709e+01,0.000000000000000000e+00
6.819894737793217310e-01,1.952962330742692387e+01,0.000000000000000000e+00
3.396144242187139062e-01,1.945649733274247950e+01,0.000000000000000000e+00
1.186519802799605858e-15,1.937733889682653299e+01,0.000000000000000000e+00
-3.367495925513068200e-01,1.929237123643827800e+01,0.000000000000000000e+00
-6.705428985422078325e-01,1.920183627971505302e+01,0.000000000000000000e+00
-1.001341792038107581e+00,1.910673960501384627e+01,0.000000000000000000e+00
-1.329180817415406057e+00,1.900817126468126617e+01,0.000000000000000000e+00
-1.654147051890542786e+00,1.890698731956737433e+01,0.000000000000000000e+00
-1.976325502874733298e+00,1.880348111452492077e+01,0.000000000000000000e+00
-2.295761313109166313e+00,1.869747544990292454e+01,0.000000000000000000e+00
-2.612474992023556819e+00,1.858872545873035520e+01,0.000000000000000000e+00
-2.926539775524259479e+00,1.847744494047305963e+01,0.000000000000000000e+00
-3.238067615004375455e+00,1.836399399566719737e+01,0.000000000000000000e+00
-3.547109142237145463e+00,1.824829458278111005e+01,0.000000000000000000e+00
-3.853646403061670611e+00,1.812998089912727906e+01,0.000000000000000000e+00
-4.157796431071560050e+00,1.800939493137122938e+01,0.000000000000000000e+00
-4.459681336738590574e+00,1.788680487503678052e+01,0.000000000000000000e+00
-4.759330069404157371e+00,1.776206162900662378e+01,0.000000000000000000e+00
-5.056690350191543892e+00,1.763477496528894406e+01,0.000000000000000000e+00
-5.351972652984585466e+00,1.750551376607015186e+01,0.000000000000000000e+00
-5.645248729070569738e+00,1.737428907672002154e+01,0.000000000000000000e+00
-5.936425805340691753e+00,1.724063239838589467e+01,0.000000000000000000e+00
-6.225703279679485114e+00,1.710497918114397464e+01,0.000000000000000000e+00
-6.513146908862148976e+00,1.696732778902102012e+01,0.000000000000000000e+00
-6.798731825997561984e+00,1.682745176242953278e+01,0.000000000000000000e+00
-7.082580189414922955e+00,1.668551329536958505e+01,0.000000000000000000e+00
-7.364752094679862360e+00,1.654150403533907365e+01,0.000000000000000000e+00
-7.645279519063415741e+00,1.639535483786149328e+01,0.000000000000000000e+00
-7.924244422487432438e+00,1.624710878103928735e+01,0.000000000000000000e+00
-8.201688504651983180e+00,1.609672002211081576e+01,0.000000000000000000e+00
-8.477658697149923483e+00,1.594415707590335707e+01,0.000000000000000000e+00
-8.752263041965376189e+00,1.578950049440268621e+01,0.000000000000000000e+00
-9.025498103398767569e+00,1.563262127870321194e+01,0.000000000000000000e+00
-9.297371095975098143e+00,1.547342395483010336e+01,0.000000000000000000e+00
-9.568089833264735944e+00,1.531214453714019363e+01,0.000000000000000000e+00
-9.837614404943090918e+00,1.514859774968950923e+01,0.000000000000000000e+00
-1.010581974191502219e+01,1.498249390418871307e+01,0.000000000000000000e+00
-1.037300636759189665e+01,1.481418836779962511e+01,0.000000000000000000e+00
-1.063922072845252842e+01,1.464363105854421399e+01,0.000000000000000000e+00
-1.090422740208397379e+01,1.447039850770691238e+01,0.000000000000000000e+00
-1.116820364828630296e+01,1.429464880625226897e+01,0.000000000000000000e+00
-1.143132480827312669e+01,1.411651050116508266e+01,0.000000000000000000e+00
-1.169353946419689017e+01,1.393581766659881538e+01,0.000000000000000000e+00
-1.195477223361250552e+01,1.375239229307077338e+01,0.000000000000000000e+00
-1.221503036031219480e+01,1.356616558718126697e+01,0.000000000000000000e+00
-1.247454194746521416e+01,1.337730845635206656e+01,0.000000000000000000e+00
-1.273329616086419236e+01,1.318571416904794624e+01,0.000000000000000000e+00
-1.299106945753210418e+01,1.299106945753210596e+01,0.000000000000000000e+00
-1.324794529004638477e+01,1.279339205585603523e+01,0.000000000000000000e+00
-1.350409310991954115e+01,1.259277054960762499e+01,0.000000000000000000e+00
-1.375961798201924857e+01,1.238921567900342247e+01,0.000000000000000000e+00
-1.401434105440111288e+01,1.218248081782436110e+01,0.000000000000000000e+00
-1.426799645521745141e+01,1.197227056321170657e+01,0.000000000000000000e+00
-1.452080595239436356e+01,1.175871680937197539e+01,0.000000000000000000e+00
-1.477297840094067993e+01,1.154191568534914758e+01,0.000000000000000000e+00
-1.502448238298269878e+01,1.132175955039468818e+01,0.000000000000000000e+00
-1.527516803350068209e+01,1.109805919876626668e+01,0.000000000000000000e+00
-1.552483090360277806e+01,1.087060362813372016e+01,0.000000000000000000e+00
-1.577443203911096248e+01,1.063998875873239314e+01,0.000000000000000000e+00
-1.602609951967985324e+01,1.040747071741907881e+01,0.000000000000000000e+00
-1.628000913828318374e+01,1.017287875931694430e+01,0.000000000000000000e+00
-1.653634912557619785e+01,9.936040972049575259e+00,0.000000000000000000e+00
-1.679531326821907555e+01,9.696778636530373419e+00,0.000000000000000000e+00
-1.705710238654881294e+01,9.454906244420635986e+00,0.000000000000000000e+00
-1.732192516913519853e+01,9.210230986963537703e+00,0.000000000000000000e+00
-1.758999891053272435e+01,8.962552101495701251e+00,0.000000000000000000e+00
-1.786155028694580693e+01,8.711660157251381875e+00,0.000000000000000000e+00
-1.813681619080664120e+01,8.457336284322709119e+00,0.000000000000000000e+00
-1.841604463236064504e+01,8.199351340249259934e+00,0.000000000000000000e+00
-1.869949571663392618e+01,7.937465007530475347e+00,0.000000000000000000e+00
-1.898744270568369430e+01,7.671424814638665879e+00,0.000000000000000000e+00
-1.928017317164067634e+01,7.400965069847559086e+00,0.000000000000000000e+00
-1.957799025236530710e+01,7.125805698614829709e+00,0.000000000000000000e+00
-1.988121402136744109e+01,6.845650973278475604e+00,0.000000000000000000e+00
-2.019018300077436479e+01,6.560188127498397748e+00,0.000000000000000000e+00
-2.050525580950733584e+01,6.269085832124829061e+00,0.000000000000000000e+00
-2.082681295774190033e+01,5.971992515694241277e+00,0.000000000000000000e+00
-2.115525887188776721e+01,5.668534530393676718e+00,0.000000000000000000e+00
-2.149102406312451663e+01,5.358314108713575052e+00,0.000000000000000000e+00
-2.183456759266646330e+01,5.040907124127752326e+00,0.000000000000000000e+00
-2.218637973516718276e+01,4.715860592412592034e+00,0.000000000000000000e+00
-2.254698499889365593e+01,4.382689914208452997e+00,0.000000000000000000e+00
-2.291694543920991833e+01,4.040875796356510286e+00,0.000000000000000000e+00
-2.329686436837297947e+01,3.689860824301388398e+00,0.000000000000000000e+00
-2.368739050432722593e+01,3.329045633399646320e+00,0.000000000000000000e+00
-2.408922261136457621e+01,2.957784620828721955e+00,0.000000000000000000e+00
-2.450311470843771744e+01,2.575381133057502048e+00,0.000000000000000000e+00
-2.492988193004092423e+01,2.181082051918363796e+00,0.000000000000000000e+00
-2.537040713293069061e+01,1.774071688514745393e+00,0.000000000000000000e+00
-2.582564836230609018e+01,1.353464879213171601e+00,0.000000000000000000e+00
-2.629664734374181734e+01,9.182991602965927536e-01,0.000000000000000000e+00
-2.678453905867135987e+01,4.675258683414865724e-01,0.000000000000000000e+00
-2.729055115482325178e+01,3.342128611872139679e-15,0.000000000000000000e+00
-2.728486219972857540e+01,-4.762590412537353046e-01,0.000000000000000000e+00
-2.743945012606913991e+01,-9.582067128327664829e-01,0.000000000000000000e+00
-2.758315094780067867e+01,-1.445571686803139411e+00,0.000000000000000000e+00
-2.771444390894218301e+01,-1.937982707339567012e+00,0.000000000000000000e+00
-2.783494330965476493e+01,-2.435241989481548686e+00,0.000000000000000000e+00
-2.794390761648808663e+01,-2.937023040365692950e+00,0.000000000000000000e+00
-2.804047488157896240e+01,-3.442937395843593151e+00,0.000000000000000000e+00
-2.812613649128401505e+01,-3.952870699438449709e+00,0.000000000000000000e+00
-2.820062569021661147e+01,-4.466540316746694828e+00,0.000000000000000000e+00
-2.826273703282493699e+01,-4.983483087555343971e+00,0.000000000000000000e+00
-2.831283814159870005e+01,-5.503458230530139161e+00,0.000000000000000000e+00
-2.835126367517156254e+01,-6.026247125794667703e+00,0.000000000000000000e+00
-2.837782343833032783e+01,-6.551536765287929498e+00,0.000000000000000000e+00
-2.839227359472408097e+01,-7.078988871549723783e+00,0.000000000000000000e+00
-2.839438083584305872e+01,-7.608251414545894598e+00,0.000000000000000000e+00
-2.838400812412037766e+01,-8.138983358932030399e+00,0.000000000000000000e+00
-2.836131107365112314e+01,-8.670922961608409807e+00,0.000000000000000000e+00
-2.832630998222285612e+01,-9.203776034822986674e+00,0.000000000000000000e+00
-2.827897621659066019e+01,-9.737232386933872164e+00,0.000000000000000000e+00
-2.821928899176462835e+01,-1.027098122515823420e+01,0.000000000000000000e+00
-2.814723538216101062e+01,-1.080471134888795604e+01,0.000000000000000000e+00
-2.806281032814624510e+01,-1.133811134320878544e+01,0.000000000000000000e+00
-2.796601663796956672e+01,-1.187086977251687259e+01,0.000000000000000000e+00
-2.785686498508293596e+01,-1.240267537412587018e+01,0.000000000000000000e+00
-2.773537390614950837e+01,-1.293321725422982738e+01,0.000000000000000000e+00
-2.760157799429811831e+01,-1.346218908366154032e+01,0.000000000000000000e+00
-2.745554398523129436e+01,-1.398929839018903287e+01,0.000000000000000000e+00
-2.729734981019477047e+01,-1.451425835344324078e+01,0.000000000000000000e+00
-2.712707958982355194e+01,-1.503678575611885648e+01,0.000000000000000000e+00
-2.694478668580172709e+01,-1.555657984630467539e+01,0.000000000000000000e+00
-2.675044412227789081e+01,-1.607328841457405844e+01,0.000000000000000000e+00
-2.654402354191410041e+01,-1.658654678770178847e+01,0.000000000000000000e+00
-2.632557868758667041e+01,-1.709603069503733863e+01,0.000000000000000000e+00
-2.609534893163001712e+01,-1.760153510435935686e+01,0.000000000000000000e+00
-2.585359157114660533e+01,-1.810287970791186751e+01,0.000000000000000000e+00
-2.560041299244704405e+01,-1.859978877351375459e+01,0.000000000000000000e+00
-2.533581237939995390e+01,-1.909190403114135037e+01,0.000000000000000000e+00
-2.505983199742136236e+01,-1.957888654225843084e+01,0.000000000000000000e+00
-2.477257576174586973e+01,-2.006043631297545460e+01,0.000000000000000000e+00
-2.447415838643599884e+01,-2.053625727543277790e+01,0.000000000000000000e+00
-2.416470492182576635e+01,-2.100605751178563096e+01,0.000000000000000000e+00
-2.384456316514408414e+01,-2.146974110841103922e+01,0.000000000000000000e+00
-2.351429176273291688e+01,-2.192743180859098828e+01,0.000000000000000000e+00
-2.317348725715512359e+01,-2.237837651736947819e+01,0.000000000000000000e+00
-2.282147483285298506e+01,-2.282147483285297795e+01,0.000000000000000000e+00
-2.245949259057768543e+01,-2.325748540989788538e+01,0.000000000000000000e+00
-2.208809703307661110e+01,-2.368658412226037413e+01,0.000000000000000000e+00
-2.170636691818214459e+01,-2.410736275080747504e+01,0.000000000000000000e+00
-2.131535761575666754e+01,-2.452051398978421659e+01,0.000000000000000000e+00
-2.091539737725913639e+01,-2.492599996488408109e+01,0.000000000000000000e+00
-2.050520746173902253e+01,-2.532182238866281310e+01,0.000000000000000000e+00
-2.008620260315082362e+01,-2.570916694443774730e+01,0.000000000000000000e+00
-1.965915903685867505e+01,-2.608858519727539260e+01,0.000000000000000000e+00
-1.922348737603104141e+01,-2.645886047277495834e+01,0.000000000000000000e+00
-1.877864296741918437e+01,-2.681868152324151211e+01,0.000000000000000000e+00
-1.832584093241429812e+01,-2.716917648157058096e+01,0.000000000000000000e+00
-1.786552030422959803e+01,-2.751048877680121763e+01,0.000000000000000000e+00
-1.739773475368743050e+01,-2.784219565342348091e+01,0.000000000000000000e+00
-1.692262577319747408e+01,-2.816397886182861043e+01,0.000000000000000000e+00
-1.644000027629904892e+01,-2.847491575499630301e+01,0.000000000000000000e+00
-1.595024886484359250e+01,-2.877501066064167645e+01,0.000000000000000000e+00
-1.545393875991440780e+01,-2.906463161961250563e+01,0.000000000000000000e+00
-1.495134738133256747e+01,-2.934367144206020583e+01,0.000000000000000000e+00
-1.444268685282750120e+01,-2.961189633707899560e+01,0.000000000000000000e+00
-1.392821102930220256e+01,-2.986914494265615971e+01,0.000000000000000000e+00
-1.340817110666682588e+01,-3.011524537637369292e+01,0.000000000000000000e+00
-1.288282916429045777e+01,-3.035004356519690916e+01,0.000000000000000000e+00
-1.235245316868883414e+01,-3.057339444526217775e+01,0.000000000000000000e+00
-1.181731735736514644e+01,-3.078516422168815225e+01,0.000000000000000000e+00
-1.127770123524198986e+01,-3.098522948718288816e+01,0.000000000000000000e+00
-1.073388897677468101e+01,-3.117347712611363519e+01,0.000000000000000000e+00
-1.018616878782675705e+01,-3.134980398518280609e+01,0.000000000000000000e+00
-9.634832337003588876e+00,-3.151411657814382039e+01,0.000000000000000000e+00
-9.080174231740942403e+00,-3.166633076836542671e+01,0.000000000000000000e+00
-8.522491544621814796e+00,-3.180637145160479662e+01,0.000000000000000000e+00
-7.962083387463904316e+00,-3.193417224166270785e+01,0.000000000000000000e+00
-7.399250531638196904e+00,-3.204967516557501739e+01,0.000000000000000000e+00
-6.834295072100427859e+00,-3.215283037326382498e+01,0.000000000000000000e+00
-6.267520132193117099e+00,-3.224359586624890284e+01,0.000000000000000000e+00
-5.699229605829719603e+00,-3.232193724936909973e+01,0.000000000000000000e+00
-5.129727933329839118e+00,-3.238782750893211215e+01,0.000000000000000000e+00
-4.559319906895630936e+00,-3.244124682018867389e+01,0.000000000000000000e+00
-3.988310501499897409e+00,-3.248218238654433776e+01,0.000000000000000000e+00
-3.417004726788956059e+00,-3.251062831247143947e+01,0.000000000000000000e+00
-2.845707495477343141e+00,-3.252658551166599210e+01,0.000000000000000000e+00
-2.274723503621117082e+00,-3.253006165158391383e+01,0.000000000000000000e+00
-1.704357118100605861e+00,-3.252107113517989490e+01,0.000000000000000000e+00
-1.134912266592980501e+00,-3.249963512004462274e+01,0.000000000000000000e+00
-5.666923253515165904e-01,-3.246578157583425650e+01,0.000000000000000000e+00
-5.955373871244553969e-15,-3.241954537635350420e+01,0.000000000000000000e+00
5.648628052353812379e-01,-3.236096843857883698e+01,0.000000000000000000e+00
1.127595133986607934e+00,-3.229009985742337818e+01,0.000000000000000000e+00
1.687897149633850402e+00,-3.220699622699027032e+01,0.000000000000000000e+00
2.245470304479837864e+00,-3.211172141372351518e+01,0.000000000000000000e+00
2.800017682270689701e+00,-3.200434855701067960e+01,0.000000000000000000e+00
3.351243686181128556e+00,-3.188495380523974987e+01,0.000000000000000000e+00
3.898856896719671283e+00,-3.175364123998290822e+01,0.000000000000000000e+00
4.442559514882427507e+00,-3.161045346208429763e+01,0.000000000000000000e+00
4.982117866733322131e+00,-3.145585422737714154e+01,0.000000000000000000e+00
5.517469653602477209e+00,-3.129112533676822139e+01,0.000000000000000000e+00
6.048587248761743140e+00,-3.111728382156398354e+01,0.000000000000000000e+00
6.575345177820660858e+00,-3.093456690378901897e+01,0.000000000000000000e+00
7.097594924754552892e+00,-3.074306118201602089e+01,0.000000000000000000e+00
7.615196897947626553e+00,-3.054288652340968468e+01,0.000000000000000000e+00
8.128012541592406492e+00,-3.033415576977996153e+01,0.000000000000000000e+00
8.635910439830533747e+00,-3.011699880358147041e+01,0.000000000000000000e+00
9.138756305955933357e+00,-2.989152499302442223e+01,0.000000000000000000e+00
9.636336488200825556e+00,-2.965759416841689955e+01,0.000000000000000000e+00
1.012839052784167215e+01,-2.941498194430658941e+01,0.000000000000000000e+00
1.061495800304632375e+01,-2.916435742182888191e+01,0.000000000000000000e+00
1.109594803879349811e+01,-2.890593289827156198e+01,0.000000000000000000e+00
1.157124270667158505e+01,-2.863983070097204120e+01,0.000000000000000000e+00
1.204072514997974075e+01,-2.836617083081335622e+01,0.000000000000000000e+00
1.250435416048009074e+01,-2.808523927836050404e+01,0.000000000000000000e+00
1.296193879555638873e+01,-2.779696745029199434e+01,0.000000000000000000e+00
1.341289683970926916e+01,-2.750051391716272065e+01,0.000000000000000000e+00
1.385747734500685979e+01,-2.719683061711009842e+01,0.000000000000000000e+00
1.429572108971548161e+01,-2.688634099463763860e+01,0.000000000000000000e+00
1.472768079245345341e+01,-2.656943947397969907e+01,0.000000000000000000e+00
1.515307949228283846e+01,-2.624590357176387556e+01,0.000000000000000000e+00
1.557115056008881204e+01,-2.591474639374659006e+01,0.000000000000000000e+00
1.598231388832746092e+01,-2.557704876946278461e+01,0.000000000000000000e+00
1.638701214425286778e+01,-2.523378586253910072e+01,0.000000000000000000e+00
1.678477070392025894e+01,-2.488444591106827986e+01,0.000000000000000000e+00
1.717461344446061489e+01,-2.452788995727275179e+01,0.000000000000000000e+00
1.755748078422512037e+01,-2.416579912042750777e+01,0.000000000000000000e+00
1.793330146948378356e+01,-2.379829484963616792e+01,0.000000000000000000e+00
1.830138494968432639e+01,-2.342470452389279245e+01,0.000000000000000000e+00
1.866213227360487537e+01,-2.304581407955567229e+01,0.000000000000000000e+00
1.901527130934413279e+01,-2.266151789706448128e+01,0.000000000000000000e+00
1.936047645582683074e+01,-2.227168046352938191e+01,0.000000000000000000e+00
1.969842063879195493e+01,-2.187731248381203031e+01,0.000000000000000000e+00
2.002874680938932883e+01,-2.147820137939580221e+01,0.000000000000000000e+00
2.035049279181721005e+01,-2.107355218650319983e+01,0.000000000000000000e+00
2.066411389978706836e+01,-2.066411389978707902e+01,0.000000000000000000e+00
2.097007317740524712e+01,-2.025056427430317285e+01,0.000000000000000000e+00
2.126809948967999375e+01,-1.983282362760328965e+01,0.000000000000000000e+00
2.155799232484467609e+01,-1.941090347623193679e+01,0.000000000000000000e+00
2.183970387745205954e+01,-1.898496493850270284e+01,0.000000000000000000e+00
2.211317509537909132e+01,-1.855515706669122622e+01,0.000000000000000000e+00
2.237833673924945899e+01,-1.812161978090545134e+01,0.000000000000000000e+00
2.263514008223432938e+01,-1.768450960021575469e+01,0.000000000000000000e+00
2.288355558704126480e+01,-1.724399599336737055e+01,0.000000000000000000e+00
2.312362723413109578e+01,-1.680029858733922765e+01,0.000000000000000000e+00
2.335545573084102244e+01,-1.635366616105806514e+01,0.000000000000000000e+00
2.357898148750216194e+01,-1.590422383179010701e+01,0.000000000000000000e+00
2.379390409176124166e+01,-1.545194198900306404e+01,0.000000000000000000e+00
2.399997310942884354e+01,-1.499684764273009385e+01,0.000000000000000000e+00
2.419730069924225546e+01,-1.453920507694273212e+01,0.000000000000000000e+00
2.438611650460523705e+01,-1.407933092842342404e+01,0.000000000000000000e+00
2.456653729575765155e+01,-1.361745398589048861e+01,0.000000000000000000e+00
2.473844831201617822e+01,-1.315366629216898886e+01,0.000000000000000000e+00
2.490170721071093496e+01,-1.268805355971615256e+01,0.000000000000000000e+00
2.505622948186612220e+01,-1.222073966489082864e+01,0.000000000000000000e+00
2.520205838525417619e+01,-1.175191282631341316e+01,0.000000000000000000e+00
2.533925822577431930e+01,-1.128176462655500956e+01,0.000000000000000000e+00
2.546789457389037992e+01,-1.081047986849771370e+01,0.000000000000000000e+00
2.558798184335896053e+01,-1.033821573091085000e+01,0.000000000000000000e+00
2.569949483981200444e+01,-9.865111787582099723e+00,0.000000000000000000e+00
2.580240911779781499e+01,-9.391308891237262202e+00,0.000000000000000000e+00
2.589670209407385215e+01,-8.916949624125926732e+00,0.000000000000000000e+00
2.598235764071897336e+01,-8.442179752037146656e+00,0.000000000000000000e+00
2.605938644934686721e+01,-7.967153977553409483e+00,0.000000000000000000e+00
2.612781032710013562e+01,-7.492029051277286911e+00,0.000000000000000000e+00
2.618765395494511239e+01,-7.016960728893236521e+00,0.000000000000000000e+00
2.623894484880061384e+01,-6.542103715863824220e+00,0.000000000000000000e+00
2.628171332627785617e+01,-6.067611615318384999e+00,0.000000000000000000e+00
2.631599247245080164e+01,-5.593636876878341546e+00,0.000000000000000000e+00
2.634181810468144036e+01,-5.120330746437524283e+00,0.000000000000000000e+00
2.635922873652505416e+01,-4.647843216915269693e+00,0.000000000000000000e+00
2.636826554074090012e+01,-4.176322979999010698e+00,0.000000000000000000e+00
2.636897231143370846e+01,-3.705917378893153646e+00,0.000000000000000000e+00
2.636139542535229197e+01,-3.236772362089712196e+00,0.000000000000000000e+00
2.634557213711243762e+01,-2.769031212107914808e+00,0.000000000000000000e+00
2.632150867182356180e+01,-2.302833615683866686e+00,0.000000000000000000e+00
2.628925500433896545e+01,-1.838323790823409798e+00,0.000000000000000000e+00
2.624887693587005444e+01,-1.375645348882803098e+00,0.000000000000000000e+00
2.620044278534675897e+01,-9.149396230888150461e-01,0.000000000000000000e+00
2.614402331697570148e+01,-4.563456244826465946e-01,0.000000000000000000e+00
2.607969166703293951e+01,-6.387682184556357342e-15,0.000000000000000000e+00
