3.184471261239304951e+01,0.000000000000000000e+00,0.000000000000000000e+00
3.164441955162321918e+01,5.523553978893412930e-01,0.000000000000000000e+00
3.143263356009182274e+01,1.097651751070540138e+00,0.000000000000000000e+00
3.120954381938633304e+01,1.635622884010801803e+00,0.000000000000000000e+00
3.097539821543753646e+01,2.166010845886249037e+00,0.000000000000000000e+00
3.073045720485607646e+01,2.688566630393459889e+00,0.000000000000000000e+00
3.047501460726462241e+01,3.203053105006867796e+00,0.000000000000000000e+00
3.020938850361005024e+01,3.709246502561013958e+00,0.000000000000000000e+00
2.993373292571380517e+01,4.206911811138276391e+00,0.000000000000000000e+00
2.964783945327160097e+01,4.695756458638127739e+00,0.000000000000000000e+00
2.935164918102207210e+01,5.175487678903710531e+00,0.000000000000000000e+00
2.904587404039316212e+01,5.645945975146855034e+00,0.000000000000000000e+00
2.873122423907818757e+01,6.107010236828857686e+00,0.000000000000000000e+00
2.840747968259912071e+01,6.558383448757844292e+00,0.000000000000000000e+00
2.807437086510042690e+01,6.999726818874268730e+00,0.000000000000000000e+00
2.773249708485372622e+01,7.430900197985019773e+00,0.000000000000000000e+00
2.738251665396922263e+01,7.851810300989386704e+00,0.000000000000000000e+00
2.702471523700416256e+01,8.262284605635526802e+00,0.000000000000000000e+00
2.665953598924116719e+01,8.662208335334472764e+00,0.000000000000000000e+00
2.628755314455509051e+01,9.051530433489890726e+00,0.000000000000000000e+00
2.590795259880615120e+01,9.429723576745139724e+00,0.000000000000000000e+00
2.552010757209613345e+01,9.796251467162688797e+00,0.000000000000000000e+00
2.512658555854511278e+01,1.015179953134313706e+01,0.000000000000000000e+00
2.472979302192891637e+01,1.049717434788484383e+01,0.000000000000000000e+00
2.433126813031290325e+01,1.083297852154870000e+01,0.000000000000000000e+00
2.393252184214069089e+01,1.115991821395197903e+01,0.000000000000000000e+00
2.353420264245197657e+01,1.147839757463663979e+01,0.000000000000000000e+00
2.313581121864775625e+01,1.178828461059974586e+01,0.000000000000000000e+00
2.273744724782448401e+01,1.208971515357361071e+01,0.000000000000000000e+00
2.233951230514595210e+01,1.238299387578291366e+01,0.000000000000000000e+00
2.194234557299490262e+01,1.266841912322039754e+01,0.000000000000000000e+00
2.154566339869109370e+01,1.294594064709697889e+01,0.000000000000000000e+00
2.114929518866608049e+01,1.321554637788083220e+01,0.000000000000000000e+00
2.075425099470678703e+01,1.347796818708957467e+01,0.000000000000000000e+00
2.036033041726479098e+01,1.373321627217102048e+01,0.000000000000000000e+00
1.996666362122566341e+01,1.398080838047978958e+01,0.000000000000000000e+00
1.957420650351089719e+01,1.422149347675978248e+01,0.000000000000000000e+00
1.918339449903784555e+01,1.445572461946962939e+01,0.000000000000000000e+00
1.879362234047424352e+01,1.468318700460805992e+01,0.000000000000000000e+00
1.840496373739769354e+01,1.490404576607775766e+01,0.000000000000000000e+00
1.801775182354695559e+01,1.511868890978201385e+01,0.000000000000000000e+00
1.763222476122480487e+01,1.532745914312760505e+01,0.000000000000000000e+00
1.724812340389962984e+01,1.553028006941945272e+01,0.000000000000000000e+00
1.686511966732175694e+01,1.572697851929452284e+01,0.000000000000000000e+00
1.648370766251243680e+01,1.591813145688961129e+01,0.000000000000000000e+00
1.610411172946321656e+01,1.610411172946321301e+01,0.000000000000000000e+00
1.572606158020624711e+01,1.628481348284079289e+01,0.000000000000000000e+00
1.534945793181805840e+01,1.646027840192186176e+01,0.000000000000000000e+00
1.497435200406443201e+01,1.663070273717156411e+01,0.000000000000000000e+00
1.460093807001981325e+01,1.679645787154129621e+01,0.000000000000000000e+00
1.422921470919073528e+01,1.695771774947243316e+01,0.000000000000000000e+00
1.385899844230414502e+01,1.711443776882510193e+01,0.000000000000000000e+00
1.349024335990276136e+01,1.726672410475578445e+01,0.000000000000000000e+00
1.312297556962754363e+01,1.741477677392538226e+01,0.000000000000000000e+00
1.275725812828586747e+01,1.755885944255659226e+01,0.000000000000000000e+00
1.239308314215986861e+01,1.769915698686492078e+01,0.000000000000000000e+00
1.203036217135542429e+01,1.783574539232373368e+01,0.000000000000000000e+00
1.166896737326347377e+01,1.796863402198390958e+01,0.000000000000000000e+00
1.130880328631431375e+01,1.809786838122170138e+01,0.000000000000000000e+00
1.094992111525095524e+01,1.822372904546886829e+01,0.000000000000000000e+00
1.059232824226279490e+01,1.834645068604589824e+01,0.000000000000000000e+00
1.023593404708770116e+01,1.846611384075490392e+01,0.000000000000000000e+00
9.880635742078212047e+00,1.858277313457337954e+01,0.000000000000000000e+00
9.526331283224187985e+00,1.869647785537814855e+01,0.000000000000000000e+00
9.172938230747119448e+00,1.880731049307040692e+01,0.000000000000000000e+00
8.820388084921059857e+00,1.891538328969326344e+01,0.000000000000000000e+00
8.468632808425635261e+00,1.902086071241571474e+01,0.000000000000000000e+00
8.117602122975254630e+00,1.912387216622717645e+01,0.000000000000000000e+00
7.767194956352485136e+00,1.922448212438940018e+01,0.000000000000000000e+00
7.417311383381924195e+00,1.932275677427709937e+01,0.000000000000000000e+00
7.067850077768515149e+00,1.941875849275958288e+01,0.000000000000000000e+00
6.718689366804719398e+00,1.951249074279914453e+01,0.000000000000000000e+00
6.369715563857184293e+00,1.960396872737224072e+01,0.000000000000000000e+00
6.020858473290052970e+00,1.969334070288319438e+01,0.000000000000000000e+00
5.672031727096563891e+00,1.978072537100045380e+01,0.000000000000000000e+00
5.323115761897666331e+00,1.986613847797280386e+01,0.000000000000000000e+00
4.973999605968742799e+00,1.994962278303424341e+01,0.000000000000000000e+00
4.624577648756995174e+00,2.003124651434468007e+01,0.000000000000000000e+00
4.274716758481641676e+00,2.011096117144485973e+01,0.000000000000000000e+00
3.924283482518054811e+00,2.018868834979420512e+01,0.000000000000000000e+00
3.573180911021040629e+00,2.026451593887866665e+01,0.000000000000000000e+00
3.221307750572161233e+00,2.033853668940943393e+01,0.000000000000000000e+00
2.868543897654493691e+00,2.041075039670076663e+01,0.000000000000000000e+00
2.514771605842727187e+00,2.048117114521715010e+01,0.000000000000000000e+00
2.159874523442153471e+00,2.054983339141897147e+01,0.000000000000000000e+00
1.803721922697981261e+00,2.061663591607518597e+01,0.000000000000000000e+00
1.446186677461477110e+00,2.068143301927969802e+01,0.000000000000000000e+00
1.087161307219334017e+00,2.074427350466134001e+01,0.000000000000000000e+00
7.265345354095645858e-01,2.080522697477364247e+01,0.000000000000000000e+00
3.641874671616615045e-01,2.086428602009494071e+01,0.000000000000000000e+00
1.281066636836520196e-15,2.092140587357021886e+01,0.000000000000000000e+00
-3.661461642380953174e-01,2.097649970045026180e+01,0.000000000000000000e+00
-7.343618653589603085e-01,2.102937237773356571e+01,0.000000000000000000e+00
-1.104752427369305012e+00,2.107993207273323577e+01,0.000000000000000000e+00
-1.477446865629078676e+00,2.112847453738655545e+01,0.000000000000000000e+00
-1.852485560895643646e+00,2.117400685114737513e+01,0.000000000000000000e+00
-2.229695564832021581e+00,2.121413622577551905e+01,0.000000000000000000e+00
-2.608881426804415149e+00,2.124763412940381713e+01,0.000000000000000000e+00
-2.989900793538412316e+00,2.127424957927575022e+01,0.000000000000000000e+00
-3.372749023355371634e+00,2.129469925482875681e+01,0.000000000000000000e+00
-3.757306522757059231e+00,2.130874417324314862e+01,0.000000000000000000e+00
-4.143298238089229812e+00,2.131542159012465731e+01,0.000000000000000000e+00
-4.530682063348212552e+00,2.131518325170197059e+01,0.000000000000000000e+00
-4.919456968256494811e+00,2.130850917258208099e+01,0.000000000000000000e+00
-5.309482202913269333e+00,2.129516998639243397e+01,0.000000000000000000e+00
-5.700521425878842585e+00,2.127463559101481749e+01,0.000000000000000000e+00
-6.092404000068741610e+00,2.124673770755387281e+01,0.000000000000000000e+00
-6.485308094916597987e+00,2.121248696393436006e+01,0.000000000000000000e+00
-6.879009719043756910e+00,2.117141496436954284e+01,0.000000000000000000e+00
-7.272976917649682349e+00,2.112225867732338713e+01,0.000000000000000000e+00
-7.667461883134722100e+00,2.106617838844166712e+01,0.000000000000000000e+00
-8.062522491288866888e+00,2.100358917590445174e+01,0.000000000000000000e+00
-8.457655627071199333e+00,2.093343225328628421e+01,0.000000000000000000e+00
-8.852785784875699449e+00,2.085585633543030326e+01,0.000000000000000000e+00
-9.247970473762713084e+00,2.077128176805144477e+01,0.000000000000000000e+00
-9.643096117154733804e+00,2.067968635837718949e+01,0.000000000000000000e+00
-1.003782772813680957e+01,2.058059675211007900e+01,0.000000000000000000e+00
-1.043193599332149013e+01,2.047382717325007206e+01,0.000000000000000000e+00
-1.082580679098112597e+01,2.036038134052424553e+01,0.000000000000000000e+00
-1.121910212303387588e+01,2.023979600122013522e+01,0.000000000000000000e+00
-1.161103305772624950e+01,2.011089918434368684e+01,0.000000000000000000e+00
-1.200208225950168206e+01,1.997481924997179092e+01,0.000000000000000000e+00
-1.239241140480368308e+01,1.983200386918945313e+01,0.000000000000000000e+00
-1.278135687555989719e+01,1.968156364268531178e+01,0.000000000000000000e+00
-1.316874080671934344e+01,1.952346112450307913e+01,0.000000000000000000e+00
-1.355467276357144613e+01,1.935807888933618415e+01,0.000000000000000000e+00
-1.393931844037982160e+01,1.918582588502922803e+01,0.000000000000000000e+00
-1.432219835419910403e+01,1.900619916016027489e+01,0.000000000000000000e+00
-1.470262062811382897e+01,1.881849624426364542e+01,0.000000000000000000e+00
-1.508099922870808918e+01,1.862348306523893271e+01,0.000000000000000000e+00
-1.545757971519089580e+01,1.842162615839012929e+01,0.000000000000000000e+00
-1.583196691521216870e+01,1.821259456342834682e+01,0.000000000000000000e+00
-1.620371602858066495e+01,1.799604980808007682e+01,0.000000000000000000e+00
-1.657253534737384726e+01,1.777186835230175177e+01,0.000000000000000000e+00
-1.693863789406564635e+01,1.754047301362662736e+01,0.000000000000000000e+00
-1.730215180229314242e+01,1.730215180229314598e+01,0.000000000000000000e+00
-1.766291814778396230e+01,1.705688178565112167e+01,0.000000000000000000e+00
-1.802045812340795194e+01,1.680434905918989585e+01,0.000000000000000000e+00
-1.837425581916129858e+01,1.654425425053596044e+01,0.000000000000000000e+00
-1.872447484715921107e+01,1.627693765720902164e+01,0.000000000000000000e+00
-1.907129793803461837e+01,1.600271906587687454e+01,0.000000000000000000e+00
-1.941451880968948629e+01,1.572156734425068159e+01,0.000000000000000000e+00
-1.975393450734079437e+01,1.543346509754042017e+01,0.000000000000000000e+00
-2.008940991899696016e+01,1.513845620863540198e+01,0.000000000000000000e+00
-2.042079665210646766e+01,1.483657722350484676e+01,0.000000000000000000e+00
-2.074793340106747763e+01,1.452785936970046343e+01,0.000000000000000000e+00
-2.107066692800538021e+01,1.421234429848968084e+01,0.000000000000000000e+00
-2.138884901771150382e+01,1.389008096185697561e+01,0.000000000000000000e+00
-2.170233445846659137e+01,1.356112366798148550e+01,0.000000000000000000e+00
-2.201098092630457259e+01,1.322553162478319599e+01,0.000000000000000000e+00
-2.231465511472882568e+01,1.288337213736234510e+01,0.000000000000000000e+00
-2.261322831096644137e+01,1.253471713533671483e+01,0.000000000000000000e+00
-2.290657642600563193e+01,1.217964273278168008e+01,0.000000000000000000e+00
-2.319458101497771807e+01,1.181822931749147010e+01,0.000000000000000000e+00
-2.347715199470005842e+01,1.145057211452923340e+01,0.000000000000000000e+00
-2.375421364501975674e+01,1.107677173612267829e+01,0.000000000000000000e+00
-2.402565281083668225e+01,1.069690981464816026e+01,0.000000000000000000e+00
-2.429132249274773869e+01,1.031105465059733461e+01,0.000000000000000000e+00
-2.455104630728247272e+01,9.919266579835509745e+00,0.000000000000000000e+00
-2.480459497154598836e+01,9.521591913196827406e+00,0.000000000000000000e+00
-2.505175722945580929e+01,9.118093947585064640e+00,0.000000000000000000e+00
-2.529247484758407793e+01,8.708897498457513819e+00,0.000000000000000000e+00
-2.552674983304508416e+01,8.294143801566404406e+00,0.000000000000000000e+00
-2.575452327946585385e+01,7.873947952874023493e+00,0.000000000000000000e+00
-2.597562667878073484e+01,7.448391092333766395e+00,0.000000000000000000e+00
-2.618988473951250384e+01,7.017558465816566837e+00,0.000000000000000000e+00
-2.639720226156119409e+01,6.581561720522545400e+00,0.000000000000000000e+00
-2.659755985518850707e+01,6.140530532121270646e+00,0.000000000000000000e+00
-2.679093801596870605e+01,5.694589668588990961e+00,0.000000000000000000e+00
-2.697717904675107903e+01,5.243832402771061219e+00,0.000000000000000000e+00
-2.715598253985562849e+01,4.788332409424532976e+00,0.000000000000000000e+00
-2.732704094014311735e+01,4.328178085030260469e+00,0.000000000000000000e+00
-2.749016885817598776e+01,3.863491277437737015e+00,0.000000000000000000e+00
-2.764558046938169511e+01,3.394450458838948581e+00,0.000000000000000000e+00
-2.779357572805280441e+01,2.921222522195664251e+00,0.000000000000000000e+00
-2.793445923812720011e+01,2.443948505063150645e+00,0.000000000000000000e+00
-2.806648394182441208e+01,1.962599744515517219e+00,0.000000000000000000e+00
-2.819103876381866058e+01,1.477429737293866285e+00,0.000000000000000000e+00
-2.831647330043972843e+01,9.888330369438896872e-01,0.000000000000000000e+00
-2.844287417756894598e+01,4.964722155145871452e-01,0.000000000000000000e+00
-2.857033044528909826e+01,3.498856373040546902e-15,0.000000000000000000e+00
-2.856597887153694515e+01,-4.986210159407725717e-01,0.000000000000000000e+00
-2.864830282437567988e+01,-1.000420779259806325e+00,0.000000000000000000e+00
-2.872207109791383672e+01,-1.505259962651277705e+00,0.000000000000000000e+00
-2.878719002865482324e+01,-2.012996423515843514e+00,0.000000000000000000e+00
-2.884321655458954226e+01,-2.523454468149838981e+00,0.000000000000000000e+00
-2.889041642045777891e+01,-3.036505124379157650e+00,0.000000000000000000e+00
-2.892865302759924617e+01,-3.551991959506249685e+00,0.000000000000000000e+00
-2.895813014675965746e+01,-4.069799782246090736e+00,0.000000000000000000e+00
-2.897791028129883983e+01,-4.589650101678138583e+00,0.000000000000000000e+00
-2.898819667132997679e+01,-5.111401195238792994e+00,0.000000000000000000e+00
-2.899076008375409330e+01,-5.635232907217547549e+00,0.000000000000000000e+00
-2.898313891030492684e+01,-6.160556353179052813e+00,0.000000000000000000e+00
-2.896609667171591340e+01,-6.687350342567246031e+00,0.000000000000000000e+00
-2.893959495334189214e+01,-7.215451412807317944e+00,0.000000000000000000e+00
-2.890355641822776533e+01,-7.744684600651524420e+00,0.000000000000000000e+00
-2.885794995320621936e+01,-8.274883991540486150e+00,0.000000000000000000e+00
-2.880274713034555134e+01,-8.805883508042022356e+00,0.000000000000000000e+00
-2.873792218804612020e+01,-9.337516947704838088e+00,0.000000000000000000e+00
-2.866345201176140733e+01,-9.869618019852662627e+00,0.000000000000000000e+00
-2.857931611438292308e+01,-1.040202038131980267e+01,0.000000000000000000e+00
-2.848549661632698005e+01,-1.093455767113096400e+01,0.000000000000000000e+00
-2.838197822536234938e+01,-1.146706354412875051e+01,0.000000000000000000e+00
-2.826874821621631284e+01,-1.199937170355400262e+01,0.000000000000000000e+00
-2.814579082617122197e+01,-1.253131344650527090e+01,0.000000000000000000e+00
-2.801304651057844808e+01,-1.306269811613488585e+01,0.000000000000000000e+00
-2.787043693705479797e+01,-1.359332035177133591e+01,0.000000000000000000e+00
-2.771788877890774216e+01,-1.412296973910954812e+01,0.000000000000000000e+00
-2.755533409890739804e+01,-1.465143103297221927e+01,0.000000000000000000e+00
-2.738273974186957460e+01,-1.517850049249376099e+01,0.000000000000000000e+00
-2.720017303061409919e+01,-1.570402722122945427e+01,0.000000000000000000e+00
-2.700772173080924787e+01,-1.622787639769813595e+01,0.000000000000000000e+00
-2.680547155255681346e+01,-1.674991763667008371e+01,0.000000000000000000e+00
-2.659345974769299303e+01,-1.726999468954418404e+01,0.000000000000000000e+00
-2.637167394944400556e+01,-1.778791868229152584e+01,0.000000000000000000e+00
-2.614010199040954063e+01,-1.830349646325540292e+01,0.000000000000000000e+00
-2.589869818885834363e+01,-1.881650565418099674e+01,0.000000000000000000e+00
-2.564737976607307601e+01,-1.932668689724882327e+01,0.000000000000000000e+00
-2.538609309743076636e+01,-1.983378965018404472e+01,0.000000000000000000e+00
-2.511497423361307213e+01,-2.033770512848388279e+01,0.000000000000000000e+00
-2.483424077858134993e+01,-2.083840227787537458e+01,0.000000000000000000e+00
-2.454396668886463573e+01,-2.133574473603326283e+01,0.000000000000000000e+00
-2.424403266808479529e+01,-2.182942506443249897e+01,0.000000000000000000e+00
-2.393435609131692487e+01,-2.231914813214386584e+01,0.000000000000000000e+00
-2.361496712402279741e+01,-2.280470866910691186e+01,0.000000000000000000e+00
-2.328592167314406680e+01,-2.328592167314405970e+01,0.000000000000000000e+00
-2.294729383177446636e+01,-2.376261838226182022e+01,0.000000000000000000e+00
-2.259916191506530225e+01,-2.423463411049750249e+01,0.000000000000000000e+00
-2.224160461689256607e+01,-2.470180443740364495e+01,0.000000000000000000e+00
-2.187477986475803959e+01,-2.516405567133191568e+01,0.000000000000000000e+00
-2.149895630977257355e+01,-2.562145841919741684e+01,0.000000000000000000e+00
-2.111403547523512003e+01,-2.607366237134802489e+01,0.000000000000000000e+00
-2.071968561436904821e+01,-2.651998822378298826e+01,0.000000000000000000e+00
-2.031609932743430136e+01,-2.696037440799758755e+01,0.000000000000000000e+00
-1.990361549942476671e+01,-2.739497652541806971e+01,0.000000000000000000e+00
-1.948244720972527944e+01,-2.782381814902760553e+01,0.000000000000000000e+00
-1.905243777862156307e+01,-2.824640060560192367e+01,0.000000000000000000e+00
-1.861344121498081350e+01,-2.866218598297130171e+01,0.000000000000000000e+00
-1.816580083447502147e+01,-2.907135832309310430e+01,0.000000000000000000e+00
-1.770990478647232180e+01,-2.947423117050709962e+01,0.000000000000000000e+00
-1.724565500406349372e+01,-2.987035067684239209e+01,0.000000000000000000e+00
-1.677248643077908952e+01,-3.025836649576745074e+01,0.000000000000000000e+00
-1.629119349933031557e+01,-3.063927876626865299e+01,0.000000000000000000e+00
-1.580223076929266490e+01,-3.101362411823050635e+01,0.000000000000000000e+00
-1.530522069366767468e+01,-3.138035278444574416e+01,0.000000000000000000e+00
-1.479971809309505382e+01,-3.173809787223289547e+01,0.000000000000000000e+00
-1.428653365691761046e+01,-3.208807996505724702e+01,0.000000000000000000e+00
-1.376591826581727673e+01,-3.243047111426204054e+01,0.000000000000000000e+00
-1.323788758105598617e+01,-3.276492151887449467e+01,0.000000000000000000e+00
-1.270247987640050980e+01,-3.309109142050399299e+01,0.000000000000000000e+00
-1.215947792178781306e+01,-3.340789102246905884e+01,0.000000000000000000e+00
-1.160924817119029662e+01,-3.371570482040901595e+01,0.000000000000000000e+00
-1.105207686553725210e+01,-3.401479502065946292e+01,0.000000000000000000e+00
-1.048809819886693617e+01,-3.430502345668266884e+01,0.000000000000000000e+00
-9.917427935167435038e+00,-3.458618142685427443e+01,0.000000000000000000e+00
-9.340199153673143684e+00,-3.485809779432002387e+01,0.000000000000000000e+00
-8.756547999307860763e+00,-3.512059575921540500e+01,0.000000000000000000e+00
-8.166617990851170461e+00,-3.537350880186674829e+01,0.000000000000000000e+00
-7.570557381238762318e+00,-3.561667220131015910e+01,0.000000000000000000e+00
-6.968521382546521536e+00,-3.584993466395472694e+01,0.000000000000000000e+00
-6.360667383524607921e+00,-3.607313729281846548e+01,0.000000000000000000e+00
-5.747130638344884801e+00,-3.628595477288532578e+01,0.000000000000000000e+00
-5.128101854062981246e+00,-3.648834066570196200e+01,0.000000000000000000e+00
-4.503780873747746938e+00,-3.668035167148784836e+01,0.000000000000000000e+00
-3.874337974400005269e+00,-3.686186350727619043e+01,0.000000000000000000e+00
-3.239945889268283974e+00,-3.703275097245306569e+01,0.000000000000000000e+00
-2.600780710497224479e+00,-3.719289694771477883e+01,0.000000000000000000e+00
-1.957021079028411714e+00,-3.734218670970613374e+01,0.000000000000000000e+00
-1.308848423250431159e+00,-3.748051495714429393e+01,0.000000000000000000e+00
-6.564428377744464527e-01,-3.760758498888490209e+01,0.000000000000000000e+00
-6.929479398571802091e-15,-3.772232888370413662e+01,0.000000000000000000e+00
6.601825760691222289e-01,-3.782183445229676266e+01,0.000000000000000000e+00
1.323698710244204602e+00,-3.790577153682142608e+01,0.000000000000000000e+00
1.990135131966497717e+00,-3.797404048010267985e+01,0.000000000000000000e+00
2.659078522692033264e+00,-3.802659450340941305e+01,0.000000000000000000e+00
3.330114676678629149e+00,-3.806338492863004319e+01,0.000000000000000000e+00
4.002829186385895355e+00,-3.808437572727486042e+01,0.000000000000000000e+00
4.676807236489699982e+00,-3.808953831083055519e+01,0.000000000000000000e+00
5.351633745735213665e+00,-3.807885271969392704e+01,0.000000000000000000e+00
6.026893351896784878e+00,-3.805230702932331610e+01,0.000000000000000000e+00
6.702170420316466704e+00,-3.800989725672044983e+01,0.000000000000000000e+00
7.377049103749197201e+00,-3.795162759270304775e+01,0.000000000000000000e+00
8.051113154939928407e+00,-3.787750936354843390e+01,0.000000000000000000e+00
8.723946665029734149e+00,-3.778756450811802381e+01,0.000000000000000000e+00
9.395132063244437504e+00,-3.768181654731211694e+01,0.000000000000000000e+00
1.006421550149807409e+01,-3.756016358991316650e+01,0.000000000000000000e+00
1.073058677604070965e+01,-3.742200331365259558e+01,0.000000000000000000e+00
1.139405405545572592e+01,-3.726827154243720486e+01,0.000000000000000000e+00
1.205419948125667240e+01,-3.709901129729016844e+01,0.000000000000000000e+00
1.271062075737508046e+01,-3.691432306558085941e+01,0.000000000000000000e+00
1.336291027349248495e+01,-3.671429423461876240e+01,0.000000000000000000e+00
1.401066540601134491e+01,-3.649903123828388374e+01,0.000000000000000000e+00
1.465348546730669987e+01,-3.626864923685756992e+01,0.000000000000000000e+00
1.529097348566457981e+01,-3.602327606195120779e+01,0.000000000000000000e+00
1.592273654446092479e+01,-3.576305182004782779e+01,0.000000000000000000e+00
1.654838670870390871e+01,-3.548812982008391259e+01,0.000000000000000000e+00
1.716754179019376636e+01,-3.519867688290738528e+01,0.000000000000000000e+00
1.777982670012726985e+01,-3.489487466773076818e+01,0.000000000000000000e+00
1.838487319895208927e+01,-3.457691758730570797e+01,0.000000000000000000e+00
1.898232569062374253e+01,-3.424502205200082727e+01,0.000000000000000000e+00
1.957182733607147540e+01,-3.389939934304122460e+01,0.000000000000000000e+00
2.015306537555433053e+01,-3.354033321100371268e+01,0.000000000000000000e+00
2.072567043291770261e+01,-3.316800603132340086e+01,0.000000000000000000e+00
2.128880366298273685e+01,-3.278188288215471147e+01,0.000000000000000000e+00
2.184231449764082100e+01,-3.238256293618223225e+01,0.000000000000000000e+00
2.238614040723828325e+01,-3.197072180124646579e+01,0.000000000000000000e+00
2.292005939561246564e+01,-3.154675536824647253e+01,0.000000000000000000e+00
2.344373786861604714e+01,-3.111089093797326299e+01,0.000000000000000000e+00
2.395715904965787146e+01,-3.066376525672826148e+01,0.000000000000000000e+00
2.445976549517927268e+01,-3.020529485951104576e+01,0.000000000000000000e+00
2.494992784140797681e+01,-2.973416613996426605e+01,0.000000000000000000e+00
2.542843545545062156e+01,-2.925206879300899843e+01,0.000000000000000000e+00
2.589595719099146365e+01,-2.876037413979618051e+01,0.000000000000000000e+00
2.635154968582453705e+01,-2.825857734373897046e+01,0.000000000000000000e+00
2.679374442640104448e+01,-2.774573457349539751e+01,0.000000000000000000e+00
2.722355098045354893e+01,-2.722355098045355959e+01,0.000000000000000000e+00
2.764069764374403704e+01,-2.669231144239997633e+01,0.000000000000000000e+00
2.804446831734308887e+01,-2.615188978863210068e+01,0.000000000000000000e+00
2.843524928832665211e+01,-2.560321345982658769e+01,0.000000000000000000e+00
2.881233473761525232e+01,-2.504618047293071825e+01,0.000000000000000000e+00
2.917482368895994327e+01,-2.448058379706847631e+01,0.000000000000000000e+00
2.952331130676315141e+01,-2.390750610326244896e+01,0.000000000000000000e+00
2.985803572733821909e+01,-2.332765414949338378e+01,0.000000000000000000e+00
3.017840271464107715e+01,-2.274105759125093940e+01,0.000000000000000000e+00
3.048404601016276416e+01,-2.214795585205540362e+01,0.000000000000000000e+00
3.077484961722765888e+01,-2.154878168925302617e+01,0.000000000000000000e+00
3.105078780948102235e+01,-2.094402083216193233e+01,0.000000000000000000e+00
3.131190188673243213e+01,-2.033418684269949850e+01,0.000000000000000000e+00
3.155802428505893786e+01,-1.971964218254360546e+01,0.000000000000000000e+00
3.178868521393211211e+01,-1.910056907571552287e+01,0.000000000000000000e+00
3.200352340286751485e+01,-1.847724285166207281e+01,0.000000000000000000e+00
3.220297358554142875e+01,-1.785039974216003600e+01,0.000000000000000000e+00
3.238779297462952655e+01,-1.722089499530990153e+01,0.000000000000000000e+00
3.255868912930848325e+01,-1.658948071356028464e+01,0.000000000000000000e+00
3.271582504141632342e+01,-1.595657403451783374e+01,0.000000000000000000e+00
3.285915068861751820e+01,-1.532247360657143531e+01,0.000000000000000000e+00
3.298862168977461096e+01,-1.468748066507900596e+01,0.000000000000000000e+00
3.310420463741168362e+01,-1.405190117923047488e+01,0.000000000000000000e+00
3.320589869262293092e+01,-1.341605392424502163e+01,0.000000000000000000e+00
3.329371928646507683e+01,-1.278026142663895115e+01,0.000000000000000000e+00
3.336768944381546476e+01,-1.214484574378739801e+01,0.000000000000000000e+00
3.342783976620381026e+01,-1.151012828412631883e+01,0.000000000000000000e+00
3.347420841798405178e+01,-1.087642963080838143e+01,0.000000000000000000e+00
3.350684110848143860e+01,-1.024406936562310122e+01,0.000000000000000000e+00
3.352579107012005721e+01,-9.613365893270765739e+00,0.000000000000000000e+00
3.353111903253710580e+01,-8.984636266080162414e+00,0.000000000000000000e+00
3.352289319269321055e+01,-8.358196009259462045e+00,0.000000000000000000e+00
3.350117383475331678e+01,-7.734355403812555707e+00,0.000000000000000000e+00
3.346598539401520611e+01,-7.113414788251071208e+00,0.000000000000000000e+00
3.341741812674687395e+01,-6.495688066061449994e+00,0.000000000000000000e+00
3.335558848429553080e+01,-5.881490207189877140e+00,0.000000000000000000e+00
3.328062053818567989e+01,-5.271132457593815879e+00,0.000000000000000000e+00
3.319264586785864424e+01,-4.664922156249753371e+00,0.000000000000000000e+00
3.309180344411128516e+01,-4.063162555370420925e+00,0.000000000000000000e+00
3.297823950832131601e+01,-3.466152643930428212e+00,0.000000000000000000e+00
3.285210744754868983e+01,-2.874186974596094402e+00,0.000000000000000000e+00
3.271356668227137732e+01,-2.287555425392689745e+00,0.000000000000000000e+00
3.256276611951935962e+01,-1.706542259637080283e+00,0.000000000000000000e+00
3.239984645034203936e+01,-1.131427569460410343e+00,0.000000000000000000e+00
3.222495446492365545e+01,-5.624886724940990623e-01,0.000000000000000000e+00
3.203824309446593332e+01,-7.847106371188500687e-15,0.000000000000000000e+00
