2.920840796320102228e+01,0.000000000000000000e+00,0.000000000000000000e+00
2.854907157202973167e+01,4.983258979301097846e-01,0.000000000000000000e+00
2.789138465593109473e+01,9.739886143754392656e-01,0.000000000000000000e+00
2.724175694444230089e+01,1.427679985226587123e+00,0.000000000000000000e+00
2.660774016315361479e+01,1.860594442630632006e+00,0.000000000000000000e+00
2.599684909840522451e+01,2.274429583504594898e+00,0.000000000000000000e+00
2.541323590058985360e+01,2.671038724957730981e+00,0.000000000000000000e+00
2.485374778781995531e+01,3.051656508919009525e+00,0.000000000000000000e+00
2.431564080969892672e+01,3.417340455718619996e+00,0.000000000000000000e+00
2.379779990240437471e+01,3.769201218497621131e+00,0.000000000000000000e+00
2.329898614441053084e+01,4.108239880412267730e+00,0.000000000000000000e+00
2.281777660373168715e+01,4.435326470068766014e+00,0.000000000000000000e+00
2.235292690837368568e+01,4.751261286905227976e+00,0.000000000000000000e+00
2.190337935523858093e+01,5.056793571280934430e+00,0.000000000000000000e+00
2.146813206892004899e+01,5.352606493517476416e+00,0.000000000000000000e+00
2.104627711254902778e+01,5.639332955989131868e+00,0.000000000000000000e+00
2.063692988568034892e+01,5.917544420946883932e+00,0.000000000000000000e+00
2.023932361227379673e+01,6.187782200242825326e+00,0.000000000000000000e+00
1.985272233501190442e+01,6.450540510488302459e+00,0.000000000000000000e+00
1.947644142555229863e+01,6.706276591436388657e+00,0.000000000000000000e+00
1.910987200931530339e+01,6.955424592027633857e+00,0.000000000000000000e+00
1.875240921428219210e+01,7.198375467629673174e+00,0.000000000000000000e+00
1.840351221463862430e+01,7.435501582191650805e+00,0.000000000000000000e+00
1.806268437355980794e+01,7.667154629718898384e+00,0.000000000000000000e+00
1.772943027993427734e+01,7.893650934804490760e+00,0.000000000000000000e+00
1.740330971414567784e+01,8.115296596949409746e+00,0.000000000000000000e+00
1.708391491508481508e+01,8.332382044373245478e+00,0.000000000000000000e+00
1.677083681618505651e+01,8.545168167164405304e+00,0.000000000000000000e+00
1.646370428552612708e+01,8.753906848699747556e+00,0.000000000000000000e+00
1.616218095081944384e+01,8.958843192256736643e+00,0.000000000000000000e+00
1.586592880076301704e+01,9.160198264063961204e+00,0.000000000000000000e+00
1.557462479190145288e+01,9.358178693583894869e+00,0.000000000000000000e+00
1.528798576740935466e+01,9.552993758480106123e+00,0.000000000000000000e+00
1.500573216919867292e+01,9.744836412165769346e+00,0.000000000000000000e+00
1.472758426484731586e+01,9.933881019154023662e+00,0.000000000000000000e+00
1.445328896426627630e+01,1.012030188470245484e+01,0.000000000000000000e+00
1.418261253005814204e+01,1.030427116130894838e+01,0.000000000000000000e+00
1.391531951522952859e+01,1.048594537917566072e+01,0.000000000000000000e+00
1.365117702424287316e+01,1.066546839393969925e+01,0.000000000000000000e+00
1.338997740491775623e+01,1.084298990734431456e+01,0.000000000000000000e+00
1.313152125403412640e+01,1.101865464105664749e+01,0.000000000000000000e+00
1.287560706663655807e+01,1.119259446436004879e+01,0.000000000000000000e+00
1.262203594643595750e+01,1.136493221344364990e+01,0.000000000000000000e+00
1.237062918131076472e+01,1.153579833658707976e+01,0.000000000000000000e+00
1.212121262065892857e+01,1.170531896482016165e+01,0.000000000000000000e+00
1.187360978495583375e+01,1.187360978495583197e+01,0.000000000000000000e+00
1.162764489741987717e+01,1.204077876927051882e+01,0.000000000000000000e+00
1.138315744779279370e+01,1.220694186829741668e+01,0.000000000000000000e+00
1.113999104103534066e+01,1.237221346525893750e+01,0.000000000000000000e+00
1.089798649683249110e+01,1.253669936827726339e+01,0.000000000000000000e+00
1.065698316577450733e+01,1.270049797402778324e+01,0.000000000000000000e+00
1.041683055713227368e+01,1.286371443511008117e+01,0.000000000000000000e+00
1.017738337910500235e+01,1.302645669370636838e+01,0.000000000000000000e+00
9.938492996280317016e+00,1.318882566542450618e+01,0.000000000000000000e+00
9.700007703742272724e+00,1.335091523186196660e+01,0.000000000000000000e+00
9.461780496440615806e+00,1.351282295622308105e+01,0.000000000000000000e+00
9.223670870035489244e+00,1.367465441832256801e+01,0.000000000000000000e+00
8.985534628091256693e+00,1.383650995494042313e+01,0.000000000000000000e+00
8.747223331402951274e+00,1.399848353047763183e+01,0.000000000000000000e+00
8.508588325483794179e+00,1.416066897386983037e+01,0.000000000000000000e+00
8.269487496721037445e+00,1.432317249687640270e+01,0.000000000000000000e+00
8.029775228089416572e+00,1.448609797556879641e+01,0.000000000000000000e+00
7.789300427473539123e+00,1.464954346048297928e+01,0.000000000000000000e+00
7.547908301856146807e+00,1.481360412781241465e+01,0.000000000000000000e+00
7.305448571099010913e+00,1.497838926978428020e+01,0.000000000000000000e+00
7.061768093237754229e+00,1.514401054698195281e+01,0.000000000000000000e+00
6.816706737431717400e+00,1.531057400919226907e+01,0.000000000000000000e+00
6.570098239168155274e+00,1.547818148043877429e+01,0.000000000000000000e+00
6.321777775159041823e+00,1.564694906151546583e+01,0.000000000000000000e+00
6.071577681779801949e+00,1.581700062424349795e+01,0.000000000000000000e+00
5.819321517114891762e+00,1.598845446481957389e+01,0.000000000000000000e+00
5.564824567719750981e+00,1.616142404192935444e+01,0.000000000000000000e+00
5.307900684746541309e+00,1.633603855440568253e+01,0.000000000000000000e+00
5.048359257678455947e+00,1.651243909702623114e+01,0.000000000000000000e+00
4.785998657121551147e+00,1.669076084504889224e+01,0.000000000000000000e+00
4.520606809868938925e+00,1.687113429547274279e+01,0.000000000000000000e+00
4.251967770627770093e+00,1.705371126444277152e+01,0.000000000000000000e+00
3.979857317901043690e+00,1.723865595558162767e+01,0.000000000000000000e+00
3.704037279135320659e+00,1.742612531005066856e+01,0.000000000000000000e+00
3.424257000646948601e+00,1.761627510439269884e+01,0.000000000000000000e+00
3.140258852139410362e+00,1.780929293703180605e+01,0.000000000000000000e+00
2.851770742240080647e+00,1.800537184332427287e+01,0.000000000000000000e+00
2.558503127342636407e+00,1.820469568691910567e+01,0.000000000000000000e+00
2.260152513103373284e+00,1.840746504677125728e+01,0.000000000000000000e+00
1.956401174302239365e+00,1.861391379098055054e+01,0.000000000000000000e+00
1.646910079193620646e+00,1.882426834312791541e+01,0.000000000000000000e+00
1.331319494458306885e+00,1.903875577130271068e+01,0.000000000000000000e+00
1.009250722088365082e+00,1.925765098035644485e+01,0.000000000000000000e+00
6.802996272782315668e-01,1.948123243501246193e+01,0.000000000000000000e+00
3.440353566294945264e-01,1.970977238092827832e+01,0.000000000000000000e+00
1.221193081829433192e-15,1.994359651582277593e+01,0.000000000000000000e+00
-3.522963560300039210e-01,2.018304471961533153e+01,0.000000000000000000e+00
-7.133772220939994524e-01,2.042845081814651564e+01,0.000000000000000000e+00
-1.083804094163963061e+00,2.068021406346203150e+01,0.000000000000000000e+00
-1.464179701946067391e+00,2.093874525738264580e+01,0.000000000000000000e+00
-1.855150289714391665e+00,2.120446484091834094e+01,0.000000000000000000e+00
-2.257415300444391093e+00,2.147787189296629506e+01,0.000000000000000000e+00
-2.671725794828027301e+00,2.175946043363525106e+01,0.000000000000000000e+00
-3.098895528505916097e+00,2.204978741636282180e+01,0.000000000000000000e+00
-3.539806989885630806e+00,2.234946174404771213e+01,0.000000000000000000e+00
-3.995412978679258487e+00,2.265911298784832084e+01,0.000000000000000000e+00
-4.466756662440518610e+00,2.297947092612051279e+01,0.000000000000000000e+00
-4.954965213675887270e+00,2.331127853567792485e+01,0.000000000000000000e+00
-5.461280935532339953e+00,2.365540661494632957e+01,0.000000000000000000e+00
-5.987051628018407179e+00,2.401275251775096109e+01,0.000000000000000000e+00
-6.533760607684297561e+00,2.438432655236989532e+01,0.000000000000000000e+00
-7.103030347779800024e+00,2.477121062988759803e+01,0.000000000000000000e+00
-7.696690186954992186e+00,2.517473925166293469e+01,0.000000000000000000e+00
-8.316700830392715460e+00,2.559617322931143235e+01,0.000000000000000000e+00
-8.965140547107022684e+00,2.603665869680079936e+01,0.000000000000000000e+00
-9.644783875771452131e+00,2.649882591420210431e+01,0.000000000000000000e+00
-1.035827354226553609e+01,2.698422513406307743e+01,0.000000000000000000e+00
-1.110547009347256342e+01,2.748700302936178375e+01,0.000000000000000000e+00
-1.188276740223736994e+01,2.799404569709427193e+01,0.000000000000000000e+00
-1.268612929012485857e+01,2.849351290412381488e+01,0.000000000000000000e+00
-1.351498515270514389e+01,2.898297919056012617e+01,0.000000000000000000e+00
-1.437087350456417489e+01,2.946465715325804169e+01,0.000000000000000000e+00
-1.525441386927360909e+01,2.993847291515986342e+01,0.000000000000000000e+00
-1.616568871057521406e+01,3.040323858852921290e+01,0.000000000000000000e+00
-1.710457733452463813e+01,3.085747434521564614e+01,0.000000000000000000e+00
-1.807156263605502389e+01,3.130086465781066352e+01,0.000000000000000000e+00
-1.906382421421823992e+01,3.172753149486040769e+01,0.000000000000000000e+00
-2.007204392248822700e+01,3.212198495758648420e+01,0.000000000000000000e+00
-2.109021468967172908e+01,3.247608267995313724e+01,0.000000000000000000e+00
-2.211652792176235849e+01,3.278910105582707502e+01,0.000000000000000000e+00
-2.314961847803771278e+01,3.306108148624997511e+01,0.000000000000000000e+00
-2.418813040486812582e+01,3.329210537925958135e+01,0.000000000000000000e+00
-2.523071457453525213e+01,3.348228912191959949e+01,0.000000000000000000e+00
-2.627602771591917730e+01,3.363178180226417169e+01,0.000000000000000000e+00
-2.732273197290016498e+01,3.374076402210376102e+01,0.000000000000000000e+00
-2.836949516489623946e+01,3.380944778284916197e+01,0.000000000000000000e+00
-2.941499164347244744e+01,3.383807708532071956e+01,0.000000000000000000e+00
-3.045790372357873466e+01,3.382692905086921797e+01,0.000000000000000000e+00
-3.149692365218380274e+01,3.377631538663826660e+01,0.000000000000000000e+00
-3.253075608569235300e+01,3.368658405726147009e+01,0.000000000000000000e+00
-3.355812105683274638e+01,3.355812105683275348e+01,0.000000000000000000e+00
-3.457775738224586348e+01,3.339135216203725065e+01,0.000000000000000000e+00
-3.558842657987685953e+01,3.318674467763772640e+01,0.000000000000000000e+00
-3.658891690553689813e+01,3.294480875822305421e+01,0.000000000000000000e+00
-3.757804883240405758e+01,3.266609948301939426e+01,0.000000000000000000e+00
-3.855467691144746567e+01,3.235121517655477419e+01,0.000000000000000000e+00
-3.951770592075870780e+01,3.200080728312619271e+01,0.000000000000000000e+00
-4.046605991963877358e+01,3.161555097657335622e+01,0.000000000000000000e+00
-4.139879776013912505e+01,3.119623172153931279e+01,0.000000000000000000e+00
-4.231484025263151949e+01,3.074353100928991722e+01,0.000000000000000000e+00
-4.321187693525539686e+01,3.025728197025610910e+01,0.000000000000000000e+00
-4.408761440455016611e+01,2.973747140313394510e+01,0.000000000000000000e+00
-4.494346772868914286e+01,2.918662920763802049e+01,0.000000000000000000e+00
-4.577894121313448039e+01,2.860585732694654837e+01,0.000000000000000000e+00
-4.659410810315782214e+01,2.799656463790049088e+01,0.000000000000000000e+00
-4.738683447020626716e+01,2.735880163741781956e+01,0.000000000000000000e+00
-4.815165805132831167e+01,2.669089990030989057e+01,0.000000000000000000e+00
-4.889209561316613417e+01,2.599638837121523949e+01,0.000000000000000000e+00
-4.960881906428822674e+01,2.527695583261925094e+01,0.000000000000000000e+00
-5.029933396763890840e+01,2.453262435917527640e+01,0.000000000000000000e+00
-5.096098862833657250e+01,2.376349926454314598e+01,0.000000000000000000e+00
-5.159382986320682818e+01,2.297105304002788273e+01,0.000000000000000000e+00
-5.219841819754243062e+01,2.215691397083390868e+01,0.000000000000000000e+00
-5.277419678067487752e+01,2.132215954677796788e+01,0.000000000000000000e+00
-5.332003136191602977e+01,2.046764238679999792e+01,0.000000000000000000e+00
-5.383451709900300131e+01,1.959416180013200659e+01,0.000000000000000000e+00
-5.431724204525090727e+01,1.870292631391829730e+01,0.000000000000000000e+00
-5.476833681279517663e+01,1.779531136039491557e+01,0.000000000000000000e+00
-5.518750660428939625e+01,1.687251400213370900e+01,0.000000000000000000e+00
-5.557416286943740147e+01,1.593563477021964836e+01,0.000000000000000000e+00
-5.592761894541077794e+01,1.498576033101839222e+01,0.000000000000000000e+00
-5.624693503957691121e+01,1.402393597946783288e+01,0.000000000000000000e+00
-5.653115928572869109e+01,1.305124648652727615e+01,0.000000000000000000e+00
-5.677958724162426307e+01,1.206887383712270712e+01,0.000000000000000000e+00
-5.699234346017789221e+01,1.107818934027241653e+01,0.000000000000000000e+00
-5.716977859206842538e+01,1.008057444691085891e+01,0.000000000000000000e+00
-5.731228979933864309e+01,9.077374943585889255e+00,0.000000000000000000e+00
-5.742031905916040557e+01,8.069899569452033461e+00,0.000000000000000000e+00
-5.749435143010501292e+01,7.059418694742732647e+00,0.000000000000000000e+00
-5.753491328283698181e+01,6.047163061669607487e+00,0.000000000000000000e+00
-5.754257049717157457e+01,5.034322588643806107e+00,0.000000000000000000e+00
-5.750847515785704189e+01,4.021384327521523083e+00,0.000000000000000000e+00
-5.743843440263232480e+01,3.010220792536594470e+00,0.000000000000000000e+00
-5.733267864791135793e+01,2.002101255408168967e+00,0.000000000000000000e+00
-5.719122572307127683e+01,9.982765583205525095e-01,0.000000000000000000e+00
-5.701409469766100813e+01,6.982212857777463868e-15,0.000000000000000000e+00
-5.689775890338475506e+01,-9.931540759286581199e-01,0.000000000000000000e+00
-5.604287533735805482e+01,-1.957060331310630508e+00,0.000000000000000000e+00
-5.511813826007436745e+01,-2.888619224426111742e+00,0.000000000000000000e+00
-5.421468865192527886e+01,-3.791060337939145874e+00,0.000000000000000000e+00
-5.334236848566128231e+01,-4.666852528117860111e+00,0.000000000000000000e+00
-5.249331038681327044e+01,-5.517269244769801517e+00,0.000000000000000000e+00
-5.166853022042875665e+01,-6.344097795613791391e+00,0.000000000000000000e+00
-5.086572152381806688e+01,-7.148710960696793570e+00,0.000000000000000000e+00
-5.008371960879524920e+01,-7.932481899610031917e+00,0.000000000000000000e+00
-4.932127645116247550e+01,-8.696671761321001171e+00,0.000000000000000000e+00
-4.857719056122089540e+01,-9.442449318331973984e+00,0.000000000000000000e+00
-4.785038286396534346e+01,-1.017091285615862972e+01,0.000000000000000000e+00
-4.713982705239692450e+01,-1.088308660155876240e+01,0.000000000000000000e+00
-4.644456654800677597e+01,-1.157993102033171873e+01,0.000000000000000000e+00
-4.576370180262978238e+01,-1.226234694067336584e+01,0.000000000000000000e+00
-4.509638678850986793e+01,-1.293118082599966279e+01,0.000000000000000000e+00
-4.444182879327002667e+01,-1.358723060223556267e+01,0.000000000000000000e+00
-4.379927538113025065e+01,-1.423124725205824603e+01,0.000000000000000000e+00
-4.316801892016390241e+01,-1.486394092522315269e+01,0.000000000000000000e+00
-4.254739082740023548e+01,-1.548598380686452991e+01,0.000000000000000000e+00
-4.193675295615101106e+01,-1.609801120603153990e+01,0.000000000000000000e+00
-4.133550600178754308e+01,-1.670062848288869262e+01,0.000000000000000000e+00
-4.074307439525875907e+01,-1.729440901574170653e+01,0.000000000000000000e+00
-4.015891352272078763e+01,-1.787990027114016911e+01,0.000000000000000000e+00
-3.958250301110725644e+01,-1.845762428302259650e+01,0.000000000000000000e+00
-3.901334362478577589e+01,-1.902807907472621807e+01,0.000000000000000000e+00
-3.845096142471958700e+01,-1.959174340342318388e+01,0.000000000000000000e+00
-3.789489628839751134e+01,-2.014907376837452802e+01,0.000000000000000000e+00
-3.734471239695623979e+01,-2.070051210553327081e+01,0.000000000000000000e+00
-3.679998353059856697e+01,-2.124648039756488060e+01,0.000000000000000000e+00
-3.626030500414423585e+01,-2.178738931091824682e+01,0.000000000000000000e+00
-3.572527953503411879e+01,-2.232363226983632387e+01,0.000000000000000000e+00
-3.519452798373959723e+01,-2.285559371164276854e+01,0.000000000000000000e+00
-3.466767719354508159e+01,-2.338364352619010234e+01,0.000000000000000000e+00
-3.414436898704119727e+01,-2.390814455214008305e+01,0.000000000000000000e+00
-3.362424984089013691e+01,-2.442944748168416780e+01,0.000000000000000000e+00
-3.310697855932829725e+01,-2.494789778004820846e+01,0.000000000000000000e+00
-3.259221714985639551e+01,-2.546383079516852632e+01,0.000000000000000000e+00
-3.207963779995991160e+01,-2.597757848108655310e+01,0.000000000000000000e+00
-3.156891430903229789e+01,-2.648946435337615668e+01,0.000000000000000000e+00
-3.105972890164684941e+01,-2.699981041436894813e+01,0.000000000000000000e+00
-3.055176373035935811e+01,-2.750893162324762642e+01,0.000000000000000000e+00
-3.004470787524148179e+01,-2.801714335226168373e+01,0.000000000000000000e+00
-2.953824862956456698e+01,-2.852475512903094668e+01,0.000000000000000000e+00
-2.903207884503801139e+01,-2.903207884503800429e+01,0.000000000000000000e+00
-2.852588789326732410e+01,-2.953942164126972614e+01,0.000000000000000000e+00
-2.801936935557830921e+01,-3.004709497154662401e+01,0.000000000000000000e+00
-2.751221169267257238e+01,-3.055540661651221868e+01,0.000000000000000000e+00
-2.700410616755074500e+01,-3.106467060039238959e+01,0.000000000000000000e+00
-2.649473733592296654e+01,-3.157519840492613383e+01,0.000000000000000000e+00
-2.598379103591714667e+01,-3.208730966625500969e+01,0.000000000000000000e+00
-2.547094484209205945e+01,-3.260132271468720688e+01,0.000000000000000000e+00
-2.495587596694441501e+01,-3.311756597093483379e+01,0.000000000000000000e+00
-2.443825177209817312e+01,-3.363636790703853308e+01,0.000000000000000000e+00
-2.391773742115159251e+01,-3.415806902379890886e+01,0.000000000000000000e+00
-2.339398660581581879e+01,-3.468301143969240030e+01,0.000000000000000000e+00
-2.286664892928592252e+01,-3.521155152605565064e+01,0.000000000000000000e+00
-2.233536067202923547e+01,-3.574404890203390295e+01,0.000000000000000000e+00
-2.179975135271504172e+01,-3.628087889666657162e+01,0.000000000000000000e+00
-2.125943587354426967e+01,-3.682242307323106445e+01,0.000000000000000000e+00
-2.071402096251112823e+01,-3.736908302006344940e+01,0.000000000000000000e+00
-2.016309475847441490e+01,-3.792126593554874603e+01,0.000000000000000000e+00
-1.960622932900918158e+01,-3.847939165445659171e+01,0.000000000000000000e+00
-1.904298723049421227e+01,-3.904390987382772948e+01,0.000000000000000000e+00
-1.847292302324140678e+01,-3.961531126538158532e+01,0.000000000000000000e+00
-1.789553112559729087e+01,-4.019402099663903982e+01,0.000000000000000000e+00
-1.731027269439609029e+01,-4.078044688014733055e+01,0.000000000000000000e+00
-1.671676294887370062e+01,-4.137544020643390041e+01,0.000000000000000000e+00
-1.611387699778419247e+01,-4.197808475674851536e+01,0.000000000000000000e+00
-1.549755047728222124e+01,-4.257916999319113671e+01,0.000000000000000000e+00
-1.486513051976645805e+01,-4.317147375357661332e+01,0.000000000000000000e+00
-1.421687498350329548e+01,-4.375504208680677465e+01,0.000000000000000000e+00
-1.355247600237870209e+01,-4.432815161932379766e+01,0.000000000000000000e+00
-1.287169851769955287e+01,-4.488894732739108662e+01,0.000000000000000000e+00
-1.217562109683584559e+01,-4.544003654709890583e+01,0.000000000000000000e+00
-1.146426796240119295e+01,-4.598066736054452264e+01,0.000000000000000000e+00
-1.073722709597961433e+01,-4.650804012294577205e+01,0.000000000000000000e+00
-9.995071189882406060e+00,-4.702311286630130382e+01,0.000000000000000000e+00
-9.238404977920042782e+00,-4.752747343031870741e+01,0.000000000000000000e+00
-8.467165064240697703e+00,-4.801967929253049050e+01,0.000000000000000000e+00
-7.680967081716898015e+00,-4.849571754635915255e+01,0.000000000000000000e+00
-6.880690331338179533e+00,-4.895865565270531050e+01,0.000000000000000000e+00
-6.066665669212671474e+00,-4.940902687276844318e+01,0.000000000000000000e+00
-5.239012868710172910e+00,-4.984587781327082467e+01,0.000000000000000000e+00
-4.397899862459111020e+00,-5.026822545021451560e+01,0.000000000000000000e+00
-3.543431637036075887e+00,-5.067343324472711430e+01,0.000000000000000000e+00
-2.676134069912926350e+00,-5.106367998269448805e+01,0.000000000000000000e+00
-1.796292300140794218e+00,-5.143908127698315980e+01,0.000000000000000000e+00
-9.041527149267548635e-01,-5.179887434650079570e+01,0.000000000000000000e+00
-9.578475934485083011e-15,-5.214279437496586667e+01,0.000000000000000000e+00
9.158737585711801410e-01,-5.247037248716348756e+01,0.000000000000000000e+00
1.843164294650535107e+00,-5.278131958363874077e+01,0.000000000000000000e+00
2.781551658322621634e+00,-5.307516739643090631e+01,0.000000000000000000e+00
3.730612449966633548e+00,-5.335024358010731760e+01,0.000000000000000000e+00
4.690068946181289000e+00,-5.360773335840908516e+01,0.000000000000000000e+00
5.659593611461181339e+00,-5.384743628223174738e+01,0.000000000000000000e+00
6.638839009672617308e+00,-5.406900477432548513e+01,0.000000000000000000e+00
7.627453031166584019e+00,-5.427214835687036043e+01,0.000000000000000000e+00
8.625080896719872214e+00,-5.445661757585994422e+01,0.000000000000000000e+00
9.631042706048468460e+00,-5.462035740277455886e+01,0.000000000000000000e+00
1.064324591369703121e+01,-5.475475350826956600e+01,0.000000000000000000e+00
1.165963676272587435e+01,-5.485427817950200335e+01,0.000000000000000000e+00
1.267893072091306017e+01,-5.491848252935515262e+01,0.000000000000000000e+00
1.369993761139742894e+01,-5.494744856242348874e+01,0.000000000000000000e+00
1.472144556465585907e+01,-5.494118280815527555e+01,0.000000000000000000e+00
1.574225206716966774e+01,-5.489975723763185300e+01,0.000000000000000000e+00
1.676115619926818923e+01,-5.482327164319804069e+01,0.000000000000000000e+00
1.777696208042717529e+01,-5.471186353591949825e+01,0.000000000000000000e+00
1.878847937568744086e+01,-5.456570617785938282e+01,0.000000000000000000e+00
1.979452490519752672e+01,-5.438501020586230084e+01,0.000000000000000000e+00
2.079392428291280126e+01,-5.417002476148702073e+01,0.000000000000000000e+00
2.178551395236075194e+01,-5.392103917840540106e+01,0.000000000000000000e+00
2.276814352041267853e+01,-5.363838477797900595e+01,0.000000000000000000e+00
2.374067865232784058e+01,-5.332243729057118742e+01,0.000000000000000000e+00
2.470200373125846482e+01,-5.297361795213668501e+01,0.000000000000000000e+00
2.565102753826159798e+01,-5.259240030215407558e+01,0.000000000000000000e+00
2.658667949264415853e+01,-5.217929647876179189e+01,0.000000000000000000e+00
2.750794251895942466e+01,-5.173491550263268834e+01,0.000000000000000000e+00
2.841376311369102581e+01,-5.125978556406824538e+01,0.000000000000000000e+00
2.930333515819955181e+01,-5.075486532522099026e+01,0.000000000000000000e+00
3.017547012500357440e+01,-5.022041579932447064e+01,0.000000000000000000e+00
3.102753815535277226e+01,-4.965444066114974220e+01,0.000000000000000000e+00
3.185954915442590263e+01,-4.905940350582901743e+01,0.000000000000000000e+00
3.267123085678986172e+01,-4.843709166154567924e+01,0.000000000000000000e+00
3.346243317599559219e+01,-4.778930724103931738e+01,0.000000000000000000e+00
3.423151389227376740e+01,-4.711563683168344596e+01,0.000000000000000000e+00
3.497551698121286279e+01,-4.641407869341529846e+01,0.000000000000000000e+00
3.569489027348525667e+01,-4.568737611759754458e+01,0.000000000000000000e+00
3.639021582305614544e+01,-4.493817404558886608e+01,0.000000000000000000e+00
3.706021145774802505e+01,-4.416664014707232155e+01,0.000000000000000000e+00
3.770176429902880955e+01,-4.337091854609571584e+01,0.000000000000000000e+00
3.831508948475927667e+01,-4.255321788857411747e+01,0.000000000000000000e+00
3.890079462327079796e+01,-4.171599494909199990e+01,0.000000000000000000e+00
3.945785338493518424e+01,-4.085980329720421622e+01,0.000000000000000000e+00
3.998505132348083890e+01,-3.998505132348086022e+01,0.000000000000000000e+00
4.048122926115421905e+01,-3.909226868788832121e+01,0.000000000000000000e+00
4.094591099926845601e+01,-3.818267972246783160e+01,0.000000000000000000e+00
4.137897332715998289e+01,-3.725779493266728792e+01,0.000000000000000000e+00
4.177993461340833647e+01,-3.631874306626499305e+01,0.000000000000000000e+00
4.214808211940537319e+01,-3.536644016122278344e+01,0.000000000000000000e+00
4.248276424386830996e+01,-3.440186417067234714e+01,0.000000000000000000e+00
4.278344319669593432e+01,-3.342608922204512822e+01,0.000000000000000000e+00
4.304962220247529103e+01,-3.244021716607041839e+01,0.000000000000000000e+00
4.328084508540030129e+01,-3.144537460255515526e+01,0.000000000000000000e+00
4.347671586201960992e+01,-3.044272418318781703e+01,0.000000000000000000e+00
4.363687803456630832e+01,-2.943344588272916340e+01,0.000000000000000000e+00
4.376101002550778674e+01,-2.841873219655713712e+01,0.000000000000000000e+00
4.384882554459406379e+01,-2.739978720003566437e+01,0.000000000000000000e+00
4.390007393225003796e+01,-2.637782559828744766e+01,0.000000000000000000e+00
4.391454047907966185e+01,-2.535407176693538744e+01,0.000000000000000000e+00
4.389198423224620882e+01,-2.432972414615627699e+01,0.000000000000000000e+00
4.383202821791404347e+01,-2.330590281231697247e+01,0.000000000000000000e+00
4.373459187950092542e+01,-2.228388758585811402e+01,0.000000000000000000e+00
4.359971698872293189e+01,-2.126500282764882144e+01,0.000000000000000000e+00
4.342748689413025431e+01,-2.025056971315876453e+01,0.000000000000000000e+00
4.321802634159882217e+01,-1.924190504969973148e+01,0.000000000000000000e+00
4.297150126357763611e+01,-1.824032010110792257e+01,0.000000000000000000e+00
4.268811782345259331e+01,-1.724711913221605641e+01,0.000000000000000000e+00
4.236799344967570846e+01,-1.626354892194660806e+01,0.000000000000000000e+00
4.201100258563650414e+01,-1.529075445285214307e+01,0.000000000000000000e+00
4.161701355005652658e+01,-1.432988694793462514e+01,0.000000000000000000e+00
4.118605502127520168e+01,-1.338216048654451562e+01,0.000000000000000000e+00
4.071852462109920623e+01,-1.244890228039992230e+01,0.000000000000000000e+00
4.021499042351343434e+01,-1.153146294227711444e+01,0.000000000000000000e+00
3.967662916909593207e+01,-1.063132074424837725e+01,0.000000000000000000e+00
3.910461454264923731e+01,-9.749875445871140300e+00,0.000000000000000000e+00
3.849790655181097776e+01,-8.887942047737579898e+00,0.000000000000000000e+00
3.785936775930635179e+01,-8.047257037919068878e+00,0.000000000000000000e+00
3.720913077044890827e+01,-7.232722341905645891e+00,0.000000000000000000e+00
3.655801847189950138e+01,-6.446165017834331934e+00,0.000000000000000000e+00
3.590079244829959038e+01,-5.686126919131279323e+00,0.000000000000000000e+00
3.523760540740722291e+01,-4.952322476870530288e+00,0.000000000000000000e+00
3.457125714981048503e+01,-4.244816629000872865e+00,0.000000000000000000e+00
3.390384591440843565e+01,-3.563437797399226170e+00,0.000000000000000000e+00
3.323377165223470797e+01,-2.907578265779758642e+00,0.000000000000000000e+00
3.255983442891031387e+01,-2.276805419022258192e+00,0.000000000000000000e+00
3.188791244866711594e+01,-1.671174677406705555e+00,0.000000000000000000e+00
3.121690230588683690e+01,-1.090118249670277706e+00,0.000000000000000000e+00
3.054229619844836208e+01,-5.331177632007707556e-01,0.000000000000000000e+00
2.987093814843081319e+01,-7.316269758200871858e-15,0.000000000000000000e+00
