2.212503429531376398e+01,0.000000000000000000e+00,0.000000000000000000e+00
2.165011605613863566e+01,3.779041814633459229e-01,0.000000000000000000e+00
2.119489115704764970e+01,7.401419084979432572e-01,0.000000000000000000e+00
2.075788834320945853e+01,1.087874830672935111e+00,0.000000000000000000e+00
2.033779855692284855e+01,1.422157415034941641e+00,0.000000000000000000e+00
1.993339564894862193e+01,1.743946144859983782e+00,0.000000000000000000e+00
1.954361219874567368e+01,2.054116414478110109e+00,0.000000000000000000e+00
1.916741181829149454e+01,2.353462243754065319e+00,0.000000000000000000e+00
1.880390752601046600e+01,2.642716859372090887e+00,0.000000000000000000e+00
1.845224361793422929e+01,2.922548278158509483e+00,0.000000000000000000e+00
1.811163831903202492e+01,3.193570500478654761e+00,0.000000000000000000e+00
1.778140529327401964e+01,3.456355057809667564e+00,0.000000000000000000e+00
1.746085875724313041e+01,3.711420101245495484e+00,0.000000000000000000e+00
1.714940042274138321e+01,3.959251054486270238e+00,0.000000000000000000e+00
1.684648367074175468e+01,4.200300128556298418e+00,0.000000000000000000e+00
1.655155931009108272e+01,4.434976950614735181e+00,0.000000000000000000e+00
1.626415000962983370e+01,4.663669968550426148e+00,0.000000000000000000e+00
1.598382050060154214e+01,4.886744333961815734e+00,0.000000000000000000e+00
1.571012966933802169e+01,5.104530559940879897e+00,0.000000000000000000e+00
1.544267756598322983e+01,5.317340309096863393e+00,0.000000000000000000e+00
1.518111636931602426e+01,5.525474481362432577e+00,0.000000000000000000e+00
1.492509558960708915e+01,5.729207416315865942e+00,0.000000000000000000e+00
1.467427024895371979e+01,5.928790025569897537e+00,0.000000000000000000e+00
1.442834845944327782e+01,6.124470560530318686e+00,0.000000000000000000e+00
1.418705284284337154e+01,6.316482885621884868e+00,0.000000000000000000e+00
1.395010171397719922e+01,6.505039261268739992e+00,0.000000000000000000e+00
1.371722517534130681e+01,6.690337742710017466e+00,0.000000000000000000e+00
1.348819483787871576e+01,6.872578537638586837e+00,0.000000000000000000e+00
1.326278671435425238e+01,7.051948786136710723e+00,0.000000000000000000e+00
1.304077355317883580e+01,7.228618818472916985e+00,0.000000000000000000e+00
1.282193537181189491e+01,7.402747838447580442e+00,0.000000000000000000e+00
1.260608482015803666e+01,7.574499928554089934e+00,0.000000000000000000e+00
1.239303925095947001e+01,7.744030404933900158e+00,0.000000000000000000e+00
1.218261321500162708e+01,7.911481526810393738e+00,0.000000000000000000e+00
1.197462153363838944e+01,8.076984210403814757e+00,0.000000000000000000e+00
1.176890149933625551e+01,8.240673546282803130e+00,0.000000000000000000e+00
1.156530143097180918e+01,8.402683338802274804e+00,0.000000000000000000e+00
1.136366705636160646e+01,8.563137334340986229e+00,0.000000000000000000e+00
1.116384179495299200e+01,8.722149130991724064e+00,0.000000000000000000e+00
1.096567562606218438e+01,8.879829035180819119e+00,0.000000000000000000e+00
1.076903668813772619e+01,9.036294713150962110e+00,0.000000000000000000e+00
1.057379323546827621e+01,9.191658228003502629e+00,0.000000000000000000e+00
1.037981084377802432e+01,9.346023662784308073e+00,0.000000000000000000e+00
1.018695310327539971e+01,9.499487450581179715e+00,0.000000000000000000e+00
9.995092865043240238e+00,9.652148982926533449e+00,0.000000000000000000e+00
9.804113251715813604e+00,9.804113251715811828e+00,0.000000000000000000e+00
9.613894894409138914e+00,9.955479596757049521e+00,0.000000000000000000e+00
9.424315418191822502e+00,1.010634096787209124e+01,0.000000000000000000e+00
9.235250430096925811e+00,1.025678470524733044e+01,0.000000000000000000e+00
9.046584271760824691e+00,1.040690473949613981e+01,0.000000000000000000e+00
8.858206659679844108e+00,1.055679961061540872e+01,0.000000000000000000e+00
8.670003714182353605e+00,1.070656293379212443e+01,0.000000000000000000e+00
8.481857887282240327e+00,1.085628302827776892e+01,0.000000000000000000e+00
8.293649147224641638e+00,1.100604415316099072e+01,0.000000000000000000e+00
8.105264826743127315e+00,1.115593996816016187e+01,0.000000000000000000e+00
7.916594456647956690e+00,1.130606859344745274e+01,0.000000000000000000e+00
7.727522880158090857e+00,1.145652380541154081e+01,0.000000000000000000e+00
7.537930282221586786e+00,1.160739474126999404e+01,0.000000000000000000e+00
7.347693739144569136e+00,1.175876799957179841e+01,0.000000000000000000e+00
7.156696435174561444e+00,1.191074303847211802e+01,0.000000000000000000e+00
6.964820739828037510e+00,1.206342338699161409e+01,0.000000000000000000e+00
6.771942934624308741e+00,1.221690845003516124e+01,0.000000000000000000e+00
6.577933290500923569e+00,1.237129322672776688e+01,0.000000000000000000e+00
6.382658733682233354e+00,1.252667308377895061e+01,0.000000000000000000e+00
6.185990884688836289e+00,1.268316087485202814e+01,0.000000000000000000e+00
5.987796668916420373e+00,1.284087139509534659e+01,0.000000000000000000e+00
5.787935122168885727e+00,1.299991512936310656e+01,0.000000000000000000e+00
5.586257566304149158e+00,1.316039810367847274e+01,0.000000000000000000e+00
5.382613311214693219e+00,1.332243544361104703e+01,0.000000000000000000e+00
5.176852365861086547e+00,1.348616148783894886e+01,0.000000000000000000e+00
4.968815474312485492e+00,1.365170831711025912e+01,0.000000000000000000e+00
4.758333191152410713e+00,1.381920301335073731e+01,0.000000000000000000e+00
4.545227534883778731e+00,1.398877195682746510e+01,0.000000000000000000e+00
4.329320171184859234e+00,1.416056821817620204e+01,0.000000000000000000e+00
4.110424258641351081e+00,1.433475292989990812e+01,0.000000000000000000e+00
3.888339732032951801e+00,1.451148143703573012e+01,0.000000000000000000e+00
3.662853963052668416e+00,1.469090483733785213e+01,0.000000000000000000e+00
3.433749094813712599e+00,1.487320136253065961e+01,0.000000000000000000e+00
3.200797725172832120e+00,1.505856935219823889e+01,0.000000000000000000e+00
2.963755559758933789e+00,1.524720056731214868e+01,0.000000000000000000e+00
2.722361939930589170e+00,1.543928177634754206e+01,0.000000000000000000e+00
2.476346277287504005e+00,1.563503505908387936e+01,0.000000000000000000e+00
2.225422841653539763e+00,1.583470630700382209e+01,0.000000000000000000e+00
1.969284168034702409e+00,1.603853247960034523e+01,0.000000000000000000e+00
1.707602496004826387e+00,1.624675248993008481e+01,0.000000000000000000e+00
1.440033700444957043e+00,1.645966051382482576e+01,0.000000000000000000e+00
1.166208633570581021e+00,1.667756045438894930e+01,0.000000000000000000e+00
8.857305197444305112e-01,1.690074511573598670e+01,0.000000000000000000e+00
5.981771140818763488e-01,1.712955134689206105e+01,0.000000000000000000e+00
3.030960766422864383e-01,1.736436260127022280e+01,0.000000000000000000e+00
1.078028955581565099e-15,1.760554890327776079e+01,0.000000000000000000e+00
-3.116342927827330245e-01,1.785351667635166351e+01,0.000000000000000000e+00
-6.323712324326133949e-01,1.810874278076981980e+01,0.000000000000000000e+00
-9.628195774199234114e-01,1.837169196237027435e+01,0.000000000000000000e+00
-1.303637391476707652e+00,1.864288325527890322e+01,0.000000000000000000e+00
-1.655540252185089711e+00,1.892291167180226452e+01,0.000000000000000000e+00
-2.019300745133077779e+00,1.921236323187932271e+01,0.000000000000000000e+00
-2.395763314424590895e+00,1.951192639210650981e+01,0.000000000000000000e+00
-2.785846658763575956e+00,1.982232896697157543e+01,0.000000000000000000e+00
-3.190552347197092242e+00,2.014435471476566519e+01,0.000000000000000000e+00
-3.610986115490233406e+00,2.047891990767173809e+01,0.000000000000000000e+00
-4.048349540188492135e+00,2.082695288502826259e+01,0.000000000000000000e+00
-4.503965782758216463e+00,2.118949303362499847e+01,0.000000000000000000e+00
-4.979285821654424460e+00,2.156765640766129621e+01,0.000000000000000000e+00
-5.475980487391179707e+00,2.196295813124285701e+01,0.000000000000000000e+00
-5.995845859938454758e+00,2.237680138364181559e+01,0.000000000000000000e+00
-6.540615918266519557e+00,2.280983842497844094e+01,0.000000000000000000e+00
-7.110386913895682781e+00,2.325702765575107023e+01,0.000000000000000000e+00
-7.702047151480660325e+00,2.370446372065959295e+01,0.000000000000000000e+00
-8.313954094569680819e+00,2.414547591794671533e+01,0.000000000000000000e+00
-8.946137056069847660e+00,2.457930955289816310e+01,0.000000000000000000e+00
-9.599293078805860802e+00,2.500701342838804209e+01,0.000000000000000000e+00
-1.027413458879966868e+01,2.542937545096770080e+01,0.000000000000000000e+00
-1.097031220417231268e+01,2.584443596002452637e+01,0.000000000000000000e+00
-1.168626555371375808e+01,2.624778218325121415e+01,0.000000000000000000e+00
-1.242362035411155397e+01,2.664253982717564995e+01,0.000000000000000000e+00
-1.318294953556171656e+01,2.702905207610817584e+01,0.000000000000000000e+00
-1.396388212402089124e+01,2.740566175423898088e+01,0.000000000000000000e+00
-1.476628394503016928e+01,2.777134101023686696e+01,0.000000000000000000e+00
-1.558937066697136942e+01,2.812396915784388085e+01,0.000000000000000000e+00
-1.643236617423431412e+01,2.846169310235006122e+01,0.000000000000000000e+00
-1.728911673402186366e+01,2.877392224839558565e+01,0.000000000000000000e+00
-1.815506839974469599e+01,2.905418283721349937e+01,0.000000000000000000e+00
-1.902877063408298142e+01,2.930173720388818026e+01,0.000000000000000000e+00
-1.990922354275951633e+01,2.951663773789020695e+01,0.000000000000000000e+00
-2.079528275579602692e+01,2.969874161732875351e+01,0.000000000000000000e+00
-2.168586868696583991e+01,2.984803759045173521e+01,0.000000000000000000e+00
-2.257989682765946426e+01,2.996453515786860677e+01,0.000000000000000000e+00
-2.347629860344611075e+01,3.004829195234691497e+01,0.000000000000000000e+00
-2.437401484018349507e+01,3.009940161948576076e+01,0.000000000000000000e+00
-2.527199778609404746e+01,3.011799415361049981e+01,0.000000000000000000e+00
-2.616921107842851058e+01,3.010423366652221233e+01,0.000000000000000000e+00
-2.706463073142132814e+01,3.005831759954729776e+01,0.000000000000000000e+00
-2.795724621518861497e+01,2.998047605962426232e+01,0.000000000000000000e+00
-2.884606203553408221e+01,2.987097167127883779e+01,0.000000000000000000e+00
-2.973009914018472344e+01,2.973009914018472699e+01,0.000000000000000000e+00
-3.060839807823057157e+01,2.955818643897367082e+01,0.000000000000000000e+00
-3.148001802641607583e+01,2.935559172151853247e+01,0.000000000000000000e+00
-3.234404752037305286e+01,2.912271119630543481e+01,0.000000000000000000e+00
-3.319912366147703153e+01,2.885955790604286619e+01,0.000000000000000000e+00
-3.404299072590865194e+01,2.856546096228153075e+01,0.000000000000000000e+00
-3.487628693114164946e+01,2.824226029396619708e+01,0.000000000000000000e+00
-3.569835237968707986e+01,2.789060960422139601e+01,0.000000000000000000e+00
-3.650832662103121606e+01,2.751099738775371861e+01,0.000000000000000000e+00
-3.730545543618656268e+01,2.710399990099832834e+01,0.000000000000000000e+00
-3.808925006484385989e+01,2.667038002015833698e+01,0.000000000000000000e+00
-3.885861552733977931e+01,2.621046712589605221e+01,0.000000000000000000e+00
-3.961107302357540050e+01,2.572373159621095340e+01,0.000000000000000000e+00
-4.034540447847962241e+01,2.521060674898724585e+01,0.000000000000000000e+00
-4.106285336222519078e+01,2.467305149026457656e+01,0.000000000000000000e+00
-4.176461463294544529e+01,2.411281150093202896e+01,0.000000000000000000e+00
-4.244801841144084165e+01,2.352932082169545325e+01,0.000000000000000000e+00
-4.310772355207166839e+01,2.292078319009216614e+01,0.000000000000000000e+00
-4.374927886346925732e+01,2.229137097796629163e+01,0.000000000000000000e+00
-4.437188571528860592e+01,2.164161467946627226e+01,0.000000000000000000e+00
-4.496956179935460796e+01,2.096965105091353720e+01,0.000000000000000000e+00
-4.554611940775073720e+01,2.027843886481847946e+01,0.000000000000000000e+00
-4.610217795410745367e+01,1.956921351393225450e+01,0.000000000000000000e+00
-4.663396769842750444e+01,1.884134596491428937e+01,0.000000000000000000e+00
-4.714082181577413877e+01,1.809566607708861596e+01,0.000000000000000000e+00
-4.762317003765782175e+01,1.733341635510551626e+01,0.000000000000000000e+00
-4.808106235594772926e+01,1.655563744545504434e+01,0.000000000000000000e+00
-4.851413899767312188e+01,1.576319930612494957e+01,0.000000000000000000e+00
-4.892108781092503733e+01,1.495667751413306767e+01,0.000000000000000000e+00
-4.930073687218340694e+01,1.413675881260771838e+01,0.000000000000000000e+00
-4.965334023952676290e+01,1.330457241868897889e+01,0.000000000000000000e+00
-4.997960496870221192e+01,1.246131508973763324e+01,0.000000000000000000e+00
-5.027965707327420120e+01,1.160797347892045295e+01,0.000000000000000000e+00
-5.055271338458912567e+01,1.074531094011836885e+01,0.000000000000000000e+00
-5.079793216768665332e+01,9.874117758311795612e+00,0.000000000000000000e+00
-5.101460342720800156e+01,8.995250994359292207e+00,0.000000000000000000e+00
-5.120247157665595950e+01,8.109674803901636864e+00,0.000000000000000000e+00
-5.136141383125352888e+01,7.218375971339317410e+00,0.000000000000000000e+00
-5.149133758109934433e+01,6.322341275198516186e+00,0.000000000000000000e+00
-5.159218028882609985e+01,5.422556654945987376e+00,0.000000000000000000e+00
-5.166390936594493155e+01,4.520006382950991330e+00,0.000000000000000000e+00
-5.170652202805930386e+01,3.615672242109093659e+00,0.000000000000000000e+00
-5.172004512914431018e+01,2.710532709637123894e+00,0.000000000000000000e+00
-5.170456696102566241e+01,1.805563264516621524e+00,0.000000000000000000e+00
-5.166033312118239706e+01,9.017344688435843247e-01,0.000000000000000000e+00
-5.158765026925700425e+01,6.317665077777868034e-15,0.000000000000000000e+00
-5.145415694900454184e+01,-8.981356503715787198e-01,0.000000000000000000e+00
-5.072023996908473720e+01,-1.771189808526534515e+00,0.000000000000000000e+00
-4.989128016172712421e+01,-2.614691198864154131e+00,0.000000000000000000e+00
-4.908241121086630443e+01,-3.432176538476294336e+00,0.000000000000000000e+00
-4.830203154271192290e+01,-4.225880185258880317e+00,0.000000000000000000e+00
-4.754148730109552901e+01,-4.996811666174515665e+00,0.000000000000000000e+00
-4.680271874481675809e+01,-5.746651270144458756e+00,0.000000000000000000e+00
-4.608331160343805522e+01,-6.476587078597589198e+00,0.000000000000000000e+00
-4.538231285472799925e+01,-7.187852222129096802e+00,0.000000000000000000e+00
-4.469863728816632431e+01,-7.881575754805181688e+00,0.000000000000000000e+00
-4.403120390783606553e+01,-8.558799027311087215e+00,0.000000000000000000e+00
-4.337906695461159501e+01,-9.220505320325925069e+00,0.000000000000000000e+00
-4.274131986803634220e+01,-9.867611204252641599e+00,0.000000000000000000e+00
-4.211711520081085069e+01,-1.050097621853432628e+01,0.000000000000000000e+00
-4.150565664957557033e+01,-1.112140718057723099e+01,0.000000000000000000e+00
-4.090619684220282437e+01,-1.172966319344317299e+01,0.000000000000000000e+00
-4.031803253081862692e+01,-1.232645956071961812e+01,0.000000000000000000e+00
-3.974049610723759685e+01,-1.291246992330862930e+01,0.000000000000000000e+00
-3.917296206105694978e+01,-1.348833253197034843e+01,0.000000000000000000e+00
-3.861483469939902591e+01,-1.405465043169093953e+01,0.000000000000000000e+00
-3.806554925559749591e+01,-1.461199533309303256e+01,0.000000000000000000e+00
-3.752457283694732837e+01,-1.516091153938827141e+01,0.000000000000000000e+00
-3.699139285075713701e+01,-1.570191468166241400e+01,0.000000000000000000e+00
-3.646552631608621908e+01,-1.623549834079489784e+01,0.000000000000000000e+00
-3.594650753423812972e+01,-1.676213174714158782e+01,0.000000000000000000e+00
-3.543389830799601015e+01,-1.728226694473839586e+01,0.000000000000000000e+00
-3.492726923230773650e+01,-1.779633255520452906e+01,0.000000000000000000e+00
-3.442620240218602135e+01,-1.830473651352937026e+01,0.000000000000000000e+00
-3.393032614840871020e+01,-1.880788690280751041e+01,0.000000000000000000e+00
-3.343929616029380725e+01,-1.930618663965725545e+01,0.000000000000000000e+00
-3.295266287703990571e+01,-1.979995741490470706e+01,0.000000000000000000e+00
-3.246996178813486722e+01,-2.028948397907245393e+01,0.000000000000000000e+00
-3.199119844677896651e+01,-2.077532718682666868e+01,0.000000000000000000e+00
-3.151638347717389976e+01,-2.125806907542571977e+01,0.000000000000000000e+00
-3.104371763568004994e+01,-2.173704510255688049e+01,0.000000000000000000e+00
-3.057046161486696789e+01,-2.221074046395628798e+01,0.000000000000000000e+00
-3.009286097856140429e+01,-2.267659726957528576e+01,0.000000000000000000e+00
-2.960729914669153118e+01,-2.313175726299468948e+01,0.000000000000000000e+00
-2.911373917555306434e+01,-2.357584113096685385e+01,0.000000000000000000e+00
-2.861340350558337420e+01,-2.400949632826169733e+01,0.000000000000000000e+00
-2.810624658456251979e+01,-2.443238740575280232e+01,0.000000000000000000e+00
-2.759204568598677554e+01,-2.484398952611326195e+01,0.000000000000000000e+00
-2.707139503565366212e+01,-2.524448427353923563e+01,0.000000000000000000e+00
-2.654485152450455843e+01,-2.563406514613450327e+01,0.000000000000000000e+00
-2.601254963586485403e+01,-2.601254963586484692e+01,0.000000000000000000e+00
-2.547480752741101639e+01,-2.637993543261429608e+01,0.000000000000000000e+00
-2.493212171908743358e+01,-2.673642720607615431e+01,0.000000000000000000e+00
-2.438417300290918632e+01,-2.708136770079109112e+01,0.000000000000000000e+00
-2.383051967515033809e+01,-2.741387696195162960e+01,0.000000000000000000e+00
-2.327203415398496134e+01,-2.773453030998672020e+01,0.000000000000000000e+00
-2.270963101945821450e+01,-2.804405877188912299e+01,0.000000000000000000e+00
-2.214370917227091340e+01,-2.834265526076529795e+01,0.000000000000000000e+00
-2.157374341811792817e+01,-2.862932448598080271e+01,0.000000000000000000e+00
-2.099915901956427078e+01,-2.890286281962742621e+01,0.000000000000000000e+00
-2.042125749684114666e+01,-2.916457818928112644e+01,0.000000000000000000e+00
-1.984083306563751847e+01,-2.941524468589118158e+01,0.000000000000000000e+00
-1.925751724982490032e+01,-2.965397610306033727e+01,0.000000000000000000e+00
-1.867117113608317780e+01,-2.988011986670852238e+01,0.000000000000000000e+00
-1.808310153050096147e+01,-3.009533485447397894e+01,0.000000000000000000e+00
-1.749726073986831665e+01,-3.030614459473209621e+01,0.000000000000000000e+00
-1.691515109536607753e+01,-3.051574036367215825e+01,0.000000000000000000e+00
-1.633630284285555589e+01,-3.072411710247096650e+01,0.000000000000000000e+00
-1.576034884157290250e+01,-3.093142620689689437e+01,0.000000000000000000e+00
-1.518693804356267485e+01,-3.113783741254328419e+01,0.000000000000000000e+00
-1.461569838737772287e+01,-3.134346633981194330e+01,0.000000000000000000e+00
-1.404627057361153142e+01,-3.154844024454017770e+01,0.000000000000000000e+00
-1.347830194896466161e+01,-3.175288953375529033e+01,0.000000000000000000e+00
-1.291144196872048333e+01,-3.195694027542746340e+01,0.000000000000000000e+00
-1.234534262747565059e+01,-3.216071707873501140e+01,0.000000000000000000e+00
-1.177965792944480228e+01,-3.236434417004920761e+01,0.000000000000000000e+00
-1.121404333290644573e+01,-3.256794663015494251e+01,0.000000000000000000e+00
-1.064815379841963683e+01,-3.277164764670623498e+01,0.000000000000000000e+00
-1.008164408718065275e+01,-3.297557196117994494e+01,0.000000000000000000e+00
-9.514167367828322952e+00,-3.317984469968437367e+01,0.000000000000000000e+00
-8.945374137552837723e+00,-3.338459077405984488e+01,0.000000000000000000e+00
-8.374912168033944226e+00,-3.358993804358788537e+01,0.000000000000000000e+00
-7.802424668298693966e+00,-3.379601421165530439e+01,0.000000000000000000e+00
-7.227550036021018087e+00,-3.400294951722649017e+01,0.000000000000000000e+00
-6.649920820217422701e+00,-3.421087686153416030e+01,0.000000000000000000e+00
-6.069162343730043929e+00,-3.441993006030460833e+01,0.000000000000000000e+00
-5.484892382132394495e+00,-3.463024758551797078e+01,0.000000000000000000e+00
-4.896719568861239935e+00,-3.484197015928142349e+01,0.000000000000000000e+00
-4.304242451405559500e+00,-3.505524163424156825e+01,0.000000000000000000e+00
-3.707048604661146385e+00,-3.527021147426347625e+01,0.000000000000000000e+00
-3.104713003973594176e+00,-3.548703202048143623e+01,0.000000000000000000e+00
-2.496797028280496988e+00,-3.570586101218937358e+01,0.000000000000000000e+00
-1.882847082327833155e+00,-3.592686253998731161e+01,0.000000000000000000e+00
-1.262392978498156904e+00,-3.615020507484767620e+01,0.000000000000000000e+00
-6.349465654492518762e-01,-3.637606437217014843e+01,0.000000000000000000e+00
-6.724160337548205247e-15,-3.660462397392090850e+01,0.000000000000000000e+00
6.429760587299394592e-01,-3.683607373413596520e+01,0.000000000000000000e+00
1.294534307422032793e+00,-3.707061231076073682e+01,0.000000000000000000e+00
1.955252972700195269e+00,-3.730844923117926726e+01,0.000000000000000000e+00
2.625737885316049347e+00,-3.754980117550940832e+01,0.000000000000000000e+00
3.306624925473816923e+00,-3.779489584378018208e+01,0.000000000000000000e+00
3.998583871479366003e+00,-3.804398425403118722e+01,0.000000000000000000e+00
4.702315887969662711e+00,-3.829728960539382854e+01,0.000000000000000000e+00
5.418569643151985638e+00,-3.855512637751384375e+01,0.000000000000000000e+00
6.148136494553080311e+00,-3.881780610491347261e+01,0.000000000000000000e+00
6.891674978997462730e+00,-3.908463101510265858e+01,0.000000000000000000e+00
7.649359497785477302e+00,-3.935254312393284692e+01,0.000000000000000000e+00
8.421374897556010097e+00,-3.961945390624801178e+01,0.000000000000000000e+00
9.208182823711281273e+00,-3.988502174690318469e+01,0.000000000000000000e+00
1.001007482112354730e+01,-4.014821723582959834e+01,0.000000000000000000e+00
1.082741984874101071e+01,-4.040848099038125696e+01,0.000000000000000000e+00
1.166071277237257320e+01,-4.066573814785224528e+01,0.000000000000000000e+00
1.251034482096221545e+01,-4.091949411578377749e+01,0.000000000000000000e+00
1.337665665193583209e+01,-4.116911596010878327e+01,0.000000000000000000e+00
1.425998676102372009e+01,-4.141400866687835958e+01,0.000000000000000000e+00
1.516064527722673105e+01,-4.165353056354177141e+01,0.000000000000000000e+00
1.607894602675835216e+01,-4.188708646611001285e+01,0.000000000000000000e+00
1.701511613022098501e+01,-4.211389024326152253e+01,0.000000000000000000e+00
1.796954531763188001e+01,-4.233359584932023978e+01,0.000000000000000000e+00
1.893858102118102948e+01,-4.253674941913710228e+01,0.000000000000000000e+00
1.991210578686703414e+01,-4.270164866185476171e+01,0.000000000000000000e+00
2.088334364075900496e+01,-4.281719969166875472e+01,0.000000000000000000e+00
2.185019966376487233e+01,-4.288343140749007176e+01,0.000000000000000000e+00
2.281073025430532653e+01,-4.290074408314833931e+01,0.000000000000000000e+00
2.376300673068446656e+01,-4.286959895099101914e+01,0.000000000000000000e+00
2.470511716907181210e+01,-4.279051814377455543e+01,0.000000000000000000e+00
2.563517359056760014e+01,-4.266409343327551795e+01,0.000000000000000000e+00
2.655131947599968001e+01,-4.249099334904245495e+01,0.000000000000000000e+00
2.745173954048581422e+01,-4.227197191415759647e+01,0.000000000000000000e+00
2.833466914300695549e+01,-4.200787452714443049e+01,0.000000000000000000e+00
2.919841336890915073e+01,-4.169965585283991771e+01,0.000000000000000000e+00
3.004133505496328382e+01,-4.134835043646837249e+01,0.000000000000000000e+00
3.086197234380001575e+01,-4.095522058383215835e+01,0.000000000000000000e+00
3.165869721493026745e+01,-4.052128458638429720e+01,0.000000000000000000e+00
3.243079541673936461e+01,-4.004869704430141297e+01,0.000000000000000000e+00
3.317608224801004013e+01,-3.953771520726697020e+01,0.000000000000000000e+00
3.388817503056991853e+01,-3.898388593354354015e+01,0.000000000000000000e+00
3.457052606566610109e+01,-3.839445889275763335e+01,0.000000000000000000e+00
3.522364061898659315e+01,-3.777273005295564445e+01,0.000000000000000000e+00
3.584385820721081473e+01,-3.711740173677770116e+01,0.000000000000000000e+00
3.642726453387977870e+01,-3.642726453387980001e+01,0.000000000000000000e+00
3.697395174354390690e+01,-3.570533015899881946e+01,0.000000000000000000e+00
3.748429799549384711e+01,-3.495467337407771424e+01,0.000000000000000000e+00
3.795647474640178132e+01,-3.417616336894898410e+01,0.000000000000000000e+00
3.838896765761158036e+01,-3.337102046321781046e+01,0.000000000000000000e+00
3.878082056310522319e+01,-3.254097223125388894e+01,0.000000000000000000e+00
3.913101661539446496e+01,-3.168767245783499220e+01,0.000000000000000000e+00
3.943842286471707581e+01,-3.081267291629731986e+01,0.000000000000000000e+00
3.970194921562445955e+01,-2.991756462840926645e+01,0.000000000000000000e+00
3.992060310058970174e+01,-2.900401589620110343e+01,0.000000000000000000e+00
4.009346690665865509e+01,-2.807374776100395053e+01,0.000000000000000000e+00
4.021967669155391434e+01,-2.712851447310193009e+01,0.000000000000000000e+00
4.029842305738721109e+01,-2.617010192735288854e+01,0.000000000000000000e+00
4.032895211634789945e+01,-2.520032617212461901e+01,0.000000000000000000e+00
4.031039252969846132e+01,-2.422092740863858396e+01,0.000000000000000000e+00
4.024149315029655583e+01,-2.323343690291622821e+01,0.000000000000000000e+00
4.012196187430097183e+01,-2.223996662896792387e+01,0.000000000000000000e+00
3.995185707908139960e+01,-2.124277922133899921e+01,0.000000000000000000e+00
3.973131948316405015e+01,-2.024411841866593065e+01,0.000000000000000000e+00
3.946057106432134987e+01,-1.924620647148859831e+01,0.000000000000000000e+00
3.913989743492134465e+01,-1.825123391330499700e+01,0.000000000000000000e+00
3.876915843858839139e+01,-1.726114144213105206e+01,0.000000000000000000e+00
3.834768802627980477e+01,-1.627762782701838873e+01,0.000000000000000000e+00
3.787417609269852647e+01,-1.530216042334912707e+01,0.000000000000000000e+00
3.734415700901185176e+01,-1.433507879447541455e+01,0.000000000000000000e+00
3.675664500004330648e+01,-1.337832469150538905e+01,0.000000000000000000e+00
3.612639473051086725e+01,-1.243931527431714734e+01,0.000000000000000000e+00
3.544966985061100928e+01,-1.151829595941735640e+01,0.000000000000000000e+00
3.471018222287774790e+01,-1.061196766455470986e+01,0.000000000000000000e+00
3.394043311372960403e+01,-9.732262586017405681e+00,0.000000000000000000e+00
3.316401126655858889e+01,-8.886270036651026771e+00,0.000000000000000000e+00
3.238670464926552484e+01,-8.074912388873332958e+00,0.000000000000000000e+00
3.160729134977409416e+01,-7.297118180301015222e+00,0.000000000000000000e+00
3.082399678641156981e+01,-6.551842773847472046e+00,0.000000000000000000e+00
3.003777143048935372e+01,-5.838751296466644369e+00,0.000000000000000000e+00
2.925273134748289650e+01,-5.158045795977526993e+00,0.000000000000000000e+00
2.847005747661262731e+01,-4.509214119440678736e+00,0.000000000000000000e+00
2.769196991112075779e+01,-3.891852565862432112e+00,0.000000000000000000e+00
2.693272636136588716e+01,-3.306922980198386153e+00,0.000000000000000000e+00
2.621396712513737981e+01,-2.755198967967146473e+00,0.000000000000000000e+00
2.553508827846535922e+01,-2.234030746499425124e+00,0.000000000000000000e+00
2.489228755879732091e+01,-1.740638310967812519e+00,0.000000000000000000e+00
2.428255751591440159e+01,-1.272594914721808523e+00,0.000000000000000000e+00
2.370301123502732565e+01,-8.277273915986924635e-01,0.000000000000000000e+00
2.315114288786127261e+01,-4.041047022700623992e-01,0.000000000000000000e+00
2.262469391193335611e+01,-5.541451796187558917e-15,0.000000000000000000e+00
