3.526708920463647701e+01,0.000000000000000000e+00,0.000000000000000000e+00
3.493500223944543848e+01,6.097927323569467539e-01,0.000000000000000000e+00
3.459473144739506978e+01,1.208074642503399465e+00,0.000000000000000000e+00
3.424717477138203492e+01,1.794818376486326805e+00,0.000000000000000000e+00
3.389217472464641645e+01,2.369971728326946803e+00,0.000000000000000000e+00
3.352981039711066558e+01,2.933478299920843302e+00,0.000000000000000000e+00
3.316039886867915243e+01,3.485298364197324972e+00,0.000000000000000000e+00
3.278423250238311937e+01,4.025397592343844977e+00,0.000000000000000000e+00
3.240154707119890531e+01,4.553740471035120585e+00,0.000000000000000000e+00
3.201258939730707453e+01,5.070296055031665361e+00,0.000000000000000000e+00
3.161764388618282950e+01,5.575043683566075714e+00,0.000000000000000000e+00
3.121700011086334570e+01,6.067970131901808450e+00,0.000000000000000000e+00
3.081094990669164702e+01,6.549069573953665291e+00,0.000000000000000000e+00
3.039978673557489941e+01,7.018343774245064282e+00,0.000000000000000000e+00
2.998380918097611669e+01,7.475803260723800747e+00,0.000000000000000000e+00
2.956331627615124447e+01,7.921466721780590525e+00,0.000000000000000000e+00
2.913860809595103163e+01,8.355361418948202612e+00,0.000000000000000000e+00
2.870997794588677010e+01,8.777521122059072312e+00,0.000000000000000000e+00
2.827771083116347484e+01,9.187985213423601749e+00,0.000000000000000000e+00
2.784210714420045107e+01,9.586806301917679463e+00,0.000000000000000000e+00
2.740347426400566633e+01,9.974048947577989210e+00,0.000000000000000000e+00
2.696202210886769990e+01,1.034975059942404663e+01,0.000000000000000000e+00
2.651787499555571870e+01,1.071391695162285096e+01,0.000000000000000000e+00
2.607101358221343190e+01,1.106648869870815410e+01,0.000000000000000000e+00
2.562155128908169033e+01,1.140744959600307418e+01,0.000000000000000000e+00
2.517018095229218133e+01,1.173704813520092216e+01,0.000000000000000000e+00
2.471744905881294940e+01,1.205550541219965588e+01,0.000000000000000000e+00
2.426348398137674423e+01,1.236286258191185716e+01,0.000000000000000000e+00
2.380849717920057884e+01,1.265920250386665913e+01,0.000000000000000000e+00
2.335274180334983996e+01,1.294463615783627652e+01,0.000000000000000000e+00
2.289598522423774796e+01,1.321900323257535526e+01,0.000000000000000000e+00
2.243806542784706082e+01,1.348214988275708492e+01,0.000000000000000000e+00
2.197979307676881433e+01,1.373449905498165258e+01,0.000000000000000000e+00
2.152181901595254843e+01,1.397643268838216102e+01,0.000000000000000000e+00
2.106420808142448564e+01,1.420798775146188753e+01,0.000000000000000000e+00
2.060704226027913677e+01,1.442920633085350524e+01,0.000000000000000000e+00
2.015043418176179202e+01,1.464014739082284677e+01,0.000000000000000000e+00
1.969430527377449991e+01,1.484072350301359222e+01,0.000000000000000000e+00
1.923868887682323248e+01,1.503091109229665534e+01,0.000000000000000000e+00
1.878419466514079161e+01,1.521114091625784326e+01,0.000000000000000000e+00
1.833126457353939998e+01,1.538175734267004735e+01,0.000000000000000000e+00
1.787993189070596856e+01,1.554278766564810788e+01,0.000000000000000000e+00
1.743034400630266489e+01,1.569435223677753299e+01,0.000000000000000000e+00
1.698272321645499972e+01,1.583664560304459989e+01,0.000000000000000000e+00
1.653697024537661520e+01,1.596956653527877990e+01,0.000000000000000000e+00
1.609294582978990462e+01,1.609294582978990107e+01,0.000000000000000000e+00
1.565087474901117837e+01,1.620695523994044862e+01,0.000000000000000000e+00
1.521191418228822201e+01,1.631278078866659342e+01,0.000000000000000000e+00
1.477893449795258896e+01,1.641366960926703911e+01,0.000000000000000000e+00
1.435366306832734828e+01,1.651200052169875931e+01,0.000000000000000000e+00
1.393615490485359665e+01,1.660846267480869187e+01,0.000000000000000000e+00
1.352609772928699350e+01,1.670333962491172386e+01,0.000000000000000000e+00
1.312296163074951494e+01,1.679662492886868463e+01,0.000000000000000000e+00
1.272630357800481882e+01,1.688837526156058999e+01,0.000000000000000000e+00
1.233575480721774831e+01,1.697870989201987513e+01,0.000000000000000000e+00
1.195095041649819478e+01,1.706772601599574202e+01,0.000000000000000000e+00
1.157152939207662179e+01,1.715549782269075862e+01,0.000000000000000000e+00
1.119715074949420242e+01,1.724210013369632222e+01,0.000000000000000000e+00
1.082749273331097051e+01,1.732761048405861004e+01,0.000000000000000000e+00
1.046224543218812819e+01,1.741210041210613113e+01,0.000000000000000000e+00
1.010111252233869017e+01,1.749564010166082184e+01,0.000000000000000000e+00
9.743806761546579764e+00,1.757829271596662934e+01,0.000000000000000000e+00
9.390054932901369611e+00,1.766012482336347844e+01,0.000000000000000000e+00
9.039590289438372395e+00,1.774119486751409269e+01,0.000000000000000000e+00
8.692157981704761838e+00,1.782156490150340744e+01,0.000000000000000000e+00
8.347508730600734950e+00,1.790129024178723327e+01,0.000000000000000000e+00
8.005402169221618180e+00,1.798042766196433817e+01,0.000000000000000000e+00
7.665604087326171268e+00,1.805903152459559280e+01,0.000000000000000000e+00
7.327885583963162475e+00,1.813715327220602447e+01,0.000000000000000000e+00
6.992024594979329599e+00,1.821484681245075521e+01,0.000000000000000000e+00
6.657801695373061435e+00,1.829215982124418360e+01,0.000000000000000000e+00
6.325003673399016257e+00,1.836914446962495262e+01,0.000000000000000000e+00
5.993419256205573475e+00,1.844584777621304283e+01,0.000000000000000000e+00
5.662840967827592387e+00,1.852231820767813986e+01,0.000000000000000000e+00
5.333063934920334148e+00,1.859860419656820696e+01,0.000000000000000000e+00
5.003884332539126234e+00,1.867475056423390001e+01,0.000000000000000000e+00
4.675101185403550907e+00,1.875080669676739120e+01,0.000000000000000000e+00
4.346513081579993276e+00,1.882681655012422794e+01,0.000000000000000000e+00
4.017920131979017206e+00,1.890282803038811821e+01,0.000000000000000000e+00
3.689121983426468354e+00,1.897888731524098205e+01,0.000000000000000000e+00
3.359917590083316252e+00,1.905503954405325473e+01,0.000000000000000000e+00
3.030105592047942498e+00,1.913133377141800651e+01,0.000000000000000000e+00
2.699482237911773552e+00,1.920781418175139876e+01,0.000000000000000000e+00
2.367842639321258602e+00,1.928453074156202618e+01,0.000000000000000000e+00
2.034978819071392220e+00,1.936153014126870531e+01,0.000000000000000000e+00
1.700679979006139764e+00,1.943886111029924635e+01,0.000000000000000000e+00
1.364731848293311067e+00,1.951657469234827502e+01,0.000000000000000000e+00
1.026915700489214212e+00,1.959471884780881012e+01,0.000000000000000000e+00
6.870084610066358177e-01,1.967334829689201214e+01,0.000000000000000000e+00
3.447813979480095492e-01,1.975251305944096814e+01,0.000000000000000000e+00
1.214376268075585955e-15,1.983226949878254075e+01,0.000000000000000000e+00
-3.475769913848763548e-01,1.991267250017440915e+01,0.000000000000000000e+00
-6.981981545239607234e-01,1.999377919461239372e+01,0.000000000000000000e+00
-1.052120263073071493e+00,2.007565055162583789e+01,0.000000000000000000e+00
-1.409608829506874050e+00,2.015834542329214329e+01,0.000000000000000000e+00
-1.770939470255789017e+00,2.024193077004811769e+01,0.000000000000000000e+00
-2.136398002012311448e+00,2.032646921041807175e+01,0.000000000000000000e+00
-2.506282530341610304e+00,2.041203317348284330e+01,0.000000000000000000e+00
-2.880903172245861121e+00,2.049869120491883123e+01,0.000000000000000000e+00
-3.260584644204018279e+00,2.058652123606931283e+01,0.000000000000000000e+00
-3.645665995455876551e+00,2.067559928042741646e+01,0.000000000000000000e+00
-4.036503404866736311e+00,2.076600980198499968e+01,0.000000000000000000e+00
-4.433470186699386417e+00,2.085783732982099892e+01,0.000000000000000000e+00
-4.836959779865546594e+00,2.095117459137041038e+01,0.000000000000000000e+00
-5.247385956844917487e+00,2.104611554661733663e+01,0.000000000000000000e+00
-5.665186375504223548e+00,2.114276338772872776e+01,0.000000000000000000e+00
-6.090822569217744231e+00,2.124122260276216423e+01,0.000000000000000000e+00
-6.524784747960576503e+00,2.134160927791224438e+01,0.000000000000000000e+00
-6.967591005414467631e+00,2.144404013113448570e+01,0.000000000000000000e+00
-7.419793975136554032e+00,2.154864637270511452e+01,0.000000000000000000e+00
-7.881979378052219154e+00,2.165556036180545973e+01,0.000000000000000000e+00
-8.354773499569764894e+00,2.176492908172275875e+01,0.000000000000000000e+00
-8.838843935410981345e+00,2.187690642393407359e+01,0.000000000000000000e+00
-9.334904688142408702e+00,2.199165729429952876e+01,0.000000000000000000e+00
-9.843720497760878985e+00,2.210935823000565037e+01,0.000000000000000000e+00
-1.036611163815618042e+01,2.223019814680061401e+01,0.000000000000000000e+00
-1.090296628968665793e+01,2.235439366835411690e+01,0.000000000000000000e+00
-1.145521731013962530e+01,2.248212983572448564e+01,0.000000000000000000e+00
-1.202390133772211911e+01,2.261366946256714527e+01,0.000000000000000000e+00
-1.261019840475274023e+01,2.274940012562147373e+01,0.000000000000000000e+00
-1.321496625264592772e+01,2.288899296989085030e+01,0.000000000000000000e+00
-1.384028838112250881e+01,2.303410798251645986e+01,0.000000000000000000e+00
-1.448436293916714845e+01,2.317982614271171471e+01,0.000000000000000000e+00
-1.513360059997479112e+01,2.330370134026452789e+01,0.000000000000000000e+00
-1.578711746278648320e+01,2.340536415565313177e+01,0.000000000000000000e+00
-1.644516658772963424e+01,2.348613188280809183e+01,0.000000000000000000e+00
-1.710668069752556875e+01,2.354532603134740043e+01,0.000000000000000000e+00
-1.777078068433236879e+01,2.358262248329526756e+01,0.000000000000000000e+00
-1.843525284836162825e+01,2.359604762062408412e+01,0.000000000000000000e+00
-1.910013059411191350e+01,2.358669696011695649e+01,0.000000000000000000e+00
-1.976562056150240210e+01,2.355574931402447092e+01,0.000000000000000000e+00
-2.043115603965844329e+01,2.350335643102579652e+01,0.000000000000000000e+00
-2.109621048790310027e+01,2.342971538333605608e+01,0.000000000000000000e+00
-2.175978510994138304e+01,2.333451268876213902e+01,0.000000000000000000e+00
-2.241973955548034425e+01,2.321631993698939667e+01,0.000000000000000000e+00
-2.307603253784880337e+01,2.307603253784881048e+01,0.000000000000000000e+00
-2.372901119616022925e+01,2.291483974940330626e+01,0.000000000000000000e+00
-2.437830442935068476e+01,2.273313665482609736e+01,0.000000000000000000e+00
-2.502328203781474514e+01,2.253106434845390282e+01,0.000000000000000000e+00
-2.566262593875757503e+01,2.230818038610065202e+01,0.000000000000000000e+00
-2.629378612312015662e+01,2.206310623816441563e+01,0.000000000000000000e+00
-2.691833619287018564e+01,2.179803884916154999e+01,0.000000000000000000e+00
-2.753700212753554766e+01,2.151426395932842439e+01,0.000000000000000000e+00
-2.814798872714457190e+01,2.121103090758757759e+01,0.000000000000000000e+00
-2.874890730100360159e+01,2.088730378786293684e+01,0.000000000000000000e+00
-2.934016785717055242e+01,2.054420670592903875e+01,0.000000000000000000e+00
-2.992340067377051227e+01,2.018358860734662130e+01,0.000000000000000000e+00
-3.049699769766159108e+01,1.980498187458844583e+01,0.000000000000000000e+00
-3.105704358717683533e+01,1.940659469853892816e+01,0.000000000000000000e+00
-3.160701512598013707e+01,1.899141067420989515e+01,0.000000000000000000e+00
-3.214610899393630206e+01,1.855956468104816892e+01,0.000000000000000000e+00
-3.267118790304802189e+01,1.810993517637373529e+01,0.000000000000000000e+00
-3.318485476976623971e+01,1.764470026940111680e+01,0.000000000000000000e+00
-3.368589917330650252e+01,1.716382291790300485e+01,0.000000000000000000e+00
-3.417099108362818072e+01,1.666630593507893465e+01,0.000000000000000000e+00
-3.464178423458650968e+01,1.615372928074079084e+01,0.000000000000000000e+00
-3.509925132417285454e+01,1.562719352237538750e+01,0.000000000000000000e+00
-3.554195880141789843e+01,1.508666642996120544e+01,0.000000000000000000e+00
-3.596904776463730258e+01,1.453243861523090175e+01,0.000000000000000000e+00
-3.638016006726302720e+01,1.396503503865388929e+01,0.000000000000000000e+00
-3.677482012501177167e+01,1.338493989599799328e+01,0.000000000000000000e+00
-3.715256202419728737e+01,1.279265300938810412e+01,0.000000000000000000e+00
-3.751337511299568916e+01,1.218883444638563240e+01,0.000000000000000000e+00
-3.785742566156674371e+01,1.157417654578137167e+01,0.000000000000000000e+00
-3.818432642978446268e+01,1.094917941204879241e+01,0.000000000000000000e+00
-3.849327979658600185e+01,1.031424323552048250e+01,0.000000000000000000e+00
-3.878368115973402297e+01,9.669857766463177740e+00,0.000000000000000000e+00
-3.905541772735853812e+01,9.016653644368524567e+00,0.000000000000000000e+00
-3.930846806271507177e+01,8.355272815926589658e+00,0.000000000000000000e+00
-3.954276088877848849e+01,7.686334085719654041e+00,0.000000000000000000e+00
-3.975811770289333680e+01,7.010428853202950172e+00,0.000000000000000000e+00
-3.995436428104373050e+01,6.328149625175759851e+00,0.000000000000000000e+00
-4.013134372124834215e+01,5.640092544312812706e+00,0.000000000000000000e+00
-4.028891650534676927e+01,4.946856922362791842e+00,0.000000000000000000e+00
-4.042696054901681890e+01,4.249044772620095500e+00,0.000000000000000000e+00
-4.054537124002371229e+01,3.547260341952111151e+00,0.000000000000000000e+00
-4.064406146470895465e+01,2.842109642663190883e+00,0.000000000000000000e+00
-4.072296162273241293e+01,2.134199984475916967e+00,0.000000000000000000e+00
-4.078201963008876874e+01,1.424139506910268027e+00,0.000000000000000000e+00
-4.082120091042438759e+01,7.125367123392695179e-01,0.000000000000000000e+00
-4.084048837468860427e+01,5.001517336367708651e-15,0.000000000000000000e+00
-4.082448669588291779e+01,-7.125940659377963948e-01,0.000000000000000000e+00
-4.008041844629508432e+01,-1.399639053695861390e+00,0.000000000000000000e+00
-3.935992255359205672e+01,-2.062766133786237521e+00,0.000000000000000000e+00
-3.866360653304862893e+01,-2.703622743094371117e+00,0.000000000000000000e+00
-3.798988578033306851e+01,-3.323684334423836262e+00,0.000000000000000000e+00
-3.733728627840556413e+01,-3.924306921187453501e+00,0.000000000000000000e+00
-3.670445053022258719e+01,-4.506739841535758018e+00,0.000000000000000000e+00
-3.609012548585783264e+01,-5.072136360296514823e+00,0.000000000000000000e+00
-3.549315227613978152e+01,-5.621563058609935659e+00,0.000000000000000000e+00
-3.491245715029616292e+01,-6.156008158425385624e+00,0.000000000000000000e+00
-3.434704345878478904e+01,-6.676388925485235326e+00,0.000000000000000000e+00
-3.379598449190648068e+01,-7.183558261853037585e+00,0.000000000000000000e+00
-3.325841708001109964e+01,-7.678310590961695326e+00,0.000000000000000000e+00
-3.273353586800918436e+01,-8.161387123966344248e+00,0.000000000000000000e+00
-3.222058818398281232e+01,-8.633480583553968302e+00,0.000000000000000000e+00
-3.171886942931761411e+01,-9.095239450342932130e+00,0.000000000000000000e+00
-3.122771892568284713e+01,-9.547271787548524458e+00,0.000000000000000000e+00
-3.074651616209699156e+01,-9.990148691608693454e+00,0.000000000000000000e+00
-3.027467739298465332e+01,-1.042440740984099357e+01,0.000000000000000000e+00
-2.981165256062283575e+01,-1.085055416635252357e+01,0.000000000000000000e+00
-2.935692255675260398e+01,-1.126906674885727533e+01,0.000000000000000000e+00
-2.890999663711365031e+01,-1.168039683020010244e+01,0.000000000000000000e+00
-2.847041007154997061e+01,-1.208497208253324651e+01,0.000000000000000000e+00
-2.803772213541427760e+01,-1.248319816539654070e+01,0.000000000000000000e+00
-2.761151408117975947e+01,-1.287546046930869537e+01,0.000000000000000000e+00
-2.719138738201806760e+01,-1.326212575452877651e+01,0.000000000000000000e+00
-2.677696216565337295e+01,-1.364354368354984537e+01,0.000000000000000000e+00
-2.636787558936826770e+01,-1.402004814374358510e+01,0.000000000000000000e+00
-2.596378060747503369e+01,-1.439195860065727928e+01,0.000000000000000000e+00
-2.556434452318157824e+01,-1.475958119211522401e+01,0.000000000000000000e+00
-2.516924796406523157e+01,-1.512320991214639854e+01,0.000000000000000000e+00
-2.477818362201607272e+01,-1.548312754137949021e+01,0.000000000000000000e+00
-2.439085535650755432e+01,-1.583960667309817971e+01,0.000000000000000000e+00
-2.400697713390842480e+01,-1.619291054046261635e+01,0.000000000000000000e+00
-2.362627217219694842e+01,-1.654329387476660074e+01,0.000000000000000000e+00
-2.324847210770177242e+01,-1.689100369739176344e+01,0.000000000000000000e+00
-2.287331612247804458e+01,-1.723628000337487265e+01,0.000000000000000000e+00
-2.250055029701776022e+01,-1.757935653555141897e+01,0.000000000000000000e+00
-2.212992679275470920e+01,-1.792046137254716598e+01,0.000000000000000000e+00
-2.176120321317558037e+01,-1.825981759014947059e+01,0.000000000000000000e+00
-2.139414197617050917e+01,-1.859764388684245517e+01,0.000000000000000000e+00
-2.102850961225814785e+01,-1.893415510043324090e+01,0.000000000000000000e+00
-2.066407622773221675e+01,-1.926956282345890870e+01,0.000000000000000000e+00
-2.030061489982735523e+01,-1.960407593044451602e+01,0.000000000000000000e+00
-1.993790106289456077e+01,-1.993790106289455366e+01,0.000000000000000000e+00
-1.957571201398657479e+01,-2.027124320451734008e+01,0.000000000000000000e+00
-1.921382633263285200e+01,-2.060430615896376239e+01,0.000000000000000000e+00
-1.885202331029815070e+01,-2.093729301826880373e+01,0.000000000000000000e+00
-1.849008247031636287e+01,-2.127040672076294570e+01,0.000000000000000000e+00
-1.812778299605450627e+01,-2.160385051131617828e+01,0.000000000000000000e+00
-1.776490316960506277e+01,-2.193782841026579433e+01,0.000000000000000000e+00
-1.740121988428242261e+01,-2.227254578083911341e+01,0.000000000000000000e+00
-1.703650805464515017e+01,-2.260820979241125528e+01,0.000000000000000000e+00
-1.667054003911385607e+01,-2.294502991432711170e+01,0.000000000000000000e+00
-1.630308512852282021e+01,-2.328321853004685948e+01,0.000000000000000000e+00
-1.593390888223282786e+01,-2.362299138463687243e+01,0.000000000000000000e+00
-1.556277238283218800e+01,-2.396456793214448666e+01,0.000000000000000000e+00
-1.518943302477362067e+01,-2.430817414610166693e+01,0.000000000000000000e+00
-1.481364279672206408e+01,-2.465404176545406045e+01,0.000000000000000000e+00
-1.443510377705258207e+01,-2.500233315438444492e+01,0.000000000000000000e+00
-1.405401485931668226e+01,-2.535411395950151103e+01,0.000000000000000000e+00
-1.366891715125905371e+01,-2.570749423899929198e+01,0.000000000000000000e+00
-1.327742678747687854e+01,-2.605841729917761285e+01,0.000000000000000000e+00
-1.287947617220980590e+01,-2.640683947341075211e+01,0.000000000000000000e+00
-1.247519851066224916e+01,-2.675314954084575092e+01,0.000000000000000000e+00
-1.206422171151695188e+01,-2.709668561260074426e+01,0.000000000000000000e+00
-1.164601706459645492e+01,-2.743629685405335294e+01,0.000000000000000000e+00
-1.122100016664589717e+01,-2.777294999464730196e+01,0.000000000000000000e+00
-1.078917483006331146e+01,-2.810676136686749516e+01,0.000000000000000000e+00
-1.035039606179918081e+01,-2.843747946220531375e+01,0.000000000000000000e+00
-9.904531573698958979e+00,-2.876484833462015800e+01,0.000000000000000000e+00
-9.451274106600198621e+00,-2.908803072321416749e+01,0.000000000000000000e+00
-8.990740016607261964e+00,-2.940738552542996587e+01,0.000000000000000000e+00
-8.522936632424592318e+00,-2.972301231585835168e+01,0.000000000000000000e+00
-8.047786930163809416e+00,-3.003474971186011899e+01,0.000000000000000000e+00
-7.565214074382089038e+00,-3.034241636764869554e+01,0.000000000000000000e+00
-7.075148434323911495e+00,-3.064583475025330372e+01,0.000000000000000000e+00
-6.577525163022672317e+00,-3.094482292780857335e+01,0.000000000000000000e+00
-6.072284975464721235e+00,-3.123919805664324301e+01,0.000000000000000000e+00
-5.559373918025631411e+00,-3.152877622975563909e+01,0.000000000000000000e+00
-5.038743336705680420e+00,-3.181337337418423772e+01,0.000000000000000000e+00
-4.510349727584757495e+00,-3.209280588902036158e+01,0.000000000000000000e+00
-3.974154542911431776e+00,-3.236689135577980636e+01,0.000000000000000000e+00
-3.430123934311599676e+00,-3.263544923419244981e+01,0.000000000000000000e+00
-2.878228434782189371e+00,-3.289830154885531499e+01,0.000000000000000000e+00
-2.318442581723006768e+00,-3.315527359657016149e+01,0.000000000000000000e+00
-1.750744467566901941e+00,-3.340619449092770310e+01,0.000000000000000000e+00
-1.175115264444086316e+00,-3.365089834924140177e+01,0.000000000000000000e+00
-5.915385799713456239e-01,-3.388922254967233982e+01,0.000000000000000000e+00
-6.267929324704610436e-15,-3.412101801688773861e+01,0.000000000000000000e+00
5.995136499186540791e-01,-3.434611400095698031e+01,0.000000000000000000e+00
1.207016318909595487e+00,-3.456442502490730817e+01,0.000000000000000000e+00
1.822476572912450798e+00,-3.477492459792486557e+01,0.000000000000000000e+00
2.445849749023553787e+00,-3.497728097484851162e+01,0.000000000000000000e+00
3.077174876646329604e+00,-3.517226978481084387e+01,0.000000000000000000e+00
3.716452688244271219e+00,-3.535968535283143410e+01,0.000000000000000000e+00
4.363705946851738737e+00,-3.553953294097338755e+01,0.000000000000000000e+00
5.018766696176268027e+00,-3.571038059368284223e+01,0.000000000000000000e+00
5.681527172448912033e+00,-3.587175079071678141e+01,0.000000000000000000e+00
6.352181257963019689e+00,-3.602501008320210474e+01,0.000000000000000000e+00
7.030770116727257601e+00,-3.617017663937319583e+01,0.000000000000000000e+00
7.716771518514452310e+00,-3.630455563396884600e+01,0.000000000000000000e+00
8.410330214793109604e+00,-3.642914242013944914e+01,0.000000000000000000e+00
9.111384824046405484e+00,-3.654376853039321560e+01,0.000000000000000000e+00
9.817206826735798586e+00,-3.663831466579010510e+01,0.000000000000000000e+00
1.052659254453325133e+01,-3.671059088423324823e+01,0.000000000000000000e+00
1.124012613657562198e+01,-3.676479600591039798e+01,0.000000000000000000e+00
1.195544649563757211e+01,-3.679508085920335958e+01,0.000000000000000000e+00
1.267263265896261792e+01,-3.680399761694916805e+01,0.000000000000000000e+00
1.339221997555019783e+01,-3.679482197919327291e+01,0.000000000000000000e+00
1.411084949963811397e+01,-3.676001972504723625e+01,0.000000000000000000e+00
1.483018011354836929e+01,-3.670598383283936528e+01,0.000000000000000000e+00
1.554956510609087061e+01,-3.663247974271467911e+01,0.000000000000000000e+00
1.626590356294579109e+01,-3.653381756315590678e+01,0.000000000000000000e+00
1.698159987845209429e+01,-3.641715846066477269e+01,0.000000000000000000e+00
1.769456656883172485e+01,-3.627923781115627833e+01,0.000000000000000000e+00
1.840318816058952223e+01,-3.611829041876101343e+01,0.000000000000000000e+00
1.910931702187168924e+01,-3.593939825772727659e+01,0.000000000000000000e+00
1.981031919009192777e+01,-3.573876186609572869e+01,0.000000000000000000e+00
2.050543643289301343e+01,-3.551645773314461252e+01,0.000000000000000000e+00
2.119605918948029100e+01,-3.527616641573920475e+01,0.000000000000000000e+00
2.188007142169722741e+01,-3.501543379402639999e+01,0.000000000000000000e+00
2.255586644016146280e+01,-3.473298845968583493e+01,0.000000000000000000e+00
2.322510526207311088e+01,-3.443263455114944094e+01,0.000000000000000000e+00
2.388713764521368077e+01,-3.411436801478645009e+01,0.000000000000000000e+00
2.453864022208886553e+01,-3.377454075462986793e+01,0.000000000000000000e+00
2.518098391618963561e+01,-3.341629430928632161e+01,0.000000000000000000e+00
2.581408310278293783e+01,-3.304051966014375097e+01,0.000000000000000000e+00
2.643723674782649624e+01,-3.264726848653490521e+01,0.000000000000000000e+00
2.704975300580225905e+01,-3.223664032345087094e+01,0.000000000000000000e+00
2.764897960734829852e+01,-3.180651263219145264e+01,0.000000000000000000e+00
2.823660641219239764e+01,-3.135992845768714687e+01,0.000000000000000000e+00
2.881188720496742661e+01,-3.089696631536756044e+01,0.000000000000000000e+00
2.937430934452914499e+01,-3.041798777292152778e+01,0.000000000000000000e+00
2.992328105605604094e+01,-2.992328105605605515e+01,0.000000000000000000e+00
3.045827290684250954e+01,-2.941321224614826590e+01,0.000000000000000000e+00
3.097878223914657170e+01,-2.888818178817761151e+01,0.000000000000000000e+00
3.148435421596558470e+01,-2.834863986816115400e+01,0.000000000000000000e+00
3.197457452628167829e+01,-2.779507358301322739e+01,0.000000000000000000e+00
3.244911768745512148e+01,-2.722804268357176483e+01,0.000000000000000000e+00
3.290761230869193810e+01,-2.664805901815023859e+01,0.000000000000000000e+00
3.335005556332545495e+01,-2.605591905482655335e+01,0.000000000000000000e+00
3.377577551442010417e+01,-2.545187243425405299e+01,0.000000000000000000e+00
3.418204513832984048e+01,-2.483470948719553206e+01,0.000000000000000000e+00
3.457086951541202069e+01,-2.420678343715577796e+01,0.000000000000000000e+00
3.494333250017040626e+01,-2.356957537822168902e+01,0.000000000000000000e+00
3.529785314048923794e+01,-2.292269385300430073e+01,0.000000000000000000e+00
3.563182528621533862e+01,-2.226523557394377661e+01,0.000000000000000000e+00
3.594672981127772715e+01,-2.159897432642081228e+01,0.000000000000000000e+00
3.624363464494300757e+01,-2.092527221866831511e+01,0.000000000000000000e+00
3.652126003119173703e+01,-2.024406500574980683e+01,0.000000000000000000e+00
3.677890597749881607e+01,-1.955569119442686343e+01,0.000000000000000000e+00
3.701637780612650630e+01,-1.886078654032221991e+01,0.000000000000000000e+00
3.723361336712444825e+01,-1.816004662920808244e+01,0.000000000000000000e+00
3.743062351651155240e+01,-1.745418639526591065e+01,0.000000000000000000e+00
3.760733720117448087e+01,-1.674386530003371831e+01,0.000000000000000000e+00
3.776359085050572872e+01,-1.602969328568313756e+01,0.000000000000000000e+00
3.789923217595582372e+01,-1.531228373810178311e+01,0.000000000000000000e+00
3.801411907462924944e+01,-1.459225313630397025e+01,0.000000000000000000e+00
3.810812020068599537e+01,-1.387022143688827391e+01,0.000000000000000000e+00
3.818112109700821577e+01,-1.314681430005652452e+01,0.000000000000000000e+00
3.823302462975994587e+01,-1.242266274876683596e+01,0.000000000000000000e+00
3.826375118559705157e+01,-1.169840272513722823e+01,0.000000000000000000e+00
3.827323885819599525e+01,-1.097467464063239717e+01,0.000000000000000000e+00
3.826144362392456344e+01,-1.025212292027951300e+01,0.000000000000000000e+00
3.822830841974855076e+01,-9.531387790369061364e+00,0.000000000000000000e+00
3.817372881708489984e+01,-8.813099720518186686e+00,0.000000000000000000e+00
3.809782618350561023e+01,-8.097942940668115597e+00,0.000000000000000000e+00
3.800080246183437538e+01,-7.386607730012734407e+00,0.000000000000000000e+00
3.788288045794359959e+01,-6.679773931688907318e+00,0.000000000000000000e+00
3.774430341950273515e+01,-5.978110372537432049e+00,0.000000000000000000e+00
3.758533459967447499e+01,-5.282274297206940972e+00,0.000000000000000000e+00
3.740625680619306337e+01,-4.592910816969691723e+00,0.000000000000000000e+00
3.720733867915500070e+01,-3.910648878143609064e+00,0.000000000000000000e+00
3.698847217939403720e+01,-3.236071996841011433e+00,0.000000000000000000e+00
3.674930610067739423e+01,-2.569761816756580330e+00,0.000000000000000000e+00
3.648950029702712072e+01,-1.912333677715083224e+00,0.000000000000000000e+00
3.620913626421442189e+01,-1.264450900977909908e+00,0.000000000000000000e+00
3.590972615047981265e+01,-6.268066015111397604e-01,0.000000000000000000e+00
3.559311473722669206e+01,-8.717798806925829559e-15,0.000000000000000000e+00
