3.144543121291829735e+01,0.000000000000000000e+00,0.000000000000000000e+00
3.114394010906799437e+01,5.436194967243016540e-01,0.000000000000000000e+00
3.083792758814966817e+01,1.076884160908982535e+00,0.000000000000000000e+00
3.052760628405404830e+01,1.599884052174286531e+00,0.000000000000000000e+00
3.021319431294791258e+01,2.112712356934247193e+00,0.000000000000000000e+00
2.989491656060179992e+01,2.615466296106064181e+00,0.000000000000000000e+00
2.957299716906396014e+01,3.108247251968482505e+00,0.000000000000000000e+00
2.924766199376855980e+01,3.591161335341443106e+00,0.000000000000000000e+00
2.891913402621526430e+01,4.064319234914623102e+00,0.000000000000000000e+00
2.858763588784546528e+01,4.527836710298031697e+00,0.000000000000000000e+00
2.825338581120194448e+01,4.981834214880622724e+00,0.000000000000000000e+00
2.791659884538922043e+01,5.426437113640431242e+00,0.000000000000000000e+00
2.757748454364599056e+01,5.861775294105570744e+00,0.000000000000000000e+00
2.723624742461371540e+01,6.287983175968845373e+00,0.000000000000000000e+00
2.689308568980917258e+01,6.705199345330643546e+00,0.000000000000000000e+00
2.654819117471660306e+01,7.113566385772372769e+00,0.000000000000000000e+00
2.620174880285058094e+01,7.513230568028773426e+00,0.000000000000000000e+00
2.585393631962121574e+01,7.904341569386604149e+00,0.000000000000000000e+00
2.550492417676663592e+01,8.287052215958324197e+00,0.000000000000000000e+00
2.515487520303585356e+01,8.661518141260717840e+00,0.000000000000000000e+00
2.480394472504276493e+01,9.027897572299748319e+00,0.000000000000000000e+00
2.445228027167162566e+01,9.386350970900764423e+00,0.000000000000000000e+00
2.410002179382060206e+01,9.737040847902363794e+00,0.000000000000000000e+00
2.374730144918886054e+01,1.008013141811852265e+01,0.000000000000000000e+00
2.339424383661088314e+01,1.041578842716158881e+01,0.000000000000000000e+00
2.304096587427751430e+01,1.074417883846358635e+01,0.000000000000000000e+00
2.268757700536981403e+01,1.106547066111633271e+01,0.000000000000000000e+00
2.233417915836555778e+01,1.137983267475531513e+01,0.000000000000000000e+00
2.198086691181924834e+01,1.168743425311001616e+01,0.000000000000000000e+00
2.162772751192199294e+01,1.198844512221243441e+01,0.000000000000000000e+00
2.127484100310618587e+01,1.228303518010984163e+01,0.000000000000000000e+00
2.092228027505124999e+01,1.257137427753540848e+01,0.000000000000000000e+00
2.057011117332665151e+01,1.285363203757943751e+01,0.000000000000000000e+00
2.021839255325347651e+01,1.312997764633080955e+01,0.000000000000000000e+00
1.986717638408383380e+01,1.340057967667527272e+01,0.000000000000000000e+00
1.951650779662380941e+01,1.366560587872456445e+01,0.000000000000000000e+00
1.916642518960394881e+01,1.392522301008047947e+01,0.000000000000000000e+00
1.881696026780001674e+01,1.417959662042406066e+01,0.000000000000000000e+00
1.846813815384864199e+01,1.442889088794224683e+01,0.000000000000000000e+00
1.811997742099794451e+01,1.467326839737817679e+01,0.000000000000000000e+00
1.777249020983284922e+01,1.491288998017256340e+01,0.000000000000000000e+00
1.742568226359752970e+01,1.514791448914477634e+01,0.000000000000000000e+00
1.707955304773435756e+01,1.537849863897951685e+01,0.000000000000000000e+00
1.673409579621858967e+01,1.560479678284665717e+01,0.000000000000000000e+00
1.638929763215662661e+01,1.582696075034581007e+01,0.000000000000000000e+00
1.604513963168124491e+01,1.604513963168124135e+01,0.000000000000000000e+00
1.570159694490780566e+01,1.625947961137342901e+01,0.000000000000000000e+00
1.535863888131419941e+01,1.647012376488984131e+01,0.000000000000000000e+00
1.501622903247387342e+01,1.667721188900694429e+01,0.000000000000000000e+00
1.467432537881714438e+01,1.688088031307271919e+01,0.000000000000000000e+00
1.433288041410425251e+01,1.708126172573193102e+01,0.000000000000000000e+00
1.399184127486365625e+01,1.727848500501890072e+01,0.000000000000000000e+00
1.365114987592484574e+01,1.747267505350359329e+01,0.000000000000000000e+00
1.331074304844864642e+01,1.766395263436364615e+01,0.000000000000000000e+00
1.297055266430196774e+01,1.785243418566443907e+01,0.000000000000000000e+00
1.263050581708232833e+01,1.803823170681081223e+01,0.000000000000000000e+00
1.229052502442764805e+01,1.822145268374552884e+01,0.000000000000000000e+00
1.195052831294863616e+01,1.840219984818380183e+01,0.000000000000000000e+00
1.161042919036564669e+01,1.858057073032827589e+01,0.000000000000000000e+00
1.127013710458203199e+01,1.875665794643315110e+01,0.000000000000000000e+00
1.092955828243195526e+01,1.893055024945737586e+01,0.000000000000000000e+00
1.058859489987070290e+01,1.910233086059018248e+01,0.000000000000000000e+00
1.024714292039171681e+01,1.927207288456700240e+01,0.000000000000000000e+00
9.905095818841582300e+00,1.943984511209362864e+01,0.000000000000000000e+00
9.562352995772474884e+00,1.960572908176959217e+01,0.000000000000000000e+00
9.218806872680394449e+00,1.976979513730418958e+01,0.000000000000000000e+00
8.874312863884522784e+00,1.993203303541588056e+01,0.000000000000000000e+00
8.528705777187560955e+00,2.009237168260202466e+01,0.000000000000000000e+00
8.181768624160651981e+00,2.025058795935397171e+01,0.000000000000000000e+00
7.833300402336813129e+00,2.040644521858918026e+01,0.000000000000000000e+00
7.483205977895482697e+00,2.055993944939567797e+01,0.000000000000000000e+00
7.131412552890363798e+00,2.071112590929809727e+01,0.000000000000000000e+00
6.777825419174440036e+00,2.086000171044113571e+01,0.000000000000000000e+00
6.422347896730247641e+00,2.100655343483624193e+01,0.000000000000000000e+00
6.064893386137282683e+00,2.115079679517036126e+01,0.000000000000000000e+00
5.705373401723980997e+00,2.129274341138598103e+01,0.000000000000000000e+00
5.343692530188452139e+00,2.143238011475776261e+01,0.000000000000000000e+00
4.979755000939793952e+00,2.156968864641659778e+01,0.000000000000000000e+00
4.613466397863559720e+00,2.170465292445599559e+01,0.000000000000000000e+00
4.244731384418540365e+00,2.183724989042560338e+01,0.000000000000000000e+00
3.873453758505860378e+00,2.196744787974416013e+01,0.000000000000000000e+00
3.499539721661798719e+00,2.209522421830765282e+01,0.000000000000000000e+00
3.122896102693378584e+00,2.222056037525610606e+01,0.000000000000000000e+00
2.743421622794071979e+00,2.234337609403116431e+01,0.000000000000000000e+00
2.361014385367124824e+00,2.246355134404515752e+01,0.000000000000000000e+00
1.975578815318996817e+00,2.258096918732343639e+01,0.000000000000000000e+00
1.587027620226569180e+00,2.269555233704394936e+01,0.000000000000000000e+00
1.195282157121233979e+00,2.280734222043283665e+01,0.000000000000000000e+00
8.002576155658707169e-01,2.291637977092630507e+01,0.000000000000000000e+00
4.018619546866334935e-01,2.302265596485910493e+01,0.000000000000000000e+00
1.416054209536007434e-15,2.312592023303240651e+01,0.000000000000000000e+00
-4.054081355242926121e-01,2.322581652898448468e+01,0.000000000000000000e+00
-8.144340461489387728e-01,2.332233962775079661e+01,0.000000000000000000e+00
-1.227161154113190600e+00,2.341562971950408922e+01,0.000000000000000000e+00
-1.643689423514044901e+00,2.350585387536157000e+01,0.000000000000000000e+00
-2.064082954316766472e+00,2.359257612507877511e+01,0.000000000000000000e+00
-2.488356438257518288e+00,2.367513004559322454e+01,0.000000000000000000e+00
-2.916617455607267484e+00,2.375394295634342257e+01,0.000000000000000000e+00
-3.348977411416644401e+00,2.382921247414265409e+01,0.000000000000000000e+00
-3.785452429089337656e+00,2.390040600789313530e+01,0.000000000000000000e+00
-4.226080987120002241e+00,2.396729627048573974e+01,0.000000000000000000e+00
-4.670935029614524225e+00,2.402987756493980598e+01,0.000000000000000000e+00
-5.120106753766125784e+00,2.408820839751210130e+01,0.000000000000000000e+00
-5.573605350296516825e+00,2.414193710759045075e+01,0.000000000000000000e+00
-6.031422277570411161e+00,2.419071347298273622e+01,0.000000000000000000e+00
-6.493678559318913912e+00,2.423473831139884993e+01,0.000000000000000000e+00
-6.960412644875648702e+00,2.427384359283224669e+01,0.000000000000000000e+00
-7.431587719677055226e+00,2.430762815240028729e+01,0.000000000000000000e+00
-7.907195605963316609e+00,2.433584574169781334e+01,0.000000000000000000e+00
-8.387427375115148465e+00,2.435885781852539012e+01,0.000000000000000000e+00
-8.872279319883581650e+00,2.437638709047435626e+01,0.000000000000000000e+00
-9.361387826277248081e+00,2.438724905659254105e+01,0.000000000000000000e+00
-9.855136471481745986e+00,2.439231871918793004e+01,0.000000000000000000e+00
-1.035361808546932849e+01,2.439159566148850899e+01,0.000000000000000000e+00
-1.085649247769372749e+01,2.438408134051460507e+01,0.000000000000000000e+00
-1.136376080060659355e+01,2.436966367991608706e+01,0.000000000000000000e+00
-1.187569253557903970e+01,2.434877802711227091e+01,0.000000000000000000e+00
-1.239226235587612557e+01,2.432118428661849308e+01,0.000000000000000000e+00
-1.291310763139859752e+01,2.428602327223702062e+01,0.000000000000000000e+00
-1.343821511643585787e+01,2.424318181566062336e+01,0.000000000000000000e+00
-1.396777625937323997e+01,2.419289814998882093e+01,0.000000000000000000e+00
-1.450198423710373596e+01,2.413535481918237480e+01,0.000000000000000000e+00
-1.504054891244203951e+01,2.406990976031182328e+01,0.000000000000000000e+00
-1.558270636485067229e+01,2.399526357264404552e+01,0.000000000000000000e+00
-1.612909725653293336e+01,2.391237004988164827e+01,0.000000000000000000e+00
-1.667977647674168651e+01,2.382118952816264468e+01,0.000000000000000000e+00
-1.723474082196256063e+01,2.372158567135576135e+01,0.000000000000000000e+00
-1.779362908623520312e+01,2.361294333672272927e+01,0.000000000000000000e+00
-1.835380030135626228e+01,2.349179311466375353e+01,0.000000000000000000e+00
-1.891111210203144566e+01,2.335327856171424443e+01,0.000000000000000000e+00
-1.946440206420730590e+01,2.319677108771720953e+01,0.000000000000000000e+00
-2.001368560914426098e+01,2.302311163681333284e+01,0.000000000000000000e+00
-2.055789854295233710e+01,2.283185940039169637e+01,0.000000000000000000e+00
-2.109530083184482052e+01,2.262194054062804938e+01,0.000000000000000000e+00
-2.162587463157253964e+01,2.239424874322782344e+01,0.000000000000000000e+00
-2.215005144972956685e+01,2.215005144972957041e+01,0.000000000000000000e+00
-2.266748371625754288e+01,2.188973457791203714e+01,0.000000000000000000e+00
-2.317671399288903089e+01,2.161263544546686788e+01,0.000000000000000000e+00
-2.367617647450233065e+01,2.131812505115128431e+01,0.000000000000000000e+00
-2.416756455341271348e+01,2.100854335159920794e+01,0.000000000000000000e+00
-2.465016420559605237e+01,2.068394369337504557e+01,0.000000000000000000e+00
-2.512127108731667491e+01,2.034280422007241640e+01,0.000000000000000000e+00
-2.558273182191219419e+01,1.998742065923601174e+01,0.000000000000000000e+00
-2.603365419933379599e+01,1.961776556088359058e+01,0.000000000000000000e+00
-2.647214255466542099e+01,1.923313737338491336e+01,0.000000000000000000e+00
-2.689996161663897212e+01,1.883555590152245074e+01,0.000000000000000000e+00
-2.731627853220511071e+01,1.842506251841228959e+01,0.000000000000000000e+00
-2.771843018503944833e+01,1.800055903367970345e+01,0.000000000000000000e+00
-2.810707750723527809e+01,1.756325130601134532e+01,0.000000000000000000e+00
-2.848303943791475490e+01,1.711433670845188004e+01,0.000000000000000000e+00
-2.884552820459012779e+01,1.665397347383704840e+01,0.000000000000000000e+00
-2.919387291486192026e+01,1.618242800366979850e+01,0.000000000000000000e+00
-2.952778840069507638e+01,1.570020358875397903e+01,0.000000000000000000e+00
-2.984703302080504628e+01,1.520782291600075631e+01,0.000000000000000000e+00
-3.015138536004834435e+01,1.470581323050319256e+01,0.000000000000000000e+00
-3.044053534902184310e+01,1.419465475158683176e+01,0.000000000000000000e+00
-3.071401257969493770e+01,1.367475944140742783e+01,0.000000000000000000e+00
-3.097137116154715386e+01,1.314656708155718157e+01,0.000000000000000000e+00
-3.121234570809872366e+01,1.261060623590529239e+01,0.000000000000000000e+00
-3.143674351764047614e+01,1.206743521505492112e+01,0.000000000000000000e+00
-3.164437625909984675e+01,1.151761104023243121e+01,0.000000000000000000e+00
-3.183502995435966199e+01,1.096167988318966025e+01,0.000000000000000000e+00
-3.200849804224523609e+01,1.040019146075790424e+01,0.000000000000000000e+00
-3.216459178333885660e+01,9.833702564759811082e+00,0.000000000000000000e+00
-3.230320466317567707e+01,9.262794882388034168e+00,0.000000000000000000e+00
-3.242433379849884290e+01,8.688074056424932579e+00,0.000000000000000000e+00
-3.252800137548864967e+01,8.110141619430820015e+00,0.000000000000000000e+00
-3.261424868765642771e+01,7.529592599438517553e+00,0.000000000000000000e+00
-3.268313579017827664e+01,6.947014968154734404e+00,0.000000000000000000e+00
-3.273474113948560671e+01,6.362989102236408456e+00,0.000000000000000000e+00
-3.276916121853035690e+01,5.778087258012378769e+00,0.000000000000000000e+00
-3.278651014815070397e+01,5.192873060009581820e+00,0.000000000000000000e+00
-3.278341120350894755e+01,4.607407974932875128e+00,0.000000000000000000e+00
-3.276228881659039871e+01,4.022703246519195197e+00,0.000000000000000000e+00
-3.272284723389637406e+01,3.439309834234243635e+00,0.000000000000000000e+00
-3.266596602776073155e+01,2.857901710552023911e+00,0.000000000000000000e+00
-3.259092175508151001e+01,2.278979256633254735e+00,0.000000000000000000e+00
-3.249818398616091741e+01,1.703157653446385034e+00,0.000000000000000000e+00
-3.238751671862640791e+01,1.130997005741284145e+00,0.000000000000000000e+00
-3.225928761672575718e+01,5.630879598879912074e-01,0.000000000000000000e+00
-3.211340976522339474e+01,3.932758447868818816e-15,0.000000000000000000e+00
-3.205678893663068152e+01,-5.595533322790595676e-01,0.000000000000000000e+00
-3.167058614857400656e+01,-1.105961238562889193e+00,0.000000000000000000e+00
-3.126659037137359576e+01,-1.638612567116200402e+00,0.000000000000000000e+00
-3.085864587965891204e+01,-2.157846727258290631e+00,0.000000000000000000e+00
-3.045963995275105418e+01,-2.664873190947021797e+00,0.000000000000000000e+00
-3.007209442604942140e+01,-3.160704487487137282e+00,0.000000000000000000e+00
-2.969252045862599942e+01,-3.645783086612899293e+00,0.000000000000000000e+00
-2.932035143390910648e+01,-4.120706664289047971e+00,0.000000000000000000e+00
-2.895579896483317128e+01,-4.586148013194883966e+00,0.000000000000000000e+00
-2.859835714674991536e+01,-5.042661968908768166e+00,0.000000000000000000e+00
-2.824745240808940849e+01,-5.490748531437406932e+00,0.000000000000000000e+00
-2.790273043030948585e+01,-5.930908441472086956e+00,0.000000000000000000e+00
-2.756385690404480471e+01,-6.363617783880687107e+00,0.000000000000000000e+00
-2.723048075083601915e+01,-6.789321382065614863e+00,0.000000000000000000e+00
-2.690225570458521176e+01,-7.208437690619171612e+00,0.000000000000000000e+00
-2.657887469679711856e+01,-7.621369677968103495e+00,0.000000000000000000e+00
-2.626003584293038884e+01,-8.028498653387954320e+00,0.000000000000000000e+00
-2.594545894426732957e+01,-8.430190638794679003e+00,0.000000000000000000e+00
-2.563486563530618412e+01,-8.826792101206237362e+00,0.000000000000000000e+00
-2.532799864410288748e+01,-9.218637599988181108e+00,0.000000000000000000e+00
-2.502460546342521397e+01,-9.606046028359719102e+00,0.000000000000000000e+00
-2.472444635433178206e+01,-9.989324746404472322e+00,0.000000000000000000e+00
-2.442729093775978910e+01,-1.036876983130412455e+01,0.000000000000000000e+00
-2.413291300697853003e+01,-1.074466513076232488e+01,0.000000000000000000e+00
-2.384110088566790253e+01,-1.111728792183285819e+01,0.000000000000000000e+00
-2.355164125075224035e+01,-1.148690295220391455e+01,0.000000000000000000e+00
-2.326433513762368577e+01,-1.185377081818674050e+01,0.000000000000000000e+00
-2.297898340991039845e+01,-1.221814220904201065e+01,0.000000000000000000e+00
-2.269539395797749748e+01,-1.258026229719340527e+01,0.000000000000000000e+00
-2.241338130623065794e+01,-1.294037173060200097e+01,0.000000000000000000e+00
-2.213275835198025021e+01,-1.329870288415825819e+01,0.000000000000000000e+00
-2.185334878349062393e+01,-1.365548789138827068e+01,0.000000000000000000e+00
-2.157497289948964081e+01,-1.401095122395908277e+01,0.000000000000000000e+00
-2.129745703602367612e+01,-1.436531615788362615e+01,0.000000000000000000e+00
-2.102063009744163224e+01,-1.471880365214653885e+01,0.000000000000000000e+00
-2.074431846917891420e+01,-1.507162958234554218e+01,0.000000000000000000e+00
-2.046835619542519780e+01,-1.542401271000927743e+01,0.000000000000000000e+00
-2.019257224865881639e+01,-1.577616646007555445e+01,0.000000000000000000e+00
-1.991679925904978177e+01,-1.612830603232866622e+01,0.000000000000000000e+00
-1.964087008076412744e+01,-1.648064684077004927e+01,0.000000000000000000e+00
-1.936461352199171060e+01,-1.683340171760415416e+01,0.000000000000000000e+00
-1.908786413422776107e+01,-1.718679006346636129e+01,0.000000000000000000e+00
-1.881044967210429064e+01,-1.754102809627047677e+01,0.000000000000000000e+00
-1.853219753267407555e+01,-1.789633512981070851e+01,0.000000000000000000e+00
-1.825293191175077467e+01,-1.825293191175076757e+01,0.000000000000000000e+00
-1.797247400816583962e+01,-1.861104164926882731e+01,0.000000000000000000e+00
-1.769065581003794918e+01,-1.897090575050104633e+01,0.000000000000000000e+00
-1.740729886555893913e+01,-1.933276396946177300e+01,0.000000000000000000e+00
-1.712219803999012768e+01,-1.969683568738613744e+01,0.000000000000000000e+00
-1.683512778179063218e+01,-2.006332401573157043e+01,0.000000000000000000e+00
-1.654590905431532377e+01,-2.043249604346153347e+01,0.000000000000000000e+00
-1.625446189160139454e+01,-2.080476248395650174e+01,0.000000000000000000e+00
-1.596063234500128303e+01,-2.118047450322117342e+01,0.000000000000000000e+00
-1.566387020394708784e+01,-2.155946775331987908e+01,0.000000000000000000e+00
-1.536348574639028364e+01,-2.194133154531815677e+01,0.000000000000000000e+00
-1.505856919031864471e+01,-2.232524692321493731e+01,0.000000000000000000e+00
-1.474803999301591517e+01,-2.270999007018148319e+01,0.000000000000000000e+00
-1.443120545860847059e+01,-2.309475639109682277e+01,0.000000000000000000e+00
-1.410800083363470137e+01,-2.347965632440222450e+01,0.000000000000000000e+00
-1.377836329310081886e+01,-2.386482526879261812e+01,0.000000000000000000e+00
-1.344207585865889776e+01,-2.425014677900179549e+01,0.000000000000000000e+00
-1.309891066398774484e+01,-2.463546795296905145e+01,0.000000000000000000e+00
-1.274868646745182588e+01,-2.502070599241228877e+01,0.000000000000000000e+00
-1.239123049928196885e+01,-2.540578749457233698e+01,0.000000000000000000e+00
-1.202636564467183611e+01,-2.579062435357716865e+01,0.000000000000000000e+00
-1.165391492094332193e+01,-2.617512147238975473e+01,0.000000000000000000e+00
-1.127370429484188108e+01,-2.655918293460064206e+01,0.000000000000000000e+00
-1.088557609496976397e+01,-2.694274628452234310e+01,0.000000000000000000e+00
-1.048939409138974987e+01,-2.732580584274317204e+01,0.000000000000000000e+00
-1.008496033759686483e+01,-2.770820080364286753e+01,0.000000000000000000e+00
-9.672025077090223633e+00,-2.808960043803876871e+01,0.000000000000000000e+00
-9.250329551336859524e+00,-2.846958697359518453e+01,0.000000000000000000e+00
-8.819744627890576893e+00,-2.884808481049728357e+01,0.000000000000000000e+00
-8.380379559985195570e+00,-2.922585672236152732e+01,0.000000000000000000e+00
-7.931861347730049694e+00,-2.960210954832031049e+01,0.000000000000000000e+00
-7.473726754631231373e+00,-2.997548076993166077e+01,0.000000000000000000e+00
-7.006261021262333522e+00,-3.034745058253523098e+01,0.000000000000000000e+00
-6.529264315236086524e+00,-3.071777349020284476e+01,0.000000000000000000e+00
-6.042281122089004697e+00,-3.108484161226461495e+01,0.000000000000000000e+00
-5.545350858608568245e+00,-3.144924750782822898e+01,0.000000000000000000e+00
-5.038474969809944248e+00,-3.181167897228979413e+01,0.000000000000000000e+00
-4.521383888754241909e+00,-3.217131802531761053e+01,0.000000000000000000e+00
-3.993719703502363050e+00,-3.252623680155131325e+01,0.000000000000000000e+00
-3.455596394322610898e+00,-3.287780350228281634e+01,0.000000000000000000e+00
-2.906914316992016190e+00,-3.322618268286448284e+01,0.000000000000000000e+00
-2.347498065412229273e+00,-3.357078637173706426e+01,0.000000000000000000e+00
-1.777005756614814080e+00,-3.390728973684684888e+01,0.000000000000000000e+00
-1.195194205501949103e+00,-3.422588399102710355e+01,0.000000000000000000e+00
-6.026788307457405791e-01,-3.452744708909446558e+01,0.000000000000000000e+00
-6.394907867744661664e-15,-3.481225700992343519e+01,0.000000000000000000e+00
6.123202741607695065e-01,-3.507980501240734128e+01,0.000000000000000000e+00
1.233743758425779324e+00,-3.532979875249654356e+01,0.000000000000000000e+00
1.863720839410070607e+00,-3.556191208455103947e+01,0.000000000000000000e+00
2.501692992812367677e+00,-3.577587656696454133e+01,0.000000000000000000e+00
3.147094010575720358e+00,-3.597144914258755932e+01,0.000000000000000000e+00
3.799351872289718379e+00,-3.614841840279748908e+01,0.000000000000000000e+00
4.457889946901002709e+00,-3.630660006534697004e+01,0.000000000000000000e+00
5.122128143058889194e+00,-3.644583550329327437e+01,0.000000000000000000e+00
5.791483814817641296e+00,-3.656598970802092907e+01,0.000000000000000000e+00
6.465372518477895625e+00,-3.666694962109973233e+01,0.000000000000000000e+00
7.143208624228446268e+00,-3.674862261468815205e+01,0.000000000000000000e+00
7.824405813318681346e+00,-3.681093517811729754e+01,0.000000000000000000e+00
8.508377482639740919e+00,-3.685383179535661213e+01,0.000000000000000000e+00
9.194537079750798370e+00,-3.687727401215289547e+01,0.000000000000000000e+00
9.882298389555199236e+00,-3.688123968537616548e+01,0.000000000000000000e+00
1.057107579281319509e+01,-3.686572240679369372e+01,0.000000000000000000e+00
1.126028451546963893e+01,-3.683073109230029729e+01,0.000000000000000000e+00
1.194934088671544004e+01,-3.677628972713927880e+01,0.000000000000000000e+00
1.263766262270252128e+01,-3.670243725724986916e+01,0.000000000000000000e+00
1.332466915193297297e+01,-3.660922761663938019e+01,0.000000000000000000e+00
1.400978199743764918e+01,-3.649672988026889442e+01,0.000000000000000000e+00
1.469242523020097657e+01,-3.636502853207233699e+01,0.000000000000000000e+00
1.537202600665445651e+01,-3.621422383528118871e+01,0.000000000000000000e+00
1.604801520517270674e+01,-3.604443229899195700e+01,0.000000000000000000e+00
1.671982816309030184e+01,-3.585578720547774623e+01,0.000000000000000000e+00
1.738690556287156852e+01,-3.564843926873201951e+01,0.000000000000000000e+00
1.804869432702692578e+01,-3.542255709687427156e+01,0.000000000000000000e+00
1.870464908937544024e+01,-3.517832856740459846e+01,0.000000000000000000e+00
1.935423218948079693e+01,-3.491595913643474347e+01,0.000000000000000000e+00
1.999691945058530962e+01,-3.463568048327606874e+01,0.000000000000000000e+00
2.063218750691494208e+01,-3.433772634376722266e+01,0.000000000000000000e+00
2.125955682696160309e+01,-3.402240286229707067e+01,0.000000000000000000e+00
2.187849611317635379e+01,-3.368992962563383742e+01,0.000000000000000000e+00
2.248798005284616153e+01,-3.333980148704277724e+01,0.000000000000000000e+00
2.308761494270349957e+01,-3.297253126085146135e+01,0.000000000000000000e+00
2.367726178056648223e+01,-3.258895504103482921e+01,0.000000000000000000e+00
2.425654868473753112e+01,-3.218952732246433612e+01,0.000000000000000000e+00
2.482501799857087832e+01,-3.177457405631334808e+01,0.000000000000000000e+00
2.538243550962986106e+01,-3.134469743677622233e+01,0.000000000000000000e+00
2.592819089852073233e+01,-3.090001465278058745e+01,0.000000000000000000e+00
2.646098568635651205e+01,-3.043988195751189352e+01,0.000000000000000000e+00
2.698033190288049354e+01,-2.996469426558444127e+01,0.000000000000000000e+00
2.748691070486874821e+01,-2.947610297514372135e+01,0.000000000000000000e+00
2.798061422166502510e+01,-2.897477422501365751e+01,0.000000000000000000e+00
2.846012212875420033e+01,-2.846012212875421099e+01,0.000000000000000000e+00
2.892414337924858714e+01,-2.793172058225073329e+01,0.000000000000000000e+00
2.937402983415543645e+01,-2.739172596100769042e+01,0.000000000000000000e+00
2.980969846697860248e+01,-2.684077305896664711e+01,0.000000000000000000e+00
3.022854011401743080e+01,-2.627726902466116599e+01,0.000000000000000000e+00
3.063110051777847076e+01,-2.570254514702212489e+01,0.000000000000000000e+00
3.101817403798583683e+01,-2.511802207482485372e+01,0.000000000000000000e+00
3.138907305599069630e+01,-2.452383160801480244e+01,0.000000000000000000e+00
3.174317360849387271e+01,-2.392019703579668644e+01,0.000000000000000000e+00
3.208002650827031488e+01,-2.330750355779771255e+01,0.000000000000000000e+00
3.239930512249082994e+01,-2.268623767952457015e+01,0.000000000000000000e+00
3.270077042257307198e+01,-2.205694815733443903e+01,0.000000000000000000e+00
3.298437719193688622e+01,-2.142030500533459048e+01,0.000000000000000000e+00
3.325018367962621824e+01,-2.077702072675413802e+01,0.000000000000000000e+00
3.349798710488499864e+01,-2.012762126801844786e+01,0.000000000000000000e+00
3.372729213574339013e+01,-1.947246119360861627e+01,0.000000000000000000e+00
3.393763435517603710e+01,-1.881193790796852383e+01,0.000000000000000000e+00
3.412887103018581314e+01,-1.814664261870800743e+01,0.000000000000000000e+00
3.430101855675116695e+01,-1.747724189824538854e+01,0.000000000000000000e+00
3.445411504682743242e+01,-1.680439471853515698e+01,0.000000000000000000e+00
3.458813815864583319e+01,-1.612871370469967047e+01,0.000000000000000000e+00
3.470295523108914892e+01,-1.545075113385880883e+01,0.000000000000000000e+00
3.479843718677292941e+01,-1.477106022923691953e+01,0.000000000000000000e+00
3.487446966676340310e+01,-1.409020035746508981e+01,0.000000000000000000e+00
3.493095325982282162e+01,-1.340873666594912095e+01,0.000000000000000000e+00
3.496780372324819552e+01,-1.272723971292522371e+01,0.000000000000000000e+00
3.498495219509294429e+01,-1.204628509038938944e+01,0.000000000000000000e+00
3.498234539756541039e+01,-1.136645304009157087e+01,0.000000000000000000e+00
3.495991623457047837e+01,-1.068831901413293473e+01,0.000000000000000000e+00
3.491755489788548061e+01,-1.001244774894851730e+01,0.000000000000000000e+00
3.485538111220758140e+01,-9.339471220895026349e+00,0.000000000000000000e+00
3.477359493007941182e+01,-8.670030975594459122e+00,0.000000000000000000e+00
3.467241602346247475e+01,-8.004757969289784114e+00,0.000000000000000000e+00
3.455208325213024523e+01,-7.344272014609179777e+00,0.000000000000000000e+00
3.441285421744893114e+01,-6.689181241098957287e+00,0.000000000000000000e+00
3.425500480199435316e+01,-6.040081570889634932e+00,0.000000000000000000e+00
3.407878992755991021e+01,-5.397550069614029944e+00,0.000000000000000000e+00
3.388396617152508838e+01,-4.762080888773745357e+00,0.000000000000000000e+00
3.366993582210263725e+01,-4.134148285545840906e+00,0.000000000000000000e+00
3.343610577104072945e+01,-3.514276327327506166e+00,0.000000000000000000e+00
3.318302965800754123e+01,-2.903138916520183521e+00,0.000000000000000000e+00
3.291424281961569420e+01,-2.301588067910315782e+00,0.000000000000000000e+00
3.263375504784255554e+01,-1.710262631724182025e+00,0.000000000000000000e+00
3.234456170337866610e+01,-1.129496983555293044e+00,0.000000000000000000e+00
3.204847613045099308e+01,-5.594082317074551280e-01,0.000000000000000000e+00
3.174699367352949153e+01,-7.775770836967833625e-15,0.000000000000000000e+00
