1.950571198677108242e+01,0.000000000000000000e+00,0.000000000000000000e+00
1.910112680670781771e+01,3.334114086132023980e-01,0.000000000000000000e+00
1.871274110163979287e+01,6.534633185691165469e-01,0.000000000000000000e+00
1.833939325481166094e+01,9.611268738830641700e-01,0.000000000000000000e+00
1.798001605360217425e+01,1.257285201321537427e+00,0.000000000000000000e+00
1.763360619170015653e+01,1.542740638854305013e+00,0.000000000000000000e+00
1.729931131780555376e+01,1.818230886680814562e+00,0.000000000000000000e+00
1.697628441581305125e+01,2.084425627758427879e+00,0.000000000000000000e+00
1.666378149356463112e+01,2.341941760403836614e+00,0.000000000000000000e+00
1.636113994189956244e+01,2.591349992769178101e+00,0.000000000000000000e+00
1.606769244495692561e+01,2.833167695771468431e+00,0.000000000000000000e+00
1.578286324046493760e+01,3.067877835759907690e+00,0.000000000000000000e+00
1.550613485262724112e+01,3.295930709066141162e+00,0.000000000000000000e+00
1.523698141312991972e+01,3.517734337063130656e+00,0.000000000000000000e+00
1.497493116178018369e+01,3.733669679280764875e+00,0.000000000000000000e+00
1.471957993802955755e+01,3.944099557320374316e+00,0.000000000000000000e+00
1.447051934026120534e+01,4.149354650353489937e+00,0.000000000000000000e+00
1.422734760809621157e+01,4.349736679572496989e+00,0.000000000000000000e+00
1.398973211583855303e+01,4.545539509457996452e+00,0.000000000000000000e+00
1.375735890290514263e+01,4.737038556206655038e+00,0.000000000000000000e+00
1.352990808896522523e+01,4.924483816740859332e+00,0.000000000000000000e+00
1.330707193209596717e+01,5.108106326360884353e+00,0.000000000000000000e+00
1.308859702839296268e+01,5.288136458858857303e+00,0.000000000000000000e+00
1.287423780157045350e+01,5.464789724660364278e+00,0.000000000000000000e+00
1.266374440525394363e+01,5.638262272634544381e+00,0.000000000000000000e+00
1.245687078257830471e+01,5.808734242563513561e+00,0.000000000000000000e+00
1.225341152013871948e+01,5.976388119480004590e+00,0.000000000000000000e+00
1.205317387922778316e+01,6.141398838648044034e+00,0.000000000000000000e+00
1.185596173702950473e+01,6.303926676996196576e+00,0.000000000000000000e+00
1.166157655743982779e+01,6.464117439998319448e+00,0.000000000000000000e+00
1.146983704695528772e+01,6.622113506620775247e+00,0.000000000000000000e+00
1.128058796969696509e+01,6.778061070466968374e+00,0.000000000000000000e+00
1.109367336516099378e+01,6.932096485981917411e+00,0.000000000000000000e+00
1.090893465684015773e+01,7.084344999847476565e+00,0.000000000000000000e+00
1.072621211544611342e+01,7.234921425326826139e+00,0.000000000000000000e+00
1.054536350217839313e+01,7.383943017386854990e+00,0.000000000000000000e+00
1.036626160014246345e+01,7.531529908932402151e+00,0.000000000000000000e+00
1.018877708732593312e+01,7.677794239749005989e+00,0.000000000000000000e+00
1.001277822577392307e+01,7.822839709196598434e+00,0.000000000000000000e+00
9.838131689713922157e+00,7.966761958800149479e+00,0.000000000000000000e+00
9.664715791284598012e+00,8.109659455900139591e+00,0.000000000000000000e+00
9.492421223935380681e+00,8.251635879732301504e+00,0.000000000000000000e+00
9.321136595538117575e+00,8.392789088075121029e+00,0.000000000000000000e+00
9.150747883602544874e+00,8.533210450901652422e+00,0.000000000000000000e+00
8.981138707523234288e+00,8.672984834840498536e+00,0.000000000000000000e+00
8.812197047932313509e+00,8.812197047932311733e+00,0.000000000000000000e+00
8.643823251868434809e+00,8.950941004357540365e+00,0.000000000000000000e+00
8.475916493397162910e+00,9.089307636301246163e+00,0.000000000000000000e+00
8.308372773323418059e+00,9.227382779919116373e+00,0.000000000000000000e+00
8.141085096207534733e+00,9.365247095174959568e+00,0.000000000000000000e+00
7.973945361285726285e+00,9.502978031462198771e+00,0.000000000000000000e+00
7.806855096065262067e+00,9.640663159612168798e+00,0.000000000000000000e+00
7.639717595080880663e+00,9.778392608142004505e+00,0.000000000000000000e+00
7.472432147359370447e+00,9.916252386063133528e+00,0.000000000000000000e+00
7.304894136564874074e+00,1.005432422052377639e+01,0.000000000000000000e+00
7.136995350166682961e+00,1.019268568346828907e+01,0.000000000000000000e+00
6.968631191409563108e+00,1.033142060834425457e+01,0.000000000000000000e+00
6.799702301785839786e+00,1.047062333888938923e+01,0.000000000000000000e+00
6.630104788183156295e+00,1.061038562368990590e+01,0.000000000000000000e+00
6.459729595671487523e+00,1.075079542760846607e+01,0.000000000000000000e+00
6.288462608015587207e+00,1.089193673858008182e+01,0.000000000000000000e+00
6.116188061032810985e+00,1.103389534232412217e+01,0.000000000000000000e+00
5.942796049624316623e+00,1.117677380868408399e+01,0.000000000000000000e+00
5.768172381405084259e+00,1.132067571331027978e+01,0.000000000000000000e+00
5.592196005632703582e+00,1.146570095321312444e+01,0.000000000000000000e+00
5.414739097580889116e+00,1.161194546751589840e+01,0.000000000000000000e+00
5.235669026136023696e+00,1.175950516869278317e+01,0.000000000000000000e+00
5.054857049706559913e+00,1.190849693945207832e+01,0.000000000000000000e+00
4.872169701996674540e+00,1.205904317702516337e+01,0.000000000000000000e+00
4.687464403276518254e+00,1.221126225811711130e+01,0.000000000000000000e+00
4.500589539466796296e+00,1.236526813391869517e+01,0.000000000000000000e+00
4.311386779545910208e+00,1.252117638302496339e+01,0.000000000000000000e+00
4.119699223938881438e+00,1.267913047963036099e+01,0.000000000000000000e+00
3.925361724027561561e+00,1.283927967353296928e+01,0.000000000000000000e+00
3.728197039737543239e+00,1.300176820586562698e+01,0.000000000000000000e+00
3.528015998484633098e+00,1.316673495626049295e+01,0.000000000000000000e+00
3.324622709196030090e+00,1.333433337324372658e+01,0.000000000000000000e+00
3.117817194276182757e+00,1.350474995743560669e+01,0.000000000000000000e+00
2.907384652306854722e+00,1.367816937507836705e+01,0.000000000000000000e+00
2.693094361028871564e+00,1.385476941041807208e+01,0.000000000000000000e+00
2.474701716992755429e+00,1.403473085655773644e+01,0.000000000000000000e+00
2.251954534699925681e+00,1.421828135444098429e+01,0.000000000000000000e+00
2.024583196779273564e+00,1.440565797881107102e+01,0.000000000000000000e+00
1.792297128427993824e+00,1.459708871578165379e+01,0.000000000000000000e+00
1.554786409778380118e+00,1.479280455110377090e+01,0.000000000000000000e+00
1.311725927570426276e+00,1.499309595901811498e+01,0.000000000000000000e+00
1.062766255789958647e+00,1.519826553294755200e+01,0.000000000000000000e+00
8.075306924382166240e-01,1.540860352194938265e+01,0.000000000000000000e+00
5.456169884912465129e-01,1.562442627789693539e+01,0.000000000000000000e+00
2.765950538678360604e-01,1.584612002334608682e+01,0.000000000000000000e+00
9.842526439581856058e-16,1.607406551249651017e+01,0.000000000000000000e+00
-2.846684244929848506e-01,1.630864311669187217e+01,0.000000000000000000e+00
-5.779500458971957855e-01,1.655032389918480362e+01,0.000000000000000000e+00
-8.804297327443950660e-01,1.679960007443581560e+01,0.000000000000000000e+00
-1.192738631751182776e+00,1.705695710416088673e+01,0.000000000000000000e+00
-1.515564911686424043e+00,1.732298620880569473e+01,0.000000000000000000e+00
-1.849657070326540698e+00,1.759831148241631027e+01,0.000000000000000000e+00
-2.195826026809871934e+00,1.788356785790264425e+01,0.000000000000000000e+00
-2.554966216879435592e+00,1.817952926129847668e+01,0.000000000000000000e+00
-2.928049879019528845e+00,1.848697935870363196e+01,0.000000000000000000e+00
-3.316145278461164914e+00,1.880679442894791720e+01,0.000000000000000000e+00
-3.720430730134736574e+00,1.913995685385401302e+01,0.000000000000000000e+00
-4.142197057011925310e+00,1.948750499381134205e+01,0.000000000000000000e+00
-4.582892343199838514e+00,1.985068761901167989e+01,0.000000000000000000e+00
-5.044099396514565292e+00,2.023077768640027330e+01,0.000000000000000000e+00
-5.527564167611641821e+00,2.062915031562381074e+01,0.000000000000000000e+00
-6.035252153234309525e+00,2.104742553141128525e+01,0.000000000000000000e+00
-6.569524311142842521e+00,2.148794579529679538e+01,0.000000000000000000e+00
-7.132669514319289306e+00,2.195209954033229138e+01,0.000000000000000000e+00
-7.726150364304031903e+00,2.243836993057079354e+01,0.000000000000000000e+00
-8.346941139782730446e+00,2.293303230306987928e+01,0.000000000000000000e+00
-8.990844922787177396e+00,2.342195179071066491e+01,0.000000000000000000e+00
-9.657384537223196119e+00,2.390286550646695218e+01,0.000000000000000000e+00
-1.034775820776391697e+01,2.437779065473277740e+01,0.000000000000000000e+00
-1.106289407664814917e+01,2.484766692195886861e+01,0.000000000000000000e+00
-1.180193925230948082e+01,2.530934040201109880e+01,0.000000000000000000e+00
-1.256305068992733887e+01,2.575807109151344321e+01,0.000000000000000000e+00
-1.334830622682108903e+01,2.619752603145888870e+01,0.000000000000000000e+00
-1.415793767024511141e+01,2.662720807115376331e+01,0.000000000000000000e+00
-1.499193543008800233e+01,2.704616745982439241e+01,0.000000000000000000e+00
-1.584808134203915131e+01,2.744968208689618194e+01,0.000000000000000000e+00
-1.671987877293226177e+01,2.782655118917911352e+01,0.000000000000000000e+00
-1.760202718295885660e+01,2.816913188200823726e+01,0.000000000000000000e+00
-1.849295033232249708e+01,2.847664629430665428e+01,0.000000000000000000e+00
-1.939150031930300955e+01,2.874908149430099158e+01,0.000000000000000000e+00
-2.029650166080519469e+01,2.898640839071694586e+01,0.000000000000000000e+00
-2.120679953660235739e+01,2.918865547323595422e+01,0.000000000000000000e+00
-2.212124422280986735e+01,2.935588259368023500e+01,0.000000000000000000e+00
-2.303869363733900855e+01,2.948818313777199052e+01,0.000000000000000000e+00
-2.395801166606738875e+01,2.958568048266022288e+01,0.000000000000000000e+00
-2.487806831161987375e+01,2.964852728717715280e+01,0.000000000000000000e+00
-2.579773998270267299e+01,2.967690505380343780e+01,0.000000000000000000e+00
-2.671591034796486142e+01,2.967102437750451216e+01,0.000000000000000000e+00
-2.763147160738989427e+01,2.963112556370035122e+01,0.000000000000000000e+00
-2.854332619118866887e+01,2.955747952738817830e+01,0.000000000000000000e+00
-2.945038886217528074e+01,2.945038886217528784e+01,0.000000000000000000e+00
-3.035158918284111351e+01,2.931018897142546109e+01,0.000000000000000000e+00
-3.124587440735082211e+01,2.913724926441731711e+01,0.000000000000000000e+00
-3.213221246650984142e+01,2.893197405708295378e+01,0.000000000000000000e+00
-3.300959617129060319e+01,2.869480417237221559e+01,0.000000000000000000e+00
-3.387704438500858828e+01,2.842621544883706619e+01,0.000000000000000000e+00
-3.473361507442279361e+01,2.812672690240898632e+01,0.000000000000000000e+00
-3.557837966272357022e+01,2.779687664488484344e+01,0.000000000000000000e+00
-3.641051668644809070e+01,2.743729231540831748e+01,0.000000000000000000e+00
-3.722909197589380170e+01,2.704851859950998616e+01,0.000000000000000000e+00
-3.803213355785981520e+01,2.663038661141190389e+01,0.000000000000000000e+00
-3.881776938326056836e+01,2.618291605383444676e+01,0.000000000000000000e+00
-3.958705633185989825e+01,2.570813497424741811e+01,0.000000000000000000e+00
-4.033961098543434076e+01,2.520698657274275334e+01,0.000000000000000000e+00
-4.107507259294071389e+01,2.468039354479634895e+01,0.000000000000000000e+00
-4.179216289413215435e+01,2.412871649694388054e+01,0.000000000000000000e+00
-4.248781827805550648e+01,2.355138224800657198e+01,0.000000000000000000e+00
-4.316129220727749072e+01,2.294926614930652065e+01,0.000000000000000000e+00
-4.381583294663961681e+01,2.232528197710936269e+01,0.000000000000000000e+00
-4.444942514266765698e+01,2.167943318509777129e+01,0.000000000000000000e+00
-4.505621853187719950e+01,2.101005974891950601e+01,0.000000000000000000e+00
-4.564177100186121550e+01,2.032102569831195282e+01,0.000000000000000000e+00
-4.620562693569507928e+01,1.961312500137873016e+01,0.000000000000000000e+00
-4.674157009519231565e+01,1.888482015516999368e+01,0.000000000000000000e+00
-4.725105690371034939e+01,1.813798136274629158e+01,0.000000000000000000e+00
-4.773614965618247652e+01,1.737453757332723825e+01,0.000000000000000000e+00
-4.819566148800316796e+01,1.659509709108075981e+01,0.000000000000000000e+00
-4.862837549340360255e+01,1.580031699361640918e+01,0.000000000000000000e+00
-4.903359591146435292e+01,1.499107469238057178e+01,0.000000000000000000e+00
-4.941080783161915946e+01,1.416832115233196454e+01,0.000000000000000000e+00
-4.975975794977149747e+01,1.333308695820942624e+01,0.000000000000000000e+00
-5.008022065963488956e+01,1.248640139901256596e+01,0.000000000000000000e+00
-5.037170794801294704e+01,1.162922509786291059e+01,0.000000000000000000e+00
-5.063360561290214434e+01,1.076250511403441124e+01,0.000000000000000000e+00
-5.086534270101435595e+01,9.887221038619173896e+00,0.000000000000000000e+00
-5.106675770862066344e+01,9.004447201331807094e+00,0.000000000000000000e+00
-5.123808886438593646e+01,8.115316028084629707e+00,0.000000000000000000e+00
-5.137962639831748390e+01,7.220935580716558277e+00,0.000000000000000000e+00
-5.149169666911455323e+01,6.322385365662788637e+00,0.000000000000000000e+00
-5.157466081700060556e+01,5.420715284257511257e+00,0.000000000000000000e+00
-5.162891338862364421e+01,4.516944631666367727e+00,0.000000000000000000e+00
-5.165488093553800297e+01,3.612061145143798502e+00,0.000000000000000000e+00
-5.164481928638689112e+01,2.706590290273512167e+00,0.000000000000000000e+00
-5.160403756749850146e+01,1.802052700738114410e+00,0.000000000000000000e+00
-5.153258168139767292e+01,8.995045591674687424e-01,0.000000000000000000e+00
-5.143049227280722846e+01,6.298418774046606102e-15,0.000000000000000000e+00
-5.129697722317902731e+01,-8.953920680518947517e-01,0.000000000000000000e+00
-5.053624108634938494e+01,-1.764764425955793969e+00,0.000000000000000000e+00
-4.968310229937073785e+01,-2.603781059402165088e+00,0.000000000000000000e+00
-4.885206619202604372e+01,-3.416069245661726317e+00,0.000000000000000000e+00
-4.804950980374787406e+01,-4.203787395805673732e+00,0.000000000000000000e+00
-4.726901846768390669e+01,-4.968174037805056287e+00,0.000000000000000000e+00
-4.651138423912180997e+01,-5.710879890786839219e+00,0.000000000000000000e+00
-4.577433625648178150e+01,-6.433163425433892968e+00,0.000000000000000000e+00
-4.505687801527669478e+01,-7.136308407220496974e+00,0.000000000000000000e+00
-4.435776537412575493e+01,-7.821470839394092600e+00,0.000000000000000000e+00
-4.367588974911725330e+01,-8.489732951298318397e+00,0.000000000000000000e+00
-4.301023164940133370e+01,-9.142106956027920006e+00,0.000000000000000000e+00
-4.235982139370005228e+01,-9.779535341565459561e+00,0.000000000000000000e+00
-4.172375892157191402e+01,-1.040290148302585749e+01,0.000000000000000000e+00
-4.110120147014874448e+01,-1.101303374187523154e+01,0.000000000000000000e+00
-4.049135437127748105e+01,-1.161070902908854663e+01,0.000000000000000000e+00
-3.989347105861851617e+01,-1.219665809250278343e+01,0.000000000000000000e+00
-3.930685115718602418e+01,-1.277157013786493955e+01,0.000000000000000000e+00
-3.873082993029427001e+01,-1.333609423062616450e+01,0.000000000000000000e+00
-3.816478154585644944e+01,-1.389084447996380511e+01,0.000000000000000000e+00
-3.760811369922334535e+01,-1.443640227465457748e+01,0.000000000000000000e+00
-3.706026120561192982e+01,-1.497331746336846514e+01,0.000000000000000000e+00
-3.652069759404162141e+01,-1.550211639907735872e+01,0.000000000000000000e+00
-3.598890823816685014e+01,-1.602329430056856907e+01,0.000000000000000000e+00
-3.546439264600783048e+01,-1.653731788264925484e+01,0.000000000000000000e+00
-3.494672820807448232e+01,-1.704465821083178056e+01,0.000000000000000000e+00
-3.443550957117884082e+01,-1.754576849282459960e+01,0.000000000000000000e+00
-3.393012342277204851e+01,-1.804096664132595862e+01,0.000000000000000000e+00
-3.343013301167930962e+01,-1.853062531964385329e+01,0.000000000000000000e+00
-3.293595716679993757e+01,-1.901558373626993159e+01,0.000000000000000000e+00
-3.244688464880751866e+01,-1.949605519559833056e+01,0.000000000000000000e+00
-3.195940015750910135e+01,-1.997044966383356268e+01,0.000000000000000000e+00
-3.146939010071151444e+01,-2.043646088469662914e+01,0.000000000000000000e+00
-3.097243846560973779e+01,-2.089117353243173980e+01,0.000000000000000000e+00
-3.046682072148199794e+01,-2.133309753446548385e+01,0.000000000000000000e+00
-2.995370098923582702e+01,-2.176263763983607546e+01,0.000000000000000000e+00
-2.943349176389779132e+01,-2.217972692735241935e+01,0.000000000000000000e+00
-2.890600006275064615e+01,-2.258384236882934459e+01,0.000000000000000000e+00
-2.837106244035959079e+01,-2.297443336898177790e+01,0.000000000000000000e+00
-2.782925602185933656e+01,-2.335151846388026442e+01,0.000000000000000000e+00
-2.728302886773531100e+01,-2.371677516217955528e+01,0.000000000000000000e+00
-2.673631607723797288e+01,-2.407348712557043058e+01,0.000000000000000000e+00
-2.619380062345256732e+01,-2.442611424465160042e+01,0.000000000000000000e+00
-2.565628549334871167e+01,-2.477598690417242722e+01,0.000000000000000000e+00
-2.512296739380675348e+01,-2.512296739380674282e+01,0.000000000000000000e+00
-2.459353586431179650e+01,-2.546735191079041982e+01,0.000000000000000000e+00
-2.406770022884944282e+01,-2.580944864767202418e+01,0.000000000000000000e+00
-2.354507794318061542e+01,-2.614945822632518713e+01,0.000000000000000000e+00
-2.302531558337402373e+01,-2.648759561340706625e+01,0.000000000000000000e+00
-2.250808263122912933e+01,-2.682408833817464000e+01,0.000000000000000000e+00
-2.199304897867218500e+01,-2.715915364729837478e+01,0.000000000000000000e+00
-2.147988588079356020e+01,-2.749300019358399183e+01,0.000000000000000000e+00
-2.096827323942238763e+01,-2.782583842069729840e+01,0.000000000000000000e+00
-2.045789333986323655e+01,-2.815787452391538537e+01,0.000000000000000000e+00
-1.994843188607398332e+01,-2.848931323572737639e+01,0.000000000000000000e+00
-1.943957673915162587e+01,-2.882035771787439060e+01,0.000000000000000000e+00
-1.893101682751115078e+01,-2.915120954206872739e+01,0.000000000000000000e+00
-1.842244283592797416e+01,-2.948207137962046076e+01,0.000000000000000000e+00
-1.791354392195400180e+01,-2.981314360549286135e+01,0.000000000000000000e+00
-1.740401014831117621e+01,-3.014462983231927495e+01,0.000000000000000000e+00
-1.689352836768335919e+01,-3.047673193033330818e+01,0.000000000000000000e+00
-1.638178452703831667e+01,-3.080965570960200850e+01,0.000000000000000000e+00
-1.586846047477828314e+01,-3.114360723399309094e+01,0.000000000000000000e+00
-1.535323462352694612e+01,-3.147879592928552839e+01,0.000000000000000000e+00
-1.483578078010191881e+01,-3.181543455409128995e+01,0.000000000000000000e+00
-1.431576654017193206e+01,-3.215373809585370424e+01,0.000000000000000000e+00
-1.379285414314729863e+01,-3.249392806459550798e+01,0.000000000000000000e+00
-1.326669719589507856e+01,-3.283622781781472355e+01,0.000000000000000000e+00
-1.273694228329030409e+01,-3.318086905983562218e+01,0.000000000000000000e+00
-1.220322576803973469e+01,-3.352808724219598702e+01,0.000000000000000000e+00
-1.166517412009553212e+01,-3.387812556956394872e+01,0.000000000000000000e+00
-1.112240254320694177e+01,-3.423123520106415896e+01,0.000000000000000000e+00
-1.057451296752853587e+01,-3.458767342903516351e+01,0.000000000000000000e+00
-1.002109444952443162e+01,-3.494770952636550021e+01,0.000000000000000000e+00
-9.461720020847305790e+00,-3.531161984479381744e+01,0.000000000000000000e+00
-8.895946598051917675e+00,-3.567969300121968246e+01,0.000000000000000000e+00
-8.323313095870835454e+00,-3.605222986887785197e+01,0.000000000000000000e+00
-7.743338155740806528e+00,-3.642954183537148083e+01,0.000000000000000000e+00
-7.155519607375895319e+00,-3.681195713247999635e+01,0.000000000000000000e+00
-6.559331534986387879e+00,-3.719981768321342486e+01,0.000000000000000000e+00
-5.954222456713501366e+00,-3.759348105478698443e+01,0.000000000000000000e+00
-5.339613647602072355e+00,-3.799332527737718834e+01,0.000000000000000000e+00
-4.714895979172516682e+00,-3.839974622624556133e+01,0.000000000000000000e+00
-4.079427546724692988e+00,-3.881316044413390642e+01,0.000000000000000000e+00
-3.432531077596688629e+00,-3.923400974778387251e+01,0.000000000000000000e+00
-2.773490374480238607e+00,-3.966276021164471643e+01,0.000000000000000000e+00
-2.101546929887750270e+00,-4.009990422486337280e+01,0.000000000000000000e+00
-1.415896301061563500e+00,-4.054596509954249939e+01,0.000000000000000000e+00
-7.156838628919863776e-01,-4.100150104483562785e+01,0.000000000000000000e+00
-7.617382721265083060e-15,-4.146710015529158966e+01,0.000000000000000000e+00
7.321246955671993906e-01,-4.194339571797718946e+01,0.000000000000000000e+00
1.481725707316439156e+00,-4.243107265052044141e+01,0.000000000000000000e+00
2.249906573334564897e+00,-4.293077486041492818e+01,0.000000000000000000e+00
3.037869748134788495e+00,-4.344356139943718631e+01,0.000000000000000000e+00
3.846806459458355754e+00,-4.396919903020933873e+01,0.000000000000000000e+00
4.677411344641796198e+00,-4.450259623523757568e+01,0.000000000000000000e+00
5.530097013046580301e+00,-4.503902585455881535e+01,0.000000000000000000e+00
6.404794987363755077e+00,-4.557248433116620845e+01,0.000000000000000000e+00
7.297874577492916792e+00,-4.607696666755445136e+01,0.000000000000000000e+00
8.205970404165586984e+00,-4.653837076546538043e+01,0.000000000000000000e+00
9.127240580133225478e+00,-4.695558218125149352e+01,0.000000000000000000e+00
1.005996291411074317e+01,-4.732840442596198471e+01,0.000000000000000000e+00
1.100243725950290674e+01,-4.765679154786194260e+01,0.000000000000000000e+00
1.195296570755012411e+01,-4.794072695904988279e+01,0.000000000000000000e+00
1.290985741684633403e+01,-4.818024379814051628e+01,0.000000000000000000e+00
1.387142544124930765e+01,-4.837540944047504610e+01,0.000000000000000000e+00
1.483598621905411896e+01,-4.852632437238779062e+01,0.000000000000000000e+00
1.580185845056572980e+01,-4.863311961007983086e+01,0.000000000000000000e+00
1.676736259230027315e+01,-4.869595683049319490e+01,0.000000000000000000e+00
1.773082071058324516e+01,-4.871502953072578634e+01,0.000000000000000000e+00
1.869055688642335511e+01,-4.869056535785890105e+01,0.000000000000000000e+00
1.964489822624655702e+01,-4.862282933648397432e+01,0.000000000000000000e+00
2.059217658035914766e+01,-4.851212791429961158e+01,0.000000000000000000e+00
2.153073107116280838e+01,-4.835881375487384304e+01,0.000000000000000000e+00
2.245891155154007279e+01,-4.816329124938972939e+01,0.000000000000000000e+00
2.337508311668474548e+01,-4.792602271137408820e+01,0.000000000000000000e+00
2.427763182771487749e+01,-4.764753527385943954e+01,0.000000000000000000e+00
2.516497169477623075e+01,-4.732842826605703834e+01,0.000000000000000000e+00
2.603555338152431986e+01,-4.696938163518824894e+01,0.000000000000000000e+00
2.688787320745676723e+01,-4.657116250278505731e+01,0.000000000000000000e+00
2.772048921381123776e+01,-4.613464143926488958e+01,0.000000000000000000e+00
2.853201441769947166e+01,-4.566076785574157526e+01,0.000000000000000000e+00
2.932121203270333254e+01,-4.515070710573847634e+01,0.000000000000000000e+00
3.008671636978507991e+01,-4.460539136055665921e+01,0.000000000000000000e+00
3.082793483491118280e+01,-4.402685368645420994e+01,0.000000000000000000e+00
3.154290640323666750e+01,-4.341508609252939266e+01,0.000000000000000000e+00
3.222629960972158614e+01,-4.276574401706891138e+01,0.000000000000000000e+00
3.288129722783222064e+01,-4.208614124241731247e+01,0.000000000000000000e+00
3.350750623512961823e+01,-4.137832417234206872e+01,0.000000000000000000e+00
3.410168841322369815e+01,-4.064080967998769012e+01,0.000000000000000000e+00
3.466274521905551609e+01,-3.987492700755257857e+01,0.000000000000000000e+00
3.518923700333244398e+01,-3.908160700319157854e+01,0.000000000000000000e+00
3.567995242417526214e+01,-3.826206455485485236e+01,0.000000000000000000e+00
3.613486333617367308e+01,-3.741874636928727682e+01,0.000000000000000000e+00
3.655330505006310915e+01,-3.655330505006312336e+01,0.000000000000000000e+00
3.693335758016046100e+01,-3.566612883109674215e+01,0.000000000000000000e+00
3.727351923728735272e+01,-3.475811900221278705e+01,0.000000000000000000e+00
3.757337456659906394e+01,-3.383121841768338101e+01,0.000000000000000000e+00
3.783269234383585911e+01,-3.288745771037801546e+01,0.000000000000000000e+00
3.805090032905020081e+01,-3.192849643206949040e+01,0.000000000000000000e+00
3.822707699736265852e+01,-3.095567658818044166e+01,0.000000000000000000e+00
3.836031989120380103e+01,-2.997036655919724524e+01,0.000000000000000000e+00
3.844976227223065024e+01,-2.897397408572902577e+01,0.000000000000000000e+00
3.849457449587754354e+01,-2.796794546872557774e+01,0.000000000000000000e+00
3.849396537011597275e+01,-2.695376472773875065e+01,0.000000000000000000e+00
3.844723772647225246e+01,-2.593298929557096955e+01,0.000000000000000000e+00
3.835396880323920499e+01,-2.490735857008397147e+01,0.000000000000000000e+00
3.821389223906710697e+01,-2.387869007735874760e+01,0.000000000000000000e+00
3.802681311008903009e+01,-2.284881446497346147e+01,0.000000000000000000e+00
3.779259687772506027e+01,-2.181956598072959963e+01,0.000000000000000000e+00
3.751116935590819423e+01,-2.079278070455763583e+01,0.000000000000000000e+00
3.718248133933023070e+01,-1.977027602069881596e+01,0.000000000000000000e+00
3.680627667294164951e+01,-1.875373466599691596e+01,0.000000000000000000e+00
3.638222868892989226e+01,-1.774479857624694290e+01,0.000000000000000000e+00
3.591018769682799672e+01,-1.674519552881429618e+01,0.000000000000000000e+00
3.539030396232515585e+01,-1.575677850581550388e+01,0.000000000000000000e+00
3.482275437703660259e+01,-1.478138226410482758e+01,0.000000000000000000e+00
3.420791269036168103e+01,-1.382089385798540881e+01,0.000000000000000000e+00
3.354900270757489977e+01,-1.287825555074381256e+01,0.000000000000000000e+00
3.285621693480111105e+01,-1.195868497486072002e+01,0.000000000000000000e+00
3.214884311729393573e+01,-1.106973442060170321e+01,0.000000000000000000e+00
3.143578432810236478e+01,-1.021410549473018747e+01,0.000000000000000000e+00
3.072042390429081138e+01,-9.392176134957763267e+00,0.000000000000000000e+00
3.000068321449553821e+01,-8.602557481368309666e+00,0.000000000000000000e+00
2.927029328515027018e+01,-7.842951447978125934e+00,0.000000000000000000e+00
2.853775324170980454e+01,-7.115261021387015106e+00,0.000000000000000000e+00
2.780580437051153098e+01,-6.419475757811285099e+00,0.000000000000000000e+00
2.707435191964631116e+01,-5.754831153484198936e+00,0.000000000000000000e+00
2.634241304635492043e+01,-5.120446391383934426e+00,0.000000000000000000e+00
2.560676829360876283e+01,-4.515164138913286607e+00,0.000000000000000000e+00
2.488945261894064842e+01,-3.942102023034985692e+00,0.000000000000000000e+00
2.420929155921167464e+01,-3.402394043285179137e+00,0.000000000000000000e+00
2.357039236452989428e+01,-2.894080276787972306e+00,0.000000000000000000e+00
2.296660710521211257e+01,-2.413887676440569230e+00,0.000000000000000000e+00
2.239478939165271498e+01,-1.959290193820240056e+00,0.000000000000000000e+00
2.185252922534768771e+01,-1.528077701630960350e+00,0.000000000000000000e+00
2.133713193516869921e+01,-1.118231700991462407e+00,0.000000000000000000e+00
2.084634219047144299e+01,-7.279703103795456265e-01,0.000000000000000000e+00
2.037817027413994708e+01,-3.557022852533873181e-01,0.000000000000000000e+00
1.993085758047035938e+01,-4.881652188036957063e-15,0.000000000000000000e+00
