3.716362517278204791e+01,0.000000000000000000e+00,0.000000000000000000e+00
3.681575029139712996e+01,6.426213117173823486e-01,0.000000000000000000e+00
3.645923050914844055e+01,1.273184384456468754e+00,0.000000000000000000e+00
3.609461126107402862e+01,1.891638420277541144e+00,0.000000000000000000e+00
3.572224201215463779e+01,2.497942499384504522e+00,0.000000000000000000e+00
3.534232716790698703e+01,3.092052969816136532e+00,0.000000000000000000e+00
3.495500847105009967e+01,3.673919434054963240e+00,0.000000000000000000e+00
3.456030300984832593e+01,4.243471629735558359e+00,0.000000000000000000e+00
3.415830843614519807e+01,4.800637179637584850e+00,0.000000000000000000e+00
3.374960689553141435e+01,5.345412599321853087e+00,0.000000000000000000e+00
3.333489155899944478e+01,5.877840780842466195e+00,0.000000000000000000e+00
3.291449032321027346e+01,6.397928804136056691e+00,0.000000000000000000e+00
3.248853365944318483e+01,6.905651008352025499e+00,0.000000000000000000e+00
3.205725093992950292e+01,7.400999536959782077e+00,0.000000000000000000e+00
3.162095043913169690e+01,7.883988420991902224e+00,0.000000000000000000e+00
3.117992248936502264e+01,8.354635051090358644e+00,0.000000000000000000e+00
3.073443798324551324e+01,8.812958275585891954e+00,0.000000000000000000e+00
3.028477402850039368e+01,9.258984601554965721e+00,0.000000000000000000e+00
2.983121501081450333e+01,9.692749319572364186e+00,0.000000000000000000e+00
2.937404275541591758e+01,1.011429403464094534e+01,0.000000000000000000e+00
2.891353595720299552e+01,1.052366645580743842e+01,0.000000000000000000e+00
2.844997101341038004e+01,1.092092066984832677e+01,0.000000000000000000e+00
2.798362174975566674e+01,1.130611708075238830e+01,0.000000000000000000e+00
2.751475774344055125e+01,1.167932173619872671e+01,0.000000000000000000e+00
2.704364424158686830e+01,1.204060617163348645e+01,0.000000000000000000e+00
2.657054211196537352e+01,1.239004726813934276e+01,0.000000000000000000e+00
2.609570743170340990e+01,1.272772693612209061e+01,0.000000000000000000e+00
2.561938860766095516e+01,1.305373049609089620e+01,0.000000000000000000e+00
2.514179699581275429e+01,1.336813059159187311e+01,0.000000000000000000e+00
2.466297420506946736e+01,1.367090983761616663e+01,0.000000000000000000e+00
2.418301449696024008e+01,1.396206992963661264e+01,0.000000000000000000e+00
2.370239328480751695e+01,1.424183470154413378e+01,0.000000000000000000e+00
2.322155386610482353e+01,1.451043731464045727e+01,0.000000000000000000e+00
2.274067079478072984e+01,1.476796428853547205e+01,0.000000000000000000e+00
2.225991284463361453e+01,1.501450079787550251e+01,0.000000000000000000e+00
2.177950487805887292e+01,1.525017349409196754e+01,0.000000000000000000e+00
2.129966107455307878e+01,1.547510960276317782e+01,0.000000000000000000e+00
2.082057740779797328e+01,1.568943043112489732e+01,0.000000000000000000e+00
2.034243941023780522e+01,1.589325551930258129e+01,0.000000000000000000e+00
1.986542724905029189e+01,1.608670579887794005e+01,0.000000000000000000e+00
1.938974861004599148e+01,1.626993090730976732e+01,0.000000000000000000e+00
1.891560499017159103e+01,1.644308455572659966e+01,0.000000000000000000e+00
1.844306284646238225e+01,1.660620837619396184e+01,0.000000000000000000e+00
1.797221970360652321e+01,1.675936600499361617e+01,0.000000000000000000e+00
1.750358592385980216e+01,1.690301644554251936e+01,0.000000000000000000e+00
1.703836061556641113e+01,1.703836061556641113e+01,0.000000000000000000e+00
1.657986332028427157e+01,1.716895106665872461e+01,0.000000000000000000e+00
1.613064662053811560e+01,1.729800070833046632e+01,0.000000000000000000e+00
1.568983455148514849e+01,1.742532660847888337e+01,0.000000000000000000e+00
1.525621356061808420e+01,1.755026609395179094e+01,0.000000000000000000e+00
1.482943704627112602e+01,1.767303487604328538e+01,0.000000000000000000e+00
1.440927548166282079e+01,1.779397332003565069e+01,0.000000000000000000e+00
1.399531942415779717e+01,1.791319198682003133e+01,0.000000000000000000e+00
1.358713190256288605e+01,1.803073303196955024e+01,0.000000000000000000e+00
1.318434812728681926e+01,1.814669839559555342e+01,0.000000000000000000e+00
1.278663280924305568e+01,1.826120415946379438e+01,0.000000000000000000e+00
1.239365721570752399e+01,1.837435244513426014e+01,0.000000000000000000e+00
1.200509863098075414e+01,1.848623076898568129e+01,0.000000000000000000e+00
1.162064728236197730e+01,1.859692309577091507e+01,0.000000000000000000e+00
1.124001021097140196e+01,1.870651837553002039e+01,0.000000000000000000e+00
1.086290082984068484e+01,1.881509615486617903e+01,0.000000000000000000e+00
1.048904562036114818e+01,1.892273920635208739e+01,0.000000000000000000e+00
1.011817608091987353e+01,1.902952153642023347e+01,0.000000000000000000e+00
9.750033681783792261e+00,1.913551853289792959e+01,0.000000000000000000e+00
9.384367035584311623e+00,1.924080378384862300e+01,0.000000000000000000e+00
9.020929347662256959e+00,1.934544541548948615e+01,0.000000000000000000e+00
8.659482374507890157e+00,1.944951585612011868e+01,0.000000000000000000e+00
8.299789904434586418e+00,1.955307968220232340e+01,0.000000000000000000e+00
7.941622271350886386e+00,1.965620487861864518e+01,0.000000000000000000e+00
7.584752995493250438e+00,1.975895708696301512e+01,0.000000000000000000e+00
7.228957797991472312e+00,1.986139831617197160e+01,0.000000000000000000e+00
6.874017148668558619e+00,1.996359537649336602e+01,0.000000000000000000e+00
6.519711351020625933e+00,2.006560829217080766e+01,0.000000000000000000e+00
6.165823844130690290e+00,2.016750106568681744e+01,0.000000000000000000e+00
5.812138726011512269e+00,2.026933654269964791e+01,0.000000000000000000e+00
5.458439680895391888e+00,2.037117421915165849e+01,0.000000000000000000e+00
5.104512030726355398e+00,2.047307952784160534e+01,0.000000000000000000e+00
4.750138881915076716e+00,2.057511196651427454e+01,0.000000000000000000e+00
4.395103271360634167e+00,2.067733518471048271e+01,0.000000000000000000e+00
4.039186530308330525e+00,2.077981328575089393e+01,0.000000000000000000e+00
3.682167035748721062e+00,2.088260696663734350e+01,0.000000000000000000e+00
3.323821686917959539e+00,2.098578421028801699e+01,0.000000000000000000e+00
2.963922952114316445e+00,2.108940763295382581e+01,0.000000000000000000e+00
2.602240085976363027e+00,2.119354474895389018e+01,0.000000000000000000e+00
2.238537802350686334e+00,2.129826449611891448e+01,0.000000000000000000e+00
1.872575251731516177e+00,2.140363306814772670e+01,0.000000000000000000e+00
1.504106511516939859e+00,2.150972523575100936e+01,0.000000000000000000e+00
1.132878544143669952e+00,2.161661035139984932e+01,0.000000000000000000e+00
7.586315532565313102e-01,2.172436530746564287e+01,0.000000000000000000e+00
3.810976055100049886e-01,2.183306719724237155e+01,0.000000000000000000e+00
1.343608603488847213e-15,2.194279370058893264e+01,0.000000000000000000e+00
-3.849475567609684235e-01,2.205363075669051298e+01,0.000000000000000000e+00
-7.740418853749149175e-01,2.216565948118160279e+01,0.000000000000000000e+00
-1.167591499665841193e+00,2.227897300055347785e+01,0.000000000000000000e+00
-1.565917267197760365e+00,2.239366022381755883e+01,0.000000000000000000e+00
-1.969354055453456098e+00,2.250981985648814643e+01,0.000000000000000000e+00
-2.378251510956648662e+00,2.262755163904706990e+01,0.000000000000000000e+00
-2.792975563155373653e+00,2.274696055120481830e+01,0.000000000000000000e+00
-3.213910101659517959e+00,2.286815862781290676e+01,0.000000000000000000e+00
-3.641457750252780290e+00,2.299125938628368004e+01,0.000000000000000000e+00
-4.076042914090498570e+00,2.311638807466304257e+01,0.000000000000000000e+00
-4.518111695575593778e+00,2.324366966807584589e+01,0.000000000000000000e+00
-4.968136340057967892e+00,2.337324381343080404e+01,0.000000000000000000e+00
-5.426614578238429409e+00,2.350525012467844377e+01,0.000000000000000000e+00
-5.894075184572241888e+00,2.363984437110910619e+01,0.000000000000000000e+00
-6.371077368480515979e+00,2.377718443812150184e+01,0.000000000000000000e+00
-6.858216789475883424e+00,2.391744429061042965e+01,0.000000000000000000e+00
-7.356126204441463479e+00,2.406080465769717236e+01,0.000000000000000000e+00
-7.865480561872648657e+00,2.420746003724742224e+01,0.000000000000000000e+00
-8.387000963303311352e+00,2.435761942870308516e+01,0.000000000000000000e+00
-8.921456950602529190e+00,2.451150152041693886e+01,0.000000000000000000e+00
-9.469675488000975250e+00,2.466934805999027702e+01,0.000000000000000000e+00
-1.003254114355504001e+01,2.483141069077117180e+01,0.000000000000000000e+00
-1.061100638335893542e+01,2.499796449200708892e+01,0.000000000000000000e+00
-1.120609749214353634e+01,2.516930705931018863e+01,0.000000000000000000e+00
-1.181891906611882170e+01,2.534575373023418976e+01,0.000000000000000000e+00
-1.245066444464868027e+01,2.552764514107793659e+01,0.000000000000000000e+00
-1.310262131005957897e+01,2.571534223277859255e+01,0.000000000000000000e+00
-1.377428006974588470e+01,2.590565306826359304e+01,0.000000000000000000e+00
-1.446205601325026180e+01,2.609023968731373344e+01,0.000000000000000000e+00
-1.516620184098756496e+01,2.626863214643511668e+01,0.000000000000000000e+00
-1.588419045293128917e+01,2.643573226456152270e+01,0.000000000000000000e+00
-1.661059221998084112e+01,2.658250427745598188e+01,0.000000000000000000e+00
-1.734164792125999455e+01,2.670379604875625290e+01,0.000000000000000000e+00
-1.807651751312833355e+01,2.679953931160106251e+01,0.000000000000000000e+00
-1.881578923560611472e+01,2.687173189211059920e+01,0.000000000000000000e+00
-1.955901751175192160e+01,2.692067808535442808e+01,0.000000000000000000e+00
-2.030547587293601453e+01,2.694627660771790190e+01,0.000000000000000000e+00
-2.105410613693492650e+01,2.694802697327480345e+01,0.000000000000000000e+00
-2.180260067612276487e+01,2.692396958001319973e+01,0.000000000000000000e+00
-2.255096537165097814e+01,2.687519399813267285e+01,0.000000000000000000e+00
-2.329943879378312133e+01,2.680293829434769748e+01,0.000000000000000000e+00
-2.404743271613443767e+01,2.670737972405187577e+01,0.000000000000000000e+00
-2.479439819950828294e+01,2.658873681304501702e+01,0.000000000000000000e+00
-2.553927178715166590e+01,2.644669012773179873e+01,0.000000000000000000e+00
-2.627976002762632390e+01,2.627976002762633101e+01,0.000000000000000000e+00
-2.701579361123637568e+01,2.608884863287562439e+01,0.000000000000000000e+00
-2.774777890620063303e+01,2.587522243684448142e+01,0.000000000000000000e+00
-2.847539899973367028e+01,2.563936442235487689e+01,0.000000000000000000e+00
-2.919786730118489260e+01,2.538131881743808549e+01,0.000000000000000000e+00
-2.991368112528978784e+01,2.510055879938543200e+01,0.000000000000000000e+00
-3.062042270851471670e+01,2.479592939903702842e+01,0.000000000000000000e+00
-3.131961482552377163e+01,2.446956489090842268e+01,0.000000000000000000e+00
-3.201217464166100513e+01,2.412290385382160807e+01,0.000000000000000000e+00
-3.269605346190367356e+01,2.375507333800993237e+01,0.000000000000000000e+00
-3.336818874084040232e+01,2.336465729274080161e+01,0.000000000000000000e+00
-3.402985183794390878e+01,2.295342489157907551e+01,0.000000000000000000e+00
-3.468276542439450338e+01,2.252325121968988597e+01,0.000000000000000000e+00
-3.532488195790856622e+01,2.207343609531182693e+01,0.000000000000000000e+00
-3.595152573549065522e+01,2.160185600841219511e+01,0.000000000000000000e+00
-3.656727255539824739e+01,2.111212465338958566e+01,0.000000000000000000e+00
-3.717145441163999209e+01,2.060447363603601545e+01,0.000000000000000000e+00
-3.775921401606715477e+01,2.007693022446720477e+01,0.000000000000000000e+00
-3.833436976857436207e+01,1.953233698741850333e+01,0.000000000000000000e+00
-3.889646825527354679e+01,1.897107514821441754e+01,0.000000000000000000e+00
-3.944090638568457052e+01,1.839159669221910320e+01,0.000000000000000000e+00
-3.996903067637062890e+01,1.779535898109705983e+01,0.000000000000000000e+00
-4.048232457069123313e+01,1.718372728188172616e+01,0.000000000000000000e+00
-4.097952491652424101e+01,1.655680278854106646e+01,0.000000000000000000e+00
-4.145969347420994922e+01,1.591488522834172414e+01,0.000000000000000000e+00
-4.192241435408391226e+01,1.525851097346073360e+01,0.000000000000000000e+00
-4.236718033212258661e+01,1.458819008557261299e+01,0.000000000000000000e+00
-4.279347005996477549e+01,1.390444129263573103e+01,0.000000000000000000e+00
-4.320126363023221217e+01,1.320795176954612771e+01,0.000000000000000000e+00
-4.359082278077414685e+01,1.249946729381691668e+01,0.000000000000000000e+00
-4.396172406132990318e+01,1.177950846011321673e+01,0.000000000000000000e+00
-4.431286272470821785e+01,1.104843756341552741e+01,0.000000000000000000e+00
-4.464336243599383636e+01,1.030673233136081990e+01,0.000000000000000000e+00
-4.495318117668411873e+01,9.555093627045536664e+00,0.000000000000000000e+00
-4.524246609607104830e+01,8.794244545907046628e+00,0.000000000000000000e+00
-4.551126918973518798e+01,8.024864684436190387e+00,0.000000000000000000e+00
-4.575940239695011513e+01,7.247577338226194321e+00,0.000000000000000000e+00
-4.598666101980641940e+01,6.463003724899516023e+00,0.000000000000000000e+00
-4.619285564983981374e+01,5.671769497816839589e+00,0.000000000000000000e+00
-4.637777136065303552e+01,4.874500192187841918e+00,0.000000000000000000e+00
-4.654117377497803432e+01,4.071825092500611198e+00,0.000000000000000000e+00
-4.668284496770399272e+01,3.264382521044699281e+00,0.000000000000000000e+00
-4.680258497173353049e+01,2.452819543074390651e+00,0.000000000000000000e+00
-4.690021208789014651e+01,1.637791495435300115e+00,0.000000000000000000e+00
-4.697556318314720869e+01,8.199615054014186555e-01,0.000000000000000000e+00
-4.702853002205377209e+01,5.759333876011335992e-15,0.000000000000000000e+00
-4.679059426915512176e+01,-8.167328609979940257e-01,0.000000000000000000e+00
-4.646462925021610602e+01,-1.622580607566312283e+00,0.000000000000000000e+00
-4.604631664618086972e+01,-2.413185199590060837e+00,0.000000000000000000e+00
-4.557719690471089535e+01,-3.187068076868063038e+00,0.000000000000000000e+00
-4.509869421805758805e+01,-3.945624483902164137e+00,0.000000000000000000e+00
-4.463845576845351104e+01,-4.691690756984032262e+00,0.000000000000000000e+00
-4.419046147781983791e+01,-5.425906408650821078e+00,0.000000000000000000e+00
-4.374692095945981407e+01,-6.148228787302028486e+00,0.000000000000000000e+00
-4.330872063205092815e+01,-6.859427478479076967e+00,0.000000000000000000e+00
-4.287747985988931276e+01,-7.560456564082304709e+00,0.000000000000000000e+00
-4.245260376826934134e+01,-8.251950244177264082e+00,0.000000000000000000e+00
-4.203312608326397282e+01,-8.934416756501121881e+00,0.000000000000000000e+00
-4.161868024290450307e+01,-9.608429424712571887e+00,0.000000000000000000e+00
-4.120908112326037553e+01,-1.027457789546511613e+01,0.000000000000000000e+00
-4.080403823586911471e+01,-1.093340909322978227e+01,0.000000000000000000e+00
-4.040319099440318951e+01,-1.158542858757692962e+01,0.000000000000000000e+00
-4.000621126069906808e+01,-1.223112623131265941e+01,0.000000000000000000e+00
-3.961281892912225544e+01,-1.287098509337951668e+01,0.000000000000000000e+00
-3.922273066231379346e+01,-1.350546923565788227e+01,0.000000000000000000e+00
-3.883567610001392012e+01,-1.413503012800842029e+01,0.000000000000000000e+00
-3.845137838659692164e+01,-1.476010126015267865e+01,0.000000000000000000e+00
-3.806957916898061711e+01,-1.538110839077594427e+01,0.000000000000000000e+00
-3.769002523220088818e+01,-1.599846653337382740e+01,0.000000000000000000e+00
-3.731246405182611170e+01,-1.661257931541655708e+01,0.000000000000000000e+00
-3.693665560726470432e+01,-1.722384537630129486e+01,0.000000000000000000e+00
-3.656235317233140591e+01,-1.783265115680043067e+01,0.000000000000000000e+00
-3.618932937308476028e+01,-1.843938431572293979e+01,0.000000000000000000e+00
-3.581735592249809486e+01,-1.904442596116836484e+01,0.000000000000000000e+00
-3.544619534491712898e+01,-1.964814691925056422e+01,0.000000000000000000e+00
-3.507560363233118750e+01,-2.025090919911503207e+01,0.000000000000000000e+00
-3.470533864810297331e+01,-2.085307126366026864e+01,0.000000000000000000e+00
-3.433523473555950289e+01,-2.145503587686368618e+01,0.000000000000000000e+00
-3.396513829606890766e+01,-2.205721871347070007e+01,0.000000000000000000e+00
-3.359474643129818361e+01,-2.265994258907233316e+01,0.000000000000000000e+00
-3.322356605074250524e+01,-2.326339139493810038e+01,0.000000000000000000e+00
-3.285124848389722985e+01,-2.386782912162296455e+01,0.000000000000000000e+00
-3.247832350525683864e+01,-2.447417221793507380e+01,0.000000000000000000e+00
-3.210550915197067923e+01,-2.508357283211455169e+01,0.000000000000000000e+00
-3.173133022712926987e+01,-2.569552456996738954e+01,0.000000000000000000e+00
-3.135173563209697889e+01,-2.630722980566015679e+01,0.000000000000000000e+00
-3.096322850718922837e+01,-2.691592390127290457e+01,0.000000000000000000e+00
-3.056477362174596379e+01,-2.752064578206800505e+01,0.000000000000000000e+00
-3.015603824503411801e+01,-2.812096060163860400e+01,0.000000000000000000e+00
-2.973691319821028500e+01,-2.871660327292400794e+01,0.000000000000000000e+00
-2.930743756550538492e+01,-2.930743756550537782e+01,0.000000000000000000e+00
-2.886762271976672878e+01,-2.989329841338781790e+01,0.000000000000000000e+00
-2.841744714756970325e+01,-3.047398113983390999e+01,0.000000000000000000e+00
-2.795691600593652382e+01,-3.104930079222168615e+01,0.000000000000000000e+00
-2.748607155228385324e+01,-3.161910835236347950e+01,0.000000000000000000e+00
-2.700495236162620216e+01,-3.218324899480350609e+01,0.000000000000000000e+00
-2.651359128173939439e+01,-3.274155848335247043e+01,0.000000000000000000e+00
-2.601209570869272625e+01,-3.329396423814677064e+01,0.000000000000000000e+00
-2.550062263297169451e+01,-3.384046921318130785e+01,0.000000000000000000e+00
-2.497904861593912074e+01,-3.438071090554907983e+01,0.000000000000000000e+00
-2.444712984433931879e+01,-3.491411975775882581e+01,0.000000000000000000e+00
-2.390489328944526193e+01,-3.544046174739369803e+01,0.000000000000000000e+00
-2.335263076815877525e+01,-3.595989793278614144e+01,0.000000000000000000e+00
-2.279095409837320929e+01,-3.647315079341628064e+01,0.000000000000000000e+00
-2.221949743099821006e+01,-3.697945368255034282e+01,0.000000000000000000e+00
-2.163745277004786161e+01,-3.747716754409479023e+01,0.000000000000000000e+00
-2.104569279447586183e+01,-3.796743484400618485e+01,0.000000000000000000e+00
-2.044416628778832390e+01,-3.844988459938478087e+01,0.000000000000000000e+00
-1.983157267541524504e+01,-3.892165287345882518e+01,0.000000000000000000e+00
-1.920903154868278762e+01,-3.938435117728218415e+01,0.000000000000000000e+00
-1.857679319721472666e+01,-3.983806157230191047e+01,0.000000000000000000e+00
-1.793369186081867284e+01,-4.027973141126548029e+01,0.000000000000000000e+00
-1.728104748073534225e+01,-4.071159659140294451e+01,0.000000000000000000e+00
-1.661921848427024528e+01,-4.113400918447035082e+01,0.000000000000000000e+00
-1.594761777460285757e+01,-4.154496467253434133e+01,0.000000000000000000e+00
-1.526649184659591896e+01,-4.194434162281041267e+01,0.000000000000000000e+00
-1.457643860562630778e+01,-4.233305155623372684e+01,0.000000000000000000e+00
-1.387771965449463707e+01,-4.271122931417156821e+01,0.000000000000000000e+00
-1.317015946329143894e+01,-4.307765056636043255e+01,0.000000000000000000e+00
-1.245365648840046546e+01,-4.343106151628087730e+01,0.000000000000000000e+00
-1.172889229730892779e+01,-4.377282197006019260e+01,0.000000000000000000e+00
-1.099615124582834724e+01,-4.410315375904475133e+01,0.000000000000000000e+00
-1.025556753080530648e+01,-4.442174333677505871e+01,0.000000000000000000e+00
-9.507237583023297134e+00,-4.472803619105646789e+01,0.000000000000000000e+00
-8.750986641912710695e+00,-4.501992347235462688e+01,0.000000000000000000e+00
-7.987469845419999714e+00,-4.529919251907512745e+01,0.000000000000000000e+00
-7.216944303959567542e+00,-4.556599303045009464e+01,0.000000000000000000e+00
-6.439565148842004483e+00,-4.581988688539082943e+01,0.000000000000000000e+00
-5.655546334943385212e+00,-4.606072859124109442e+01,0.000000000000000000e+00
-4.865105810319554358e+00,-4.628838978773618607e+01,0.000000000000000000e+00
-4.068444224860808589e+00,-4.650253028102633124e+01,0.000000000000000000e+00
-3.265714594440142005e+00,-4.670189450476162563e+01,0.000000000000000000e+00
-2.457251451024695221e+00,-4.688715081312026456e+01,0.000000000000000000e+00
-1.643320223078136744e+00,-4.705853413300317811e+01,0.000000000000000000e+00
-8.241564988493852439e-01,-4.721589419682234734e+01,0.000000000000000000e+00
-8.699720356120852252e-15,-4.735907181389190157e+01,0.000000000000000000e+00
8.289047482544057432e-01,-4.748792122305024321e+01,0.000000000000000000e+00
1.662308981922104634e+00,-4.760230104078654279e+01,0.000000000000000000e+00
2.499959935693337965e+00,-4.770207724680870598e+01,0.000000000000000000e+00
3.341601128339978022e+00,-4.778712249944208423e+01,0.000000000000000000e+00
4.186972554536145807e+00,-4.785731528857456851e+01,0.000000000000000000e+00
5.035811176586213023e+00,-4.791254285668890134e+01,0.000000000000000000e+00
5.887850339033976255e+00,-4.795269287716028828e+01,0.000000000000000000e+00
6.742822296654732206e+00,-4.797767361303423428e+01,0.000000000000000000e+00
7.600453134257445953e+00,-4.798737248863469063e+01,0.000000000000000000e+00
8.460402517692580560e+00,-4.798132698523792783e+01,0.000000000000000000e+00
9.322411241339375820e+00,-4.795964819015917868e+01,0.000000000000000000e+00
1.018623789748479602e+01,-4.792248151481744145e+01,0.000000000000000000e+00
1.105160445105258482e+01,-4.786975805186568067e+01,0.000000000000000000e+00
1.191822921443827887e+01,-4.780140649477899473e+01,0.000000000000000000e+00
1.278582764084059598e+01,-4.771735837243571154e+01,0.000000000000000000e+00
1.365410537292248705e+01,-4.761752429525559904e+01,0.000000000000000000e+00
1.452242383117267366e+01,-4.750070801492762484e+01,0.000000000000000000e+00
1.538891454804741166e+01,-4.736220895952230592e+01,0.000000000000000000e+00
1.625220021435956141e+01,-4.719981664870844185e+01,0.000000000000000000e+00
1.711156034626532119e+01,-4.701362566299904699e+01,0.000000000000000000e+00
1.796629167196046239e+01,-4.680378996772350320e+01,0.000000000000000000e+00
1.881569662886930061e+01,-4.657048336398372612e+01,0.000000000000000000e+00
1.965908617024147631e+01,-4.631390466409644091e+01,0.000000000000000000e+00
2.049578196584927881e+01,-4.603428000522038843e+01,0.000000000000000000e+00
2.132511286741376466e+01,-4.573185212481622841e+01,0.000000000000000000e+00
2.214643416450699576e+01,-4.540691904477166219e+01,0.000000000000000000e+00
2.295907424849347933e+01,-4.505972031676608225e+01,0.000000000000000000e+00
2.376248539391596992e+01,-4.469073516274345792e+01,0.000000000000000000e+00
2.455594697907393709e+01,-4.430010102616241596e+01,0.000000000000000000e+00
2.533757705662378612e+01,-4.388597080276387175e+01,0.000000000000000000e+00
2.610784982168256718e+01,-4.345075878651493895e+01,0.000000000000000000e+00
2.686638389320134834e+01,-4.299520181476246705e+01,0.000000000000000000e+00
2.761249379482509525e+01,-4.251951175819878870e+01,0.000000000000000000e+00
2.834590408599246558e+01,-4.202453101509821209e+01,0.000000000000000000e+00
2.906577004166382494e+01,-4.151022154942686626e+01,0.000000000000000000e+00
2.977041752220907611e+01,-4.097546444244682817e+01,0.000000000000000000e+00
3.045950192648275490e+01,-4.042112430067588491e+01,0.000000000000000000e+00
3.113363104989493735e+01,-3.984923054209961890e+01,0.000000000000000000e+00
3.179247596833157630e+01,-3.926043817250161538e+01,0.000000000000000000e+00
3.243444404694525929e+01,-3.865386521674290776e+01,0.000000000000000000e+00
3.305810592315027208e+01,-3.802900065655781958e+01,0.000000000000000000e+00
3.366514922233344009e+01,-3.738893603991583348e+01,0.000000000000000000e+00
3.425514164847101028e+01,-3.673414206128362025e+01,0.000000000000000000e+00
3.482450094820099906e+01,-3.606182639449056637e+01,0.000000000000000000e+00
3.537456553293321093e+01,-3.537456553293322514e+01,0.000000000000000000e+00
3.590657622796854298e+01,-3.467457760510378506e+01,0.000000000000000000e+00
3.641940793657086317e+01,-3.396164732905400285e+01,0.000000000000000000e+00
3.691153822762537828e+01,-3.323529830140820707e+01,0.000000000000000000e+00
3.738176382979332146e+01,-3.249547153341766403e+01,0.000000000000000000e+00
3.783076956425215087e+01,-3.174378478851667396e+01,0.000000000000000000e+00
3.825914705783326752e+01,-3.098164641109314488e+01,0.000000000000000000e+00
3.866561159216879417e+01,-3.020888657705298286e+01,0.000000000000000000e+00
3.904895454641916075e+01,-2.942549785073407520e+01,0.000000000000000000e+00
3.940964530776926011e+01,-2.863278332970130435e+01,0.000000000000000000e+00
3.974848724749998041e+01,-2.783219040313202797e+01,0.000000000000000000e+00
4.006512355136323578e+01,-2.702426706373857002e+01,0.000000000000000000e+00
4.035846075196199223e+01,-2.620909086208782313e+01,0.000000000000000000e+00
4.062755536376547383e+01,-2.538691418981646208e+01,0.000000000000000000e+00
4.087231419230037943e+01,-2.455856400667456896e+01,0.000000000000000000e+00
4.109292610210083296e+01,-2.372501194683734127e+01,0.000000000000000000e+00
4.128961258862546657e+01,-2.288720598885328172e+01,0.000000000000000000e+00
4.146243973572190100e+01,-2.204597026717900476e+01,0.000000000000000000e+00
4.161123559950682704e+01,-2.120198352285730792e+01,0.000000000000000000e+00
4.173582651068119276e+01,-2.035592269999026627e+01,0.000000000000000000e+00
4.183605623738417023e+01,-1.950847341049542294e+01,0.000000000000000000e+00
4.191178631570196700e+01,-1.866032952027228120e+01,0.000000000000000000e+00
4.196289637097688541e+01,-1.781219272469311221e+01,0.000000000000000000e+00
4.198928442960723828e+01,-1.696477211361314374e+01,0.000000000000000000e+00
4.199086722103273672e+01,-1.611878372610202703e+01,0.000000000000000000e+00
4.196711249624808460e+01,-1.527477976673547744e+01,0.000000000000000000e+00
4.191632579053439400e+01,-1.443294841732674882e+01,0.000000000000000000e+00
4.183919214189615587e+01,-1.359437760137511297e+01,0.000000000000000000e+00
4.173715852582633090e+01,-1.276032991824904173e+01,0.000000000000000000e+00
4.161172506247383041e+01,-1.193197015512850534e+01,0.000000000000000000e+00
4.146444076393738953e+01,-1.111036341730514465e+01,0.000000000000000000e+00
4.129689922402017288e+01,-1.029647340714105397e+01,0.000000000000000000e+00
4.111073425499785827e+01,-9.491160853295093958e+00,0.000000000000000000e+00
4.090761405959788277e+01,-8.695181790632405594e+00,0.000000000000000000e+00
4.068906653658031303e+01,-7.909153331905669937e+00,0.000000000000000000e+00
4.045630997331404188e+01,-7.133538988200225361e+00,0.000000000000000000e+00
4.021054087740473904e+01,-6.368724012014649993e+00,0.000000000000000000e+00
3.995296695973280521e+01,-5.615023325357933359e+00,0.000000000000000000e+00
3.968444348571844671e+01,-4.872636968070061414e+00,0.000000000000000000e+00
3.940505641224397237e+01,-4.141638319809740842e+00,0.000000000000000000e+00
3.911478990670147482e+01,-3.422100693034619390e+00,0.000000000000000000e+00
3.881367289037251567e+01,-2.714116405042020119e+00,0.000000000000000000e+00
3.850202887420158504e+01,-2.017805831188457244e+00,0.000000000000000000e+00
3.818029602563839120e+01,-1.333285316638004536e+00,0.000000000000000000e+00
3.784888530404786877e+01,-6.606547504428177398e-01,0.000000000000000000e+00
3.750804520968524258e+01,-9.186821501663050707e-15,0.000000000000000000e+00
