2.877033533117817754e+01,0.000000000000000000e+00,0.000000000000000000e+00
2.839840817831001729e+01,4.956960586104266486e-01,0.000000000000000000e+00
2.803576119162422486e+01,9.790303540983961161e-01,0.000000000000000000e+00
2.768183164679830099e+01,1.450743323095710524e+00,0.000000000000000000e+00
2.733610126879999314e+01,1.911526412692133636e+00,0.000000000000000000e+00
2.699809188003981575e+01,2.362026976334784312e+00,0.000000000000000000e+00
2.666733488606979563e+01,2.802849839774061103e+00,0.000000000000000000e+00
2.634341962575139462e+01,3.234565211428844567e+00,0.000000000000000000e+00
2.602593305194381657e+01,3.657706355028741196e+00,0.000000000000000000e+00
2.571450076639572657e+01,4.072776812110445732e+00,0.000000000000000000e+00
2.540877401938274716e+01,4.480252406341447724e+00,0.000000000000000000e+00
2.510840226657105134e+01,4.880578994530272219e+00,0.000000000000000000e+00
2.481307919585258759e+01,5.274182798316383369e+00,0.000000000000000000e+00
2.452250206196615068e+01,5.661465692919016135e+00,0.000000000000000000e+00
2.423637467121395517e+01,6.042806892932825136e+00,0.000000000000000000e+00
2.395443721443580642e+01,6.418572106750106698e+00,0.000000000000000000e+00
2.367642620172898305e+01,6.789105964604724264e+00,0.000000000000000000e+00
2.340208711285248455e+01,7.154736040567323485e+00,0.000000000000000000e+00
2.313119460243073533e+01,7.515780723726035895e+00,0.000000000000000000e+00
2.286351836764389489e+01,7.872540710935245656e+00,0.000000000000000000e+00
2.259883424137658281e+01,8.225302992976908811e+00,0.000000000000000000e+00
2.233694343163042006e+01,8.574349236023479648e+00,0.000000000000000000e+00
2.207764313330006090e+01,8.919946830482688327e+00,0.000000000000000000e+00
2.182073133349951632e+01,9.262350922346369586e+00,0.000000000000000000e+00
2.156602889371206544e+01,9.601814691673329349e+00,0.000000000000000000e+00
2.131335530152940194e+01,9.938580798081598999e+00,0.000000000000000000e+00
2.106252594527389377e+01,1.027288030102405259e+01,0.000000000000000000e+00
2.081337425044304013e+01,1.060494387045276099e+01,0.000000000000000000e+00
2.056573719587034788e+01,1.093499643611555605e+01,0.000000000000000000e+00
2.031944503480960762e+01,1.126325230329199023e+01,0.000000000000000000e+00
2.007433749215911689e+01,1.158992415490146044e+01,0.000000000000000000e+00
1.983026409948924140e+01,1.191522476229911121e+01,0.000000000000000000e+00
1.958706761034721922e+01,1.223935824348184731e+01,0.000000000000000000e+00
1.934459065762040808e+01,1.256252406035631708e+01,0.000000000000000000e+00
1.910268931647847879e+01,1.288492663855956799e+01,0.000000000000000000e+00
1.886121550122686230e+01,1.320676527375687925e+01,0.000000000000000000e+00
1.862001497388332183e+01,1.352823275062286257e+01,0.000000000000000000e+00
1.837894308157828149e+01,1.384952699573204171e+01,0.000000000000000000e+00
1.813785716968560635e+01,1.417084710230717448e+01,0.000000000000000000e+00
1.789660623597379541e+01,1.449238597826977504e+01,0.000000000000000000e+00
1.765504008086945475e+01,1.481433762027765511e+01,0.000000000000000000e+00
1.741301658145912867e+01,1.513690437963646751e+01,0.000000000000000000e+00
1.717038584794164180e+01,1.546028485964104959e+01,0.000000000000000000e+00
1.692699136332988985e+01,1.578467480922702748e+01,0.000000000000000000e+00
1.668268477234640912e+01,1.611028141829983440e+01,0.000000000000000000e+00
1.643731377208598587e+01,1.643731377208598232e+01,0.000000000000000000e+00
1.619071561251053026e+01,1.676597681871690071e+01,0.000000000000000000e+00
1.594272974004741528e+01,1.709648452560679033e+01,0.000000000000000000e+00
1.569319733263110273e+01,1.742906135530420997e+01,0.000000000000000000e+00
1.544194743191655128e+01,1.776392847164440170e+01,0.000000000000000000e+00
1.518880366938217996e+01,1.810131134019432864e+01,0.000000000000000000e+00
1.493359410336486626e+01,1.844145289509388519e+01,0.000000000000000000e+00
1.467613460040556816e+01,1.878459567472841840e+01,0.000000000000000000e+00
1.441623044114560770e+01,1.913098395420879783e+01,0.000000000000000000e+00
1.415369295075845812e+01,1.948088708532424107e+01,0.000000000000000000e+00
1.388832248036171180e+01,1.983458006732028167e+01,0.000000000000000000e+00
1.361990318347630513e+01,2.019233685474438289e+01,0.000000000000000000e+00
1.334821494948410958e+01,2.055444853017662510e+01,0.000000000000000000e+00
1.307302419242161307e+01,2.092121201412129849e+01,0.000000000000000000e+00
1.279408195505467205e+01,2.129292809330849678e+01,0.000000000000000000e+00
1.251115965740342340e+01,2.166996418822875370e+01,0.000000000000000000e+00
1.222402280793658136e+01,2.205272090704467303e+01,0.000000000000000000e+00
1.193239922647451579e+01,2.244157902030871554e+01,0.000000000000000000e+00
1.163593320117708352e+01,2.283680474198631671e+01,0.000000000000000000e+00
1.133422814451629712e+01,2.323861150603793746e+01,0.000000000000000000e+00
1.102697075002272165e+01,2.364741508568020478e+01,0.000000000000000000e+00
1.071413093632853553e+01,2.406433208341870156e+01,0.000000000000000000e+00
1.039563857332131924e+01,2.449058972720769844e+01,0.000000000000000000e+00
1.007063075890991577e+01,2.492568579698771103e+01,0.000000000000000000e+00
9.737439327239952647e+00,2.536689670951216158e+01,0.000000000000000000e+00
9.394421133410940428e+00,2.581095993289384793e+01,0.000000000000000000e+00
9.039576779336274015e+00,2.625283721213417465e+01,0.000000000000000000e+00
8.671128978649127461e+00,2.668699090631168502e+01,0.000000000000000000e+00
8.288765829172286104e+00,2.711133141635004051e+01,0.000000000000000000e+00
7.893189987061113300e+00,2.752682476885736662e+01,0.000000000000000000e+00
7.484833812424834143e+00,2.793378007417894082e+01,0.000000000000000000e+00
7.063832266117628933e+00,2.833148377063988832e+01,0.000000000000000000e+00
6.630391409273618031e+00,2.871938042632961086e+01,0.000000000000000000e+00
6.184809425312772113e+00,2.909724064371258478e+01,0.000000000000000000e+00
5.727430381655667979e+00,2.946507497113702101e+01,0.000000000000000000e+00
5.258602737843078856e+00,2.982301810372134909e+01,0.000000000000000000e+00
4.778456672924702886e+00,3.016998805648740500e+01,0.000000000000000000e+00
4.287132141891406789e+00,3.050453023827427401e+01,0.000000000000000000e+00
3.785104971562329723e+00,3.082720615465253289e+01,0.000000000000000000e+00
3.272824440149709080e+00,3.113884451827132338e+01,0.000000000000000000e+00
2.750598748194571730e+00,3.143948755577384446e+01,0.000000000000000000e+00
2.218600414277480226e+00,3.172746408158509723e+01,0.000000000000000000e+00
1.677123372250509448e+00,3.200142030809557525e+01,0.000000000000000000e+00
1.126680720438807182e+00,3.226391447946340918e+01,0.000000000000000000e+00
5.675349077369722384e-01,3.251405308836756802e+01,0.000000000000000000e+00
2.005308754031071798e-15,3.274917723913941359e+01,0.000000000000000000e+00
-5.755189896867266564e-01,3.297146083692607021e+01,0.000000000000000000e+00
-1.158707347825324252e+00,3.318103709310138782e+01,0.000000000000000000e+00
-1.749177218923282151e+00,3.337628960533542966e+01,0.000000000000000000e+00
-2.346507580324492803e+00,3.355662177506521004e+01,0.000000000000000000e+00
-2.950447365602738792e+00,3.372376770538370039e+01,0.000000000000000000e+00
-3.560650138841114476e+00,3.387732311491258486e+01,0.000000000000000000e+00
-4.176475153899730230e+00,3.401466050118794726e+01,0.000000000000000000e+00
-4.797674524795486839e+00,3.413722805158387530e+01,0.000000000000000000e+00
-5.424063431586337636e+00,3.424618870687176297e+01,0.000000000000000000e+00
-6.055184232498202590e+00,3.434065625220288354e+01,0.000000000000000000e+00
-6.690348501814440851e+00,3.441885925325043871e+01,0.000000000000000000e+00
-7.329279788115846017e+00,3.448155037196167427e+01,0.000000000000000000e+00
-7.971771113943377784e+00,3.452953425536106380e+01,0.000000000000000000e+00
-8.617559962958738495e+00,3.456314519303676036e+01,0.000000000000000000e+00
-9.266061488533212653e+00,3.458141226126323886e+01,0.000000000000000000e+00
-9.916322150373737543e+00,3.458232509699293189e+01,0.000000000000000000e+00
-1.056849356785308203e+01,3.456798485984506897e+01,0.000000000000000000e+00
-1.122243919595892692e+01,3.453911636035309130e+01,0.000000000000000000e+00
-1.187758589511300578e+01,3.449501415711612395e+01,0.000000000000000000e+00
-1.253328421155978845e+01,3.443491536286765609e+01,0.000000000000000000e+00
-1.318880648966563385e+01,3.435801556259058742e+01,0.000000000000000000e+00
-1.384424623731885440e+01,3.426571185744590764e+01,0.000000000000000000e+00
-1.449952913399942567e+01,3.415875001366296715e+01,0.000000000000000000e+00
-1.515399445643181231e+01,3.403642882068647424e+01,0.000000000000000000e+00
-1.580678290680970832e+01,3.389775533464563040e+01,0.000000000000000000e+00
-1.645749189190724593e+01,3.374285884873754071e+01,0.000000000000000000e+00
-1.710615476415756220e+01,3.357271904893261905e+01,0.000000000000000000e+00
-1.775282831355535151e+01,3.338821404405322824e+01,0.000000000000000000e+00
-1.839670660581434802e+01,3.318853725660635945e+01,0.000000000000000000e+00
-1.903630512535591279e+01,3.297184766550027746e+01,0.000000000000000000e+00
-1.967232846457684659e+01,3.274025263365530947e+01,0.000000000000000000e+00
-2.030516566736491768e+01,3.249505773538295017e+01,0.000000000000000000e+00
-2.093413964566399699e+01,3.223574818795980690e+01,0.000000000000000000e+00
-2.155816333648600747e+01,3.196129151549655134e+01,0.000000000000000000e+00
-2.217707662929962353e+01,3.167214778350138005e+01,0.000000000000000000e+00
-2.279140950032788382e+01,3.136968397830625221e+01,0.000000000000000000e+00
-2.340062242462466813e+01,3.105367481129259843e+01,0.000000000000000000e+00
-2.400327001881191435e+01,3.072278460584931636e+01,0.000000000000000000e+00
-2.459961421981929419e+01,3.037799365191407475e+01,0.000000000000000000e+00
-2.519023318679235857e+01,3.002055089864568416e+01,0.000000000000000000e+00
-2.577433359227536513e+01,2.964997908172878383e+01,0.000000000000000000e+00
-2.634989352691679798e+01,2.926452151541053581e+01,0.000000000000000000e+00
-2.691881139375217913e+01,2.886689104971575759e+01,0.000000000000000000e+00
-2.748067936862509697e+01,2.845707652977036872e+01,0.000000000000000000e+00
-2.803282692922910613e+01,2.803282692922911323e+01,0.000000000000000000e+00
-2.857752511459477063e+01,2.759699521493140040e+01,0.000000000000000000e+00
-2.911438229077994322e+01,2.714960070973147310e+01,0.000000000000000000e+00
-2.964052389603870807e+01,2.668844759110003650e+01,0.000000000000000000e+00
-3.015750060759160434e+01,2.621551532386418160e+01,0.000000000000000000e+00
-3.066605711348856644e+01,2.573187721358966940e+01,0.000000000000000000e+00
-3.116462828437147436e+01,2.523661838514152578e+01,0.000000000000000000e+00
-3.165255564959424461e+01,2.472968677123198589e+01,0.000000000000000000e+00
-3.212975727343863497e+01,2.421150872221938499e+01,0.000000000000000000e+00
-3.259642676024149210e+01,2.368269030232745465e+01,0.000000000000000000e+00
-3.305249978978505965e+01,2.314360950948234219e+01,0.000000000000000000e+00
-3.349749896242595781e+01,2.259434834307666051e+01,0.000000000000000000e+00
-3.393105685229810575e+01,2.203508596509882267e+01,0.000000000000000000e+00
-3.435292119645269793e+01,2.146608760421959872e+01,0.000000000000000000e+00
-3.476282895741151435e+01,2.088761492649949503e+01,0.000000000000000000e+00
-3.516052271276510055e+01,2.029993725306287899e+01,0.000000000000000000e+00
-3.554588485460134706e+01,1.970340571680342734e+01,0.000000000000000000e+00
-3.591888051527090653e+01,1.909840754469125201e+01,0.000000000000000000e+00
-3.627928442225221772e+01,1.848521870258429800e+01,0.000000000000000000e+00
-3.662669774397833322e+01,1.786403410128994196e+01,0.000000000000000000e+00
-3.696082615194936238e+01,1.723511628638954107e+01,0.000000000000000000e+00
-3.728159405258198689e+01,1.659883510623763314e+01,0.000000000000000000e+00
-3.758895833258657149e+01,1.595556617973517177e+01,0.000000000000000000e+00
-3.788285539036647265e+01,1.530566708722880342e+01,0.000000000000000000e+00
-3.816321450052405595e+01,1.464948550809324956e+01,0.000000000000000000e+00
-3.842986318506464727e+01,1.398732630628609108e+01,0.000000000000000000e+00
-3.868202133814583021e+01,1.331928808458365054e+01,0.000000000000000000e+00
-3.891869078444874930e+01,1.264544918746550195e+01,0.000000000000000000e+00
-3.913899857864151244e+01,1.196599270705760176e+01,0.000000000000000000e+00
-3.934445625401758662e+01,1.128184128602881664e+01,0.000000000000000000e+00
-3.953866759331728531e+01,1.059435405143197961e+01,0.000000000000000000e+00
-3.972537865639462495e+01,9.904649322587989246e+00,0.000000000000000000e+00
-3.990837652364589161e+01,9.213574698772024618e+00,0.000000000000000000e+00
-4.009021891148388761e+01,8.521439088423509389e+00,0.000000000000000000e+00
-4.027161294577413031e+01,7.828008573874130072e+00,0.000000000000000000e+00
-4.045310959396708483e+01,7.132974674972850870e+00,0.000000000000000000e+00
-4.063524817658277044e+01,6.435991039896700627e+00,0.000000000000000000e+00
-4.081848537883373496e+01,5.736664006428648932e+00,0.000000000000000000e+00
-4.100277283188305688e+01,5.034507457964309651e+00,0.000000000000000000e+00
-4.118783066731096199e+01,4.329015444539907165e+00,0.000000000000000000e+00
-4.137335606180898395e+01,3.619699627429854960e+00,0.000000000000000000e+00
-4.155902481268218196e+01,2.906090112632119471e+00,0.000000000000000000e+00
-4.174449212606314319e+01,2.187736129625367898e+00,0.000000000000000000e+00
-4.192939342370130618e+01,1.464206682677883453e+00,0.000000000000000000e+00
-4.211334516748820533e+01,7.350911742429417917e-01,0.000000000000000000e+00
-4.229594570086798200e+01,5.179759451947822689e-15,0.000000000000000000e+00
-4.231413227723768955e+01,-7.385959262803766245e-01,0.000000000000000000e+00
-4.225368530302441172e+01,-1.475531204643761196e+00,0.000000000000000000e+00
-4.217526432057910313e+01,-2.210311943716821048e+00,0.000000000000000000e+00
-4.207913193472290914e+01,-2.942459545545531796e+00,0.000000000000000000e+00
-4.196561564168284519e+01,-3.671515626533433885e+00,0.000000000000000000e+00
-4.183536719220951028e+01,-4.397074275795953113e+00,0.000000000000000000e+00
-4.168943918315357422e+01,-5.118819484391849528e+00,0.000000000000000000e+00
-4.152654072441448108e+01,-5.836174695712065486e+00,0.000000000000000000e+00
-4.134451958853514242e+01,-6.548328595516960782e+00,0.000000000000000000e+00
-4.114606005407497946e+01,-7.255160537384226060e+00,0.000000000000000000e+00
-4.093157108737455729e+01,-7.956291441456363245e+00,0.000000000000000000e+00
-4.070074316373071355e+01,-8.651210024297267154e+00,0.000000000000000000e+00
-4.045382873242687083e+01,-9.339502263558722817e+00,0.000000000000000000e+00
-4.019145738728976625e+01,-1.002085580172974844e+01,0.000000000000000000e+00
-3.991234725783934323e+01,-1.069448121576858668e+01,0.000000000000000000e+00
-3.961606936220940867e+01,-1.135972509151442189e+01,0.000000000000000000e+00
-3.930675452891502886e+01,-1.201728084805347763e+01,0.000000000000000000e+00
-3.898054720619570901e+01,-1.266554755722956926e+01,0.000000000000000000e+00
-3.864040278597998679e+01,-1.330495766784782496e+01,0.000000000000000000e+00
-3.828399778855776958e+01,-1.393423564374814028e+01,0.000000000000000000e+00
-3.791566362876971397e+01,-1.455445963158510558e+01,0.000000000000000000e+00
-3.753080082326177092e+01,-1.516342780919345046e+01,0.000000000000000000e+00
-3.713193655275705396e+01,-1.576157194373824311e+01,0.000000000000000000e+00
-3.672007050392061700e+01,-1.634882871489732992e+01,0.000000000000000000e+00
-3.629501780312374137e+01,-1.692464475446860561e+01,0.000000000000000000e+00
-3.585684049856330091e+01,-1.748854963415749708e+01,0.000000000000000000e+00
-3.540583790038601109e+01,-1.804017547092106000e+01,0.000000000000000000e+00
-3.494247631351836958e+01,-1.857924422150554022e+01,0.000000000000000000e+00
-3.446732637294204693e+01,-1.910555098789850703e+01,0.000000000000000000e+00
-3.398085257043842233e+01,-1.961885437883561778e+01,0.000000000000000000e+00
-3.348200466908794226e+01,-2.011801805175184654e+01,0.000000000000000000e+00
-3.297202950258579079e+01,-2.060321070641600016e+01,0.000000000000000000e+00
-3.245265158378900594e+01,-2.107499835790579823e+01,0.000000000000000000e+00
-3.192184264169146957e+01,-2.153155473512463658e+01,0.000000000000000000e+00
-3.138190373685890222e+01,-2.197384555992006838e+01,0.000000000000000000e+00
-3.083218061460047466e+01,-2.240089044764970438e+01,0.000000000000000000e+00
-3.027393879611233984e+01,-2.281304919237456730e+01,0.000000000000000000e+00
-2.970625989573879977e+01,-2.320907387381365794e+01,0.000000000000000000e+00
-2.913151115658347834e+01,-2.359023259744352430e+01,0.000000000000000000e+00
-2.854805492877266104e+01,-2.395466236156187279e+01,0.000000000000000000e+00
-2.795733075121884426e+01,-2.430293684677629074e+01,0.000000000000000000e+00
-2.736030761269358891e+01,-2.463533162770228557e+01,0.000000000000000000e+00
-2.675707480875182753e+01,-2.495137592007506200e+01,0.000000000000000000e+00
-2.614689272956488608e+01,-2.524976080502550957e+01,0.000000000000000000e+00
-2.553138270624677730e+01,-2.553138270624677020e+01,0.000000000000000000e+00
-2.491101305462184712e+01,-2.579610916529353659e+01,0.000000000000000000e+00
-2.428618639363186915e+01,-2.604374637435799400e+01,0.000000000000000000e+00
-2.365730690132889080e+01,-2.627410111177090712e+01,0.000000000000000000e+00
-2.302480211822637202e+01,-2.648700493932300049e+01,0.000000000000000000e+00
-2.238912477595754424e+01,-2.668231988678742894e+01,0.000000000000000000e+00
-2.175074727403792707e+01,-2.685993596122192884e+01,0.000000000000000000e+00
-2.111015423703373983e+01,-2.701976526999661843e+01,0.000000000000000000e+00
-2.046784084112229607e+01,-2.716174219796208433e+01,0.000000000000000000e+00
-1.982425586315190458e+01,-2.728574735683693220e+01,0.000000000000000000e+00
-1.918888284843746561e+01,-2.740456479160389947e+01,0.000000000000000000e+00
-1.856346834536348567e+01,-2.752147360905770057e+01,0.000000000000000000e+00
-1.794745845026672626e+01,-2.763666245708370894e+01,0.000000000000000000e+00
-1.734024464659504616e+01,-2.775019224996527001e+01,0.000000000000000000e+00
-1.674128822832812347e+01,-2.786218250652273554e+01,0.000000000000000000e+00
-1.615006112405505689e+01,-2.797272641220626355e+01,0.000000000000000000e+00
-1.556606196847299195e+01,-2.808191915263959970e+01,0.000000000000000000e+00
-1.498880934251620545e+01,-2.818985041450058660e+01,0.000000000000000000e+00
-1.441784121474910485e+01,-2.829660663477172378e+01,0.000000000000000000e+00
-1.385271311621929691e+01,-2.840227091848030128e+01,0.000000000000000000e+00
-1.329299667134380059e+01,-2.850692335600732719e+01,0.000000000000000000e+00
-1.273827821190813658e+01,-2.861064130016852758e+01,0.000000000000000000e+00
-1.218815746323464921e+01,-2.871349959479376679e+01,0.000000000000000000e+00
-1.164224632001473125e+01,-2.881557081090269179e+01,0.000000000000000000e+00
-1.110016768727923342e+01,-2.891692545839857331e+01,0.000000000000000000e+00
-1.056155438618429265e+01,-2.901763219038328501e+01,0.000000000000000000e+00
-1.002604811487140601e+01,-2.911775799531072195e+01,0.000000000000000000e+00
-9.493298458925094607e+00,-2.921736838052495244e+01,0.000000000000000000e+00
-8.962961945537465169e+00,-2.931652754893488577e+01,0.000000000000000000e+00
-8.434701142008297126e+00,-2.941529859212117870e+01,0.000000000000000000e+00
-7.908183777893135868e+00,-2.951374365468918981e+01,0.000000000000000000e+00
-7.383081889074309956e+00,-2.961192407143304095e+01,0.000000000000000000e+00
-6.859070991433098285e+00,-2.970990051939472920e+01,0.000000000000000000e+00
-6.335829273294809383e+00,-2.980773316765768755e+01,0.000000000000000000e+00
-5.813036802042512718e+00,-2.990548182493104790e+01,0.000000000000000000e+00
-5.290374740669094855e+00,-3.000320608572139491e+01,0.000000000000000000e+00
-4.767524571986627713e+00,-3.010096548763102575e+01,0.000000000000000000e+00
-4.244167325990247264e+00,-3.019881968808327244e+01,0.000000000000000000e+00
-3.719982793554344358e+00,-3.029682857681135744e+01,0.000000000000000000e+00
-3.194648739726241082e+00,-3.039505241297836236e+01,0.000000000000000000e+00
-2.667840108408356503e+00,-3.049355197451198052e+01,0.000000000000000000e+00
-2.139228212270345431e+00,-3.059238871062058251e+01,0.000000000000000000e+00
-1.608479903507877840e+00,-3.069162489829741958e+01,0.000000000000000000e+00
-1.075256720906693886e+00,-3.079132380404156422e+01,0.000000000000000000e+00
-5.392140086649365172e-01,-3.089154986718222418e+01,0.000000000000000000e+00
-5.693205801093569512e-15,-3.099236887488648762e+01,0.000000000000000000e+00
5.427451377499048490e-01,-3.109384811697397311e+01,0.000000000000000000e+00
1.089390300605609818e+00,-3.119605657209353566e+01,0.000000000000000000e+00
1.640314495800640593e+00,-3.129906510523393237e+01,0.000000000000000000e+00
2.195907946675377698e+00,-3.140294667586618971e+01,0.000000000000000000e+00
2.756573261727905066e+00,-3.150777655794349030e+01,0.000000000000000000e+00
3.322726675565593535e+00,-3.161363257309861297e+01,0.000000000000000000e+00
3.894799370219512724e+00,-3.172059533852493374e+01,0.000000000000000000e+00
4.473238886109197843e+00,-3.182874853121305136e+01,0.000000000000000000e+00
5.058510632895274917e+00,-3.193817917044239252e+01,0.000000000000000000e+00
5.651099511549069199e+00,-3.204897792069883167e+01,0.000000000000000000e+00
6.251511660225768097e+00,-3.216123941749963677e+01,0.000000000000000000e+00
6.860276337968430838e+00,-3.227506261894885142e+01,0.000000000000000000e+00
7.477947961919051423e+00,-3.239055118620475326e+01,0.000000000000000000e+00
8.105108315586496914e+00,-3.250781389639718810e+01,0.000000000000000000e+00
8.742368947842281912e+00,-3.262696509185992966e+01,0.000000000000000000e+00
9.390373784695482229e+00,-3.274812516981202037e+01,0.000000000000000000e+00
1.004980197855204160e+01,-3.287142111679404621e+01,0.000000000000000000e+00
1.072137102260073149e+01,-3.299698709220611192e+01,0.000000000000000000e+00
1.140584016117687227e+01,-3.312496506512167826e+01,0.000000000000000000e+00
1.210401413049528685e+01,-3.325550550829544250e+01,0.000000000000000000e+00
1.281674726776053319e+01,-3.338876815218711158e+01,0.000000000000000000e+00
1.354494803268536707e+01,-3.352492280590647766e+01,0.000000000000000000e+00
1.428958404548859740e+01,-3.366415038020168993e+01,0.000000000000000000e+00
1.505168764434383810e+01,-3.380664395851602677e+01,0.000000000000000000e+00
1.583236201010681121e+01,-3.395260989868666002e+01,0.000000000000000000e+00
1.663278790535306584e+01,-3.410226893851905317e+01,0.000000000000000000e+00
1.745423003436500409e+01,-3.425585523094829909e+01,0.000000000000000000e+00
1.829805280627370934e+01,-3.441363217706371813e+01,0.000000000000000000e+00
1.916575254667404238e+01,-3.457593285991486454e+01,0.000000000000000000e+00
2.005865460712835358e+01,-3.474260891102183280e+01,0.000000000000000000e+00
2.097648482319540264e+01,-3.491073330308115175e+01,0.000000000000000000e+00
2.190226644943526324e+01,-3.505095326328861205e+01,0.000000000000000000e+00
2.281824936795962344e+01,-3.513702273730530834e+01,0.000000000000000000e+00
2.373272798922108962e+01,-3.518521619314902438e+01,0.000000000000000000e+00
2.463155527304351011e+01,-3.517750656615531568e+01,0.000000000000000000e+00
2.552531543606797726e+01,-3.513258268052775435e+01,0.000000000000000000e+00
2.640097252328113342e+01,-3.503527387276299265e+01,0.000000000000000000e+00
2.726566619057882335e+01,-3.489846128680107995e+01,0.000000000000000000e+00
2.811318100406376530e+01,-3.471688728307355376e+01,0.000000000000000000e+00
2.894064430235782126e+01,-3.449011681932609719e+01,0.000000000000000000e+00
2.975355655914143682e+01,-3.422755146809977589e+01,0.000000000000000000e+00
3.054024616473226672e+01,-3.391837959651595469e+01,0.000000000000000000e+00
3.130499538601488752e+01,-3.357049751942940929e+01,0.000000000000000000e+00
3.204757301909769041e+01,-3.318623334469243247e+01,0.000000000000000000e+00
3.276587665108635150e+01,-3.276587665108636571e+01,0.000000000000000000e+00
3.345363374574182558e+01,-3.230579858477003796e+01,0.000000000000000000e+00
3.411245850295197357e+01,-3.181038217924765732e+01,0.000000000000000000e+00
3.474198463306711915e+01,-3.128182347054703172e+01,0.000000000000000000e+00
3.534063802250733488e+01,-3.072114793892951923e+01,0.000000000000000000e+00
3.590704757212882470e+01,-3.012959037443837218e+01,0.000000000000000000e+00
3.644050961486220075e+01,-2.950894284760457609e+01,0.000000000000000000e+00
3.693927822131519889e+01,-2.886012712784617662e+01,0.000000000000000000e+00
3.739755974142184414e+01,-2.818108260710963719e+01,0.000000000000000000e+00
3.782040957830390226e+01,-2.747813598521909384e+01,0.000000000000000000e+00
3.820670893438959581e+01,-2.675262560604388895e+01,0.000000000000000000e+00
3.855173625872818377e+01,-2.600347444557512588e+01,0.000000000000000000e+00
3.885654519947325269e+01,-2.523373549796020043e+01,0.000000000000000000e+00
3.912135432634242704e+01,-2.444573532371676450e+01,0.000000000000000000e+00
3.934474841718932936e+01,-2.364070988943602813e+01,0.000000000000000000e+00
3.952547138997963572e+01,-2.282004154685162334e+01,0.000000000000000000e+00
3.966264248864046493e+01,-2.198536173598857602e+01,0.000000000000000000e+00
3.975546241883374421e+01,-2.113835432815736581e+01,0.000000000000000000e+00
3.980318371238470121e+01,-2.028073507236215178e+01,0.000000000000000000e+00
3.980511177368837394e+01,-1.941425020353450037e+01,0.000000000000000000e+00
3.976075353799928536e+01,-1.854074386878250991e+01,0.000000000000000000e+00
3.967009659660955379e+01,-1.766226495377110695e+01,0.000000000000000000e+00
3.953264919620357887e+01,-1.678061400183730001e+01,0.000000000000000000e+00
3.934779878089406679e+01,-1.589754263636582898e+01,0.000000000000000000e+00
3.911498472038046970e+01,-1.501483586511390556e+01,0.000000000000000000e+00
3.883369977595420863e+01,-1.413431080487741731e+01,0.000000000000000000e+00
3.850387423450658986e+01,-1.325794711757309052e+01,0.000000000000000000e+00
3.812670267405937352e+01,-1.238811665121771988e+01,0.000000000000000000e+00
3.770351853603236236e+01,-1.152712241541042637e+01,0.000000000000000000e+00
3.723367661532910233e+01,-1.067658496428123982e+01,0.000000000000000000e+00
3.671521423193379263e+01,-9.837812003382319759e+00,0.000000000000000000e+00
3.614579419385177772e+01,-9.012158677533705031e+00,0.000000000000000000e+00
3.553869042392958022e+01,-8.204753173144007761e+00,0.000000000000000000e+00
3.493404234268490427e+01,-7.425459925596087807e+00,0.000000000000000000e+00
3.435071929411164859e+01,-6.677103435492407257e+00,0.000000000000000000e+00
3.379190574079269993e+01,-5.958424711659023210e+00,0.000000000000000000e+00
3.325405031191733229e+01,-5.266924147177007853e+00,0.000000000000000000e+00
3.273565869527676142e+01,-4.600696797566809160e+00,0.000000000000000000e+00
3.223572273897949714e+01,-3.958049061893366360e+00,0.000000000000000000e+00
3.175287785869099366e+01,-3.337361944822145876e+00,0.000000000000000000e+00
3.128595080000892636e+01,-2.737166022630598494e+00,0.000000000000000000e+00
3.083391679106733818e+01,-2.156117500930824438e+00,0.000000000000000000e+00
3.039582868584603759e+01,-1.592977880892967768e+00,0.000000000000000000e+00
2.997077260427409939e+01,-1.046602441603439182e+00,0.000000000000000000e+00
2.955794396853232442e+01,-5.159358311153504628e-01,0.000000000000000000e+00
2.915656713270059086e+01,-7.141299322637339918e-15,0.000000000000000000e+00
