2.919807242310698570e+01,0.000000000000000000e+00,0.000000000000000000e+00
2.885574236218377564e+01,5.036788564838364790e-01,0.000000000000000000e+00
2.851193202592700970e+01,9.956586060417768058e-01,0.000000000000000000e+00
2.816662242277129380e+01,1.476150131081357175e+00,0.000000000000000000e+00
2.782022654015193552e+01,1.945379749499062116e+00,0.000000000000000000e+00
2.747310281484427463e+01,2.403585048181026362e+00,0.000000000000000000e+00
2.712548319150639742e+01,2.851003167055240706e+00,0.000000000000000000e+00
2.677760374204944682e+01,3.287876317499516254e+00,0.000000000000000000e+00
2.642971785372055749e+01,3.714454608110584921e+00,0.000000000000000000e+00
2.608206212190369300e+01,4.130992811687503874e+00,0.000000000000000000e+00
2.573485439809737230e+01,4.537749174988469747e+00,0.000000000000000000e+00
2.538830296013686905e+01,4.934986177873457613e+00,0.000000000000000000e+00
2.504260657921750166e+01,5.322970349733546769e+00,0.000000000000000000e+00
2.469795250190741953e+01,5.701971618620441440e+00,0.000000000000000000e+00
2.435451648147835613e+01,6.072262954538326873e+00,0.000000000000000000e+00
2.401246357572938095e+01,6.434120223398436700e+00,0.000000000000000000e+00
2.367194798767032538e+01,6.787821857386965085e+00,0.000000000000000000e+00
2.333311310889986956e+01,7.133648571335959865e+00,0.000000000000000000e+00
2.299609135064445553e+01,7.471883016195559613e+00,0.000000000000000000e+00
2.266100423482824766e+01,7.802809502925408758e+00,0.000000000000000000e+00
2.232796224284525266e+01,8.126713648215305952e+00,0.000000000000000000e+00
2.199706491829176969e+01,8.443882098471465980e+00,0.000000000000000000e+00
2.166840069074795849e+01,8.754602150966801943e+00,0.000000000000000000e+00
2.134204623732945194e+01,9.059161154127304272e+00,0.000000000000000000e+00
2.101806669993484533e+01,9.357846204539114865e+00,0.000000000000000000e+00
2.069651718210898750e+01,9.650944459153933508e+00,0.000000000000000000e+00
2.037744244100660396e+01,9.938742750103997992e+00,0.000000000000000000e+00
2.006087100832505854e+01,1.022152431776657977e+01,0.000000000000000000e+00
1.974681491978179793e+01,1.049956773812158772e+01,0.000000000000000000e+00
1.943528795128209552e+01,1.077315602898660707e+01,0.000000000000000000e+00
1.912631359909326179e+01,1.104258230504169447e+01,0.000000000000000000e+00
1.882000746170569982e+01,1.130820133354379387e+01,0.000000000000000000e+00
1.851673502841023833e+01,1.157054021667944710e+01,0.000000000000000000e+00
1.821678280760468738e+01,1.183011707888834785e+01,0.000000000000000000e+00
1.791994833723023817e+01,1.208715777483807940e+01,0.000000000000000000e+00
1.762588961370688168e+01,1.234178077516978789e+01,0.000000000000000000e+00
1.733436599080064866e+01,1.259415408832645333e+01,0.000000000000000000e+00
1.704519905498767685e+01,1.284447878269428500e+01,0.000000000000000000e+00
1.675820054340918475e+01,1.309294121068265504e+01,0.000000000000000000e+00
1.647316923623165508e+01,1.333970942361958301e+01,0.000000000000000000e+00
1.618990414546912149e+01,1.358494259725865483e+01,0.000000000000000000e+00
1.590822072727072367e+01,1.382880530046964651e+01,0.000000000000000000e+00
1.562793571123994063e+01,1.407145651842708389e+01,0.000000000000000000e+00
1.534887019928020635e+01,1.431305301599756952e+01,0.000000000000000000e+00
1.507084750966294706e+01,1.455374826691065415e+01,0.000000000000000000e+00
1.479369114898832116e+01,1.479369114898831938e+01,0.000000000000000000e+00
1.451723124920210317e+01,1.503303303085651699e+01,0.000000000000000000e+00
1.424129539440473913e+01,1.527191957117826249e+01,0.000000000000000000e+00
1.396571564426657375e+01,1.551049857306830049e+01,0.000000000000000000e+00
1.369032362631370070e+01,1.574891578434264794e+01,0.000000000000000000e+00
1.341495029545200701e+01,1.598731520907768733e+01,0.000000000000000000e+00
1.313942952026283884e+01,1.622584415306529593e+01,0.000000000000000000e+00
1.286359105056652119e+01,1.646464572512639535e+01,0.000000000000000000e+00
1.258726779458804401e+01,1.670386854515742314e+01,0.000000000000000000e+00
1.231028952463818271e+01,1.694365993747767263e+01,0.000000000000000000e+00
1.203248341453905468e+01,1.718416720463150327e+01,0.000000000000000000e+00
1.175367525835872051e+01,1.742554017461653970e+01,0.000000000000000000e+00
1.147368650593702100e+01,1.766792785628458162e+01,0.000000000000000000e+00
1.119234489185097026e+01,1.791149599136532444e+01,0.000000000000000000e+00
1.090947196243837958e+01,1.815641035036443540e+01,0.000000000000000000e+00
1.062487079820650671e+01,1.840281604634855483e+01,0.000000000000000000e+00
1.033832863832172855e+01,1.865083857322258254e+01,0.000000000000000000e+00
1.004965774945148915e+01,1.890065729706626740e+01,0.000000000000000000e+00
9.758733272371166834e+00,1.915259244077830658e+01,0.000000000000000000e+00
9.465380107390885200e+00,1.940690519619177934e+01,0.000000000000000000e+00
9.169172588292424209e+00,1.966335407093964704e+01,0.000000000000000000e+00
8.869582044294460843e+00,1.992140744064589342e+01,0.000000000000000000e+00
8.565568713281672686e+00,2.017921531781054867e+01,0.000000000000000000e+00
8.255791891622898504e+00,2.043380197549669575e+01,0.000000000000000000e+00
7.939616617866896320e+00,2.068340842906623323e+01,0.000000000000000000e+00
7.617251196404236424e+00,2.092822566043433596e+01,0.000000000000000000e+00
7.288871450084604575e+00,2.116841975131644915e+01,0.000000000000000000e+00
6.954500019761446161e+00,2.140375022010477579e+01,0.000000000000000000e+00
6.614170802224369261e+00,2.163397788755692730e+01,0.000000000000000000e+00
6.267965864662825126e+00,2.185899468992690942e+01,0.000000000000000000e+00
5.915970778385272411e+00,2.207870352102663603e+01,0.000000000000000000e+00
5.558265919183499548e+00,2.229298697218327163e+01,0.000000000000000000e+00
5.194932643631750224e+00,2.250172541442214680e+01,0.000000000000000000e+00
4.826054481269278718e+00,2.270480122256285682e+01,0.000000000000000000e+00
4.451727295553399522e+00,2.290215153634387946e+01,0.000000000000000000e+00
4.072052984233996753e+00,2.309376005800629628e+01,0.000000000000000000e+00
3.687090322059089154e+00,2.327937210564425996e+01,0.000000000000000000e+00
3.296890033950764298e+00,2.345859152560351291e+01,0.000000000000000000e+00
2.901546944288485363e+00,2.363120349131651921e+01,0.000000000000000000e+00
2.501187751144155591e+00,2.379721183282288166e+01,0.000000000000000000e+00
2.095964588902393899e+00,2.395698487589004699e+01,0.000000000000000000e+00
1.685964498762533292e+00,2.411041561746762341e+01,0.000000000000000000e+00
1.271248541058533910e+00,2.425686717601289288e+01,0.000000000000000000e+00
8.519283720588944897e-01,2.439603664118038751e+01,0.000000000000000000e+00
4.281392950992325419e-01,2.452808378885529805e+01,0.000000000000000000e+00
1.509606067026576377e-15,2.465373800964691142e+01,0.000000000000000000e+00
-4.323989655736253379e-01,2.477212014689311559e+01,0.000000000000000000e+00
-8.688982390479387252e-01,2.488199005045613532e+01,0.000000000000000000e+00
-1.309417703553103385e+00,2.498517818282793712e+01,0.000000000000000000e+00
-1.753861111784409177e+00,2.508138242025455611e+01,0.000000000000000000e+00
-2.201956879656123078e+00,2.516848230289463473e+01,0.000000000000000000e+00
-2.653724547824535485e+00,2.524850250911964267e+01,0.000000000000000000e+00
-3.109076577707233557e+00,2.532139671994940855e+01,0.000000000000000000e+00
-3.567600284091823504e+00,2.538479504299628076e+01,0.000000000000000000e+00
-4.029420359124749496e+00,2.544075889568635063e+01,0.000000000000000000e+00
-4.494445284882774061e+00,2.548926583342222330e+01,0.000000000000000000e+00
-4.962197926730961051e+00,2.552829527200331228e+01,0.000000000000000000e+00
-5.432809053605323513e+00,2.555935705263875235e+01,0.000000000000000000e+00
-5.906189247227771055e+00,2.558251623332358449e+01,0.000000000000000000e+00
-6.381975053422168642e+00,2.559670386256703267e+01,0.000000000000000000e+00
-6.860035417414353631e+00,2.560200071951233269e+01,0.000000000000000000e+00
-7.340459789636613053e+00,2.559922549481213139e+01,0.000000000000000000e+00
-7.823043548869709873e+00,2.558802247633596139e+01,0.000000000000000000e+00
-8.307136077078256520e+00,2.556673594549837247e+01,0.000000000000000000e+00
-8.793073432770778908e+00,2.553693951165519138e+01,0.000000000000000000e+00
-9.280818415507877006e+00,2.549883903066652380e+01,0.000000000000000000e+00
-9.769804414501399137e+00,2.545121064441482162e+01,0.000000000000000000e+00
-1.025988049073611208e+01,2.539409532024328442e+01,0.000000000000000000e+00
-1.075129644456217193e+01,2.532846716459429359e+01,0.000000000000000000e+00
-1.124379327317395472e+01,2.525397316972554762e+01,0.000000000000000000e+00
-1.173654236499765879e+01,2.516909632459110924e+01,0.000000000000000000e+00
-1.222990034280634397e+01,2.507501165498779372e+01,0.000000000000000000e+00
-1.272404553065751109e+01,2.497234543099429160e+01,0.000000000000000000e+00
-1.321848630306442374e+01,2.486035702199124842e+01,0.000000000000000000e+00
-1.371240870557531366e+01,2.473784014465748271e+01,0.000000000000000000e+00
-1.420637096790774834e+01,2.460615630758767836e+01,0.000000000000000000e+00
-1.470040535781232371e+01,2.446558301924267198e+01,0.000000000000000000e+00
-1.519379375925882769e+01,2.431515278007033842e+01,0.000000000000000000e+00
-1.568617741283621569e+01,2.415459501420616562e+01,0.000000000000000000e+00
-1.617804701717690818e+01,2.398494105443045399e+01,0.000000000000000000e+00
-1.666916184183935101e+01,2.380603025848457577e+01,0.000000000000000000e+00
-1.715850725239359775e+01,2.361665916446806435e+01,0.000000000000000000e+00
-1.764643810339661556e+01,2.341761430515756359e+01,0.000000000000000000e+00
-1.813327090851903378e+01,2.320952836364912741e+01,0.000000000000000000e+00
-1.861847732109310272e+01,2.299190470283022236e+01,0.000000000000000000e+00
-1.910091577513466632e+01,2.276358499685615655e+01,0.000000000000000000e+00
-1.958156352575375436e+01,2.252601204401836910e+01,0.000000000000000000e+00
-2.006034558194820150e+01,2.227927085511018035e+01,0.000000000000000000e+00
-2.053589008353281642e+01,2.202204595808676757e+01,0.000000000000000000e+00
-2.100778744906890694e+01,2.175420072917991021e+01,0.000000000000000000e+00
-2.147531490095700235e+01,2.147531490095700590e+01,0.000000000000000000e+00
-2.193757000041407323e+01,2.118486509594427858e+01,0.000000000000000000e+00
-2.239397928713896135e+01,2.088272352391140174e+01,0.000000000000000000e+00
-2.284472137177579398e+01,2.056947951400423591e+01,0.000000000000000000e+00
-2.328976207932294784e+01,2.024548130245070254e+01,0.000000000000000000e+00
-2.372824859885840709e+01,1.991036464778490966e+01,0.000000000000000000e+00
-2.415984483716127329e+01,1.956425659360202474e+01,0.000000000000000000e+00
-2.458465909451785336e+01,1.920764078311445289e+01,0.000000000000000000e+00
-2.500302681227048751e+01,1.884113211921517461e+01,0.000000000000000000e+00
-2.541399320067858980e+01,1.846434686673208247e+01,0.000000000000000000e+00
-2.581625173519902816e+01,1.807673407330585391e+01,0.000000000000000000e+00
-2.621050099473421824e+01,1.767920615165512999e+01,0.000000000000000000e+00
-2.659720578458743390e+01,1.727242739434784369e+01,0.000000000000000000e+00
-2.697573190683893785e+01,1.685630811390621631e+01,0.000000000000000000e+00
-2.734563307566131840e+01,1.643091401754239556e+01,0.000000000000000000e+00
-2.770668450716742726e+01,1.599646175856514496e+01,0.000000000000000000e+00
-2.805861193640857465e+01,1.555314256755198343e+01,0.000000000000000000e+00
-2.840112559129164538e+01,1.510114634669195688e+01,0.000000000000000000e+00
-2.873399805115534633e+01,1.464070327278697370e+01,0.000000000000000000e+00
-2.905703309399219236e+01,1.417206196697670784e+01,0.000000000000000000e+00
-2.937006512742601316e+01,1.369548628942981594e+01,0.000000000000000000e+00
-2.967295404615379795e+01,1.321125031918967352e+01,0.000000000000000000e+00
-2.996565208993789398e+01,1.271966466347734404e+01,0.000000000000000000e+00
-3.024816109045358914e+01,1.222105036382981247e+01,0.000000000000000000e+00
-3.052028034663024769e+01,1.171563796426958604e+01,0.000000000000000000e+00
-3.078155750448811290e+01,1.120357069598712307e+01,0.000000000000000000e+00
-3.103157871654945055e+01,1.068502943607984079e+01,0.000000000000000000e+00
-3.127021189475690122e+01,1.016030774998302988e+01,0.000000000000000000e+00
-3.149742293254455205e+01,9.629728577358477537e+00,0.000000000000000000e+00
-3.171316230562806737e+01,9.093602958959008831e+00,0.000000000000000000e+00
-3.191731156333771224e+01,8.552217857968884118e+00,0.000000000000000000e+00
-3.210974471338526826e+01,8.005858521192729782e+00,0.000000000000000000e+00
-3.229034448016672343e+01,7.454813420957410841e+00,0.000000000000000000e+00
-3.245901336497723122e+01,6.899376276060853463e+00,0.000000000000000000e+00
-3.261566755739490731e+01,6.339843542539483678e+00,0.000000000000000000e+00
-3.276023090559669981e+01,5.776512602896005433e+00,0.000000000000000000e+00
-3.289263390574814139e+01,5.209681411961788911e+00,0.000000000000000000e+00
-3.301279234311180488e+01,4.639645391757645676e+00,0.000000000000000000e+00
-3.312060687569380946e+01,4.066699172069790258e+00,0.000000000000000000e+00
-3.321598438882159599e+01,3.491140637783750389e+00,0.000000000000000000e+00
-3.329883908776591284e+01,2.913270928753439293e+00,0.000000000000000000e+00
-3.336909260555312784e+01,2.333394263354104936e+00,0.000000000000000000e+00
-3.342667410664385130e+01,1.751817758747138853e+00,0.000000000000000000e+00
-3.347152038638512295e+01,1.168851247951295580e+00,0.000000000000000000e+00
-3.350357596614490774e+01,5.848070938165271793e-01,0.000000000000000000e+00
-3.352280551468355441e+01,4.105359647199645726e-15,0.000000000000000000e+00
-3.339354299171582596e+01,-5.828864611036291832e-01,0.000000000000000000e+00
-3.326282849591866153e+01,-1.161563566549510762e+00,0.000000000000000000e+00
-3.311883812406907879e+01,-1.735684758516973680e+00,0.000000000000000000e+00
-3.296387766499316285e+01,-2.305058874408858927e+00,0.000000000000000000e+00
-3.280024986719005398e+01,-2.869650024196816585e+00,0.000000000000000000e+00
-3.263024773056774563e+01,-3.429577234250899220e+00,0.000000000000000000e+00
-3.245614781505767610e+01,-3.985113858071617443e+00,0.000000000000000000e+00
-3.228020357320720279e+01,-4.536686754541662481e+00,0.000000000000000000e+00
-3.210463871383039702e+01,-5.084875234511462949e+00,0.000000000000000000e+00
-3.193130982666543005e+01,-5.630351451802456886e+00,0.000000000000000000e+00
-3.176024512877270567e+01,-6.173566266420552395e+00,0.000000000000000000e+00
-3.159085182351108045e+01,-6.714842843832668606e+00,0.000000000000000000e+00
-3.142252719690732832e+01,-7.254462014543806347e+00,0.000000000000000000e+00
-3.125467470339905773e+01,-7.792665623311760825e+00,0.000000000000000000e+00
-3.108683494649123347e+01,-8.329692319151929425e+00,0.000000000000000000e+00
-3.091862629596524314e+01,-8.865773424368970979e+00,0.000000000000000000e+00
-3.074966084153751922e+01,-9.401114763705951560e+00,0.000000000000000000e+00
-3.057952267274914959e+01,-9.935889217776921356e+00,0.000000000000000000e+00
-3.040715645326376304e+01,-1.047002360847775826e+01,0.000000000000000000e+00
-3.023080017984402446e+01,-1.100311142351257843e+01,0.000000000000000000e+00
-3.004868685739890566e+01,-1.153461018459682030e+01,0.000000000000000000e+00
-2.985911914345174267e+01,-1.206386721429108810e+01,0.000000000000000000e+00
-2.966135851557679004e+01,-1.259049970442664446e+01,0.000000000000000000e+00
-2.945575231049364007e+01,-1.311454587597495980e+01,0.000000000000000000e+00
-2.924269863143429760e+01,-1.363609431695650187e+01,0.000000000000000000e+00
-2.902252433445697122e+01,-1.415523092036040609e+01,0.000000000000000000e+00
-2.879528847280451842e+01,-1.467193230242746438e+01,0.000000000000000000e+00
-2.856097734751480743e+01,-1.518614103314347119e+01,0.000000000000000000e+00
-2.831956063874367757e+01,-1.569778879522117521e+01,0.000000000000000000e+00
-2.807091694099742440e+01,-1.620675145228449310e+01,0.000000000000000000e+00
-2.781489673270064600e+01,-1.671287606899817746e+01,0.000000000000000000e+00
-2.755145086352719375e+01,-1.721605724525391068e+01,0.000000000000000000e+00
-2.728083992984212358e+01,-1.771638459924531617e+01,0.000000000000000000e+00
-2.700336267020640690e+01,-1.821399810443906730e+01,0.000000000000000000e+00
-2.671896996075514608e+01,-1.870882417971954936e+01,0.000000000000000000e+00
-2.642725435158998692e+01,-1.920052418484486267e+01,0.000000000000000000e+00
-2.612794167860606720e+01,-1.968881627276320501e+01,0.000000000000000000e+00
-2.582124398257831288e+01,-2.017376678211149965e+01,0.000000000000000000e+00
-2.550743992965615092e+01,-2.065551758271633531e+01,0.000000000000000000e+00
-2.518654815968956129e+01,-2.113402327142430792e+01,0.000000000000000000e+00
-2.485846316183474158e+01,-2.160913234907615532e+01,0.000000000000000000e+00
-2.452313870473745894e+01,-2.208073326862250241e+01,0.000000000000000000e+00
-2.418057523150181609e+01,-2.254875119486212043e+01,0.000000000000000000e+00
-2.383077290691362649e+01,-2.301310989118304207e+01,0.000000000000000000e+00
-2.347373043045801211e+01,-2.347373043045800500e+01,0.000000000000000000e+00
-2.310944629942395068e+01,-2.393053217796880006e+01,0.000000000000000000e+00
-2.273792321922049808e+01,-2.438343739123575560e+01,0.000000000000000000e+00
-2.235921933690091734e+01,-2.483242881737305652e+01,0.000000000000000000e+00
-2.197338173399745997e+01,-2.527748414659788168e+01,0.000000000000000000e+00
-2.158012824090032922e+01,-2.571819535973672544e+01,0.000000000000000000e+00
-2.117922032542539768e+01,-2.615415895749716313e+01,0.000000000000000000e+00
-2.077101310334157702e+01,-2.658568441379485847e+01,0.000000000000000000e+00
-2.035582593706012133e+01,-2.701309339958206479e+01,0.000000000000000000e+00
-1.993369725182966690e+01,-2.743638050556426222e+01,0.000000000000000000e+00
-1.950412072466327729e+01,-2.785477113618540201e+01,0.000000000000000000e+00
-1.906673886216720959e+01,-2.826760283387413963e+01,0.000000000000000000e+00
-1.862255412107629482e+01,-2.867621862778626962e+01,0.000000000000000000e+00
-1.817138667500523397e+01,-2.908029753656731131e+01,0.000000000000000000e+00
-1.771222950647106487e+01,-2.947810015430322039e+01,0.000000000000000000e+00
-1.724619505559099153e+01,-2.987128607352672205e+01,0.000000000000000000e+00
-1.677328237216263673e+01,-3.025980241203376764e+01,0.000000000000000000e+00
-1.629244478015356279e+01,-3.064163208322851162e+01,0.000000000000000000e+00
-1.580456708129008803e+01,-3.101820938870078592e+01,0.000000000000000000e+00
-1.530982136423348905e+01,-3.138978555698067296e+01,0.000000000000000000e+00
-1.480773168381040605e+01,-3.175528307298010233e+01,0.000000000000000000e+00
-1.429822871870617718e+01,-3.211434750390744597e+01,0.000000000000000000e+00
-1.378170179102330017e+01,-3.246765476945968487e+01,0.000000000000000000e+00
-1.325825619970805747e+01,-3.281533561912249297e+01,0.000000000000000000e+00
-1.272760459766804786e+01,-3.315654355713154189e+01,0.000000000000000000e+00
-1.218957148112243871e+01,-3.349057239721195600e+01,0.000000000000000000e+00
-1.164454383393080228e+01,-3.381821086807476462e+01,0.000000000000000000e+00
-1.109263723387836542e+01,-3.413962699856466543e+01,0.000000000000000000e+00
-1.053379811552000689e+01,-3.445450114873187175e+01,0.000000000000000000e+00
-9.967956909467838855e+00,-3.476239690166197249e+01,0.000000000000000000e+00
-9.394895743642685204e+00,-3.506222824708711272e+01,0.000000000000000000e+00
-8.814973426725156713e+00,-3.535492734953437832e+01,0.000000000000000000e+00
-8.228269269345796388e+00,-3.564054982728499255e+01,0.000000000000000000e+00
-7.634772169190900293e+00,-3.591877902618355733e+01,0.000000000000000000e+00
-7.034524749029630541e+00,-3.618949254806295812e+01,0.000000000000000000e+00
-6.427558280698473681e+00,-3.645249442185852473e+01,0.000000000000000000e+00
-5.813915251723341449e+00,-3.670761622676054259e+01,0.000000000000000000e+00
-5.193617741817572409e+00,-3.695451042976610267e+01,0.000000000000000000e+00
-4.566669744756092442e+00,-3.719254042344402933e+01,0.000000000000000000e+00
-3.933233510103006925e+00,-3.742221709868122304e+01,0.000000000000000000e+00
-3.293372925049150801e+00,-3.764342478580987006e+01,0.000000000000000000e+00
-2.647146726121356597e+00,-3.785596186280898223e+01,0.000000000000000000e+00
-1.994623245395657385e+00,-3.805967878591424380e+01,0.000000000000000000e+00
-1.335872630736714362e+00,-3.825438700749157306e+01,0.000000000000000000e+00
-6.709709586669123649e-01,-3.843990047738131466e+01,0.000000000000000000e+00
-7.093323838397657009e-15,-3.861425647153288310e+01,0.000000000000000000e+00
6.767840432277659746e-01,-3.877293186882979370e+01,0.000000000000000000e+00
1.358896488346454712e+00,-3.891370402555330088e+01,0.000000000000000000e+00
2.045816974696220925e+00,-3.903651333225311504e+01,0.000000000000000000e+00
2.737020618537582717e+00,-3.914121840344527214e+01,0.000000000000000000e+00
3.431981594693877202e+00,-3.922772912946543045e+01,0.000000000000000000e+00
4.130172007678237556e+00,-3.929596173967913586e+01,0.000000000000000000e+00
4.831062805238250490e+00,-3.934584910116300449e+01,0.000000000000000000e+00
5.534123911985305178e+00,-3.937733772326269133e+01,0.000000000000000000e+00
6.238824266696533449e+00,-3.939038616364670276e+01,0.000000000000000000e+00
6.944632821959803692e+00,-3.938496986710115522e+01,0.000000000000000000e+00
7.651016011373859449e+00,-3.936106514756646391e+01,0.000000000000000000e+00
8.357444771257572569e+00,-3.931868630916162743e+01,0.000000000000000000e+00
9.063267589799819390e+00,-3.925732490739944325e+01,0.000000000000000000e+00
9.767970322639936143e+00,-3.917718912938828169e+01,0.000000000000000000e+00
1.047110115871512193e+01,-3.907868153551825685e+01,0.000000000000000000e+00
1.117213137510731435e+01,-3.896185232603740900e+01,0.000000000000000000e+00
1.187053747493738776e+01,-3.882677858271307514e+01,0.000000000000000000e+00
1.256579629804092590e+01,-3.867354439797832555e+01,0.000000000000000000e+00
1.325738764424142957e+01,-3.850224940597105672e+01,0.000000000000000000e+00
1.394479401035366806e+01,-3.831300666239273767e+01,0.000000000000000000e+00
1.462750146716278898e+01,-3.810594411589831054e+01,0.000000000000000000e+00
1.530500030330619232e+01,-3.788120504224558260e+01,0.000000000000000000e+00
1.597678592018930743e+01,-3.763894890833763185e+01,0.000000000000000000e+00
1.664235970162074452e+01,-3.737935189438183414e+01,0.000000000000000000e+00
1.730123047700090666e+01,-3.710260849125931770e+01,0.000000000000000000e+00
1.795291442018074335e+01,-3.680892940324092422e+01,0.000000000000000000e+00
1.859694107716203604e+01,-3.649855192829849670e+01,0.000000000000000000e+00
1.923283963934644447e+01,-3.617171051348088895e+01,0.000000000000000000e+00
1.986018458385753505e+01,-3.582872141778430120e+01,0.000000000000000000e+00
2.047849723497288821e+01,-3.546979767363180258e+01,0.000000000000000000e+00
2.108676036398129128e+01,-3.509426262301620625e+01,0.000000000000000000e+00
2.168481411839224648e+01,-3.470295678949999996e+01,0.000000000000000000e+00
2.227245305755172566e+01,-3.429657012152891582e+01,0.000000000000000000e+00
2.284933188389438641e+01,-3.387552760765548499e+01,0.000000000000000000e+00
2.341504145139256821e+01,-3.344014477659028017e+01,0.000000000000000000e+00
2.396942995124047826e+01,-3.299109002888765474e+01,0.000000000000000000e+00
2.451187475945801353e+01,-3.252835646774682488e+01,0.000000000000000000e+00
2.504091992286192081e+01,-3.205091591768405124e+01,0.000000000000000000e+00
2.555669903341993532e+01,-3.155989496679236694e+01,0.000000000000000000e+00
2.605983699908217233e+01,-3.105690436607570248e+01,0.000000000000000000e+00
2.654972675469731058e+01,-3.054196687895418805e+01,0.000000000000000000e+00
2.702502607447509320e+01,-3.001433217189732616e+01,0.000000000000000000e+00
2.748569471056814706e+01,-2.947479898090418615e+01,0.000000000000000000e+00
2.793191885305377653e+01,-2.892434869467550485e+01,0.000000000000000000e+00
2.836348789006953552e+01,-2.836348789006954974e+01,0.000000000000000000e+00
2.877956643701739736e+01,-2.779210425204214374e+01,0.000000000000000000e+00
2.917963471871113512e+01,-2.721044958318440621e+01,0.000000000000000000e+00
2.956350657195562448e+01,-2.661910088101460659e+01,0.000000000000000000e+00
2.993136300282560924e+01,-2.601893690311958096e+01,0.000000000000000000e+00
3.028303776174897166e+01,-2.541048581681122442e+01,0.000000000000000000e+00
3.061791930761630809e+01,-2.479390218496083875e+01,0.000000000000000000e+00
3.093575153918678211e+01,-2.416965802274968311e+01,0.000000000000000000e+00
3.123657437609144694e+01,-2.353844713244086861e+01,0.000000000000000000e+00
3.152013693963907315e+01,-2.290071997520053770e+01,0.000000000000000000e+00
3.178591572851234659e+01,-2.225673780200294516e+01,0.000000000000000000e+00
3.203359625257985499e+01,-2.160693349745674041e+01,0.000000000000000000e+00
3.226330771166320233e+01,-2.095203700962187909e+01,0.000000000000000000e+00
3.247524416302058370e+01,-2.029278477324384866e+01,0.000000000000000000e+00
3.266933407546974877e+01,-1.962971629580494337e+01,0.000000000000000000e+00
3.284524380758204387e+01,-1.896321035390640475e+01,0.000000000000000000e+00
3.300263393428352288e+01,-1.829365871155565770e+01,0.000000000000000000e+00
3.314121893265522090e+01,-1.762149868325074920e+01,0.000000000000000000e+00
3.326090979873607978e+01,-1.694728001579466437e+01,0.000000000000000000e+00
3.336167848904020161e+01,-1.627157780836161294e+01,0.000000000000000000e+00
3.344351377867923958e+01,-1.559496659061033519e+01,0.000000000000000000e+00
3.350642120102707366e+01,-1.491801986072734465e+01,0.000000000000000000e+00
3.355042297540578744e+01,-1.424130962623987706e+01,0.000000000000000000e+00
3.357555792289037555e+01,-1.356540594789510834e+01,0.000000000000000000e+00
3.358188137033748433e+01,-1.289087648689842425e+01,0.000000000000000000e+00
3.356945501982115587e+01,-1.221828240775304586e+01,0.000000000000000000e+00
3.353830993532974247e+01,-1.154816621380115649e+01,0.000000000000000000e+00
3.348845641277595320e+01,-1.088105908494809526e+01,0.000000000000000000e+00
3.341991243109084309e+01,-1.021749260184617469e+01,0.000000000000000000e+00
3.333271005191262759e+01,-9.558000802222172965e+00,0.000000000000000000e+00
3.322689556302130143e+01,-8.903119833104808478e+00,0.000000000000000000e+00
3.310252961365549851e+01,-8.253387597629975758e+00,0.000000000000000000e+00
3.295968734154107693e+01,-7.609343396605719789e+00,0.000000000000000000e+00
3.279845849219626785e+01,-6.971527565178194941e+00,0.000000000000000000e+00
3.261899682109232401e+01,-6.340490685846177144e+00,0.000000000000000000e+00
3.242165494936941883e+01,-5.716812526793971116e+00,0.000000000000000000e+00
3.220684567735217740e+01,-5.101063227226144470e+00,0.000000000000000000e+00
3.197499102108448810e+01,-4.493791927704699596e+00,0.000000000000000000e+00
3.172632512343387390e+01,-3.895502899343609826e+00,0.000000000000000000e+00
3.146088176523459268e+01,-3.306671918718845582e+00,0.000000000000000000e+00
3.117867772259877412e+01,-2.727780844455671261e+00,0.000000000000000000e+00
3.087955853203586898e+01,-2.159309082368304988e+00,0.000000000000000000e+00
3.056333146331214934e+01,-1.601756329483708274e+00,0.000000000000000000e+00
3.023201342302785477e+01,-1.055725172016974467e+00,0.000000000000000000e+00
2.989062163310981290e+01,-5.217427413507184086e-01,0.000000000000000000e+00
2.954353654743856339e+01,-7.236079493662696888e-15,0.000000000000000000e+00
