3.556102132083894674e+01,0.000000000000000000e+00,0.000000000000000000e+00
3.526304289515394430e+01,6.155187033014338782e-01,0.000000000000000000e+00
3.495124912377106341e+01,1.220524514099859292e+00,0.000000000000000000e+00
3.462867023203390460e+01,1.814811706385652368e+00,0.000000000000000000e+00
3.429717787239587068e+01,2.398292307276152613e+00,0.000000000000000000e+00
3.395803839932202095e+01,2.970943395518691243e+00,0.000000000000000000e+00
3.361185325841472604e+01,3.532748132587814727e+00,0.000000000000000000e+00
3.325854566556478886e+01,4.083635925815573664e+00,0.000000000000000000e+00
3.289817061142410637e+01,4.623536357911226524e+00,0.000000000000000000e+00
3.253104314767153937e+01,5.152411062117297824e+00,0.000000000000000000e+00
3.215747227864594748e+01,5.670229994109800664e+00,0.000000000000000000e+00
3.177771032517719263e+01,6.176961156696810562e+00,0.000000000000000000e+00
3.139201560735959617e+01,6.672578901392026474e+00,0.000000000000000000e+00
3.100067253980701665e+01,7.157069192941162505e+00,0.000000000000000000e+00
3.060397340983311665e+01,7.630427569339497396e+00,0.000000000000000000e+00
3.020221874720587607e+01,8.092660122941927270e+00,0.000000000000000000e+00
2.979568052696150815e+01,8.543773906649779093e+00,0.000000000000000000e+00
2.938460174342494824e+01,8.983774315408650679e+00,0.000000000000000000e+00
2.896935982978554946e+01,9.412715595955679859e+00,0.000000000000000000e+00
2.855037536717218316e+01,9.830682608702447922e+00,0.000000000000000000e+00
2.812744022304605807e+01,1.023755100729067635e+01,0.000000000000000000e+00
2.770024351718898359e+01,1.063312724797178177e+01,0.000000000000000000e+00
2.726944645639192188e+01,1.101757153238991904e+01,0.000000000000000000e+00
2.683576901897610512e+01,1.139110812217328572e+01,0.000000000000000000e+00
2.639948618633565047e+01,1.175380852756308414e+01,0.000000000000000000e+00
2.596084788740644456e+01,1.210574218209464270e+01,0.000000000000000000e+00
2.552007419154555734e+01,1.244697184583534799e+01,0.000000000000000000e+00
2.507685042721093893e+01,1.277729348582921176e+01,0.000000000000000000e+00
2.463096604193068728e+01,1.309651695542815020e+01,0.000000000000000000e+00
2.418338230735062311e+01,1.340506770770720024e+01,0.000000000000000000e+00
2.373486787959077660e+01,1.370333235946193362e+01,0.000000000000000000e+00
2.328555382645778593e+01,1.399137228656500120e+01,0.000000000000000000e+00
2.283492955030008531e+01,1.426884762899116410e+01,0.000000000000000000e+00
2.238257183027502961e+01,1.453541210186930677e+01,0.000000000000000000e+00
2.192955094049978371e+01,1.479166887989695311e+01,0.000000000000000000e+00
2.147667855033568785e+01,1.503813221665183164e+01,0.000000000000000000e+00
2.102392785423844401e+01,1.527477769182072187e+01,0.000000000000000000e+00
2.057085581996573254e+01,1.550125171721581374e+01,0.000000000000000000e+00
2.011719692677231563e+01,1.571727680449231812e+01,0.000000000000000000e+00
1.966390268941542629e+01,1.592351442818896956e+01,0.000000000000000000e+00
1.921161632889667459e+01,1.612046017589661062e+01,0.000000000000000000e+00
1.876024873660507097e+01,1.630803542486441415e+01,0.000000000000000000e+00
1.830947849109459113e+01,1.648592848236588537e+01,0.000000000000000000e+00
1.785917275703840801e+01,1.665394802187705281e+01,0.000000000000000000e+00
1.741007504555184227e+01,1.681271404003816627e+01,0.000000000000000000e+00
1.696272959728393559e+01,1.696272959728393204e+01,0.000000000000000000e+00
1.651717968181843332e+01,1.710404025884866286e+01,0.000000000000000000e+00
1.607310119852438746e+01,1.723629079835777844e+01,0.000000000000000000e+00
1.563025095510620055e+01,1.735915232066188807e+01,0.000000000000000000e+00
1.518928778040045202e+01,1.747327679076080997e+01,0.000000000000000000e+00
1.475072852351037689e+01,1.757923371127537848e+01,0.000000000000000000e+00
1.431458272938998988e+01,1.767703750950945718e+01,0.000000000000000000e+00
1.388079735038721019e+01,1.776661041679597020e+01,0.000000000000000000e+00
1.344933561215778717e+01,1.784787117834896009e+01,0.000000000000000000e+00
1.302030998729292044e+01,1.792091926544022940e+01,0.000000000000000000e+00
1.259391028625327458e+01,1.798596787240162698e+01,0.000000000000000000e+00
1.217039590459190990e+01,1.804335393949527599e+01,0.000000000000000000e+00
1.174992293363886731e+01,1.809329465303195050e+01,0.000000000000000000e+00
1.133250995832407781e+01,1.813580698700757665e+01,0.000000000000000000e+00
1.091830152643124840e+01,1.817110521255586875e+01,0.000000000000000000e+00
1.050748346609318951e+01,1.819949522296333200e+01,0.000000000000000000e+00
1.009979711356503174e+01,1.822051631142379691e+01,0.000000000000000000e+00
9.695113339203674130e+00,1.823385624157259599e+01,0.000000000000000000e+00
9.294770350820696692e+00,1.824201393677849126e+01,0.000000000000000000e+00
8.900141470530083865e+00,1.824799424762703381e+01,0.000000000000000000e+00
8.511654445010810477e+00,1.825330186231162344e+01,0.000000000000000000e+00
8.129329786707966576e+00,1.825877364814101256e+01,0.000000000000000000e+00
7.752730881618815850e+00,1.826428938905655741e+01,0.000000000000000000e+00
7.381419471380607611e+00,1.826965429316521039e+01,0.000000000000000000e+00
7.015082447981392022e+00,1.827491457316174461e+01,0.000000000000000000e+00
6.653421569307794492e+00,1.828012552378549671e+01,0.000000000000000000e+00
6.296128668139822970e+00,1.828528536525825743e+01,0.000000000000000000e+00
5.942904788824099782e+00,1.829038023156390480e+01,0.000000000000000000e+00
5.593470757632815094e+00,1.829541847401775811e+01,0.000000000000000000e+00
5.247556868035785804e+00,1.830040561646456254e+01,0.000000000000000000e+00
4.904903226601447841e+00,1.830534804788512915e+01,0.000000000000000000e+00
4.565257085483231947e+00,1.831024607514556735e+01,0.000000000000000000e+00
4.228375027911988049e+00,1.831510442082637624e+01,0.000000000000000000e+00
3.894020517540695003e+00,1.831992617374881505e+01,0.000000000000000000e+00
3.561963686332905166e+00,1.832471458726434577e+01,0.000000000000000000e+00
3.231980787471635086e+00,1.832947388134160605e+01,0.000000000000000000e+00
2.903852843991481691e+00,1.833420529214464167e+01,0.000000000000000000e+00
2.577366322404331722e+00,1.833891429392851791e+01,0.000000000000000000e+00
2.252311040797597030e+00,1.834360137980764804e+01,0.000000000000000000e+00
1.928481077483446660e+00,1.834827181424937592e+01,0.000000000000000000e+00
1.605673049190031954e+00,1.835292693337635939e+01,0.000000000000000000e+00
1.283686364462456986e+00,1.835757027646948458e+01,0.000000000000000000e+00
9.623223935981171095e-01,1.836220512990741582e+01,0.000000000000000000e+00
6.413839383857135035e-01,1.836683291120716888e+01,0.000000000000000000e+00
3.206750023646629533e-01,1.837145858141514054e+01,0.000000000000000000e+00
1.125210531316571478e-15,1.837608250966706080e+01,0.000000000000000000e+00
-3.208364822045216003e-01,1.838070975524491146e+01,0.000000000000000000e+00
-6.420302765137293477e-01,1.838534161354750296e+01,0.000000000000000000e+00
-9.637780907545037135e-01,1.838998148632440888e+01,0.000000000000000000e+00
-1.286278024561023914e+00,1.839463274258989856e+01,0.000000000000000000e+00
-1.609729882576110827e+00,1.839929675116280805e+01,0.000000000000000000e+00
-1.934336100470636977e+00,1.840397863683734059e+01,0.000000000000000000e+00
-2.260301546989657240e+00,1.840867883037068253e+01,0.000000000000000000e+00
-2.587834987067701764e+00,1.841340271350806646e+01,0.000000000000000000e+00
-2.917148627271894057e+00,1.841815156397015230e+01,0.000000000000000000e+00
-3.248459531298524716e+00,1.842292948161719224e+01,0.000000000000000000e+00
-3.581989727118297218e+00,1.842773963581083407e+01,0.000000000000000000e+00
-3.917966766328216277e+00,1.843258441680366033e+01,0.000000000000000000e+00
-4.256625091633464031e+00,1.843746889028292912e+01,0.000000000000000000e+00
-4.598205318304763978e+00,1.844239421913986376e+01,0.000000000000000000e+00
-4.942957004396224541e+00,1.844736668003515945e+01,0.000000000000000000e+00
-5.291136874138453017e+00,1.845238715920968531e+01,0.000000000000000000e+00
-5.643012518438283109e+00,1.845746227207265022e+01,0.000000000000000000e+00
-5.998860257925566764e+00,1.846259345763241910e+01,0.000000000000000000e+00
-6.358969076864377179e+00,1.846778716383370877e+01,0.000000000000000000e+00
-6.723638775834850811e+00,1.847304571317577526e+01,0.000000000000000000e+00
-7.093183742449689966e+00,1.847837540131954270e+01,0.000000000000000000e+00
-7.467931607776135294e+00,1.848377934461873195e+01,0.000000000000000000e+00
-7.848226963975357684e+00,1.848926406060311578e+01,0.000000000000000000e+00
-8.234430272925632011e+00,1.849483320514109863e+01,0.000000000000000000e+00
-8.626921989334816132e+00,1.850049390882460898e+01,0.000000000000000000e+00
-9.026101165390299386e+00,1.850624989388308350e+01,0.000000000000000000e+00
-9.432391079639627307e+00,1.851210982493380186e+01,0.000000000000000000e+00
-9.846236578197411049e+00,1.851807771667697367e+01,0.000000000000000000e+00
-1.026811056569722957e+01,1.852416181692488095e+01,0.000000000000000000e+00
-1.069851228704172108e+01,1.853036684655617705e+01,0.000000000000000000e+00
-1.113797810012922618e+01,1.853670842691447262e+01,0.000000000000000000e+00
-1.158706903194401328e+01,1.854318666220227030e+01,0.000000000000000000e+00
-1.204637535935142978e+01,1.854979135682457070e+01,0.000000000000000000e+00
-1.251657977172316727e+01,1.855659262883287752e+01,0.000000000000000000e+00
-1.299812419686157661e+01,1.856324516313430451e+01,0.000000000000000000e+00
-1.349040891186956337e+01,1.856795492606046949e+01,0.000000000000000000e+00
-1.399217681509069600e+01,1.856824578566326522e+01,0.000000000000000000e+00
-1.450230064204988878e+01,1.856209835434006905e+01,0.000000000000000000e+00
-1.502184335237041246e+01,1.855043164175719639e+01,0.000000000000000000e+00
-1.555095351166287010e+01,1.853290471578976906e+01,0.000000000000000000e+00
-1.608882815673125677e+01,1.850807962071147372e+01,0.000000000000000000e+00
-1.663590765096851953e+01,1.847604723270835692e+01,0.000000000000000000e+00
-1.719274539960019865e+01,1.843696220595206725e+01,0.000000000000000000e+00
-1.775917050487072402e+01,1.839015940556900119e+01,0.000000000000000000e+00
-1.833337662502680487e+01,1.833337662502680843e+01,0.000000000000000000e+00
-1.891122971438368694e+01,1.826236225297830984e+01,0.000000000000000000e+00
-1.948980426425180923e+01,1.817453650228494411e+01,0.000000000000000000e+00
-2.006693067078074577e+01,1.806834553261536414e+01,0.000000000000000000e+00
-2.064074197305838609e+01,1.794272325586638672e+01,0.000000000000000000e+00
-2.121129924109914100e+01,1.779839336999721766e+01,0.000000000000000000e+00
-2.177952671255152239e+01,1.763671298236836193e+01,0.000000000000000000e+00
-2.234472275363479099e+01,1.745761071569246425e+01,0.000000000000000000e+00
-2.290475663327212175e+01,1.725997212762104027e+01,0.000000000000000000e+00
-2.345915668246941621e+01,1.704407500095518913e+01,0.000000000000000000e+00
-2.400947966009293566e+01,1.681161864648976945e+01,0.000000000000000000e+00
-2.455472315841866049e+01,1.656236989906135904e+01,0.000000000000000000e+00
-2.509175331993258240e+01,1.629477513260307120e+01,0.000000000000000000e+00
-2.562247183452913291e+01,1.601069736955721723e+01,0.000000000000000000e+00
-2.614683819616919536e+01,1.571060538416368857e+01,0.000000000000000000e+00
-2.666326824994128231e+01,1.539404510157879891e+01,0.000000000000000000e+00
-2.717099911442642224e+01,1.506113074614173897e+01,0.000000000000000000e+00
-2.767022111413307783e+01,1.471251754254314292e+01,0.000000000000000000e+00
-2.816091855359863061e+01,1.434870468419834566e+01,0.000000000000000000e+00
-2.864208674607131755e+01,1.396967911058931122e+01,0.000000000000000000e+00
-2.911286827443772651e+01,1.357555342722801406e+01,0.000000000000000000e+00
-2.957297316869991732e+01,1.316673596456488937e+01,0.000000000000000000e+00
-3.002306162427121450e+01,1.274403356501215967e+01,0.000000000000000000e+00
-3.046270365641111866e+01,1.230773118703462288e+01,0.000000000000000000e+00
-3.089053488931350699e+01,1.185776536701417250e+01,0.000000000000000000e+00
-3.130598287921743861e+01,1.139444592248249855e+01,0.000000000000000000e+00
-3.170884645161564563e+01,1.091823141885328496e+01,0.000000000000000000e+00
-3.209908985966624329e+01,1.042962652655552347e+01,0.000000000000000000e+00
-3.247669025776468033e+01,9.929120644028225584e+00,0.000000000000000000e+00
-3.284155977508988400e+01,9.417165726629097122e+00,0.000000000000000000e+00
-3.319328753275543420e+01,8.894114588535879662e+00,0.000000000000000000e+00
-3.353069386339545588e+01,8.360140934906484134e+00,0.000000000000000000e+00
-3.385284584168897482e+01,7.815545283923282405e+00,0.000000000000000000e+00
-3.416024765067592739e+01,7.260984786424125481e+00,0.000000000000000000e+00
-3.445371470935284464e+01,6.697123716146770711e+00,0.000000000000000000e+00
-3.473304789987150087e+01,6.124373466986829051e+00,0.000000000000000000e+00
-3.499724665314940353e+01,5.543019324058824360e+00,0.000000000000000000e+00
-3.524542448081225388e+01,4.953421375973451113e+00,0.000000000000000000e+00
-3.547750501528383893e+01,4.356089875232224351e+00,0.000000000000000000e+00
-3.569372894313823963e+01,3.751562084348896153e+00,0.000000000000000000e+00
-3.589433438791961350e+01,3.140347343751703324e+00,0.000000000000000000e+00
-3.607921873925786116e+01,2.522904743848869646e+00,0.000000000000000000e+00
-3.624798725633397822e+01,1.899676515584440395e+00,0.000000000000000000e+00
-3.640024732935791718e+01,1.271124646431120109e+00,0.000000000000000000e+00
-3.653561909457768309e+01,6.377316034884770168e-01,0.000000000000000000e+00
-3.665379218855963472e+01,4.488794928033181241e-15,0.000000000000000000e+00
-3.642733664552633144e+01,-6.358415263097064729e-01,0.000000000000000000e+00
-3.623284926393180427e+01,-1.265278977175001485e+00,0.000000000000000000e+00
-3.597737995892232021e+01,-1.885494588069301258e+00,0.000000000000000000e+00
-3.568063398174115974e+01,-2.495032982466440341e+00,0.000000000000000000e+00
-3.536230493170010902e+01,-3.093800797670625879e+00,0.000000000000000000e+00
-3.504200058637059811e+01,-3.683062673809868404e+00,0.000000000000000000e+00
-3.473293703953542177e+01,-4.264668423267580444e+00,0.000000000000000000e+00
-3.443230106412752178e+01,-4.839144332276525517e+00,0.000000000000000000e+00
-3.413501194105533898e+01,-5.406454761755408178e+00,0.000000000000000000e+00
-3.383941198991644228e+01,-5.966801345131798939e+00,0.000000000000000000e+00
-3.354648397009153626e+01,-6.520775924589907291e+00,0.000000000000000000e+00
-3.325703017486469548e+01,-7.068999985325419289e+00,0.000000000000000000e+00
-3.297081288996106707e+01,-7.611911931844710821e+00,0.000000000000000000e+00
-3.268729084364192516e+01,-8.149856944399422432e+00,0.000000000000000000e+00
-3.240605388459009362e+01,-8.683175968255364197e+00,0.000000000000000000e+00
-3.212696363524477761e+01,-9.212258580847450418e+00,0.000000000000000000e+00
-3.184990022171657742e+01,-9.737491699175748749e+00,0.000000000000000000e+00
-3.157470931615598886e+01,-1.025924495964771666e+01,0.000000000000000000e+00
-3.130120063308863720e+01,-1.077786770709237452e+01,0.000000000000000000e+00
-3.102917171175770861e+01,-1.129369489701467089e+01,0.000000000000000000e+00
-3.075843161767341627e+01,-1.180705567212103446e+01,0.000000000000000000e+00
-3.048879465463782878e+01,-1.231827263457642374e+01,0.000000000000000000e+00
-3.022007292220048313e+01,-1.282765989949189667e+01,0.000000000000000000e+00
-2.995215223052976583e+01,-1.333555735975990508e+01,0.000000000000000000e+00
-2.968494986064710872e+01,-1.384231945196689750e+01,0.000000000000000000e+00
-2.941833607752721846e+01,-1.434828120639282290e+01,0.000000000000000000e+00
-2.915195068451154725e+01,-1.485366077616516201e+01,0.000000000000000000e+00
-2.888533833110455618e+01,-1.535860682738113425e+01,0.000000000000000000e+00
-2.861775678612578844e+01,-1.586308161882342027e+01,0.000000000000000000e+00
-2.834697034583859931e+01,-1.636613095988025890e+01,0.000000000000000000e+00
-2.807032322040383221e+01,-1.686635178651554412e+01,0.000000000000000000e+00
-2.778588543200383398e+01,-1.736254822212305626e+01,0.000000000000000000e+00
-2.749399637134822072e+01,-1.785481001089833697e+01,0.000000000000000000e+00
-2.719545138325477396e+01,-1.834356357737948784e+01,0.000000000000000000e+00
-2.689054224456145192e+01,-1.882896038618858015e+01,0.000000000000000000e+00
-2.657889041315332790e+01,-1.931069423234986360e+01,0.000000000000000000e+00
-2.626015851953295410e+01,-1.978844880873545620e+01,0.000000000000000000e+00
-2.593447970514931811e+01,-2.026223622456332407e+01,0.000000000000000000e+00
-2.560214825673809358e+01,-2.073221087379790362e+01,0.000000000000000000e+00
-2.526326302565129467e+01,-2.119839468715861486e+01,0.000000000000000000e+00
-2.491772420547980005e+01,-2.166064718838595127e+01,0.000000000000000000e+00
-2.456543623335954507e+01,-2.211881813445763001e+01,0.000000000000000000e+00
-2.420632774703365087e+01,-2.257276580410154665e+01,0.000000000000000000e+00
-2.384036483669167694e+01,-2.302237271009844122e+01,0.000000000000000000e+00
-2.346762477633100730e+01,-2.346762477633100019e+01,0.000000000000000000e+00
-2.308819911819637127e+01,-2.390853007772504668e+01,0.000000000000000000e+00
-2.270214669505514138e+01,-2.434507176616738278e+01,0.000000000000000000e+00
-2.230948514368357749e+01,-2.477719339997094039e+01,0.000000000000000000e+00
-2.191009233521304012e+01,-2.520467802172427696e+01,0.000000000000000000e+00
-2.150386760287847920e+01,-2.562731147040065594e+01,0.000000000000000000e+00
-2.109092092368658200e+01,-2.604511827736615359e+01,0.000000000000000000e+00
-2.067136705378485217e+01,-2.645814328648363301e+01,0.000000000000000000e+00
-2.024521489573006860e+01,-2.686630758997097246e+01,0.000000000000000000e+00
-1.981249477729496888e+01,-2.726955961089833735e+01,0.000000000000000000e+00
-1.937328942923056729e+01,-2.766792468239368930e+01,0.000000000000000000e+00
-1.892757303095954313e+01,-2.806128100437502226e+01,0.000000000000000000e+00
-1.847522597119730037e+01,-2.844935317160398469e+01,0.000000000000000000e+00
-1.801611140206978945e+01,-2.883180515578245107e+01,0.000000000000000000e+00
-1.755028267214168025e+01,-2.920857536069720339e+01,0.000000000000000000e+00
-1.707822456436394987e+01,-2.958035264854918367e+01,0.000000000000000000e+00
-1.659978999389945642e+01,-2.994681387647137782e+01,0.000000000000000000e+00
-1.611443128624537735e+01,-3.030683739404661381e+01,0.000000000000000000e+00
-1.562262337597380402e+01,-3.066112476123651476e+01,0.000000000000000000e+00
-1.512459184448935545e+01,-3.101000876107539028e+01,0.000000000000000000e+00
-1.461990840328646968e+01,-3.135249474806370884e+01,0.000000000000000000e+00
-1.410883453940826904e+01,-3.168896121244093322e+01,0.000000000000000000e+00
-1.359148673310345856e+01,-3.201953617524392826e+01,0.000000000000000000e+00
-1.306748592892999916e+01,-3.234316262989704427e+01,0.000000000000000000e+00
-1.253732879238322084e+01,-3.266085813750822808e+01,0.000000000000000000e+00
-1.200102348812669639e+01,-3.297254104397266872e+01,0.000000000000000000e+00
-1.145794006727093794e+01,-3.327627417912592023e+01,0.000000000000000000e+00
-1.090871846215960161e+01,-3.357358322266833994e+01,0.000000000000000000e+00
-1.035349737064731279e+01,-3.386476398525037723e+01,0.000000000000000000e+00
-9.791951616457874152e+00,-3.414859350062656773e+01,0.000000000000000000e+00
-9.224093567336094424e+00,-3.442478584706757516e+01,0.000000000000000000e+00
-8.650204015129533630e+00,-3.469407333507673741e+01,0.000000000000000000e+00
-8.070359491935041873e+00,-3.495656743611672823e+01,0.000000000000000000e+00
-7.484411258358560026e+00,-3.521138655779312643e+01,0.000000000000000000e+00
-6.892306959971914893e+00,-3.545784545022367240e+01,0.000000000000000000e+00
-6.294299101398874718e+00,-3.569674406099953501e+01,0.000000000000000000e+00
-5.690504422432301368e+00,-3.592843091639693398e+01,0.000000000000000000e+00
-5.080876690291043829e+00,-3.615231616526448022e+01,0.000000000000000000e+00
-4.465383523725312997e+00,-3.636763035098895358e+01,0.000000000000000000e+00
-3.844103787172303388e+00,-3.657420443101462837e+01,0.000000000000000000e+00
-3.217184751546910526e+00,-3.677258997782740835e+01,0.000000000000000000e+00
-2.584692051400061086e+00,-3.696281840344823166e+01,0.000000000000000000e+00
-1.946669776638888072e+00,-3.714467209391563074e+01,0.000000000000000000e+00
-1.303170612681394225e+00,-3.731792373559694198e+01,0.000000000000000000e+00
-6.542491773370207042e-01,-3.748191026659386438e+01,0.000000000000000000e+00
-6.913668511074498425e-15,-3.763625842100249486e+01,0.000000000000000000e+00
6.594791234294554716e-01,-3.778153367756119252e+01,0.000000000000000000e+00
1.324115779672370152e+00,-3.791771484260293335e+01,0.000000000000000000e+00
1.993831242622795319e+00,-3.804456647274846404e+01,0.000000000000000000e+00
2.668543949513214830e+00,-3.816195641335645661e+01,0.000000000000000000e+00
3.348166088990315092e+00,-3.826971351549131839e+01,0.000000000000000000e+00
4.032606324949981058e+00,-3.836768627597744796e+01,0.000000000000000000e+00
4.721766897564730670e+00,-3.845570536590992816e+01,0.000000000000000000e+00
5.415514927519132549e+00,-3.853339094638933915e+01,0.000000000000000000e+00
6.113678769941965463e+00,-3.860024859395778662e+01,0.000000000000000000e+00
6.816223343452276318e+00,-3.865672352617481522e+01,0.000000000000000000e+00
7.523043552114872412e+00,-3.870270391835205004e+01,0.000000000000000000e+00
8.234024569174906105e+00,-3.873803991032560390e+01,0.000000000000000000e+00
8.948941313922933460e+00,-3.876212340164195069e+01,0.000000000000000000e+00
9.666858268319511893e+00,-3.877165082976927124e+01,0.000000000000000000e+00
1.038647675693002448e+01,-3.876285896849613977e+01,0.000000000000000000e+00
1.110702097947274858e+01,-3.873478539185722980e+01,0.000000000000000000e+00
1.182800126357031800e+01,-3.868764890438269788e+01,0.000000000000000000e+00
1.254885089415738086e+01,-3.862139180741515787e+01,0.000000000000000000e+00
1.326902898947786369e+01,-3.853605832743748749e+01,0.000000000000000000e+00
1.398798976335839939e+01,-3.843168601838958409e+01,0.000000000000000000e+00
1.470519258321477096e+01,-3.830833639274918312e+01,0.000000000000000000e+00
1.542009951153603531e+01,-3.816608557937389890e+01,0.000000000000000000e+00
1.613217800502409105e+01,-3.800502971902594851e+01,0.000000000000000000e+00
1.684089761600902690e+01,-3.782527535111216110e+01,0.000000000000000000e+00
1.754574183877693372e+01,-3.762696479873122257e+01,0.000000000000000000e+00
1.824618233328693861e+01,-3.741021773209450174e+01,0.000000000000000000e+00
1.894147929625060200e+01,-3.717474625662975285e+01,0.000000000000000000e+00
1.963092036182988664e+01,-3.692039146359969237e+01,0.000000000000000000e+00
2.031433626473992859e+01,-3.664803273823292784e+01,0.000000000000000000e+00
2.099127204666170243e+01,-3.635794970031839313e+01,0.000000000000000000e+00
2.166122814811525643e+01,-3.605033756942173540e+01,0.000000000000000000e+00
2.232375365292226022e+01,-3.572547378857779421e+01,0.000000000000000000e+00
2.297838067746823043e+01,-3.538360333042736272e+01,0.000000000000000000e+00
2.362471980815534423e+01,-3.502508747962089330e+01,0.000000000000000000e+00
2.426226092740114737e+01,-3.465009958252503708e+01,0.000000000000000000e+00
2.489001762795011174e+01,-3.425817026331935722e+01,0.000000000000000000e+00
2.550709327210251587e+01,-3.384905604133247436e+01,0.000000000000000000e+00
2.611393042999895897e+01,-3.342430673754935810e+01,0.000000000000000000e+00
2.671044614609253287e+01,-3.298465399559228217e+01,0.000000000000000000e+00
2.729617297168253032e+01,-3.253031220307563132e+01,0.000000000000000000e+00
2.787018002003672734e+01,-3.206097459861247501e+01,0.000000000000000000e+00
2.843074569874463364e+01,-3.157554197895207082e+01,0.000000000000000000e+00
2.897926126075687847e+01,-3.107645301566609319e+01,0.000000000000000000e+00
2.951567902474352323e+01,-3.056438036223439880e+01,0.000000000000000000e+00
3.003839597273698203e+01,-3.003839597273699624e+01,0.000000000000000000e+00
3.054689547495446789e+01,-2.949879406536856052e+01,0.000000000000000000e+00
3.104157119805292098e+01,-2.894673343960066703e+01,0.000000000000000000e+00
3.152237916804285334e+01,-2.838287768879575879e+01,0.000000000000000000e+00
3.198814677386517502e+01,-2.780687175783992160e+01,0.000000000000000000e+00
3.243837875446791941e+01,-2.721903164886296622e+01,0.000000000000000000e+00
3.287301997882208582e+01,-2.662004670175062415e+01,0.000000000000000000e+00
3.329219975623491479e+01,-2.601071714433677329e+01,0.000000000000000000e+00
3.369568195559708812e+01,-2.539151760861582474e+01,0.000000000000000000e+00
3.408284019382791996e+01,-2.476263287602647623e+01,0.000000000000000000e+00
3.445320746860988947e+01,-2.412439558502374126e+01,0.000000000000000000e+00
3.480646218249682278e+01,-2.347725518324792660e+01,0.000000000000000000e+00
3.514258176445357407e+01,-2.282185944240051967e+01,0.000000000000000000e+00
3.546169255115744789e+01,-2.215892484204958635e+01,0.000000000000000000e+00
3.576351473718230523e+01,-2.148888760358465788e+01,0.000000000000000000e+00
3.604743286133827951e+01,-2.081199506608864169e+01,0.000000000000000000e+00
3.631299376388604827e+01,-2.012862112866998032e+01,0.000000000000000000e+00
3.656017310355293404e+01,-1.943938886233540941e+01,0.000000000000000000e+00
3.678902908502314517e+01,-1.874494658101004063e+01,0.000000000000000000e+00
3.699955017925969969e+01,-1.804588638470283257e+01,0.000000000000000000e+00
3.719159343008493579e+01,-1.734272483543572463e+01,0.000000000000000000e+00
3.736501603474859223e+01,-1.663597696568348994e+01,0.000000000000000000e+00
3.751968887713240264e+01,-1.592616304036233466e+01,0.000000000000000000e+00
3.765549717025847087e+01,-1.521380840364597198e+01,0.000000000000000000e+00
3.777234049819062989e+01,-1.449944303636712739e+01,0.000000000000000000e+00
3.787013261540991493e+01,-1.378360103972289252e+01,0.000000000000000000e+00
3.794880158220609445e+01,-1.306682027600409590e+01,0.000000000000000000e+00
3.800828989985624418e+01,-1.234964200859354300e+01,0.000000000000000000e+00
3.804855463721485620e+01,-1.163261053775278775e+01,0.000000000000000000e+00
3.806956754859589154e+01,-1.091627283239311375e+01,0.000000000000000000e+00
3.807131518283285487e+01,-1.020117815803080141e+01,0.000000000000000000e+00
3.805380700677729067e+01,-9.487879701579624125e+00,0.000000000000000000e+00
3.801709959629598501e+01,-8.776939015637244879e+00,0.000000000000000000e+00
3.796127232688348130e+01,-8.068917522421735100e+00,0.000000000000000000e+00
3.788642005804460666e+01,-7.364374043004163539e+00,0.000000000000000000e+00
3.779265328987349903e+01,-6.663864447565230442e+00,0.000000000000000000e+00
3.768009807169940473e+01,-5.967941244459759709e+00,0.000000000000000000e+00
3.754889590052500381e+01,-5.277153172013004045e+00,0.000000000000000000e+00
3.739920360933461296e+01,-4.592044793290465776e+00,0.000000000000000000e+00
3.723119324535603880e+01,-3.913156094081763126e+00,0.000000000000000000e+00
3.704504635872378771e+01,-3.241021596180646558e+00,0.000000000000000000e+00
3.684092315556520703e+01,-2.576168305324538998e+00,0.000000000000000000e+00
3.661898398010626465e+01,-1.919119629998650600e+00,0.000000000000000000e+00
3.637940362158620644e+01,-1.270396768116658803e+00,0.000000000000000000e+00
3.612231728445723888e+01,-6.305173935578791689e-01,0.000000000000000000e+00
3.584772107129163032e+01,-8.780159373336884376e-15,0.000000000000000000e+00
