2.827193658633337847e+01,0.000000000000000000e+00,0.000000000000000000e+00
2.744278561355522683e+01,4.790156046957618763e-01,0.000000000000000000e+00
2.664892926468333556e+01,9.306011160538970595e-01,0.000000000000000000e+00
2.589858189611669559e+01,1.357287163755450665e+00,0.000000000000000000e+00
2.518816956816050379e+01,1.761328396594011636e+00,0.000000000000000000e+00
2.451405858401734505e+01,2.144702223111882411e+00,0.000000000000000000e+00
2.387318470975536755e+01,2.509172822275078207e+00,0.000000000000000000e+00
2.326279424952869235e+01,2.856311977302994354e+00,0.000000000000000000e+00
2.268041033039081356e+01,3.187523799225866483e+00,0.000000000000000000e+00
2.212380924394701509e+01,3.504067144949350343e+00,0.000000000000000000e+00
2.159101433726680241e+01,3.807078368523434175e+00,0.000000000000000000e+00
2.108020933914808737e+01,4.097577608031425456e+00,0.000000000000000000e+00
2.058978098450520022e+01,4.376493051605229390e+00,0.000000000000000000e+00
2.011824180310377841e+01,4.644662093709256645e+00,0.000000000000000000e+00
1.966425915561663373e+01,4.902850462660626185e+00,0.000000000000000000e+00
1.922659835436857279e+01,5.151751502250611736e+00,0.000000000000000000e+00
1.880415524091061741e+01,5.392004748423423699e+00,0.000000000000000000e+00
1.839588770165308418e+01,5.624187283063387000e+00,0.000000000000000000e+00
1.800087851536861905e+01,5.848839979139021317e+00,0.000000000000000000e+00
1.761824060547543169e+01,6.066446738046421316e+00,0.000000000000000000e+00
1.724719677372057092e+01,6.277466250166363615e+00,0.000000000000000000e+00
1.688700557814532388e+01,6.482314100892438091e+00,0.000000000000000000e+00
1.653697980976870596e+01,6.681373539253040228e+00,0.000000000000000000e+00
1.619650835358495655e+01,6.875009906625302314e+00,0.000000000000000000e+00
1.586498820357742190e+01,7.063547840314210902e+00,0.000000000000000000e+00
1.554188297238602523e+01,7.247299052172376577e+00,0.000000000000000000e+00
1.522669665288913343e+01,7.426556173820754836e+00,0.000000000000000000e+00
1.491893889040678189e+01,7.601579044114430417e+00,0.000000000000000000e+00
1.461817762741306126e+01,7.772622918198342390e+00,0.000000000000000000e+00
1.432400808417044402e+01,7.939927334138313419e+00,0.000000000000000000e+00
1.403602767280979613e+01,8.103704355249769620e+00,0.000000000000000000e+00
1.375387648913429572e+01,8.264162741289840852e+00,0.000000000000000000e+00
1.347722314956143741e+01,8.421503695003840662e+00,0.000000000000000000e+00
1.320573604956914160e+01,8.575905264352297053e+00,0.000000000000000000e+00
1.293910452237805231e+01,8.727536200658356336e+00,0.000000000000000000e+00
1.267705339406227516e+01,8.876568348809390940e+00,0.000000000000000000e+00
1.241930998444714263e+01,9.023156872182447330e+00,0.000000000000000000e+00
1.216560445233963428e+01,9.167440507009118278e+00,0.000000000000000000e+00
1.191569601232238540e+01,9.309562024250890744e+00,0.000000000000000000e+00
1.166935861090326654e+01,9.449660280736132734e+00,0.000000000000000000e+00
1.142636559527143802e+01,9.587859156689024331e+00,0.000000000000000000e+00
1.118649575395200557e+01,9.724272401548011757e+00,0.000000000000000000e+00
1.094955263653505284e+01,9.859021477188237625e+00,0.000000000000000000e+00
1.071534573994411232e+01,9.992221555678810319e+00,0.000000000000000000e+00
1.048368377653850736e+01,1.012397574163026981e+01,0.000000000000000000e+00
1.025438001409520972e+01,1.025438001409520794e+01,0.000000000000000000e+00
1.002726682962302540e+01,1.038353876654129948e+01,0.000000000000000000e+00
9.802180255260752872e+00,1.051155139576338726e+01,0.000000000000000000e+00
9.578955232074926940e+00,1.063850755973098927e+01,0.000000000000000000e+00
9.357428492817261301e+00,1.076449011096668684e+01,0.000000000000000000e+00
9.137451070055027103e+00,1.088959013989188662e+01,0.000000000000000000e+00
8.918877994282201627e+00,1.101389707462213430e+01,0.000000000000000000e+00
8.701562710923743893e+00,1.113749237885017074e+01,0.000000000000000000e+00
8.485358037815593946e+00,1.126045044367830883e+01,0.000000000000000000e+00
8.270125656200887576e+00,1.138285143321970061e+01,0.000000000000000000e+00
8.055733005453188156e+00,1.150477903458463658e+01,0.000000000000000000e+00
7.842045471253037192e+00,1.162631052898185224e+01,0.000000000000000000e+00
7.628926444886973357e+00,1.174751654399999445e+01,0.000000000000000000e+00
7.416242292921742418e+00,1.186846861709723733e+01,0.000000000000000000e+00
7.203866514812752975e+00,1.198924723419480109e+01,0.000000000000000000e+00
6.991670700952504980e+00,1.210992888384044264e+01,0.000000000000000000e+00
6.779523532812377518e+00,1.223058421117996097e+01,0.000000000000000000e+00
6.567292309345743817e+00,1.235128045185196832e+01,0.000000000000000000e+00
6.354849982379921158e+00,1.247209533632805289e+01,0.000000000000000000e+00
6.142069046649125674e+00,1.259310776158998735e+01,0.000000000000000000e+00
5.928818043725801346e+00,1.271439132521192406e+01,0.000000000000000000e+00
5.714961900580575183e+00,1.283601459016550272e+01,0.000000000000000000e+00
5.500367100964752787e+00,1.295805284770695032e+01,0.000000000000000000e+00
5.284901434922640640e+00,1.308059006317794726e+01,0.000000000000000000e+00
5.068427797845885152e+00,1.320370583135839837e+01,0.000000000000000000e+00
4.850803994786821782e+00,1.332747444187706520e+01,0.000000000000000000e+00
4.631885387506791574e+00,1.345197192654491580e+01,0.000000000000000000e+00
4.411528639128122542e+00,1.357728906642176980e+01,0.000000000000000000e+00
4.189584931378694144e+00,1.370351484316170065e+01,0.000000000000000000e+00
3.965898788767804550e+00,1.383073271876000732e+01,0.000000000000000000e+00
3.740309409373203664e+00,1.395902475180873559e+01,0.000000000000000000e+00
3.512655301909535677e+00,1.408849091098236528e+01,0.000000000000000000e+00
3.282768684762230382e+00,1.421923335890313567e+01,0.000000000000000000e+00
3.050473216117373543e+00,1.435134814070336340e+01,0.000000000000000000e+00
2.815584946530492960e+00,1.448492884397898983e+01,0.000000000000000000e+00
2.577916340109249749e+00,1.462009007215700507e+01,0.000000000000000000e+00
2.337271466743215953e+00,1.475695126335673457e+01,0.000000000000000000e+00
2.093443524806156475e+00,1.489562467192699735e+01,0.000000000000000000e+00
1.846215892184694729e+00,1.503622180678434539e+01,0.000000000000000000e+00
1.595364687779150303e+00,1.517888107692786193e+01,0.000000000000000000e+00
1.340653835286706119e+00,1.532374345722464959e+01,0.000000000000000000e+00
1.081833587689178700e+00,1.547094108284425573e+01,0.000000000000000000e+00
8.186417861746275726e-01,1.562061582028399975e+01,0.000000000000000000e+00
5.508031844707602653e-01,1.577293949954112762e+01,0.000000000000000000e+00
2.780256386117790357e-01,1.592807816843612834e+01,0.000000000000000000e+00
9.849951569652429422e-16,1.608619167013762663e+01,0.000000000000000000e+00
-2.836007406945709741e-01,1.624747555284695721e+01,0.000000000000000000e+00
-5.731244694459257660e-01,1.641213746969016540e+01,0.000000000000000000e+00
-8.689405135850125639e-01,1.658037271322037398e+01,0.000000000000000000e+00
-1.171442278737242493e+00,1.675240506722340683e+01,0.000000000000000000e+00
-1.481050833634509400e+00,1.692848849149071810e+01,0.000000000000000000e+00
-1.798213942351105876e+00,1.710886281419280763e+01,0.000000000000000000e+00
-2.123411686464674375e+00,1.729380038377809825e+01,0.000000000000000000e+00
-2.457161865250448773e+00,1.748361513900016462e+01,0.000000000000000000e+00
-2.800016103035242843e+00,1.767860591165328543e+01,0.000000000000000000e+00
-3.152569605563128263e+00,1.787911068910954882e+01,0.000000000000000000e+00
-3.515463241783884918e+00,1.808549053851529109e+01,0.000000000000000000e+00
-3.889384187169426799e+00,1.829811395428666998e+01,0.000000000000000000e+00
-4.275096483606015241e+00,1.851747727897648232e+01,0.000000000000000000e+00
-4.673424629000682451e+00,1.874408239631275919e+01,0.000000000000000000e+00
-5.085228354906583981e+00,1.897833058860126343e+01,0.000000000000000000e+00
-5.511398077577377208e+00,1.922052926150037067e+01,0.000000000000000000e+00
-5.953016319284905045e+00,1.947143901581186043e+01,0.000000000000000000e+00
-6.411539750535137472e+00,1.973269033816672646e+01,0.000000000000000000e+00
-6.887694554388829715e+00,2.000331744696456937e+01,0.000000000000000000e+00
-7.379858903775039281e+00,2.027599569688306502e+01,0.000000000000000000e+00
-7.886360754456343436e+00,2.054467216166457888e+01,0.000000000000000000e+00
-8.406862209490386206e+00,2.080771413319192931e+01,0.000000000000000000e+00
-8.941473070160576242e+00,2.106479048628716910e+01,0.000000000000000000e+00
-9.490659897422132119e+00,2.131637113822811713e+01,0.000000000000000000e+00
-1.005393141552216640e+01,2.156072549891575463e+01,0.000000000000000000e+00
-1.063042897471362025e+01,2.179560936449118813e+01,0.000000000000000000e+00
-1.122125292484811432e+01,2.202294887523731148e+01,0.000000000000000000e+00
-1.182687589121756844e+01,2.224311849097935934e+01,0.000000000000000000e+00
-1.244609006549457852e+01,2.245334084456146684e+01,0.000000000000000000e+00
-1.307954733619781251e+01,2.265444052629678851e+01,0.000000000000000000e+00
-1.372755171067314350e+01,2.284648265497906650e+01,0.000000000000000000e+00
-1.438838683350444647e+01,2.302623226685679825e+01,0.000000000000000000e+00
-1.506118355960233401e+01,2.319218887701183363e+01,0.000000000000000000e+00
-1.574255268487409865e+01,2.333929415534979057e+01,0.000000000000000000e+00
-1.642767940989599040e+01,2.346115760464143207e+01,0.000000000000000000e+00
-1.711756092625712711e+01,2.356030138146410735e+01,0.000000000000000000e+00
-1.781338323043671323e+01,2.363915797149088505e+01,0.000000000000000000e+00
-1.851342823854626118e+01,2.369610755713433647e+01,0.000000000000000000e+00
-1.921418625938228431e+01,2.372754397684605010e+01,0.000000000000000000e+00
-1.991730737062804479e+01,2.373652261374910921e+01,0.000000000000000000e+00
-2.062378546175502336e+01,2.372495123250694604e+01,0.000000000000000000e+00
-2.133169881933435974e+01,2.369125167131986132e+01,0.000000000000000000e+00
-2.203796728259356641e+01,2.363282654640102720e+01,0.000000000000000000e+00
-2.274377949936678078e+01,2.355187312176279946e+01,0.000000000000000000e+00
-2.345010233019318946e+01,2.345010233019319301e+01,0.000000000000000000e+00
-2.415535192949301901e+01,2.332655220982579536e+01,0.000000000000000000e+00
-2.485667676327787134e+01,2.317922607300408089e+01,0.000000000000000000e+00
-2.555470758303553680e+01,2.300956205861388781e+01,0.000000000000000000e+00
-2.625070907691187472e+01,2.281939325883153202e+01,0.000000000000000000e+00
-2.694319182814989944e+01,2.260802232573929871e+01,0.000000000000000000e+00
-2.762881791764486650e+01,2.237337560576093409e+01,0.000000000000000000e+00
-2.830900870270679803e+01,2.211742160007840141e+01,0.000000000000000000e+00
-2.898492774541602301e+01,2.184170969449509059e+01,0.000000000000000000e+00
-2.965469172156019795e+01,2.154539469060200219e+01,0.000000000000000000e+00
-3.031446775651138736e+01,2.122641883992445244e+01,0.000000000000000000e+00
-3.096788545465703635e+01,2.088810248776687928e+01,0.000000000000000000e+00
-3.161427771210604476e+01,2.053055199969649536e+01,0.000000000000000000e+00
-3.224923993353726104e+01,2.015156165683783129e+01,0.000000000000000000e+00
-3.287611512160710703e+01,1.975396288319019433e+01,0.000000000000000000e+00
-3.349373190879847328e+01,1.933761513370995289e+01,0.000000000000000000e+00
-3.409864113027440169e+01,1.890118542075078523e+01,0.000000000000000000e+00
-3.469407974261542194e+01,1.844716942196406606e+01,0.000000000000000000e+00
-3.527916062979245027e+01,1.797563017768115756e+01,0.000000000000000000e+00
-3.584960984191153699e+01,1.748502300727168901e+01,0.000000000000000000e+00
-3.640691262764252656e+01,1.697682216804963673e+01,0.000000000000000000e+00
-3.695250616927536669e+01,1.645231574060205304e+01,0.000000000000000000e+00
-3.748508905907878841e+01,1.591147628895313382e+01,0.000000000000000000e+00
-3.800371656552790967e+01,1.535449817167928011e+01,0.000000000000000000e+00
-3.850790352502023950e+01,1.478179922786877931e+01,0.000000000000000000e+00
-3.899708908450359957e+01,1.419377964978674278e+01,0.000000000000000000e+00
-3.947070046859287373e+01,1.359085208722185101e+01,0.000000000000000000e+00
-3.992827715733444194e+01,1.297348368506440330e+01,0.000000000000000000e+00
-4.036944497951671451e+01,1.234217792369553379e+01,0.000000000000000000e+00
-4.079405855870312081e+01,1.169750805808272709e+01,0.000000000000000000e+00
-4.120203438714253963e+01,1.104005184055420230e+01,0.000000000000000000e+00
-4.159307801074132982e+01,1.037031907251875040e+01,0.000000000000000000e+00
-4.196678899554005682e+01,9.688796662748531574e+00,0.000000000000000000e+00
-4.232275173843120086e+01,8.995978589934885861e+00,0.000000000000000000e+00
-4.266052442891091090e+01,8.292365926468901804e+00,0.000000000000000000e+00
-4.297969540467734362e+01,7.578479922476240027e+00,0.000000000000000000e+00
-4.328009629460710528e+01,6.854893828813389156e+00,0.000000000000000000e+00
-4.356172240671443774e+01,6.122200828113509630e+00,0.000000000000000000e+00
-4.382458668356687070e+01,5.380982632693040557e+00,0.000000000000000000e+00
-4.406864393587719775e+01,4.631801120075775380e+00,0.000000000000000000e+00
-4.429378457498325616e+01,3.875204014970473843e+00,0.000000000000000000e+00
-4.449991060307515767e+01,3.111736880244271752e+00,0.000000000000000000e+00
-4.468693934402779888e+01,2.341943253976457751e+00,0.000000000000000000e+00
-4.485480325794593170e+01,1.566364245168432534e+00,0.000000000000000000e+00
-4.500344974565886957e+01,7.855381373042494841e-01,0.000000000000000000e+00
-4.513284094342590436e+01,5.527178919779314003e-15,0.000000000000000000e+00
-4.526858270107086213e+01,-7.901660502555848398e-01,0.000000000000000000e+00
-4.535624833150960455e+01,-1.583875092995111089e+00,0.000000000000000000e+00
-4.542272931684864545e+01,-2.380504372470717112e+00,0.000000000000000000e+00
-4.546789425649034655e+01,-3.179424891141016563e+00,0.000000000000000000e+00
-4.549162966084639947e+01,-3.980001880643724288e+00,0.000000000000000000e+00
-4.549384016795672636e+01,-4.781595280152006744e+00,0.000000000000000000e+00
-4.547444874802581438e+01,-5.583560221827982062e+00,0.000000000000000000e+00
-4.543344231242217290e+01,-6.385253905990766476e+00,0.000000000000000000e+00
-4.537100719717796693e+01,-7.186061581885533123e+00,0.000000000000000000e+00
-4.528739105082505034e+01,-7.985388928155543020e+00,0.000000000000000000e+00
-4.518285770217601538e+01,-8.782657847874514090e+00,0.000000000000000000e+00
-4.505775086975427257e+01,-9.577320601459424765e+00,0.000000000000000000e+00
-4.491249748668604980e+01,-1.036886705368260664e+01,0.000000000000000000e+00
-4.474698790974581897e+01,-1.115667712878486917e+01,0.000000000000000000e+00
-4.456041068491217061e+01,-1.193992605742138835e+01,0.000000000000000000e+00
-4.435228743329374623e+01,-1.271781376934533725e+01,0.000000000000000000e+00
-4.412467555759862847e+01,-1.349026712736692701e+01,0.000000000000000000e+00
-4.387523569634986842e+01,-1.425592825460515911e+01,0.000000000000000000e+00
-4.360567153323816569e+01,-1.501463680493300146e+01,0.000000000000000000e+00
-4.331832238917586153e+01,-1.576657994800721418e+01,0.000000000000000000e+00
-4.301070765452839595e+01,-1.651026378999592836e+01,0.000000000000000000e+00
-4.268373258530667158e+01,-1.724534738099855602e+01,0.000000000000000000e+00
-4.233678936766081335e+01,-1.797090088574256228e+01,0.000000000000000000e+00
-4.197315963862222077e+01,-1.868765468414908781e+01,0.000000000000000000e+00
-4.159057756192208188e+01,-1.939400482421370597e+01,0.000000000000000000e+00
-4.118852243775552324e+01,-2.008898466776956937e+01,0.000000000000000000e+00
-4.076904032837161651e+01,-2.077286359877003719e+01,0.000000000000000000e+00
-4.033221829580739382e+01,-2.144502086771045057e+01,0.000000000000000000e+00
-3.987708557174504875e+01,-2.210422947797489002e+01,0.000000000000000000e+00
-3.940535770498977541e+01,-2.275069387848934710e+01,0.000000000000000000e+00
-3.891834687188324438e+01,-2.338450199296908494e+01,0.000000000000000000e+00
-3.841431612728320033e+01,-2.400392882249547455e+01,0.000000000000000000e+00
-3.789494410789953349e+01,-2.460926444746522179e+01,0.000000000000000000e+00
-3.735993554289886021e+01,-2.519959471236936110e+01,0.000000000000000000e+00
-3.681123402313058790e+01,-2.577550355379777969e+01,0.000000000000000000e+00
-3.624657758555151332e+01,-2.633468011054904068e+01,0.000000000000000000e+00
-3.566831518669695100e+01,-2.687800336927849543e+01,0.000000000000000000e+00
-3.507686508660108160e+01,-2.740505051507672007e+01,0.000000000000000000e+00
-3.447246098761638677e+01,-2.791524849270955144e+01,0.000000000000000000e+00
-3.385548169890847703e+01,-2.840812220688325951e+01,0.000000000000000000e+00
-3.322643820301625794e+01,-2.888330207475243583e+01,0.000000000000000000e+00
-3.258594447807175243e+01,-2.934051619532067789e+01,0.000000000000000000e+00
-3.193467973895082324e+01,-2.977957062754635942e+01,0.000000000000000000e+00
-3.127325823308727593e+01,-3.020023442733530317e+01,0.000000000000000000e+00
-3.060084957064927025e+01,-3.060084957064925959e+01,0.000000000000000000e+00
-2.991943986885227247e+01,-3.098248695583067658e+01,0.000000000000000000e+00
-2.923007254144046385e+01,-3.134541518519239744e+01,0.000000000000000000e+00
-2.853118210022705625e+01,-3.168708790338282810e+01,0.000000000000000000e+00
-2.782560761639537716e+01,-3.200969991362953948e+01,0.000000000000000000e+00
-2.711233867424315136e+01,-3.231122701866020464e+01,0.000000000000000000e+00
-2.639318400236874140e+01,-3.259286787643152650e+01,0.000000000000000000e+00
-2.566745904010359780e+01,-3.285284941803921299e+01,0.000000000000000000e+00
-2.493748022624406957e+01,-3.309315399849856476e+01,0.000000000000000000e+00
-2.420218298257188039e+01,-3.331144709314703078e+01,0.000000000000000000e+00
-2.346279464678285720e+01,-3.350834340740247086e+01,0.000000000000000000e+00
-2.272917730335276332e+01,-3.369739111635648499e+01,0.000000000000000000e+00
-2.200456445816540807e+01,-3.388405785312854590e+01,0.000000000000000000e+00
-2.128838740286862929e+01,-3.406854142841319799e+01,0.000000000000000000e+00
-2.058007708182395135e+01,-3.425100003247170832e+01,0.000000000000000000e+00
-1.987907929669976070e+01,-3.443157534957452981e+01,0.000000000000000000e+00
-1.918486022113919631e+01,-3.461040401714221559e+01,0.000000000000000000e+00
-1.849690529762129998e+01,-3.478761932024115566e+01,0.000000000000000000e+00
-1.781471623167313112e+01,-3.496334922887479735e+01,0.000000000000000000e+00
-1.713781028791645866e+01,-3.513771826957226807e+01,0.000000000000000000e+00
-1.646571846114948201e+01,-3.531084719109708203e+01,0.000000000000000000e+00
-1.579798426464324201e+01,-3.548285361194889020e+01,0.000000000000000000e+00
-1.513416237665943243e+01,-3.565385223981394347e+01,0.000000000000000000e+00
-1.447381742577009867e+01,-3.582395522927124176e+01,0.000000000000000000e+00
-1.381652280485640638e+01,-3.599327247102390004e+01,0.000000000000000000e+00
-1.316185954100387079e+01,-3.616191188694153880e+01,0.000000000000000000e+00
-1.250941520406356844e+01,-3.632997970900473916e+01,0.000000000000000000e+00
-1.185878285100687535e+01,-3.649758075148005787e+01,0.000000000000000000e+00
-1.120956000344227910e+01,-3.666481868931421673e+01,0.000000000000000000e+00
-1.056134764437563689e+01,-3.683179632142078930e+01,0.000000000000000000e+00
-9.913749226909624568e+00,-3.699861580832341446e+01,0.000000000000000000e+00
-9.266369701263871050e+00,-3.716537892092336648e+01,0.000000000000000000e+00
-8.618814550074489489e+00,-3.733218728857686131e+01,0.000000000000000000e+00
-7.970688826568329333e+00,-3.749914264675676634e+01,0.000000000000000000e+00
-7.321596190585966113e+00,-3.766634708559199396e+01,0.000000000000000000e+00
-6.671137937407258356e+00,-3.783390330057977025e+01,0.000000000000000000e+00
-6.018912014278099853e+00,-3.800191484684413012e+01,0.000000000000000000e+00
-5.364512020668764869e+00,-3.817048640723255204e+01,0.000000000000000000e+00
-4.707526184441497286e+00,-3.833972406485307971e+01,0.000000000000000000e+00
-4.047536305926691114e+00,-3.850973555628434042e+01,0.000000000000000000e+00
-3.384116671128379217e+00,-3.868063054964395064e+01,0.000000000000000000e+00
-2.716832924997159893e+00,-3.885252093563070019e+01,0.000000000000000000e+00
-2.045240897824743609e+00,-3.902552113072555073e+01,0.000000000000000000e+00
-1.368885377810991288e+00,-3.919974839427540303e+01,0.000000000000000000e+00
-6.872988223501516059e-01,-3.937532316130636190e+01,0.000000000000000000e+00
-7.265652386385837315e-15,-3.955236939306075072e+01,0.000000000000000000e+00
6.935074455714138608e-01,-3.973101494743315243e+01,0.000000000000000000e+00
1.393736519138400576e+00,-3.991139197169603392e+01,0.000000000000000000e+00
2.101218495330057667e+00,-4.009363732017534687e+01,0.000000000000000000e+00
2.816504649279036876e+00,-4.027789299981702698e+01,0.000000000000000000e+00
3.540168109050958467e+00,-4.046430664702030811e+01,0.000000000000000000e+00
4.272805843715810070e+00,-4.065303203924442954e+01,0.000000000000000000e+00
5.015040802535856379e+00,-4.084422964627967190e+01,0.000000000000000000e+00
5.767524222049365434e+00,-4.103806722268758733e+01,0.000000000000000000e+00
6.530938122060351958e+00,-4.123472046040757988e+01,0.000000000000000000e+00
7.305998001681888177e+00,-4.143437364110190657e+01,0.000000000000000000e+00
8.093455813520510134e+00,-4.163722060852512641e+01,0.000000000000000000e+00
8.894102963521751448e+00,-4.184346459898595327e+01,0.000000000000000000e+00
9.708774720515368273e+00,-4.205332347077222011e+01,0.000000000000000000e+00
1.053835007797193946e+01,-4.226701356365589390e+01,0.000000000000000000e+00
1.138376954814133590e+01,-4.248480633531895023e+01,0.000000000000000000e+00
1.224601675976671800e+01,-4.270693572752826128e+01,0.000000000000000000e+00
1.312594162291986954e+01,-4.293302052739742436e+01,0.000000000000000000e+00
1.402266134150773347e+01,-4.315731395814223248e+01,0.000000000000000000e+00
1.493642696023649741e+01,-4.337853365152931673e+01,0.000000000000000000e+00
1.586758657719352783e+01,-4.359583582208044561e+01,0.000000000000000000e+00
1.681568113479582038e+01,-4.380634703963443144e+01,0.000000000000000000e+00
1.778206400732205950e+01,-4.401215285112993314e+01,0.000000000000000000e+00
1.876723563583792043e+01,-4.421283647266064776e+01,0.000000000000000000e+00
1.976987652397378881e+01,-4.440386968839084147e+01,0.000000000000000000e+00
2.079233899842764544e+01,-4.458931487570885110e+01,0.000000000000000000e+00
2.183350613819756347e+01,-4.476532151029161355e+01,0.000000000000000000e+00
2.289409377688075153e+01,-4.493218896052627542e+01,0.000000000000000000e+00
2.397469344074630015e+01,-4.508984045257671625e+01,0.000000000000000000e+00
2.507276876470356086e+01,-4.523247220840289629e+01,0.000000000000000000e+00
2.617680966337813331e+01,-4.533956431703087020e+01,0.000000000000000000e+00
2.727310586830450490e+01,-4.539007051659269365e+01,0.000000000000000000e+00
2.836075770760457360e+01,-4.538669982924673718e+01,0.000000000000000000e+00
2.943609446946838304e+01,-4.532761054507062681e+01,0.000000000000000000e+00
3.049916832349119389e+01,-4.521687652850817329e+01,0.000000000000000000e+00
3.154377407442739312e+01,-4.504917806951707604e+01,0.000000000000000000e+00
3.257571966060038449e+01,-4.483663158718774611e+01,0.000000000000000000e+00
3.358082670378228585e+01,-4.456326218298671193e+01,0.000000000000000000e+00
3.457033594371997509e+01,-4.424801221326798384e+01,0.000000000000000000e+00
3.553377248953743361e+01,-4.388055460829320964e+01,0.000000000000000000e+00
3.646952515293437358e+01,-4.346268762121446372e+01,0.000000000000000000e+00
3.738103316859582037e+01,-4.300195958643332972e+01,0.000000000000000000e+00
3.826551191474911917e+01,-4.249815641886601014e+01,0.000000000000000000e+00
3.911387418760708812e+01,-4.194449480663192276e+01,0.000000000000000000e+00
3.993015814566675914e+01,-4.134888919428937015e+01,0.000000000000000000e+00
4.071285057189433587e+01,-4.071285057189435008e+01,0.000000000000000000e+00
4.145997502861416706e+01,-4.003743248891433382e+01,0.000000000000000000e+00
4.216970541802776751e+01,-3.932388648029196077e+01,0.000000000000000000e+00
4.284043401074274016e+01,-3.857370004274748965e+01,0.000000000000000000e+00
4.347151835460267932e+01,-3.778921437839080255e+01,0.000000000000000000e+00
4.406125423953792364e+01,-3.697178218160466656e+01,0.000000000000000000e+00
4.460538881344462681e+01,-3.612073165558268073e+01,0.000000000000000000e+00
4.510393952415469698e+01,-3.523905964905028299e+01,0.000000000000000000e+00
4.555722379917724396e+01,-3.432983050530941682e+01,0.000000000000000000e+00
4.596433474900813820e+01,-3.339504396662904639e+01,0.000000000000000000e+00
4.632296812921048001e+01,-3.243569147632134531e+01,0.000000000000000000e+00
4.663196799314036411e+01,-3.145365956849659739e+01,0.000000000000000000e+00
4.689107837849813620e+01,-3.045142235221629790e+01,0.000000000000000000e+00
4.709966077711511900e+01,-2.943113450494510275e+01,0.000000000000000000e+00
4.725657836972475678e+01,-2.839461693235726258e+01,0.000000000000000000e+00
4.736071447517496580e+01,-2.734372125125530673e+01,0.000000000000000000e+00
4.741100478315395605e+01,-2.628034908977275208e+01,0.000000000000000000e+00
4.740643913223458128e+01,-2.520645080809493166e+01,0.000000000000000000e+00
4.734583947805950288e+01,-2.412391014174935222e+01,0.000000000000000000e+00
4.722768548064298955e+01,-2.303448129144837964e+01,0.000000000000000000e+00
4.705232875526793634e+01,-2.194086123260807852e+01,0.000000000000000000e+00
4.682074132965706781e+01,-2.084593710737425809e+01,0.000000000000000000e+00
4.653401014988525475e+01,-1.975251540586843291e+01,0.000000000000000000e+00
4.619328431991370820e+01,-1.866329832270508149e+01,0.000000000000000000e+00
4.579739926027136221e+01,-1.757997447417575998e+01,0.000000000000000000e+00
4.534173770229025990e+01,-1.650304289353928056e+01,0.000000000000000000e+00
4.482328057619110950e+01,-1.543389322061289626e+01,0.000000000000000000e+00
4.424658276945524449e+01,-1.437658623279555670e+01,0.000000000000000000e+00
4.361498762145871666e+01,-1.333443988731963259e+01,0.000000000000000000e+00
4.292569795341320571e+01,-1.230874581861753114e+01,0.000000000000000000e+00
4.218224350998615790e+01,-1.130269808343375537e+01,0.000000000000000000e+00
4.138466188495154796e+01,-1.031835509611527613e+01,0.000000000000000000e+00
4.053212718917711754e+01,-9.357578886636590099e+00,0.000000000000000000e+00
3.965061762718031702e+01,-8.427998950926241406e+00,0.000000000000000000e+00
3.876490045289958886e+01,-7.535133333727499938e+00,0.000000000000000000e+00
3.787756786925640995e+01,-6.678837178965948418e+00,0.000000000000000000e+00
3.698920692997268844e+01,-5.858514837652192497e+00,0.000000000000000000e+00
3.610100225937075180e+01,-5.073664991124902102e+00,0.000000000000000000e+00
3.521386179975296926e+01,-4.323718558778224974e+00,0.000000000000000000e+00
3.432878146141931097e+01,-3.608100323105005724e+00,0.000000000000000000e+00
3.344671092120421463e+01,-2.926208037834087783e+00,0.000000000000000000e+00
3.256859548638403368e+01,-2.277418051840649049e+00,0.000000000000000000e+00
3.169536849670316769e+01,-1.661083876469894083e+00,0.000000000000000000e+00
3.082793235228860240e+01,-1.076535119581458311e+00,0.000000000000000000e+00
2.996722131666452427e+01,-5.230797938006467307e-01,0.000000000000000000e+00
2.911404881207367978e+01,-7.130885337585166060e-15,0.000000000000000000e+00
