2.777638212295602216e+01,0.000000000000000000e+00,0.000000000000000000e+00
2.732973644125311097e+01,4.770423240531472264e-01,0.000000000000000000e+00
2.688331971053811387e+01,9.387862107846596249e-01,0.000000000000000000e+00
2.643760474923472614e+01,1.385536154470175418e+00,0.000000000000000000e+00
2.599286808591274323e+01,1.817598398516093949e+00,0.000000000000000000e+00
2.554946339687208479e+01,2.235288406396853222e+00,0.000000000000000000e+00
2.510774455129555349e+01,2.638930290309874582e+00,0.000000000000000000e+00
2.466759110224997542e+01,3.028799342022159280e+00,0.000000000000000000e+00
2.422892783316130405e+01,3.405153741616493868e+00,0.000000000000000000e+00
2.379260750932633073e+01,3.768378824226009893e+00,0.000000000000000000e+00
2.335938980667995679e+01,4.118890675803970502e+00,0.000000000000000000e+00
2.292939287869745613e+01,4.457022476101412778e+00,0.000000000000000000e+00
2.250275757843745694e+01,4.783108778966698615e+00,0.000000000000000000e+00
2.207976380563656349e+01,5.097515130286993212e+00,0.000000000000000000e+00
2.166063143749959252e+01,5.400601976633987888e+00,0.000000000000000000e+00
2.124552475262057882e+01,5.692721200240111301e+00,0.000000000000000000e+00
2.083471680302904261e+01,5.974258906860079321e+00,0.000000000000000000e+00
2.042850584366543742e+01,6.245621012766060076e+00,0.000000000000000000e+00
2.002676314463417029e+01,6.507089797482898064e+00,0.000000000000000000e+00
1.962936587215120099e+01,6.758932701147431388e+00,0.000000000000000000e+00
1.923819598860334423e+01,7.002130700831072474e+00,0.000000000000000000e+00
1.885588165906514746e+01,7.238094817799038516e+00,0.000000000000000000e+00
1.848321124361951817e+01,7.467702080073529203e+00,0.000000000000000000e+00
1.811999750738739934e+01,7.691482611666762281e+00,0.000000000000000000e+00
1.776578470055755332e+01,7.909836965703743950e+00,0.000000000000000000e+00
1.741994037254920968e+01,8.123051600323135446e+00,0.000000000000000000e+00
1.708191645674125780e+01,8.331407331112201220e+00,0.000000000000000000e+00
1.675127736137950762e+01,8.535202127162742514e+00,0.000000000000000000e+00
1.642759891499617453e+01,8.734709282655339635e+00,0.000000000000000000e+00
1.611047956882101317e+01,8.930184648242390111e+00,0.000000000000000000e+00
1.579952306400684137e+01,9.121858894072047974e+00,0.000000000000000000e+00
1.549436628926050830e+01,9.309954520004831480e+00,0.000000000000000000e+00
1.519467324763286165e+01,9.494685624722341899e+00,0.000000000000000000e+00
1.490011430806411852e+01,9.676247371167709943e+00,0.000000000000000000e+00
1.461039012985120422e+01,9.854832576975164571e+00,0.000000000000000000e+00
1.432520862742512158e+01,1.003061906734983921e+01,0.000000000000000000e+00
1.404428948894726581e+01,1.020377358933886391e+01,0.000000000000000000e+00
1.376737688409023086e+01,1.037446261029777972e+01,0.000000000000000000e+00
1.349421697931444619e+01,1.054283776690127183e+01,0.000000000000000000e+00
1.322456913721731731e+01,1.070904493320205475e+01,0.000000000000000000e+00
1.295820999568250365e+01,1.087322922809493164e+01,0.000000000000000000e+00
1.269491650250717107e+01,1.103552255331383947e+01,0.000000000000000000e+00
1.243447733356325813e+01,1.119605367987017885e+01,0.000000000000000000e+00
1.217669456402446038e+01,1.135495138024326778e+01,0.000000000000000000e+00
1.192136984508276853e+01,1.151233303971997479e+01,0.000000000000000000e+00
1.166831342457471798e+01,1.166831342457471621e+01,0.000000000000000000e+00
1.141734711420380854e+01,1.182300903982732265e+01,0.000000000000000000e+00
1.116829194154371407e+01,1.197652682253228917e+01,0.000000000000000000e+00
1.092097377820590864e+01,1.212897015219693486e+01,0.000000000000000000e+00
1.067522917847727371e+01,1.228044638676414912e+01,0.000000000000000000e+00
1.043089402373394847e+01,1.243105542675440844e+01,0.000000000000000000e+00
1.018780543880036049e+01,1.258089196770689711e+01,0.000000000000000000e+00
9.945810011419881747e+00,1.273005629949902584e+01,0.000000000000000000e+00
9.704754390080646331e+00,1.287864405845446214e+01,0.000000000000000000e+00
9.464483868620430229e+00,1.302674448336023083e+01,0.000000000000000000e+00
9.224850532514004442e+00,1.317445190050381321e+01,0.000000000000000000e+00
8.985708045530904187e+00,1.332186002275502190e+01,0.000000000000000000e+00
8.746907194025869359e+00,1.346905592981816113e+01,0.000000000000000000e+00
8.508301756446194020e+00,1.361612908434146263e+01,0.000000000000000000e+00
8.269748676875359195e+00,1.376317304711900569e+01,0.000000000000000000e+00
8.031101367989675666e+00,1.391027561009402902e+01,0.000000000000000000e+00
7.792212446401329373e+00,1.405752337252836703e+01,0.000000000000000000e+00
7.552938206796470766e+00,1.420501077664758682e+01,0.000000000000000000e+00
7.313131472689323509e+00,1.435282865644041905e+01,0.000000000000000000e+00
7.072641474460906075e+00,1.450106398520025230e+01,0.000000000000000000e+00
6.831319728873292085e+00,1.464981243478225714e+01,0.000000000000000000e+00
6.589014993770571316e+00,1.479916997981496252e+01,0.000000000000000000e+00
6.345570585094999494e+00,1.494922747539767194e+01,0.000000000000000000e+00
6.100829443928808438e+00,1.510008275160324587e+01,0.000000000000000000e+00
5.854632466377096556e+00,1.525183901596027169e+01,0.000000000000000000e+00
5.606813735972378865e+00,1.540459413467211647e+01,0.000000000000000000e+00
5.357204023123732561e+00,1.555845019788461947e+01,0.000000000000000000e+00
5.105631875342659498e+00,1.571351916961931749e+01,0.000000000000000000e+00
4.851917868176353288e+00,1.586990826379461339e+01,0.000000000000000000e+00
4.595876846285023909e+00,1.602772729584840050e+01,0.000000000000000000e+00
4.337320545765228630e+00,1.618710064550820604e+01,0.000000000000000000e+00
4.076051353712474068e+00,1.634814905358296500e+01,0.000000000000000000e+00
3.811863249841306089e+00,1.651099370275802158e+01,0.000000000000000000e+00
3.544544206441821999e+00,1.667576939800359881e+01,0.000000000000000000e+00
3.273871168586929503e+00,1.684260706812328934e+01,0.000000000000000000e+00
2.999612077914357133e+00,1.701164544338138640e+01,0.000000000000000000e+00
2.721528516471248160e+00,1.718305479310166106e+01,0.000000000000000000e+00
2.439367675236157496e+00,1.735700289813810571e+01,0.000000000000000000e+00
2.152860163550244454e+00,1.753363898293923029e+01,0.000000000000000000e+00
1.861720419700378715e+00,1.771308658489763843e+01,0.000000000000000000e+00
1.565650591254872825e+00,1.789546814589242274e+01,0.000000000000000000e+00
1.264352601979356061e+00,1.808108459171211635e+01,0.000000000000000000e+00
9.575102814056031253e-01,1.827038455940536821e+01,0.000000000000000000e+00
6.447627382307882238e-01,1.846358907936300398e+01,0.000000000000000000e+00
3.257096535642033386e-01,1.865989355546106410e+01,0.000000000000000000e+00
1.154731240036103505e-15,1.885819226964170170e+01,0.000000000000000000e+00
-3.326495370294064169e-01,1.905747921290462088e+01,0.000000000000000000e+00
-6.724644295691639684e-01,1.925686172889394854e+01,0.000000000000000000e+00
-1.019627353855347307e+00,1.945564890946049985e+01,0.000000000000000000e+00
-1.374324150717019855e+00,1.965375100794315344e+01,0.000000000000000000e+00
-1.736751274016708813e+00,1.985115789889836435e+01,0.000000000000000000e+00
-2.107097386349362278e+00,2.004769247426767009e+01,0.000000000000000000e+00
-2.485541146452054928e+00,2.024310815769068839e+01,0.000000000000000000e+00
-2.872255963540184531e+00,2.043716311791132512e+01,0.000000000000000000e+00
-3.267409818488624218e+00,2.062961369054666605e+01,0.000000000000000000e+00
-3.671161170370929039e+00,2.082018960241112637e+01,0.000000000000000000e+00
-4.083660452751795233e+00,2.100861178206338664e+01,0.000000000000000000e+00
-4.505077469610367480e+00,2.119472310906194323e+01,0.000000000000000000e+00
-4.935587225566226977e+00,2.137837699296517968e+01,0.000000000000000000e+00
-5.375250879961518180e+00,2.155895374232142458e+01,0.000000000000000000e+00
-5.824081749612943781e+00,2.173576899699014220e+01,0.000000000000000000e+00
-6.282240826856026139e+00,2.190877739926476764e+01,0.000000000000000000e+00
-6.749955848194625574e+00,2.207811076071973844e+01,0.000000000000000000e+00
-7.227472723641843899e+00,2.224387381693570021e+01,0.000000000000000000e+00
-7.714748061192231887e+00,2.240525523784294748e+01,0.000000000000000000e+00
-8.211531405427693997e+00,2.256099711555507525e+01,0.000000000000000000e+00
-8.718192658148060659e+00,2.271166835763529690e+01,0.000000000000000000e+00
-9.234980794609880306e+00,2.285737955629089058e+01,0.000000000000000000e+00
-9.761581435045076915e+00,2.299684471793216289e+01,0.000000000000000000e+00
-1.029827969711314495e+01,2.313031490766729092e+01,0.000000000000000000e+00
-1.084520374129123432e+01,2.325761447753522049e+01,0.000000000000000000e+00
-1.140179527633925893e+01,2.337714465597904834e+01,0.000000000000000000e+00
-1.196877690715061426e+01,2.349004729602124186e+01,0.000000000000000000e+00
-1.254619817001810134e+01,2.359596693783275612e+01,0.000000000000000000e+00
-1.313305722913088047e+01,2.369266241406471707e+01,0.000000000000000000e+00
-1.372998235725270888e+01,2.378102702978600291e+01,0.000000000000000000e+00
-1.433742264715422188e+01,2.386147834144641777e+01,0.000000000000000000e+00
-1.495507107701719818e+01,2.393311662881376378e+01,0.000000000000000000e+00
-1.558230443468343296e+01,2.399464465446161654e+01,0.000000000000000000e+00
-1.621917266811987091e+01,2.404591233932316996e+01,0.000000000000000000e+00
-1.686529402256712729e+01,2.408613604144893827e+01,0.000000000000000000e+00
-1.751807480712234266e+01,2.411156144598473716e+01,0.000000000000000000e+00
-1.817523657307138407e+01,2.411935357602025931e+01,0.000000000000000000e+00
-1.883577317829075426e+01,2.410869026544008165e+01,0.000000000000000000e+00
-1.949718008662765101e+01,2.407701224942832496e+01,0.000000000000000000e+00
-2.016089573886320707e+01,2.402681992670752464e+01,0.000000000000000000e+00
-2.082681003989200264e+01,2.395850429308510243e+01,0.000000000000000000e+00
-2.149410755556083075e+01,2.387162484629056891e+01,0.000000000000000000e+00
-2.216255631392660064e+01,2.376643192521486014e+01,0.000000000000000000e+00
-2.283133429698234451e+01,2.364253876881151228e+01,0.000000000000000000e+00
-2.349865239646426218e+01,2.349865239646426573e+01,0.000000000000000000e+00
-2.416468325097205749e+01,2.333556336223222161e+01,0.000000000000000000e+00
-2.482965041155862806e+01,2.315402359230262519e+01,0.000000000000000000e+00
-2.549315235358252707e+01,2.295413748106671648e+01,0.000000000000000000e+00
-2.615480808964302994e+01,2.273602780245524357e+01,0.000000000000000000e+00
-2.681390114966423965e+01,2.249953456510731797e+01,0.000000000000000000e+00
-2.746886334949261510e+01,2.224384695043463722e+01,0.000000000000000000e+00
-2.811915682588839971e+01,2.196909305755486130e+01,0.000000000000000000e+00
-2.876543859577229512e+01,2.167631275682743919e+01,0.000000000000000000e+00
-2.940757703488902308e+01,2.136585536144067277e+01,0.000000000000000000e+00
-3.004511206279951097e+01,2.103781395272769572e+01,0.000000000000000000e+00
-3.067696885942605434e+01,2.069187676659278097e+01,0.000000000000000000e+00
-3.130065783351827235e+01,2.032688486916391923e+01,0.000000000000000000e+00
-3.191787447982318682e+01,1.994450154053038204e+01,0.000000000000000000e+00
-3.252947538847784159e+01,1.954568071856259337e+01,0.000000000000000000e+00
-3.313379489812744794e+01,1.912980540370772786e+01,0.000000000000000000e+00
-3.372857242094023889e+01,1.869605298550741423e+01,0.000000000000000000e+00
-3.431449548842469710e+01,1.824534089390067138e+01,0.000000000000000000e+00
-3.489320291212379033e+01,1.777897489810019138e+01,0.000000000000000000e+00
-3.546316104347126696e+01,1.729653933446025249e+01,0.000000000000000000e+00
-3.602057069787712607e+01,1.679666796753364721e+01,0.000000000000000000e+00
-3.656902950945720931e+01,1.628158093150470620e+01,0.000000000000000000e+00
-3.710794466391556057e+01,1.575138799113173782e+01,0.000000000000000000e+00
-3.763422991288519626e+01,1.520521587391558072e+01,0.000000000000000000e+00
-3.815036885085785912e+01,1.464455452517973377e+01,0.000000000000000000e+00
-3.865525459979366474e+01,1.406936207230660507e+01,0.000000000000000000e+00
-3.914607813158274752e+01,1.347907565269864172e+01,0.000000000000000000e+00
-3.962477910795094260e+01,1.287487119105143840e+01,0.000000000000000000e+00
-4.009188015105520009e+01,1.225731783954103804e+01,0.000000000000000000e+00
-4.054556463106691666e+01,1.162625357094396250e+01,0.000000000000000000e+00
-4.098660639322831400e+01,1.098232808355782986e+01,0.000000000000000000e+00
-4.141239388052827053e+01,1.032526945918727002e+01,0.000000000000000000e+00
-4.182435389622973787e+01,9.655912929017967272e+00,0.000000000000000000e+00
-4.224118552296211959e+01,8.978641155626341686e+00,0.000000000000000000e+00
-4.266323415642345651e+01,8.292892644140469116e+00,0.000000000000000000e+00
-4.309086054978465796e+01,7.598081336873029557e+00,0.000000000000000000e+00
-4.352444189438638489e+01,6.893594369880191586e+00,0.000000000000000000e+00
-4.396437332515610308e+01,6.178789724284985851e+00,0.000000000000000000e+00
-4.441106949561765305e+01,5.452993667247797660e+00,0.000000000000000000e+00
-4.486496628886713012e+01,4.715497972011745809e+00,0.000000000000000000e+00
-4.532652267996926554e+01,3.965556891547995289e+00,0.000000000000000000e+00
-4.579622276790371416e+01,3.202383857214323282e+00,0.000000000000000000e+00
-4.627457799686921902e+01,2.425147870075796241e+00,0.000000000000000000e+00
-4.676212958837411549e+01,1.632969548298856655e+00,0.000000000000000000e+00
-4.725945121127658410e+01,8.249167893647605387e-01,0.000000000000000000e+00
-4.776714955326595913e+01,5.849788680480008632e-15,0.000000000000000000e+00
-4.775999298923288450e+01,-8.336537785982826021e-01,0.000000000000000000e+00
-4.792195860058065904e+01,-1.673471669883951352e+00,0.000000000000000000e+00
-4.806287011417341404e+01,-2.518868288653064891e+00,0.000000000000000000e+00
-4.818225519588849437e+01,-3.369231498097120969e+00,0.000000000000000000e+00
-4.828040747784135078e+01,-4.223988324723356058e+00,0.000000000000000000e+00
-4.835486114919789458e+01,-5.082300702464416453e+00,0.000000000000000000e+00
-4.840757358534158072e+01,-5.943702667051200983e+00,0.000000000000000000e+00
-4.843782023999088437e+01,-6.807491687692714954e+00,0.000000000000000000e+00
-4.844513814630350623e+01,-7.672956091747117569e+00,0.000000000000000000e+00
-4.842964034829746112e+01,-8.539452259412149360e+00,0.000000000000000000e+00
-4.839132120781437862e+01,-9.406319975957586621e+00,0.000000000000000000e+00
-4.833023850207967342e+01,-1.027290932069418439e+01,0.000000000000000000e+00
-4.824648852379793595e+01,-1.113857953364946773e+01,0.000000000000000000e+00
-4.814018459289674468e+01,-1.200269608104899000e+01,0.000000000000000000e+00
-4.801145679567760283e+01,-1.286463107584355114e+01,0.000000000000000000e+00
-4.786045171422767908e+01,-1.372376368938700786e+01,0.000000000000000000e+00
-4.768733214635680184e+01,-1.457948055405114829e+01,0.000000000000000000e+00
-4.749227681632872589e+01,-1.543117615657062025e+01,0.000000000000000000e+00
-4.727545815358072900e+01,-1.627824567319790461e+01,0.000000000000000000e+00
-4.703686660912760686e+01,-1.712001935887228399e+01,0.000000000000000000e+00
-4.677640862816940626e+01,-1.795578096047455574e+01,0.000000000000000000e+00
-4.649401370815748891e+01,-1.878480088243491508e+01,0.000000000000000000e+00
-4.618978717541999401e+01,-1.960640142204714564e+01,0.000000000000000000e+00
-4.586433540744875614e+01,-2.042011775600815682e+01,0.000000000000000000e+00
-4.551836274268270444e+01,-2.122556113359010155e+01,0.000000000000000000e+00
-4.515224573893056714e+01,-2.202222169381049710e+01,0.000000000000000000e+00
-4.476574324211402001e+01,-2.280928544739033015e+01,0.000000000000000000e+00
-4.435867948992525811e+01,-2.358592826084186100e+01,0.000000000000000000e+00
-4.393155434330813591e+01,-2.435165821688489629e+01,0.000000000000000000e+00
-4.348512041393414762e+01,-2.510614597672817894e+01,0.000000000000000000e+00
-4.302010082597683294e+01,-2.584908441292449766e+01,0.000000000000000000e+00
-4.253702561924269787e+01,-2.658008363084663372e+01,0.000000000000000000e+00
-4.203507231681041389e+01,-2.729789514314315113e+01,0.000000000000000000e+00
-4.151348499807364334e+01,-2.800119919501096533e+01,0.000000000000000000e+00
-4.097419374909396339e+01,-2.869043933518076628e+01,0.000000000000000000e+00
-4.041871629546464817e+01,-2.936591631603835495e+01,0.000000000000000000e+00
-3.984679572969321981e+01,-3.002671430572905109e+01,0.000000000000000000e+00
-3.925820611507037938e+01,-3.067187216014259477e+01,0.000000000000000000e+00
-3.865310276593573491e+01,-3.130066545330053529e+01,0.000000000000000000e+00
-3.803233229091358680e+01,-3.191291599811734514e+01,0.000000000000000000e+00
-3.739761117709463889e+01,-3.250924742225623731e+01,0.000000000000000000e+00
-3.674877338901318780e+01,-3.308874418245231652e+01,0.000000000000000000e+00
-3.608373715993410258e+01,-3.364862926586468461e+01,0.000000000000000000e+00
-3.540780858577721091e+01,-3.419292329180260026e+01,0.000000000000000000e+00
-3.472617598844900044e+01,-3.472617598844898623e+01,0.000000000000000000e+00
-3.404035057422286314e+01,-3.524981491166599312e+01,0.000000000000000000e+00
-3.334937561621865854e+01,-3.576282690969298983e+01,0.000000000000000000e+00
-3.265417509764518655e+01,-3.626613552486853820e+01,0.000000000000000000e+00
-3.195507353863229127e+01,-3.676010704926665085e+01,0.000000000000000000e+00
-3.125221266692967959e+01,-3.724493672233170827e+01,0.000000000000000000e+00
-3.054537408544853960e+01,-3.772039560341981002e+01,0.000000000000000000e+00
-2.983372129426966168e+01,-3.818542192778093636e+01,0.000000000000000000e+00
-2.911815952332884194e+01,-3.864110281055057072e+01,0.000000000000000000e+00
-2.839892723763461291e+01,-3.908777001065663370e+01,0.000000000000000000e+00
-2.767596992268111222e+01,-3.952538127973171811e+01,0.000000000000000000e+00
-2.694928150719576720e+01,-3.995395289203066369e+01,0.000000000000000000e+00
-2.621861526439960954e+01,-4.037312704538319252e+01,0.000000000000000000e+00
-2.548373481291911702e+01,-4.078250075003992947e+01,0.000000000000000000e+00
-2.474515064782790219e+01,-4.118284651085257764e+01,0.000000000000000000e+00
-2.400298262665147320e+01,-4.157438544255336410e+01,0.000000000000000000e+00
-2.325714662846119296e+01,-4.195700316909380234e+01,0.000000000000000000e+00
-2.250770120464959234e+01,-4.233082932969200840e+01,0.000000000000000000e+00
-2.175456208761089982e+01,-4.269573209580918416e+01,0.000000000000000000e+00
-2.099740574814646266e+01,-4.305106166862384498e+01,0.000000000000000000e+00
-2.023645074168318558e+01,-4.339720866209040651e+01,0.000000000000000000e+00
-1.947186329037931429e+01,-4.373452100662750297e+01,0.000000000000000000e+00
-1.870365010007527573e+01,-4.406303833780199852e+01,0.000000000000000000e+00
-1.793178829626950588e+01,-4.438273347034082406e+01,0.000000000000000000e+00
-1.715626859590446784e+01,-4.469360771014034839e+01,0.000000000000000000e+00
-1.637707099690377177e+01,-4.499563276079833685e+01,0.000000000000000000e+00
-1.559418979384497383e+01,-4.528881562782587622e+01,0.000000000000000000e+00
-1.480756518924872189e+01,-4.557299960860013499e+01,0.000000000000000000e+00
-1.401699235084114115e+01,-4.584751613402085724e+01,0.000000000000000000e+00
-1.322271321065252181e+01,-4.611308103759566279e+01,0.000000000000000000e+00
-1.242473227288651216e+01,-4.636973211285322094e+01,0.000000000000000000e+00
-1.162301925854734463e+01,-4.661738403230160799e+01,0.000000000000000000e+00
-1.081756307031974806e+01,-4.685601345763717518e+01,0.000000000000000000e+00
-1.000834597307852292e+01,-4.708556581102254768e+01,0.000000000000000000e+00
-9.195353266526156588e+00,-4.730599157557291079e+01,0.000000000000000000e+00
-8.378570387441465428e+00,-4.751723391268409813e+01,0.000000000000000000e+00
-7.557983941894068636e+00,-4.771923256102327571e+01,0.000000000000000000e+00
-6.733581609534303958e+00,-4.791192270768338091e+01,0.000000000000000000e+00
-5.905352353772980400e+00,-4.809523534838245240e+01,0.000000000000000000e+00
-5.073286547451337114e+00,-4.826909719315668212e+01,0.000000000000000000e+00
-4.237376134235853797e+00,-4.843343084078843219e+01,0.000000000000000000e+00
-3.397614743487163302e+00,-4.858815451549362763e+01,0.000000000000000000e+00
-2.553997891157601341e+00,-4.873318286134734478e+01,0.000000000000000000e+00
-1.706523018889636312e+00,-4.886842540204969509e+01,0.000000000000000000e+00
-8.551888073453663974e-01,-4.899373395987100110e+01,0.000000000000000000e+00
-9.021166104570966684e-15,-4.910894096622718763e+01,0.000000000000000000e+00
8.590355696110097972e-01,-4.921411482247339819e+01,0.000000000000000000e+00
1.721913589315279047e+00,-4.930915367492621471e+01,0.000000000000000000e+00
2.588627140142633287e+00,-4.939394829462444392e+01,0.000000000000000000e+00
3.459166619694187705e+00,-4.946838735460499237e+01,0.000000000000000000e+00
4.333519624870298514e+00,-4.953235596731040147e+01,0.000000000000000000e+00
5.211670663045486762e+00,-4.958573410359485223e+01,0.000000000000000000e+00
6.093601672094965060e+00,-4.962840301162655265e+01,0.000000000000000000e+00
6.979279729238502483e+00,-4.966015566947349669e+01,0.000000000000000000e+00
7.868652537535540503e+00,-4.968071687731671204e+01,0.000000000000000000e+00
8.760761573662142254e+00,-4.968474783871565137e+01,0.000000000000000000e+00
9.653316828229788982e+00,-4.966200985610326057e+01,0.000000000000000000e+00
1.054539725323142463e+01,-4.961219343396391679e+01,0.000000000000000000e+00
1.143611485196893440e+01,-4.953525557684617553e+01,0.000000000000000000e+00
1.232461136826677084e+01,-4.943131628908354713e+01,0.000000000000000000e+00
1.321002270044380111e+01,-4.930047588719459384e+01,0.000000000000000000e+00
1.409149164673411114e+01,-4.914287150408400606e+01,0.000000000000000000e+00
1.496816461176103807e+01,-4.895866041428024573e+01,0.000000000000000000e+00
1.583919390828007323e+01,-4.874802633364018334e+01,0.000000000000000000e+00
1.670373848407890804e+01,-4.851117900331428245e+01,0.000000000000000000e+00
1.756096555558626449e+01,-4.824835632779361561e+01,0.000000000000000000e+00
1.841005172739431828e+01,-4.795982443548215457e+01,0.000000000000000000e+00
1.925018659644469565e+01,-4.764588377067087066e+01,0.000000000000000000e+00
2.008056905425153715e+01,-4.730685611354575570e+01,0.000000000000000000e+00
2.090042772853291098e+01,-4.694312926861233848e+01,0.000000000000000000e+00
2.170897785461954754e+01,-4.655505324642034282e+01,0.000000000000000000e+00
2.250508102110283914e+01,-4.614225407262046730e+01,0.000000000000000000e+00
2.328776746860783575e+01,-4.570481708365084472e+01,0.000000000000000000e+00
2.405672326225534974e+01,-4.524411610883642965e+01,0.000000000000000000e+00
2.481131258969312725e+01,-4.476079278277347129e+01,0.000000000000000000e+00
2.555088725606266564e+01,-4.425543490596466256e+01,0.000000000000000000e+00
2.627476549719332866e+01,-4.372855312055016697e+01,0.000000000000000000e+00
2.698262807689248532e+01,-4.318123139572359293e+01,0.000000000000000000e+00
2.767342445268754147e+01,-4.261333674346334277e+01,0.000000000000000000e+00
2.834424976589836476e+01,-4.202207838469727363e+01,0.000000000000000000e+00
2.899648225287167591e+01,-4.141126833197178314e+01,0.000000000000000000e+00
2.963131701671276730e+01,-4.078400902155330243e+01,0.000000000000000000e+00
3.024658272329394393e+01,-4.013857097466063095e+01,0.000000000000000000e+00
3.083849208428249256e+01,-3.947146989272984996e+01,0.000000000000000000e+00
3.141074394657582403e+01,-3.878903838427705608e+01,0.000000000000000000e+00
3.196282991563650810e+01,-3.809181738143751517e+01,0.000000000000000000e+00
3.249019437043691028e+01,-3.737569314822054878e+01,0.000000000000000000e+00
3.299455136815993228e+01,-3.664416167065312635e+01,0.000000000000000000e+00
3.347704521677627554e+01,-3.589973579455232766e+01,0.000000000000000000e+00
3.393598614643880751e+01,-3.514174238301419706e+01,0.000000000000000000e+00
3.437026912403964474e+01,-3.437026912403965895e+01,0.000000000000000000e+00
3.477939749873076636e+01,-3.358607375907755710e+01,0.000000000000000000e+00
3.516340053336363525e+01,-3.279040147726267662e+01,0.000000000000000000e+00
3.552257532481635849e+01,-3.198467048633928655e+01,0.000000000000000000e+00
3.585642569647681199e+01,-3.116951532344025821e+01,0.000000000000000000e+00
3.616375818138695308e+01,-3.034499615198615530e+01,0.000000000000000000e+00
3.644359357417918943e+01,-2.951144018861849716e+01,0.000000000000000000e+00
3.669586105839269408e+01,-2.866994879720977707e+01,0.000000000000000000e+00
3.692073141404613068e+01,-2.782176668981191980e+01,0.000000000000000000e+00
3.711838120833587595e+01,-2.696808251857104111e+01,0.000000000000000000e+00
3.728866193203310075e+01,-2.610980217456303976e+01,0.000000000000000000e+00
3.743126844518863550e+01,-2.524770936249489139e+01,0.000000000000000000e+00
3.754591380231806852e+01,-2.438260151676456289e+01,0.000000000000000000e+00
3.763233101940583225e+01,-2.351529029493341127e+01,0.000000000000000000e+00
3.769027360836542329e+01,-2.264660113164059041e+01,0.000000000000000000e+00
3.771951610243071684e+01,-2.177737277544082417e+01,0.000000000000000000e+00
3.771985457198677949e+01,-2.090845680873437828e+01,0.000000000000000000e+00
3.769111122743078823e+01,-2.004071932942680334e+01,0.000000000000000000e+00
3.763318247387086046e+01,-1.917506421590491783e+01,0.000000000000000000e+00
3.754613494588507194e+01,-1.831247358779969403e+01,0.000000000000000000e+00
3.743010096708950840e+01,-1.745394272646864664e+01,0.000000000000000000e+00
3.728524395741273878e+01,-1.660046014856691343e+01,0.000000000000000000e+00
3.711175814228215586e+01,-1.575300671666052565e+01,0.000000000000000000e+00
3.690986823811449824e+01,-1.491255476031834526e+01,0.000000000000000000e+00
3.667981865033273436e+01,-1.408006319148404550e+01,0.000000000000000000e+00
3.642166424544024750e+01,-1.325640166777784756e+01,0.000000000000000000e+00
3.613527544354245435e+01,-1.244237314903962321e+01,0.000000000000000000e+00
3.582057927940910247e+01,-1.163881173835235572e+01,0.000000000000000000e+00
3.547881808724764596e+01,-1.084696323116208561e+01,0.000000000000000000e+00
3.511273339229479262e+01,-1.006841428161973973e+01,0.000000000000000000e+00
3.472632344406848404e+01,-9.304890322940112313e+00,0.000000000000000000e+00
3.432713431153469230e+01,-8.558715841224572074e+00,0.000000000000000000e+00
3.392189402235280937e+01,-7.831486312493658453e+00,0.000000000000000000e+00
3.351082386472690899e+01,-7.122945499416093007e+00,0.000000000000000000e+00
3.309288627666218474e+01,-6.432605464716950827e+00,0.000000000000000000e+00
3.266876802888743470e+01,-5.760385229998953527e+00,0.000000000000000000e+00
3.223945876959220413e+01,-5.106228633587832633e+00,0.000000000000000000e+00
3.180549123418126811e+01,-4.469970286171444762e+00,0.000000000000000000e+00
3.136734216027960187e+01,-3.851425333841089760e+00,0.000000000000000000e+00
3.092559203117971478e+01,-3.250410700575440348e+00,0.000000000000000000e+00
3.048078123950537233e+01,-2.666722813870386677e+00,0.000000000000000000e+00
3.003337109324357002e+01,-2.100137892466915179e+00,0.000000000000000000e+00
2.958391956796985411e+01,-1.550427527045423748e+00,0.000000000000000000e+00
2.913302945897047280e+01,-1.017347806332999482e+00,0.000000000000000000e+00
2.868074049136144055e+01,-5.006241874660743996e-01,0.000000000000000000e+00
2.822691153402374553e+01,-6.913599371991537221e-15,0.000000000000000000e+00
