3.846605471569407797e+01,0.000000000000000000e+00,0.000000000000000000e+00
3.816097819169600314e+01,6.661023520603489567e-01,0.000000000000000000e+00
3.784612712893736131e+01,1.321615881625001876e+00,0.000000000000000000e+00
3.752145594446134425e+01,1.966416181515684869e+00,0.000000000000000000e+00
3.718700725552837127e+01,2.600368863099289829e+00,0.000000000000000000e+00
3.684299780214720244e+01,3.223344637998414530e+00,0.000000000000000000e+00
3.648968333659505703e+01,3.835220262179521278e+00,0.000000000000000000e+00
3.612750257157001244e+01,4.435899539768779931e+00,0.000000000000000000e+00
3.575699842331187028e+01,5.025318404864344224e+00,0.000000000000000000e+00
3.537841814070488766e+01,5.603390956782964949e+00,0.000000000000000000e+00
3.499151821988153443e+01,6.169948758116952092e+00,0.000000000000000000e+00
3.459620265223180269e+01,6.724820566531973576e+00,0.000000000000000000e+00
3.419304881700175969e+01,7.267956889557111388e+00,0.000000000000000000e+00
3.378272115495209960e+01,7.799355724343085328e+00,0.000000000000000000e+00
3.336553925001500431e+01,8.318963264991998230e+00,0.000000000000000000e+00
3.294170699919791190e+01,8.826703787737743667e+00,0.000000000000000000e+00
3.251149044094845664e+01,9.322519868083560368e+00,0.000000000000000000e+00
3.207518071076113841e+01,9.806366856610683413e+00,0.000000000000000000e+00
3.163304483669856282e+01,1.027819931926200248e+01,0.000000000000000000e+00
3.118535082841897932e+01,1.073797742035039349e+01,0.000000000000000000e+00
3.073245766696794590e+01,1.118569981662246882e+01,0.000000000000000000e+00
3.027468705101604485e+01,1.162136353083747231e+01,0.000000000000000000e+00
2.981194750377962421e+01,1.204480863474790375e+01,0.000000000000000000e+00
2.934419379853583720e+01,1.245587126945252265e+01,0.000000000000000000e+00
2.887207202029117070e+01,1.285467466772760936e+01,0.000000000000000000e+00
2.839621740044848508e+01,1.324137363646335430e+01,0.000000000000000000e+00
2.791686262488974890e+01,1.361596367267502750e+01,0.000000000000000000e+00
2.743423124046696060e+01,1.397843900433302977e+01,0.000000000000000000e+00
2.694861998064809328e+01,1.432883541397156790e+01,0.000000000000000000e+00
2.646037315693488523e+01,1.466722434570688627e+01,0.000000000000000000e+00
2.596979113079849100e+01,1.499366590016486178e+01,0.000000000000000000e+00
2.547659812283212588e+01,1.530788451880129308e+01,0.000000000000000000e+00
2.498059115615459902e+01,1.560960580605820169e+01,0.000000000000000000e+00
2.448269587339876807e+01,1.589924860213051971e+01,0.000000000000000000e+00
2.398369755116929980e+01,1.617720826363654396e+01,0.000000000000000000e+00
2.348374156837700255e+01,1.644349287154628669e+01,0.000000000000000000e+00
2.298288137497652173e+01,1.669804073502276509e+01,0.000000000000000000e+00
2.248114629165056044e+01,1.694075883902669233e+01,0.000000000000000000e+00
2.197855874129872689e+01,1.717153203591026767e+01,0.000000000000000000e+00
2.147531369421956526e+01,1.739036613743308735e+01,0.000000000000000000e+00
2.097208031629494585e+01,1.759766485842337858e+01,0.000000000000000000e+00
2.046940799607729389e+01,1.779378490193941786e+01,0.000000000000000000e+00
1.996754988593666980e+01,1.797886267201624833e+01,0.000000000000000000e+00
1.946625296502978131e+01,1.815257456046225926e+01,0.000000000000000000e+00
1.896520722392140712e+01,1.831448772803093306e+01,0.000000000000000000e+00
1.846513467928424745e+01,1.846513467928424745e+01,0.000000000000000000e+00
1.796660171311440379e+01,1.860496070973153593e+01,0.000000000000000000e+00
1.746937837911473324e+01,1.873361475734434478e+01,0.000000000000000000e+00
1.697499684821210408e+01,1.885264393881046985e+01,0.000000000000000000e+00
1.648662778191078004e+01,1.896569574192234953e+01,0.000000000000000000e+00
1.600615110599256496e+01,1.907538808417242393e+01,0.000000000000000000e+00
1.553441008267122037e+01,1.918339883954012492e+01,0.000000000000000000e+00
1.507087130410430476e+01,1.928983561554710136e+01,0.000000000000000000e+00
1.461476225701781750e+01,1.939444457238890962e+01,0.000000000000000000e+00
1.416567657289566107e+01,1.949738112617564312e+01,0.000000000000000000e+00
1.372324634478308525e+01,1.959882691333297444e+01,0.000000000000000000e+00
1.328704851307051094e+01,1.969885951221358411e+01,0.000000000000000000e+00
1.285667594645740408e+01,1.979754484106744883e+01,0.000000000000000000e+00
1.243176088521969191e+01,1.989497620139901102e+01,0.000000000000000000e+00
1.201194823799056444e+01,1.999123899554415473e+01,0.000000000000000000e+00
1.159689585540826506e+01,2.008641283165204783e+01,0.000000000000000000e+00
1.118627203812079074e+01,2.018056896022730484e+01,0.000000000000000000e+00
1.077976167482657921e+01,2.027378307197244212e+01,0.000000000000000000e+00
1.037705791186535897e+01,2.036612287406229527e+01,0.000000000000000000e+00
9.977866927578048717e+00,2.045765889238028024e+01,0.000000000000000000e+00
9.581901380275882119e+00,2.054845382164172207e+01,0.000000000000000000e+00
9.188885021353739191e+00,2.063857366913812541e+01,0.000000000000000000e+00
8.798547281586076352e+00,2.072807842913670839e+01,0.000000000000000000e+00
8.410625902165497436e+00,2.081702959945240039e+01,0.000000000000000000e+00
8.024864055662265017e+00,2.090548559706011034e+01,0.000000000000000000e+00
7.641010409507978274e+00,2.099350356194088008e+01,0.000000000000000000e+00
7.258819064744510996e+00,2.108114128691164169e+01,0.000000000000000000e+00
6.878047083171657583e+00,2.116845227579367972e+01,0.000000000000000000e+00
6.498456599463596994e+00,2.125549378446104853e+01,0.000000000000000000e+00
6.119810977829204468e+00,2.134231719765772439e+01,0.000000000000000000e+00
5.741877480956604884e+00,2.142897848976565101e+01,0.000000000000000000e+00
5.364423874618113430e+00,2.151552899572281063e+01,0.000000000000000000e+00
4.987219861801415632e+00,2.160202251114360195e+01,0.000000000000000000e+00
4.610035507068927174e+00,2.168851185232123058e+01,0.000000000000000000e+00
4.232640683483862354e+00,2.177504862637621130e+01,0.000000000000000000e+00
3.854805372819981812e+00,2.186168762903862017e+01,0.000000000000000000e+00
3.476297620810999245e+00,2.194847936885668460e+01,0.000000000000000000e+00
3.096884760163947092e+00,2.203548005618362993e+01,0.000000000000000000e+00
2.716331058913172836e+00,2.212274115685594111e+01,0.000000000000000000e+00
2.334398614650682990e+00,2.221031920121890479e+01,0.000000000000000000e+00
1.950845711751388656e+00,2.229826851993605885e+01,0.000000000000000000e+00
1.565426752740163518e+00,2.238664554026540188e+01,0.000000000000000000e+00
1.177891489392281166e+00,2.247550851240582404e+01,0.000000000000000000e+00
7.879841717095283915e-01,2.256491432400244435e+01,0.000000000000000000e+00
3.954431939295268150e-01,2.265492540736743976e+01,0.000000000000000000e+00
1.392766337645289067e-15,2.274560042315853536e+01,0.000000000000000000e+00
-3.986214186784357016e-01,2.283700578128651770e+01,0.000000000000000000e+00
-8.007054339645219843e-01,2.292920361201491630e+01,0.000000000000000000e+00
-1.206545736840029415e+00,2.302226412464034411e+01,0.000000000000000000e+00
-1.616445975161009407e+00,2.311625441278284043e+01,0.000000000000000000e+00
-2.030721142635965482e+00,2.321124887265235159e+01,0.000000000000000000e+00
-2.449698112444436138e+00,2.330732064461748720e+01,0.000000000000000000e+00
-2.873717308681694060e+00,2.340454929797054362e+01,0.000000000000000000e+00
-3.303133325228190920e+00,2.350301485132695944e+01,0.000000000000000000e+00
-3.738316817836524031e+00,2.360280347095054765e+01,0.000000000000000000e+00
-4.179655248959535996e+00,2.370400282569395145e+01,0.000000000000000000e+00
-4.627555152309578368e+00,2.380670744293834673e+01,0.000000000000000000e+00
-5.082442816955608400e+00,2.391101350635184630e+01,0.000000000000000000e+00
-5.544767333324404746e+00,2.401702593281354581e+01,0.000000000000000000e+00
-6.015000816518041304e+00,2.412485059009309296e+01,0.000000000000000000e+00
-6.493642797485563278e+00,2.423460484641981338e+01,0.000000000000000000e+00
-6.981219657163195258e+00,2.434640626801701657e+01,0.000000000000000000e+00
-7.478290515126599480e+00,2.446038611318695999e+01,0.000000000000000000e+00
-7.985446598354227099e+00,2.457667753274694178e+01,0.000000000000000000e+00
-8.503317119231658339e+00,2.469542607399962719e+01,0.000000000000000000e+00
-9.032571236309118845e+00,2.481678551137462918e+01,0.000000000000000000e+00
-9.573921146782646829e+00,2.494091728572421474e+01,0.000000000000000000e+00
-1.012812884041522388e+01,2.506799854261814886e+01,0.000000000000000000e+00
-1.069600733812634807e+01,2.519821419239317351e+01,0.000000000000000000e+00
-1.127842780371789111e+01,2.533176359897414187e+01,0.000000000000000000e+00
-1.187632599349680440e+01,2.546886328328146476e+01,0.000000000000000000e+00
-1.249070570099546273e+01,2.560974188278740726e+01,0.000000000000000000e+00
-1.312264742532301831e+01,2.575464569697907180e+01,0.000000000000000000e+00
-1.377332130045056147e+01,2.590384988547571865e+01,0.000000000000000000e+00
-1.444397809888990025e+01,2.605762626649193692e+01,0.000000000000000000e+00
-1.513599356869602808e+01,2.621630988401729923e+01,0.000000000000000000e+00
-1.585085968242294996e+01,2.638026054707355783e+01,0.000000000000000000e+00
-1.659002580168701613e+01,2.654959112812167277e+01,0.000000000000000000e+00
-1.735593642302405826e+01,2.672579841200813888e+01,0.000000000000000000e+00
-1.814706977461290194e+01,2.690413734071838903e+01,0.000000000000000000e+00
-1.895304995099032652e+01,2.706776050919055621e+01,0.000000000000000000e+00
-1.976336712713020560e+01,2.720194120141633931e+01,0.000000000000000000e+00
-2.057542691860255246e+01,2.730451374496069761e+01,0.000000000000000000e+00
-2.138839435845499537e+01,2.737589638515012780e+01,0.000000000000000000e+00
-2.220116694870179330e+01,2.741615793671181933e+01,0.000000000000000000e+00
-2.301277698880450728e+01,2.742555965197713164e+01,0.000000000000000000e+00
-2.382215379591288240e+01,2.740425311877823944e+01,0.000000000000000000e+00
-2.462733592694856455e+01,2.735142748737167651e+01,0.000000000000000000e+00
-2.542756591293553825e+01,2.726772605712228170e+01,0.000000000000000000e+00
-2.622253522192573172e+01,2.715423012674500924e+01,0.000000000000000000e+00
-2.701135320370118720e+01,2.701135320370119075e+01,0.000000000000000000e+00
-2.779307631168079240e+01,2.683946181154652777e+01,0.000000000000000000e+00
-2.856682416594043517e+01,2.663899449778138617e+01,0.000000000000000000e+00
-2.933175937500337582e+01,2.641043476762413889e+01,0.000000000000000000e+00
-3.008700141517638116e+01,2.615423131087086972e+01,0.000000000000000000e+00
-3.083192221732620197e+01,2.587105456104501400e+01,0.000000000000000000e+00
-3.156504878612786769e+01,2.556087251402778904e+01,0.000000000000000000e+00
-3.228275942422075673e+01,2.522205592211795633e+01,0.000000000000000000e+00
-3.298724008697014654e+01,2.485766836924959478e+01,0.000000000000000000e+00
-3.367842363303661557e+01,2.446880704558191866e+01,0.000000000000000000e+00
-3.435574297261491239e+01,2.405615021022021693e+01,0.000000000000000000e+00
-3.501745589398201020e+01,2.361957223864489919e+01,0.000000000000000000e+00
-3.565893330759085700e+01,2.315718205527313955e+01,0.000000000000000000e+00
-3.628420415309827263e+01,2.267288713369224595e+01,0.000000000000000000e+00
-3.689282303663272700e+01,2.216744448746539220e+01,0.000000000000000000e+00
-3.748115146955245791e+01,2.163975289048324413e+01,0.000000000000000000e+00
-3.805047983867548567e+01,2.109172538669892560e+01,0.000000000000000000e+00
-3.859957759514888664e+01,2.052375946548975705e+01,0.000000000000000000e+00
-3.912665395169101146e+01,1.993602594194833344e+01,0.000000000000000000e+00
-3.963278935641957901e+01,1.933020294489203295e+01,0.000000000000000000e+00
-4.011783664352397949e+01,1.870725445548645993e+01,0.000000000000000000e+00
-4.058016536988560574e+01,1.806745367723716811e+01,0.000000000000000000e+00
-4.101874730046341000e+01,1.741142522151242744e+01,0.000000000000000000e+00
-4.143300017862986095e+01,1.674001868719921049e+01,0.000000000000000000e+00
-4.182305437123139313e+01,1.605436640844646590e+01,0.000000000000000000e+00
-4.218930063462033075e+01,1.535564963551000695e+01,0.000000000000000000e+00
-4.253121566351541816e+01,1.464467197972628654e+01,0.000000000000000000e+00
-4.284762281888229296e+01,1.392203659061338250e+01,0.000000000000000000e+00
-4.313753493015149587e+01,1.318846795064197330e+01,0.000000000000000000e+00
-4.340059770748671042e+01,1.244492113179611081e+01,0.000000000000000000e+00
-4.363660880602283498e+01,1.169239409000664764e+01,0.000000000000000000e+00
-4.384541297702550366e+01,1.093188925139624779e+01,0.000000000000000000e+00
-4.402701203765042237e+01,1.016443662979575357e+01,0.000000000000000000e+00
-4.418150389423070834e+01,9.391068557168370745e+00,0.000000000000000000e+00
-4.430902117024482578e+01,8.612801232661910333e+00,0.000000000000000000e+00
-4.440972993956622616e+01,7.830633594322030433e+00,0.000000000000000000e+00
-4.448382887216850179e+01,7.045546339410861947e+00,0.000000000000000000e+00
-4.453154835353983998e+01,6.258500976196389232e+00,0.000000000000000000e+00
-4.455314957879741655e+01,5.470438907874073386e+00,0.000000000000000000e+00
-4.454242208882021714e+01,4.681597210526436292e+00,0.000000000000000000e+00
-4.450346054185414602e+01,3.893548285085513871e+00,0.000000000000000000e+00
-4.443681981064353437e+01,3.107325142266538442e+00,0.000000000000000000e+00
-4.434209480111030643e+01,2.323870717284276743e+00,0.000000000000000000e+00
-4.421933788807885435e+01,1.544173305467316126e+00,0.000000000000000000e+00
-4.406904996770973071e+01,7.692281285112351208e-01,0.000000000000000000e+00
-4.389092016064935819e+01,5.375087488637126823e-15,0.000000000000000000e+00
-4.381535504280161319e+01,-7.647998671250133551e-01,0.000000000000000000e+00
-4.317207472820363279e+01,-1.507602070064103517e+00,0.000000000000000000e+00
-4.249531573615595903e+01,-2.227085127663597675e+00,0.000000000000000000e+00
-4.182635794342245816e+01,-2.924783866191654091e+00,0.000000000000000000e+00
-4.118151101343877940e+01,-3.602915360543869294e+00,0.000000000000000000e+00
-4.055324506745348856e+01,-4.262317810356266001e+00,0.000000000000000000e+00
-3.994148571775759393e+01,-4.904197785664493381e+00,0.000000000000000000e+00
-3.934567162962110132e+01,-5.529673532753155207e+00,0.000000000000000000e+00
-3.876446751446638217e+01,-6.139688491757421041e+00,0.000000000000000000e+00
-3.819709862202205386e+01,-6.735179071844620502e+00,0.000000000000000000e+00
-3.764276683852737904e+01,-7.317012654872006472e+00,0.000000000000000000e+00
-3.710067214486850418e+01,-7.885991306760022468e+00,0.000000000000000000e+00
-3.657010129334870641e+01,-8.442873134874032459e+00,0.000000000000000000e+00
-3.605038172772572835e+01,-8.988369677908142563e+00,0.000000000000000000e+00
-3.554087116521493783e+01,-9.523147727017919451e+00,0.000000000000000000e+00
-3.504097431537204699e+01,-1.004783769742583210e+01,0.000000000000000000e+00
-3.455012206988476464e+01,-1.056303236490577468e+01,0.000000000000000000e+00
-3.406778264040058701e+01,-1.106929358684763010e+01,0.000000000000000000e+00
-3.359344845679455460e+01,-1.156715192929745939e+01,0.000000000000000000e+00
-3.312664012243452305e+01,-1.205711096581466713e+01,0.000000000000000000e+00
-3.266690285014666273e+01,-1.253964914016723142e+01,0.000000000000000000e+00
-3.221380171264532777e+01,-1.301522072576219990e+01,0.000000000000000000e+00
-3.176692580905965357e+01,-1.348425999434473788e+01,0.000000000000000000e+00
-3.132587853964948721e+01,-1.394717971834302972e+01,0.000000000000000000e+00
-3.089028545384661584e+01,-1.440437666972262676e+01,0.000000000000000000e+00
-3.045978289389829996e+01,-1.485622875799516507e+01,0.000000000000000000e+00
-3.003402661962292441e+01,-1.530310091349100610e+01,0.000000000000000000e+00
-2.961268123196475344e+01,-1.574534190782051901e+01,0.000000000000000000e+00
-2.919542737619422823e+01,-1.618328965565642008e+01,0.000000000000000000e+00
-2.878195384980980620e+01,-1.661726880299108089e+01,0.000000000000000000e+00
-2.837196154780728463e+01,-1.704759437864162308e+01,0.000000000000000000e+00
-2.796515989615816622e+01,-1.747457134035306225e+01,0.000000000000000000e+00
-2.756126603084511473e+01,-1.789849543856743352e+01,0.000000000000000000e+00
-2.716000670294780761e+01,-1.831965583863568625e+01,0.000000000000000000e+00
-2.676111196043635942e+01,-1.873833232557156592e+01,0.000000000000000000e+00
-2.636432257084771535e+01,-1.915480156977249138e+01,0.000000000000000000e+00
-2.596937894298090299e+01,-1.956933068113748320e+01,0.000000000000000000e+00
-2.557603230930598315e+01,-1.998218642633216646e+01,0.000000000000000000e+00
-2.518403171147840780e+01,-2.039362677143195057e+01,0.000000000000000000e+00
-2.479313506656206201e+01,-2.080391049008071036e+01,0.000000000000000000e+00
-2.440309862523444906e+01,-2.121328999653768932e+01,0.000000000000000000e+00
-2.401368357110282048e+01,-2.162201780590957512e+01,0.000000000000000000e+00
-2.362465158746777405e+01,-2.203034401005974985e+01,0.000000000000000000e+00
-2.323576444841065936e+01,-2.243851690189146453e+01,0.000000000000000000e+00
-2.284678678293091991e+01,-2.284678678293091281e+01,0.000000000000000000e+00
-2.245747911088786353e+01,-2.325540039064287612e+01,0.000000000000000000e+00
-2.206760612577357605e+01,-2.366461031442858243e+01,0.000000000000000000e+00
-2.167692588303799539e+01,-2.407466516872685958e+01,0.000000000000000000e+00
-2.128519894361921061e+01,-2.448582040615355027e+01,0.000000000000000000e+00
-2.089217919848693583e+01,-2.489832961691881863e+01,0.000000000000000000e+00
-2.049762160941236289e+01,-2.531245464119472288e+01,0.000000000000000000e+00
-2.010127647121962369e+01,-2.572846061573719112e+01,0.000000000000000000e+00
-1.970288577090527582e+01,-2.614661253325830970e+01,0.000000000000000000e+00
-1.930218363540923221e+01,-2.656717658139180926e+01,0.000000000000000000e+00
-1.889890592372380240e+01,-2.699043482457286558e+01,0.000000000000000000e+00
-1.849280341153789564e+01,-2.741670853632534843e+01,0.000000000000000000e+00
-1.808359142081136639e+01,-2.784628884884541122e+01,0.000000000000000000e+00
-1.767090982091310991e+01,-2.827936714597784729e+01,0.000000000000000000e+00
-1.725408402549139097e+01,-2.871561803037713645e+01,0.000000000000000000e+00
-1.683117581537624474e+01,-2.915245166335614968e+01,0.000000000000000000e+00
-1.640032542121645420e+01,-2.958697026186643697e+01,0.000000000000000000e+00
-1.596127854666655033e+01,-3.001879898348042985e+01,0.000000000000000000e+00
-1.551423260495176848e+01,-3.044839589532886492e+01,0.000000000000000000e+00
-1.505903483909075646e+01,-3.087559698106420569e+01,0.000000000000000000e+00
-1.459544666884362307e+01,-3.130003638926335441e+01,0.000000000000000000e+00
-1.412333183549251281e+01,-3.172152267256833014e+01,0.000000000000000000e+00
-1.364259623669143195e+01,-3.213994262018772474e+01,0.000000000000000000e+00
-1.315318375935531670e+01,-3.255527220334904825e+01,0.000000000000000000e+00
-1.265504407386100816e+01,-3.296751693003336214e+01,0.000000000000000000e+00
-1.214812160968273780e+01,-3.337668981139208313e+01,0.000000000000000000e+00
-1.163225032181851404e+01,-3.378250791647342766e+01,0.000000000000000000e+00
-1.110719662694744159e+01,-3.418443620292462981e+01,0.000000000000000000e+00
-1.057281780769307211e+01,-3.458212881104858383e+01,0.000000000000000000e+00
-1.002911164966280211e+01,-3.497566882592721527e+01,0.000000000000000000e+00
-9.476240888568264964e+00,-3.536581246089842523e+01,0.000000000000000000e+00
-8.913861559977773297e+00,-3.575154598893692537e+01,0.000000000000000000e+00
-8.341591150381740150e+00,-3.613140082102068362e+01,0.000000000000000000e+00
-7.759862633606134708e+00,-3.650728339148011514e+01,0.000000000000000000e+00
-7.168502469661045318e+00,-3.687874816878785822e+01,0.000000000000000000e+00
-6.567055668735673812e+00,-3.724362342251804847e+01,0.000000000000000000e+00
-5.955798237442086140e+00,-3.760343014274888418e+01,0.000000000000000000e+00
-5.334689112066259398e+00,-3.795828538632885341e+01,0.000000000000000000e+00
-4.703496925467142376e+00,-3.830690838391791431e+01,0.000000000000000000e+00
-4.062145150758287748e+00,-3.864872943026734475e+01,0.000000000000000000e+00
-3.410709759996121360e+00,-3.898459094629421884e+01,0.000000000000000000e+00
-2.749136272989904484e+00,-3.931448033424936028e+01,0.000000000000000000e+00
-2.077294640019022420e+00,-3.963714296688777949e+01,0.000000000000000000e+00
-1.395125478150646581e+00,-3.995116655377090353e+01,0.000000000000000000e+00
-7.026069449488525631e-01,-4.025232491762490383e+01,0.000000000000000000e+00
-7.446456825621657589e-15,-4.053662291748756985e+01,0.000000000000000000e+00
7.122107740076293325e-01,-4.080252791591145467e+01,0.000000000000000000e+00
1.433473266402949697e+00,-4.104930353100285600e+01,0.000000000000000000e+00
2.163101221448834988e+00,-4.127443007585698354e+01,0.000000000000000000e+00
2.900582897775635161e+00,-4.148026797101578467e+01,0.000000000000000000e+00
3.645394018852382345e+00,-4.166704429965624001e+01,0.000000000000000000e+00
4.396949748230781552e+00,-4.183418239157008855e+01,0.000000000000000000e+00
5.154687976003616612e+00,-4.198156460468857176e+01,0.000000000000000000e+00
5.918029111424745636e+00,-4.210896515561995557e+01,0.000000000000000000e+00
6.686385418106276290e+00,-4.221617606126967814e+01,0.000000000000000000e+00
7.459067630734995014e+00,-4.230247464548641290e+01,0.000000000000000000e+00
8.235298566491144001e+00,-4.236693831295647783e+01,0.000000000000000000e+00
9.014708063902176605e+00,-4.241086698559237789e+01,0.000000000000000000e+00
9.796736644811815609e+00,-4.243432842371790059e+01,0.000000000000000000e+00
1.058077183942237198e+01,-4.243715795564828852e+01,0.000000000000000000e+00
1.136622888047284796e+01,-4.241934367238146564e+01,0.000000000000000000e+00
1.215251195794738237e+01,-4.238084573109502884e+01,0.000000000000000000e+00
1.293902940940527380e+01,-4.232165822439655045e+01,0.000000000000000000e+00
1.372519473615053442e+01,-4.224180588397497615e+01,0.000000000000000000e+00
1.451041094055124070e+01,-4.214129329309523087e+01,0.000000000000000000e+00
1.529412013346773236e+01,-4.202024971712887691e+01,0.000000000000000000e+00
1.607569984063617596e+01,-4.187862986214118877e+01,0.000000000000000000e+00
1.685406838731455537e+01,-4.171528309202145834e+01,0.000000000000000000e+00
1.762895613401764194e+01,-4.153121801532865476e+01,0.000000000000000000e+00
1.839994435281396079e+01,-4.132695165421142036e+01,0.000000000000000000e+00
1.916647508859254856e+01,-4.110263846926075360e+01,0.000000000000000000e+00
1.992799243148081700e+01,-4.085843943722827021e+01,0.000000000000000000e+00
2.068396656166406089e+01,-4.059457006943914337e+01,0.000000000000000000e+00
2.143382908750778526e+01,-4.031116961858595005e+01,0.000000000000000000e+00
2.217715823391722552e+01,-4.000865253019751577e+01,0.000000000000000000e+00
2.291327993695917087e+01,-3.968696501886188344e+01,0.000000000000000000e+00
2.364064774367721000e+01,-3.934464498927805209e+01,0.000000000000000000e+00
2.435942739778374388e+01,-3.898323277234193540e+01,0.000000000000000000e+00
2.506950824118651511e+01,-3.860365740066410467e+01,0.000000000000000000e+00
2.577033909232627451e+01,-3.820609888362095319e+01,0.000000000000000000e+00
2.646178441744193677e+01,-3.779134467060925573e+01,0.000000000000000000e+00
2.714298447166212469e+01,-3.735911309442558093e+01,0.000000000000000000e+00
2.781147981185156937e+01,-3.690708026591823199e+01,0.000000000000000000e+00
2.846857817897713971e+01,-3.643811842061624873e+01,0.000000000000000000e+00
2.911487427502996894e+01,-3.595387545511002259e+01,0.000000000000000000e+00
2.974894124685358676e+01,-3.545340760681184378e+01,0.000000000000000000e+00
3.036894929676754273e+01,-3.493547983149809966e+01,0.000000000000000000e+00
3.097556345212135298e+01,-3.440184842381176367e+01,0.000000000000000000e+00
3.156916234331353621e+01,-3.385378189865890164e+01,0.000000000000000000e+00
3.214882947753207532e+01,-3.329108747686830583e+01,0.000000000000000000e+00
3.271270326903434267e+01,-3.271270326903434977e+01,0.000000000000000000e+00
3.326154366495273251e+01,-3.212029935000023073e+01,0.000000000000000000e+00
3.379583449511662252e+01,-3.151512551530782247e+01,0.000000000000000000e+00
3.431422128652884851e+01,-3.089666362332159366e+01,0.000000000000000000e+00
3.481586770451992408e+01,-3.026497206110344962e+01,0.000000000000000000e+00
3.530046587862775453e+01,-2.962060789914273329e+01,0.000000000000000000e+00
3.576827289943447852e+01,-2.896457628892375169e+01,0.000000000000000000e+00
3.621920672706868061e+01,-2.829754561933415857e+01,0.000000000000000000e+00
3.665260676139607909e+01,-2.761972027187507450e+01,0.000000000000000000e+00
3.706802489661203737e+01,-2.693149651655017962e+01,0.000000000000000000e+00
3.746524998701530507e+01,-2.623345046181937334e+01,0.000000000000000000e+00
3.784408637331548420e+01,-2.552615857092169804e+01,0.000000000000000000e+00
3.820434544414786870e+01,-2.481019202457034112e+01,0.000000000000000000e+00
3.854578023998701752e+01,-2.408607671740005784e+01,0.000000000000000000e+00
3.886804303333276778e+01,-2.335427639739820194e+01,0.000000000000000000e+00
3.917079617275140180e+01,-2.261526971471001346e+01,0.000000000000000000e+00
3.945377230160395499e+01,-2.186958310073561051e+01,0.000000000000000000e+00
3.971673959502710005e+01,-2.111776503751880796e+01,0.000000000000000000e+00
3.995949980386866685e+01,-2.036038209913873231e+01,0.000000000000000000e+00
4.018196057588438919e+01,-1.959805164532750510e+01,0.000000000000000000e+00
4.038407465976889910e+01,-1.883140328135344532e+01,0.000000000000000000e+00
4.056581392558020127e+01,-1.806106400255677968e+01,0.000000000000000000e+00
4.072713503006609415e+01,-1.728764315663106643e+01,0.000000000000000000e+00
4.086792707873937047e+01,-1.651171433532948640e+01,0.000000000000000000e+00
4.098808147324655948e+01,-1.573385034268082094e+01,0.000000000000000000e+00
4.108750478542111750e+01,-1.495462874216343074e+01,0.000000000000000000e+00
4.116611892954937701e+01,-1.417463147941024815e+01,0.000000000000000000e+00
4.122386132574105488e+01,-1.339444449950724980e+01,0.000000000000000000e+00
4.126068505425011779e+01,-1.261465735908707053e+01,0.000000000000000000e+00
4.127655900059690453e+01,-1.183586283342234324e+01,0.000000000000000000e+00
4.127146799134644084e+01,-1.105865651872820621e+01,0.000000000000000000e+00
4.124546322077630123e+01,-1.028364897117802457e+01,0.000000000000000000e+00
4.119875877310273182e+01,-9.511482914564664881e+00,0.000000000000000000e+00
4.113141307140411840e+01,-8.742751739087086804e+00,0.000000000000000000e+00
4.104344418608540224e+01,-7.978037368967967780e+00,0.000000000000000000e+00
4.093488572146281257e+01,-7.217924804911592496e+00,0.000000000000000000e+00
4.080578699497318951e+01,-6.463001735201081566e+00,0.000000000000000000e+00
4.065621320715177944e+01,-5.713858139971519812e+00,0.000000000000000000e+00
4.048624560216244106e+01,-4.971085888868656433e+00,0.000000000000000000e+00
4.029598161866910289e+01,-4.235278332309969862e+00,0.000000000000000000e+00
4.008563636309863654e+01,-3.507038751993686088e+00,0.000000000000000000e+00
3.985601006111028255e+01,-2.787003720361930892e+00,0.000000000000000000e+00
3.960812000294640711e+01,-2.075773610930645940e+00,0.000000000000000000e+00
3.934300166462937653e+01,-1.373887892243963904e+00,0.000000000000000000e+00
3.906193043205325921e+01,-6.818285319130098499e-01,0.000000000000000000e+00
3.876693284744736445e+01,-9.495160044877360769e-15,0.000000000000000000e+00
