3.972841847638334656e+01,0.000000000000000000e+00,0.000000000000000000e+00
3.920897859664560059e+01,6.843952671735425985e-01,0.000000000000000000e+00
3.868357732209603483e+01,1.350860286781115471e+00,0.000000000000000000e+00
3.815245146578355673e+01,1.999485255525726535e+00,0.000000000000000000e+00
3.761535449278173360e+01,2.630321819805228056e+00,0.000000000000000000e+00
3.707229409872292081e+01,3.243405464537267413e+00,0.000000000000000000e+00
3.652472732058239302e+01,3.838903533317172823e+00,0.000000000000000000e+00
3.597402325019420744e+01,4.417054648685976304e+00,0.000000000000000000e+00
3.542086612578889060e+01,4.978078091200032418e+00,0.000000000000000000e+00
3.486420445294988468e+01,5.521947509640673601e+00,0.000000000000000000e+00
3.430277755871782119e+01,6.048505196842802079e+00,0.000000000000000000e+00
3.373875036684033546e+01,6.558148726226736613e+00,0.000000000000000000e+00
3.317400717987430170e+01,7.051352902970709380e+00,0.000000000000000000e+00
3.260860191524158580e+01,7.528288939305398664e+00,0.000000000000000000e+00
3.204149446357273234e+01,7.988841822713421692e+00,0.000000000000000000e+00
3.147194535787577152e+01,8.432882342879235438e+00,0.000000000000000000e+00
3.090216509656461952e+01,8.861053251396791453e+00,0.000000000000000000e+00
3.033340394976083942e+01,9.273852260521202595e+00,0.000000000000000000e+00
2.976495779670299058e+01,9.671221045690010953e+00,0.000000000000000000e+00
2.919641299599740236e+01,1.005313120353115153e+01,0.000000000000000000e+00
2.862806580523154665e+01,1.041976381771838156e+01,0.000000000000000000e+00
2.806150615704796181e+01,1.077180298261559521e+01,0.000000000000000000e+00
2.749713132052886877e+01,1.110956218872695977e+01,0.000000000000000000e+00
2.693410241485331724e+01,1.143284817231553241e+01,0.000000000000000000e+00
2.637260684190694704e+01,1.174184107238113484e+01,0.000000000000000000e+00
2.581334724474140785e+01,1.203696150283715127e+01,0.000000000000000000e+00
2.525720617555466063e+01,1.231876254794493875e+01,0.000000000000000000e+00
2.470436805915523948e+01,1.258750423981688193e+01,0.000000000000000000e+00
2.415442370060528887e+01,1.284313489795939134e+01,0.000000000000000000e+00
2.360742839325893527e+01,1.308581123990652628e+01,0.000000000000000000e+00
2.306374484161289118e+01,1.331585929282604219e+01,0.000000000000000000e+00
2.252402806774743738e+01,1.353380144778086880e+01,0.000000000000000000e+00
2.198871057173303356e+01,1.374007132428059919e+01,0.000000000000000000e+00
2.145788857002397165e+01,1.393491577135963588e+01,0.000000000000000000e+00
2.093143581461454161e+01,1.411843172669810542e+01,0.000000000000000000e+00
2.040920369466836348e+01,1.429067827586424322e+01,0.000000000000000000e+00
1.989152540591724971e+01,1.445203915429798158e+01,0.000000000000000000e+00
1.937875164659055827e+01,1.460293678922450766e+01,0.000000000000000000e+00
1.887090523663761488e+01,1.474356702055531620e+01,0.000000000000000000e+00
1.836835249295137729e+01,1.487439856488972900e+01,0.000000000000000000e+00
1.787212766818189280e+01,1.499649573472468767e+01,0.000000000000000000e+00
1.738421582876938487e+01,1.511186826728414978e+01,0.000000000000000000e+00
1.690744336869045839e+01,1.522353038790558521e+01,0.000000000000000000e+00
1.644253084017559985e+01,1.533290806274750828e+01,0.000000000000000000e+00
1.598838348981985646e+01,1.543980246342978724e+01,0.000000000000000000e+00
1.554420601094751753e+01,1.554420601094751397e+01,0.000000000000000000e+00
1.510951327233479269e+01,1.564635902012362401e+01,0.000000000000000000e+00
1.468379521461368498e+01,1.574644253256188620e+01,0.000000000000000000e+00
1.426650429926062991e+01,1.584455821762334082e+01,0.000000000000000000e+00
1.385712579152939838e+01,1.594079972546284729e+01,0.000000000000000000e+00
1.345520299964546318e+01,1.603528651391187054e+01,0.000000000000000000e+00
1.306029620367765176e+01,1.612812264542706231e+01,0.000000000000000000e+00
1.267199296581335766e+01,1.621941135980236126e+01,0.000000000000000000e+00
1.228989400648282171e+01,1.630924019956674442e+01,0.000000000000000000e+00
1.191362440794554445e+01,1.639769724238033888e+01,0.000000000000000000e+00
1.154282977248795383e+01,1.648486933174220681e+01,0.000000000000000000e+00
1.117716711386121275e+01,1.657083170155483032e+01,0.000000000000000000e+00
1.081631592366114702e+01,1.665566592839557103e+01,0.000000000000000000e+00
1.045996391210778675e+01,1.673944142106939736e+01,0.000000000000000000e+00
1.010781418941404119e+01,1.682222776685322074e+01,0.000000000000000000e+00
9.759584071444598052e+00,1.690409547248196276e+01,0.000000000000000000e+00
9.414996772293159566e+00,1.698510379294317119e+01,0.000000000000000000e+00
9.073790758123150724e+00,1.706531841981716369e+01,0.000000000000000000e+00
8.735711615631673865e+00,1.714479938990209718e+01,0.000000000000000000e+00
8.400511286652337262e+00,1.722360056225351954e+01,0.000000000000000000e+00
8.067953794552852997e+00,1.730178274676994477e+01,0.000000000000000000e+00
7.737806648775039875e+00,1.737939828250928542e+01,0.000000000000000000e+00
7.409843833948600356e+00,1.745649812659235778e+01,0.000000000000000000e+00
7.083847663446459997e+00,1.753313822340008343e+01,0.000000000000000000e+00
6.759602191949206862e+00,1.760936575192712183e+01,0.000000000000000000e+00
6.436897224845973042e+00,1.768522977661442752e+01,0.000000000000000000e+00
6.115527802855649675e+00,1.776078236778229780e+01,0.000000000000000000e+00
5.795289606243488656e+00,1.783606741429844078e+01,0.000000000000000000e+00
5.475982831671745821e+00,1.791113278374772833e+01,0.000000000000000000e+00
5.157410507048526327e+00,1.798602789509789801e+01,0.000000000000000000e+00
4.839375364731470341e+00,1.806079473807501756e+01,0.000000000000000000e+00
4.521683188785537766e+00,1.813548072107059639e+01,0.000000000000000000e+00
4.204140647714772250e+00,1.821013378767390023e+01,0.000000000000000000e+00
3.886553189051278334e+00,1.828479515530014154e+01,0.000000000000000000e+00
3.568727744203643137e+00,1.835951264834750774e+01,0.000000000000000000e+00
3.250470417814275592e+00,1.843433378575527470e+01,0.000000000000000000e+00
2.931585127012698688e+00,1.850930003607524910e+01,0.000000000000000000e+00
2.611875614928309997e+00,1.858446066909453265e+01,0.000000000000000000e+00
2.291143169664727530e+00,1.865986368983731225e+01,0.000000000000000000e+00
1.969185854060478080e+00,1.873555189363095863e+01,0.000000000000000000e+00
1.645799744870136472e+00,1.881157716373693845e+01,0.000000000000000000e+00
1.320776837032772155e+00,1.888798874600129096e+01,0.000000000000000000e+00
9.939047359742864129e-01,1.896483212170572585e+01,0.000000000000000000e+00
6.649669842240006901e-01,1.904216298501496851e+01,0.000000000000000000e+00
3.337414073124168601e-01,1.912003241952391974e+01,0.000000000000000000e+00
1.175568503329060235e-15,1.919849060394453133e+01,0.000000000000000000e+00
-3.364917241005055404e-01,1.927759796278608917e+01,0.000000000000000000e+00
-6.759755852313186208e-01,1.935740807175115208e+01,0.000000000000000000e+00
-1.018701296578886861e+00,1.943797868398769069e+01,0.000000000000000000e+00
-1.364927679858400245e+00,1.951937521420311583e+01,0.000000000000000000e+00
-1.714922614332605066e+00,1.960165517700988147e+01,0.000000000000000000e+00
-2.068965017953122931e+00,1.968488722384316958e+01,0.000000000000000000e+00
-2.427345292362106388e+00,1.976914096131028842e+01,0.000000000000000000e+00
-2.790365498807004130e+00,1.985448218459688263e+01,0.000000000000000000e+00
-3.158342819203877383e+00,1.994099175861153483e+01,0.000000000000000000e+00
-3.531607776593106429e+00,2.002874297741301035e+01,0.000000000000000000e+00
-3.910507771282791811e+00,2.011781845923599477e+01,0.000000000000000000e+00
-4.295408246351762216e+00,2.020830696828855011e+01,0.000000000000000000e+00
-4.686691841006559223e+00,2.030029263952430085e+01,0.000000000000000000e+00
-5.084764838680866816e+00,2.039387786649468026e+01,0.000000000000000000e+00
-5.490052957992938687e+00,2.048915657547344438e+01,0.000000000000000000e+00
-5.903009229614590403e+00,2.058623964948412777e+01,0.000000000000000000e+00
-6.324111729527690073e+00,2.068523741011192030e+01,0.000000000000000000e+00
-6.753868229395504130e+00,2.078626906186152468e+01,0.000000000000000000e+00
-7.192819176775468115e+00,2.088946369434657413e+01,0.000000000000000000e+00
-7.641537848846053471e+00,2.099495268961238637e+01,0.000000000000000000e+00
-8.100638401883072603e+00,2.110288451778426122e+01,0.000000000000000000e+00
-8.570773185148153672e+00,2.121340803417310994e+01,0.000000000000000000e+00
-9.052644182582749721e+00,2.132669321449820288e+01,0.000000000000000000e+00
-9.546999291506326202e+00,2.144291148916070355e+01,0.000000000000000000e+00
-1.005464410091198424e+01,2.156225385766636293e+01,0.000000000000000000e+00
-1.057644417503152212e+01,2.168492412231609379e+01,0.000000000000000000e+00
-1.111333463120640808e+01,2.181114729839990929e+01,0.000000000000000000e+00
-1.166631484202665625e+01,2.194114707646223295e+01,0.000000000000000000e+00
-1.223646291625550830e+01,2.207516345653277412e+01,0.000000000000000000e+00
-1.282500970361038028e+01,2.221356841421705397e+01,0.000000000000000000e+00
-1.343317696302746356e+01,2.235656080235024845e+01,0.000000000000000000e+00
-1.406218134974661282e+01,2.250419436763660030e+01,0.000000000000000000e+00
-1.471426471970772276e+01,2.265798071017092497e+01,0.000000000000000000e+00
-1.538864111118829925e+01,2.281459866989830587e+01,0.000000000000000000e+00
-1.607948941745761218e+01,2.296389076097300830e+01,0.000000000000000000e+00
-1.678694976582583820e+01,2.310525415754048950e+01,0.000000000000000000e+00
-1.751208540525738400e+01,2.323932225282116448e+01,0.000000000000000000e+00
-1.825410924380930666e+01,2.336419437975205327e+01,0.000000000000000000e+00
-1.901156490388193987e+01,2.347732744108539649e+01,0.000000000000000000e+00
-1.978576015384836495e+01,2.357975074555615436e+01,0.000000000000000000e+00
-2.057752217456354060e+01,2.367173140850767510e+01,0.000000000000000000e+00
-2.138469537696102307e+01,2.375011031146289397e+01,0.000000000000000000e+00
-2.220017023810236623e+01,2.380676792056219071e+01,0.000000000000000000e+00
-2.301679130131280715e+01,2.383458511870049534e+01,0.000000000000000000e+00
-2.383225465606769333e+01,2.383225465606769689e+01,0.000000000000000000e+00
-2.464253297407317334e+01,2.379701747587563432e+01,0.000000000000000000e+00
-2.544959599490778857e+01,2.373213220136013391e+01,0.000000000000000000e+00
-2.625307737528296315e+01,2.363837704396891581e+01,0.000000000000000000e+00
-2.705193221071620258e+01,2.351588590307919091e+01,0.000000000000000000e+00
-2.784522381877156505e+01,2.336491703638004225e+01,0.000000000000000000e+00
-2.863255154161577920e+01,2.318618306803354301e+01,0.000000000000000000e+00
-2.941241498768892981e+01,2.297949707073211201e+01,0.000000000000000000e+00
-3.017990753486315469e+01,2.274219155462396103e+01,0.000000000000000000e+00
-3.093823280152380306e+01,2.247794187163749058e+01,0.000000000000000000e+00
-3.168728165743291925e+01,2.218767348190878863e+01,0.000000000000000000e+00
-3.242660407499158737e+01,2.187202062085916765e+01,0.000000000000000000e+00
-3.315450620684592309e+01,2.153078807943974837e+01,0.000000000000000000e+00
-3.386569525778770640e+01,2.116163504769259163e+01,0.000000000000000000e+00
-3.456342879592770601e+01,2.076780322203613594e+01,0.000000000000000000e+00
-3.524984458898433104e+01,2.035150726234256879e+01,0.000000000000000000e+00
-3.592161869450976042e+01,1.991167838520176048e+01,0.000000000000000000e+00
-3.657313877660099877e+01,1.944628283298289873e+01,0.000000000000000000e+00
-3.721025485010307676e+01,1.895957182830102283e+01,0.000000000000000000e+00
-3.783225626094841232e+01,1.845202427743938145e+01,0.000000000000000000e+00
-3.843254872640028452e+01,1.792139179353559442e+01,0.000000000000000000e+00
-3.901503351389658292e+01,1.737061207866066681e+01,0.000000000000000000e+00
-3.958079603292648585e+01,1.680105112150631896e+01,0.000000000000000000e+00
-4.012600942098667645e+01,1.621196014418720210e+01,0.000000000000000000e+00
-4.064972970804563346e+01,1.560396926882940782e+01,0.000000000000000000e+00
-4.115219087039025680e+01,1.497817255166342321e+01,0.000000000000000000e+00
-4.163346952488290498e+01,1.433555319447094156e+01,0.000000000000000000e+00
-4.209333229817683275e+01,1.367695274375440562e+01,0.000000000000000000e+00
-4.253093484879016017e+01,1.300301169439449467e+01,0.000000000000000000e+00
-4.294550774076368782e+01,1.231442618373315767e+01,0.000000000000000000e+00
-4.333662984298086940e+01,1.161201496911322728e+01,0.000000000000000000e+00
-4.370394017727195290e+01,1.089661612077705932e+01,0.000000000000000000e+00
-4.404702202606333827e+01,1.016905629962508861e+01,0.000000000000000000e+00
-4.436545346906416398e+01,9.430168246315632885e+00,0.000000000000000000e+00
-4.465889496405469572e+01,8.680809808861859267e+00,0.000000000000000000e+00
-4.492717984144335475e+01,7.921873973187916640e+00,0.000000000000000000e+00
-4.517019272366311355e+01,7.154255693888829093e+00,0.000000000000000000e+00
-4.538783538646872984e+01,6.378844270549048900e+00,0.000000000000000000e+00
-4.557989895093672317e+01,5.596507878689530813e+00,0.000000000000000000e+00
-4.574610667893919924e+01,4.808109558871970890e+00,0.000000000000000000e+00
-4.588620587767941572e+01,4.014522826513571729e+00,0.000000000000000000e+00
-4.599997005479323064e+01,3.216631255428647584e+00,0.000000000000000000e+00
-4.608719926985293114e+01,2.415327767107989132e+00,0.000000000000000000e+00
-4.614772046794809768e+01,1.611513909030832137e+00,0.000000000000000000e+00
-4.618138779502943692e+01,8.060991224374305375e-01,0.000000000000000000e+00
-4.618813758095590316e+01,5.656415484709522229e-15,0.000000000000000000e+00
-4.595082140130367065e+01,-8.020745710646914883e-01,0.000000000000000000e+00
-4.517225538441230981e+01,-1.577449917701419180e+00,0.000000000000000000e+00
-4.419496504920167013e+01,-2.316159973720269605e+00,0.000000000000000000e+00
-4.326527475175376480e+01,-3.025402731250193433e+00,0.000000000000000000e+00
-4.236930033707461973e+01,-3.706833461019130027e+00,0.000000000000000000e+00
-4.150758793543877090e+01,-4.362623287677111605e+00,0.000000000000000000e+00
-4.067727144132562955e+01,-4.994540912651420861e+00,0.000000000000000000e+00
-3.987607224121148164e+01,-5.604216477432725441e+00,0.000000000000000000e+00
-3.910217085471685294e+01,-6.193175446298718079e+00,0.000000000000000000e+00
-3.835366125699017914e+01,-6.762785288560312580e+00,0.000000000000000000e+00
-3.762891551585324379e+01,-7.314320230488640995e+00,0.000000000000000000e+00
-3.692638609779385916e+01,-7.848945663846775389e+00,0.000000000000000000e+00
-3.624465998123074684e+01,-8.367739087827828826e+00,0.000000000000000000e+00
-3.558243155124998225e+01,-8.871696594977329653e+00,0.000000000000000000e+00
-3.493848727350511041e+01,-9.361739449700753113e+00,0.000000000000000000e+00
-3.431170248990649441e+01,-9.838722366509683681e+00,0.000000000000000000e+00
-3.370103634010598626e+01,-1.030344080612368352e+01,0.000000000000000000e+00
-3.310551470116185868e+01,-1.075663378033552142e+01,0.000000000000000000e+00
-3.252423064833382682e+01,-1.119899071322337392e+01,0.000000000000000000e+00
-3.195634090194510790e+01,-1.163115688437158290e+01,0.000000000000000000e+00
-3.140104921119890591e+01,-1.205373345455647893e+01,0.000000000000000000e+00
-3.085761705762680762e+01,-1.246728655805951291e+01,0.000000000000000000e+00
-3.032534591672505542e+01,-1.287234563449454861e+01,0.000000000000000000e+00
-2.980358076193682138e+01,-1.326940908012391240e+01,0.000000000000000000e+00
-2.929170646252105925e+01,-1.365894704390182746e+01,0.000000000000000000e+00
-2.878913827543291859e+01,-1.404140093365741926e+01,0.000000000000000000e+00
-2.829533023700445327e+01,-1.441719085760299457e+01,0.000000000000000000e+00
-2.780975794742249718e+01,-1.478671059286731015e+01,0.000000000000000000e+00
-2.733193271557390602e+01,-1.515033769794067098e+01,0.000000000000000000e+00
-2.686138186117607418e+01,-1.550842604835534289e+01,0.000000000000000000e+00
-2.639766449879964583e+01,-1.586131703163060713e+01,0.000000000000000000e+00
-2.594035206934843885e+01,-1.620933098587353527e+01,0.000000000000000000e+00
-2.548904372738346780e+01,-1.655277853990620329e+01,0.000000000000000000e+00
-2.504334861614506380e+01,-1.689195193184383825e+01,0.000000000000000000e+00
-2.460289918644512142e+01,-1.722713547216240926e+01,0.000000000000000000e+00
-2.416733705281288280e+01,-1.755859815750829611e+01,0.000000000000000000e+00
-2.373632194336392232e+01,-1.788660153496571326e+01,0.000000000000000000e+00
-2.330952359818675035e+01,-1.821139574798243999e+01,0.000000000000000000e+00
-2.288662381707407434e+01,-1.853322254080716291e+01,0.000000000000000000e+00
-2.246731646475215172e+01,-1.885231695911675942e+01,0.000000000000000000e+00
-2.205130134103735173e+01,-1.916890380735293320e+01,0.000000000000000000e+00
-2.163829216087251339e+01,-1.948320577334785852e+01,0.000000000000000000e+00
-2.122800415837231114e+01,-1.979543412627518961e+01,0.000000000000000000e+00
-2.082016595376669343e+01,-2.010580055117291565e+01,0.000000000000000000e+00
-2.041450698762478311e+01,-2.041450698762477600e+01,0.000000000000000000e+00
-2.001076577820744262e+01,-2.072175456549674877e+01,0.000000000000000000e+00
-1.960868443910022307e+01,-2.102773963723896600e+01,0.000000000000000000e+00
-1.920800791076880287e+01,-2.133265397063798119e+01,0.000000000000000000e+00
-1.880848806326725864e+01,-2.163669045557612591e+01,0.000000000000000000e+00
-1.840987477827234642e+01,-2.194003440621559164e+01,0.000000000000000000e+00
-1.801192530292510696e+01,-2.224287534030393232e+01,0.000000000000000000e+00
-1.761439431356573593e+01,-2.254539660779782650e+01,0.000000000000000000e+00
-1.721703985988840202e+01,-2.284778358969709799e+01,0.000000000000000000e+00
-1.681962031029201299e+01,-2.315022130427566438e+01,0.000000000000000000e+00
-1.642189178572029817e+01,-2.345289202071113266e+01,0.000000000000000000e+00
-1.602361335851294655e+01,-2.375598373987065415e+01,0.000000000000000000e+00
-1.562453837525852407e+01,-2.405967921983703661e+01,0.000000000000000000e+00
-1.522442227777202994e+01,-2.436416865582037516e+01,0.000000000000000000e+00
-1.482301516788796647e+01,-2.466964001048644306e+01,0.000000000000000000e+00
-1.442006492602311596e+01,-2.497628510031395166e+01,0.000000000000000000e+00
-1.401531651443204929e+01,-2.528430029727967110e+01,0.000000000000000000e+00
-1.360850785712467115e+01,-2.559388088076786971e+01,0.000000000000000000e+00
-1.319937530379812074e+01,-2.590523263733941661e+01,0.000000000000000000e+00
-1.278764539490211227e+01,-2.621855847792157590e+01,0.000000000000000000e+00
-1.237304155700663166e+01,-2.653407324675310619e+01,0.000000000000000000e+00
-1.195527719237548858e+01,-2.685199221629370570e+01,0.000000000000000000e+00
-1.153405881102711739e+01,-2.717253973750852936e+01,0.000000000000000000e+00
-1.110908370920614097e+01,-2.749594704215723695e+01,0.000000000000000000e+00
-1.068003805420707231e+01,-2.782245034552846619e+01,0.000000000000000000e+00
-1.024659899260893248e+01,-2.815229935839953868e+01,0.000000000000000000e+00
-9.808428909618273295e+00,-2.848574593222340212e+01,0.000000000000000000e+00
-9.365180038913798910e+00,-2.882306042844727756e+01,0.000000000000000000e+00
-8.916487011816089492e+00,-2.916451489027844701e+01,0.000000000000000000e+00
-8.461971885745191102e+00,-2.951040297772350485e+01,0.000000000000000000e+00
-8.001236643388430991e+00,-2.986102167650750872e+01,0.000000000000000000e+00
-7.533867392698114784e+00,-3.021669169442099800e+01,0.000000000000000000e+00
-7.059427451674464393e+00,-3.057773969318717988e+01,0.000000000000000000e+00
-6.577460484974897881e+00,-3.094451864151759324e+01,0.000000000000000000e+00
-6.087483966204382035e+00,-3.131739008549166314e+01,0.000000000000000000e+00
-5.588991352977792815e+00,-3.169674505014354082e+01,0.000000000000000000e+00
-5.081445782064670347e+00,-3.208298600324988570e+01,0.000000000000000000e+00
-4.564281535721092631e+00,-3.247655064370706413e+01,0.000000000000000000e+00
-4.036897380412402647e+00,-3.287789076026182755e+01,0.000000000000000000e+00
-3.498656208152678193e+00,-3.328749026439304970e+01,0.000000000000000000e+00
-2.948881307409989549e+00,-3.370586757833140013e+01,0.000000000000000000e+00
-2.386853012414400954e+00,-3.413358833436570450e+01,0.000000000000000000e+00
-1.811799519762692823e+00,-3.457119428735196465e+01,0.000000000000000000e+00
-1.222900418334821104e+00,-3.501928611921959344e+01,0.000000000000000000e+00
-6.192847784327909499e-01,-3.547880119492798201e+01,0.000000000000000000e+00
-6.603920233139366824e-15,-3.595006733226959028e+01,0.000000000000000000e+00
6.359182119785612430e-01,-3.643172996455371049e+01,0.000000000000000000e+00
1.289199985558777017e+00,-3.691785731879194543e+01,0.000000000000000000e+00
1.960189679202914537e+00,-3.740264720274483778e+01,0.000000000000000000e+00
2.649090968580590122e+00,-3.788376582534080939e+01,0.000000000000000000e+00
3.356337749095478884e+00,-3.836311601789373071e+01,0.000000000000000000e+00
4.082412673975599482e+00,-3.884156203274140040e+01,0.000000000000000000e+00
4.827525279574322425e+00,-3.931703826665810908e+01,0.000000000000000000e+00
5.591668336769476610e+00,-3.978678758106399727e+01,0.000000000000000000e+00
6.375354905997349775e+00,-4.025240669433178198e+01,0.000000000000000000e+00
7.177799101932662573e+00,-4.070732155165912047e+01,0.000000000000000000e+00
7.996561302277942929e+00,-4.113874156158669848e+01,0.000000000000000000e+00
8.829462831773897236e+00,-4.153935668888434662e+01,0.000000000000000000e+00
9.675495331388525244e+00,-4.190917459965839242e+01,0.000000000000000000e+00
1.053351880283200970e+01,-4.224763637743999567e+01,0.000000000000000000e+00
1.140238999542164855e+01,-4.255429879062873511e+01,0.000000000000000000e+00
1.228055461522778913e+01,-4.282738354352249388e+01,0.000000000000000000e+00
1.316719038597900848e+01,-4.306793915205864209e+01,0.000000000000000000e+00
1.406138433236775498e+01,-4.327649106962231684e+01,0.000000000000000000e+00
1.496203019572139148e+01,-4.345289084652823419e+01,0.000000000000000000e+00
1.586801438478877735e+01,-4.359701121378826372e+01,0.000000000000000000e+00
1.677822977812763483e+01,-4.370878291992018916e+01,0.000000000000000000e+00
1.769157105724549695e+01,-4.378817494006857913e+01,0.000000000000000000e+00
1.860693735610759703e+01,-4.383519739112048086e+01,0.000000000000000000e+00
1.952323233026109151e+01,-4.384989775924216815e+01,0.000000000000000000e+00
2.043936514949321293e+01,-4.383236001391006198e+01,0.000000000000000000e+00
2.135425134221411270e+01,-4.378270356099145033e+01,0.000000000000000000e+00
2.226681388350592172e+01,-4.370108285189667185e+01,0.000000000000000000e+00
2.317598445209755909e+01,-4.358768731951503383e+01,0.000000000000000000e+00
2.408070493918928889e+01,-4.344274169089789694e+01,0.000000000000000000e+00
2.497992914945064769e+01,-4.326650645631931980e+01,0.000000000000000000e+00
2.587262501579738228e+01,-4.305927896834032964e+01,0.000000000000000000e+00
2.675777621134384887e+01,-4.282139319136680911e+01,0.000000000000000000e+00
2.763438740211785571e+01,-4.255322495700042396e+01,0.000000000000000000e+00
2.850147776513034970e+01,-4.225517847951596906e+01,0.000000000000000000e+00
2.935811626048785783e+01,-4.192773521911900048e+01,0.000000000000000000e+00
3.020332455190039056e+01,-4.157130985135882639e+01,0.000000000000000000e+00
3.103635576624079917e+01,-4.118663520155864433e+01,0.000000000000000000e+00
3.185613707996247257e+01,-4.077399608949360754e+01,0.000000000000000000e+00
3.265963701792226459e+01,-4.033129288689910652e+01,0.000000000000000000e+00
3.344781174917643085e+01,-3.986154981649583817e+01,0.000000000000000000e+00
3.422028150420324266e+01,-3.936593072864487652e+01,0.000000000000000000e+00
3.497606940292775590e+01,-3.884486039842602167e+01,0.000000000000000000e+00
3.571494604527098460e+01,-3.829959061916836305e+01,0.000000000000000000e+00
3.643528148686743151e+01,-3.772983847114356593e+01,0.000000000000000000e+00
3.713316187063897900e+01,-3.713316187063899321e+01,0.000000000000000000e+00
3.781135645193855055e+01,-3.651400248586612207e+01,0.000000000000000000e+00
3.846998527715647498e+01,-3.587384163444212959e+01,0.000000000000000000e+00
3.910638649938949385e+01,-3.521154856192473659e+01,0.000000000000000000e+00
3.971914290884392074e+01,-3.452732416808545679e+01,0.000000000000000000e+00
4.030828728453117549e+01,-3.382266899383797920e+01,0.000000000000000000e+00
4.087415735455964949e+01,-3.309923999602271039e+01,0.000000000000000000e+00
4.141651229226060593e+01,-3.235812575398198021e+01,0.000000000000000000e+00
4.193351652658120798e+01,-3.159917121365771919e+01,0.000000000000000000e+00
4.242303699823883534e+01,-3.082214054636541434e+01,0.000000000000000000e+00
4.288566044488654683e+01,-3.002886272461156736e+01,0.000000000000000000e+00
4.332207886730314783e+01,-2.922111116331525693e+01,0.000000000000000000e+00
4.373083885570729734e+01,-2.839913880979305105e+01,0.000000000000000000e+00
4.411039507458107778e+01,-2.756323398271787894e+01,0.000000000000000000e+00
4.446082877622476559e+01,-2.671476110096080703e+01,0.000000000000000000e+00
4.478272566336301708e+01,-2.585531871678783133e+01,0.000000000000000000e+00
4.507608655298418654e+01,-2.498608278038756580e+01,0.000000000000000000e+00
4.534019562573583073e+01,-2.410780964758026457e+01,0.000000000000000000e+00
4.557431064043988300e+01,-2.322127111446887326e+01,0.000000000000000000e+00
4.577782994072713763e+01,-2.232733949591866818e+01,0.000000000000000000e+00
4.595043755825307130e+01,-2.142704092898646806e+01,0.000000000000000000e+00
4.609188143445147290e+01,-2.052142777445775224e+01,0.000000000000000000e+00
4.620194125411052966e+01,-1.961156052236552938e+01,0.000000000000000000e+00
4.628042866865908422e+01,-1.869850692503154121e+01,0.000000000000000000e+00
4.632718749743674636e+01,-1.778334112460836280e+01,0.000000000000000000e+00
4.634209390682244134e+01,-1.686714277565250697e+01,0.000000000000000000e+00
4.632506882383442104e+01,-1.595100038359038841e+01,0.000000000000000000e+00
4.627609458718945490e+01,-1.503601459611484970e+01,0.000000000000000000e+00
4.619511578952985786e+01,-1.412326423039470846e+01,0.000000000000000000e+00
4.608208808542202917e+01,-1.321382612462569561e+01,0.000000000000000000e+00
4.593699899323311797e+01,-1.230878178294610592e+01,0.000000000000000000e+00
4.575986809692618351e+01,-1.140921652297399191e+01,0.000000000000000000e+00
4.555074722664246423e+01,-1.051621861663272384e+01,0.000000000000000000e+00
4.530972061787629457e+01,-9.630878424765121792e+00,0.000000000000000000e+00
4.503695205891371955e+01,-8.754296663832247916e+00,0.000000000000000000e+00
4.473290119487374739e+01,-7.887617406022175537e+00,0.000000000000000000e+00
4.439815508121489529e+01,-7.031976943980200900e+00,0.000000000000000000e+00
4.403322698155408688e+01,-6.188466474627496439e+00,0.000000000000000000e+00
4.363763012147088460e+01,-5.358027253308154769e+00,0.000000000000000000e+00
4.321037100810531228e+01,-4.541593000353064014e+00,0.000000000000000000e+00
4.275350490060334607e+01,-3.740447004802835540e+00,0.000000000000000000e+00
4.227449959184573913e+01,-2.956120982965019461e+00,0.000000000000000000e+00
4.178048032459228267e+01,-2.189622191190701006e+00,0.000000000000000000e+00
4.127649197289388638e+01,-1.441406861613396817e+00,0.000000000000000000e+00
4.076554395456485480e+01,-7.115652165610393265e-01,0.000000000000000000e+00
4.024747062568278011e+01,-9.857787215103905701e-15,0.000000000000000000e+00
