1.905343297767081623e+01,0.000000000000000000e+00,0.000000000000000000e+00
1.913228057952068184e+01,3.339551997404098804e-01,0.000000000000000000e+00
1.920229251822204830e+01,6.705588307419441119e-01,0.000000000000000000e+00
1.926337428387364170e+01,1.009550667715861882e+00,0.000000000000000000e+00
1.931543873613907891e+01,1.350667052108393884e+00,0.000000000000000000e+00
1.935840622017929036e+01,1.693641088195420030e+00,0.000000000000000000e+00
1.939220467764492284e+01,2.038202842759343270e+00,0.000000000000000000e+00
1.941676975262626215e+01,2.384079548229014911e+00,0.000000000000000000e+00
1.943204489246102540e+01,2.730995809160814858e+00,0.000000000000000000e+00
1.943798144330327915e+01,3.078673811936312177e+00,0.000000000000000000e+00
1.943454438674462281e+01,3.426834533159325513e+00,0.000000000000000000e+00
1.942173153155581744e+01,3.775202179093594346e+00,0.000000000000000000e+00
1.939956322761346286e+01,4.123504457561715242e+00,0.000000000000000000e+00
1.936806958465764694e+01,4.471471190603947043e+00,0.000000000000000000e+00
1.932728806869607396e+01,4.818834134542827385e+00,0.000000000000000000e+00
1.927726342184954689e+01,5.165327166166606254e+00,0.000000000000000000e+00
1.921804757777044159e+01,5.510686466218909452e+00,0.000000000000000000e+00
1.914970044186483378e+01,5.854650965820546560e+00,0.000000000000000000e+00
1.907231409964612467e+01,6.196970503715594880e+00,0.000000000000000000e+00
1.898601532235994682e+01,6.537409341829214959e+00,0.000000000000000000e+00
1.889093488178347968e+01,6.875737994430306088e+00,0.000000000000000000e+00
1.878708685222933639e+01,7.211686965657562176e+00,0.000000000000000000e+00
1.867433145356407209e+01,7.544919657178248862e+00,0.000000000000000000e+00
1.855256644577363545e+01,7.875097232286244697e+00,0.000000000000000000e+00
1.842183820880201495e+01,8.201930806671478891e+00,0.000000000000000000e+00
1.828228350706916316e+01,8.525168807907178348e+00,0.000000000000000000e+00
1.813423435153802288e+01,8.844657061935604858e+00,0.000000000000000000e+00
1.797806846412970927e+01,9.160283415227306492e+00,0.000000000000000000e+00
1.781411355854090672e+01,9.471932195764829032e+00,0.000000000000000000e+00
1.764204461219420494e+01,9.779145014672804948e+00,0.000000000000000000e+00
1.746147586326365442e+01,1.008138779010342212e+01,0.000000000000000000e+00
1.727303852904280035e+01,1.037868862304755702e+01,0.000000000000000000e+00
1.707726642296048070e+01,1.067106040209823448e+01,0.000000000000000000e+00
1.687427913310382266e+01,1.095828499877192819e+01,0.000000000000000000e+00
1.666375170592636934e+01,1.123984244819485312e+01,0.000000000000000000e+00
1.644537894180233195e+01,1.151517830376521268e+01,0.000000000000000000e+00
1.622006110947686963e+01,1.178456420288076423e+01,0.000000000000000000e+00
1.598803840229200190e+01,1.204785109124614451e+01,0.000000000000000000e+00
1.574936848346002449e+01,1.230475522268521793e+01,0.000000000000000000e+00
1.550422995279943095e+01,1.255507786276075599e+01,0.000000000000000000e+00
1.525279025416614864e+01,1.279861067669522612e+01,0.000000000000000000e+00
1.499524602571039544e+01,1.303516850044152697e+01,0.000000000000000000e+00
1.473180959106363375e+01,1.326458093561940288e+01,0.000000000000000000e+00
1.446270546139727387e+01,1.348669102911851070e+01,0.000000000000000000e+00
1.418818267731888305e+01,1.370136874639902302e+01,0.000000000000000000e+00
1.390846376075620583e+01,1.390846376075620405e+01,0.000000000000000000e+00
1.362385889809148232e+01,1.410791887977911507e+01,0.000000000000000000e+00
1.333374325274288630e+01,1.429868905174420490e+01,0.000000000000000000e+00
1.303907342269114622e+01,1.448135812501750230e+01,0.000000000000000000e+00
1.274022605347284909e+01,1.465595355276917111e+01,0.000000000000000000e+00
1.243747915354171063e+01,1.482241046404892515e+01,0.000000000000000000e+00
1.213116825933721721e+01,1.498074518890379991e+01,0.000000000000000000e+00
1.182084094665304796e+01,1.512998645515388141e+01,0.000000000000000000e+00
1.150675269047383864e+01,1.526997657156002752e+01,0.000000000000000000e+00
1.118992503375396197e+01,1.540161050788673691e+01,0.000000000000000000e+00
1.087065413083866972e+01,1.552490302894018193e+01,0.000000000000000000e+00
1.054834744409963854e+01,1.563856820293324823e+01,0.000000000000000000e+00
1.022340769764543822e+01,1.574266732439652117e+01,0.000000000000000000e+00
9.896854549023471392e+00,1.583827806369925462e+01,0.000000000000000000e+00
9.568868811713130640e+00,1.592527203263794533e+01,0.000000000000000000e+00
9.238340541198677869e+00,1.600127519497946693e+01,0.000000000000000000e+00
8.907063496759773713e+00,1.606876790738950689e+01,0.000000000000000000e+00
8.575294242341295003e+00,1.612778282970329258e+01,0.000000000000000000e+00
8.241963035975476970e+00,1.617576324039059443e+01,0.000000000000000000e+00
7.908466242200345775e+00,1.621475871738354613e+01,0.000000000000000000e+00
7.575304124192703270e+00,1.624529211929585415e+01,0.000000000000000000e+00
7.241671089531973138e+00,1.626505957160782145e+01,0.000000000000000000e+00
6.908486580516950859e+00,1.627537445497251056e+01,0.000000000000000000e+00
6.576431817021077819e+00,1.627723993269751546e+01,0.000000000000000000e+00
6.245018546053426434e+00,1.626882952313376052e+01,0.000000000000000000e+00
5.914671487224214097e+00,1.625042635464060936e+01,0.000000000000000000e+00
5.586212560933653037e+00,1.622353928447282456e+01,0.000000000000000000e+00
5.259617878723416240e+00,1.618743935717968796e+01,0.000000000000000000e+00
4.934619912621868387e+00,1.614041446242321598e+01,0.000000000000000000e+00
4.612285354396139958e+00,1.608495056403698342e+01,0.000000000000000000e+00
4.292836281845065827e+00,1.602108311242085747e+01,0.000000000000000000e+00
3.976509965039126460e+00,1.594891034979422173e+01,0.000000000000000000e+00
3.663966440972318050e+00,1.587038224325838520e+01,0.000000000000000000e+00
3.355505559763234835e+00,1.578641248898446037e+01,0.000000000000000000e+00
3.051181402467888937e+00,1.569696753752009322e+01,0.000000000000000000e+00
2.751085031826455474e+00,1.560217852521977910e+01,0.000000000000000000e+00
2.455089998268992435e+00,1.550082819523439426e+01,0.000000000000000000e+00
2.163524012723092138e+00,1.539427325378107625e+01,0.000000000000000000e+00
1.876466667002772537e+00,1.528259459661741992e+01,0.000000000000000000e+00
1.594000060363201632e+00,1.516589751434830191e+01,0.000000000000000000e+00
1.316201332719214134e+00,1.504425007394480929e+01,0.000000000000000000e+00
1.043150104173223847e+00,1.491774149543556938e+01,0.000000000000000000e+00
7.749258466792471323e-01,1.478646600334019112e+01,0.000000000000000000e+00
5.116076901113910669e-01,1.465052739551714467e+01,0.000000000000000000e+00
2.532736657873442265e-01,1.451003859503866700e+01,0.000000000000000000e+00
8.796100493655108907e-16,1.436512225366415407e+01,0.000000000000000000e+00
-2.481396506958969961e-01,1.421591106743801447e+01,0.000000000000000000e+00
-4.910749979638892593e-01,1.406254802260120407e+01,0.000000000000000000e+00
-7.287399553596096702e-01,1.390518669802566265e+01,0.000000000000000000e+00
-9.610734553703554894e-01,1.374399073343637312e+01,0.000000000000000000e+00
-1.188020478436145666e+00,1.357913620527668996e+01,0.000000000000000000e+00
-1.409532094466469099e+00,1.341080205667767444e+01,0.000000000000000000e+00
-1.625569478953450719e+00,1.323920097933907236e+01,0.000000000000000000e+00
-1.836094771493515632e+00,1.306449314451292310e+01,0.000000000000000000e+00
-2.041025429497370869e+00,1.288652739697931082e+01,0.000000000000000000e+00
-2.240227308546790308e+00,1.270496040677252658e+01,0.000000000000000000e+00
-2.433769759202891070e+00,1.252065998865433016e+01,0.000000000000000000e+00
-2.621730001885212769e+00,1.233426990579217986e+01,0.000000000000000000e+00
-2.803982411007347242e+00,1.214538216519544278e+01,0.000000000000000000e+00
-2.980254007763831314e+00,1.195314595143295833e+01,0.000000000000000000e+00
-3.150854728529350446e+00,1.175914993414017573e+01,0.000000000000000000e+00
-3.315806857369328231e+00,1.156359272737653399e+01,0.000000000000000000e+00
-3.474662241008520169e+00,1.136510808935069328e+01,0.000000000000000000e+00
-3.627609589111067123e+00,1.116463431170622123e+01,0.000000000000000000e+00
-3.774853686353215387e+00,1.096297113754168784e+01,0.000000000000000000e+00
-3.916269684532879936e+00,1.075986252674876553e+01,0.000000000000000000e+00
-4.051782542444662738e+00,1.055525439383983866e+01,0.000000000000000000e+00
-4.181381676445838913e+00,1.034928281648688753e+01,0.000000000000000000e+00
-4.305068443559737723e+00,1.014210567779338845e+01,0.000000000000000000e+00
-4.422850692333272882e+00,9.933885300468251245e+00,0.000000000000000000e+00
-4.534730211452292714e+00,9.724760321103218530e+00,0.000000000000000000e+00
-4.640715130721132731e+00,9.514876060192699825e+00,0.000000000000000000e+00
-4.740981501493203965e+00,9.304700101236145215e+00,0.000000000000000000e+00
-4.835881607666904003e+00,9.094970522820711167e+00,0.000000000000000000e+00
-4.925781981956422584e+00,8.886345927504912368e+00,0.000000000000000000e+00
-5.010938733986758820e+00,8.679200480879936563e+00,0.000000000000000000e+00
-5.091589652142076261e+00,8.473828190608267974e+00,0.000000000000000000e+00
-5.167966368526411891e+00,8.270475024475706149e+00,0.000000000000000000e+00
-5.240231427742911841e+00,8.069248777861377064e+00,0.000000000000000000e+00
-5.308531869010290727e+00,7.870222149100646547e+00,0.000000000000000000e+00
-5.373014865825857633e+00,7.673460470824946533e+00,0.000000000000000000e+00
-5.433797238021896625e+00,7.478980277919538011e+00,0.000000000000000000e+00
-5.490960653334891362e+00,7.286750900729487945e+00,0.000000000000000000e+00
-5.544580056228275211e+00,7.096738846994011141e+00,0.000000000000000000e+00
-5.594725111056928490e+00,6.908910131239453634e+00,0.000000000000000000e+00
-5.641686043487196933e+00,6.723499610614481092e+00,0.000000000000000000e+00
-5.686638064364297307e+00,6.541728772545124748e+00,0.000000000000000000e+00
-5.730513187494580052e+00,6.364379662425210249e+00,0.000000000000000000e+00
-5.773352766658481627e+00,6.191162858898989541e+00,0.000000000000000000e+00
-5.815231828996735963e+00,6.021848840645895429e+00,0.000000000000000000e+00
-5.856202343080544992e+00,5.856202343080545880e+00,0.000000000000000000e+00
-5.896319115534979893e+00,5.694009182552502324e+00,0.000000000000000000e+00
-5.935631866526613898e+00,5.535066261295516377e+00,0.000000000000000000e+00
-5.974187891386218752e+00,5.379182938799338842e+00,0.000000000000000000e+00
-6.012031634403713909e+00,5.226179367118761299e+00,0.000000000000000000e+00
-6.049205100086309628e+00,5.075885768398144648e+00,0.000000000000000000e+00
-6.085748003291980623e+00,4.928141563114240675e+00,0.000000000000000000e+00
-6.121697968806786072e+00,4.782794632844111327e+00,0.000000000000000000e+00
-6.157090695555629267e+00,4.639700630486172983e+00,0.000000000000000000e+00
-6.191960112146901452e+00,4.498722353187569745e+00,0.000000000000000000e+00
-6.226338528272153283e+00,4.359729172941710473e+00,0.000000000000000000e+00
-6.260256766228503800e+00,4.222596506441554709e+00,0.000000000000000000e+00
-6.293744275188443815e+00,4.087205321950740711e+00,0.000000000000000000e+00
-6.326829239532690607e+00,3.953441686547776168e+00,0.000000000000000000e+00
-6.359538678344729412e+00,3.821196346999928828e+00,0.000000000000000000e+00
-6.391898537074950148e+00,3.690364341012997151e+00,0.000000000000000000e+00
-6.423933789028250629e+00,3.560844645191642677e+00,0.000000000000000000e+00
-6.455668547280354552e+00,3.432539854269320845e+00,0.000000000000000000e+00
-6.487126108304692274e+00,3.305355846260993768e+00,0.000000000000000000e+00
-6.518329013108306924e+00,3.179201482687270541e+00,0.000000000000000000e+00
-6.549299110873252339e+00,3.053988330947920993e+00,0.000000000000000000e+00
-6.580057649848879642e+00,2.929630416696594963e+00,0.000000000000000000e+00
-6.610625375865566866e+00,2.806043991451085962e+00,0.000000000000000000e+00
-6.641022532845171078e+00,2.683147269631669829e+00,0.000000000000000000e+00
-6.671268905344378553e+00,2.560860200811794218e+00,0.000000000000000000e+00
-6.701383880712751484e+00,2.439104260970773819e+00,0.000000000000000000e+00
-6.731386571620835646e+00,2.317802272336304092e+00,0.000000000000000000e+00
-6.761295815562864853e+00,2.196878182533507751e+00,0.000000000000000000e+00
-6.791130185835152488e+00,2.076256859589858728e+00,0.000000000000000000e+00
-6.820908044487607569e+00,1.955863908441955346e+00,0.000000000000000000e+00
-6.850647666757738286e+00,1.835625509937892863e+00,0.000000000000000000e+00
-6.880367248482913034e+00,1.715468224891875115e+00,0.000000000000000000e+00
-6.910084899877559472e+00,1.595318801358801553e+00,0.000000000000000000e+00
-6.939818696169106182e+00,1.475104000671040971e+00,0.000000000000000000e+00
-6.969586802731532416e+00,1.354750437277119524e+00,0.000000000000000000e+00
-6.999407486391101330e+00,1.234184388823568623e+00,0.000000000000000000e+00
-7.029299106205808556e+00,1.113331604810171127e+00,0.000000000000000000e+00
-7.059280164320639983e+00,9.921171266916569698e-01,0.000000000000000000e+00
-7.089369427574025551e+00,8.704651122431532606e-01,0.000000000000000000e+00
-7.119585955347041306e+00,7.482986372450032286e-01,0.000000000000000000e+00
-7.149949091887182639e+00,6.255394903276038088e-01,0.000000000000000000e+00
-7.180478519033260731e+00,5.021079710648566063e-01,0.000000000000000000e+00
-7.211194359825374711e+00,3.779226823768396804e-01,0.000000000000000000e+00
-7.242117254402218762e+00,2.529003072731900170e-01,0.000000000000000000e+00
-7.273268353708686185e+00,1.269553713543347950e-01,0.000000000000000000e+00
-7.304669378543327873e+00,8.945639973262772047e-16,0.000000000000000000e+00
-7.336342693609420706e+00,-1.280563380526080208e-01,0.000000000000000000e+00
-7.368311425930620828e+00,-2.573071048483336898e-01,0.000000000000000000e+00
-7.400599510902358347e+00,-3.878489857295515097e-01,0.000000000000000000e+00
-7.433231740833086576e+00,-5.197821980737675762e-01,0.000000000000000000e+00
-7.466233851242052744e+00,-6.532108212171779948e-01,0.000000000000000000e+00
-7.499632613586273422e+00,-7.882431506245121122e-01,0.000000000000000000e+00
-7.533455942065001132e+00,-9.249920799278272820e-01,0.000000000000000000e+00
-7.567733010953141992e+00,-1.063575514164197378e+00,0.000000000000000000e+00
-7.602494339582919203e+00,-1.204116811045294888e+00,0.000000000000000000e+00
-7.637771908312875446e+00,-1.346745259932740968e+00,0.000000000000000000e+00
-7.673599290051194011e+00,-1.491596602199127375e+00,0.000000000000000000e+00
-7.710011792308724132e+00,-1.638813597008468514e+00,0.000000000000000000e+00
-7.747046610991819016e+00,-1.788546637645105131e+00,0.000000000000000000e+00
-7.784742997403582443e+00,-1.940954424190069583e+00,0.000000000000000000e+00
-7.823142440218056493e+00,-2.096204699130070903e+00,0.000000000000000000e+00
-7.862288864510935227e+00,-2.254475053401366669e+00,0.000000000000000000e+00
-7.902228850252801529e+00,-2.415953811430075149e+00,0.000000000000000000e+00
-7.943011872973554155e+00,-2.580841004940934269e+00,0.000000000000000000e+00
-7.984690569563236195e+00,-2.749349446674207442e+00,0.000000000000000000e+00
-8.027321032356089958e+00,-2.921705916676658799e+00,0.000000000000000000e+00
-8.070963134721115040e+00,-3.098152475516137372e+00,0.000000000000000000e+00
-8.115680891322760715e+00,-3.278947920603636046e+00,0.000000000000000000e+00
-8.161542855989155854e+00,-3.464369403782807222e+00,0.000000000000000000e+00
-8.208622559702186905e+00,-3.654714230450195611e+00,0.000000000000000000e+00
-8.256998995919627049e+00,-3.850301865175454363e+00,0.000000000000000000e+00
-8.306757230116847524e+00,-4.051476206433075156e+00,0.000000000000000000e+00
-8.357989024863034189e+00,-4.258608114762839847e+00,0.000000000000000000e+00
-8.410793456635614618e+00,-4.472098208649808448e+00,0.000000000000000000e+00
-8.465277719344586060e+00,-4.692380062894154769e+00,0.000000000000000000e+00
-8.521558191078669964e+00,-4.919923915534331726e+00,0.000000000000000000e+00
-8.579761165276860169e+00,-5.155240604876876631e+00,0.000000000000000000e+00
-8.640024262459863991e+00,-5.398886361364158226e+00,0.000000000000000000e+00
-8.702497559735954624e+00,-5.651467995075334372e+00,0.000000000000000000e+00
-8.767345158827259510e+00,-5.913648979726200849e+00,0.000000000000000000e+00
-8.834744729826933707e+00,-6.186154857983325428e+00,0.000000000000000000e+00
-8.904871565468946315e+00,-6.469767898738862044e+00,0.000000000000000000e+00
-8.977665112371553846e+00,-6.765155905894142840e+00,0.000000000000000000e+00
-9.050212327625288822e+00,-7.070800808407539328e+00,0.000000000000000000e+00
-9.119662576917670904e+00,-7.384957142913965988e+00,0.000000000000000000e+00
-9.184258325779932619e+00,-7.706507773798803917e+00,0.000000000000000000e+00
-9.245952865427730316e+00,-8.037384204390260578e+00,0.000000000000000000e+00
-9.302183957774262879e+00,-8.375724056382432892e+00,0.000000000000000000e+00
-9.354788813483390086e+00,-8.723481696205094948e+00,0.000000000000000000e+00
-9.401591805638672028e+00,-9.079011672023439061e+00,0.000000000000000000e+00
-9.442816880793040824e+00,-9.442816880793037271e+00,0.000000000000000000e+00
-9.478550179055625691e+00,-9.815326041197131701e+00,0.000000000000000000e+00
-9.507327501127569747e+00,-1.019536052816635774e+01,0.000000000000000000e+00
-9.529725194447381753e+00,-1.058383206383632746e+01,0.000000000000000000e+00
-9.545784454266712515e+00,-1.098116885832987144e+01,0.000000000000000000e+00
-9.554812132850432960e+00,-1.138698168588724435e+01,0.000000000000000000e+00
-9.556122477604160892e+00,-1.180082847509405752e+01,0.000000000000000000e+00
-9.549084671124886015e+00,-1.222227101990950082e+01,0.000000000000000000e+00
-9.532851661137728527e+00,-1.265052143218834679e+01,0.000000000000000000e+00
-9.505266529474450721e+00,-1.308287700042840740e+01,0.000000000000000000e+00
-9.464015387188968731e+00,-1.351601471099061769e+01,0.000000000000000000e+00
-9.407005106647831738e+00,-1.394645860171611496e+01,0.000000000000000000e+00
-9.332369825798535246e+00,-1.437058932410757173e+01,0.000000000000000000e+00
-9.238480217137350792e+00,-1.478465888734755929e+01,0.000000000000000000e+00
-9.124855702596345708e+00,-1.518631012524020996e+01,0.000000000000000000e+00
-8.993272972818475708e+00,-1.557680571525757784e+01,0.000000000000000000e+00
-8.845442505302093750e+00,-1.595760069607269571e+01,0.000000000000000000e+00
-8.681089447783257640e+00,-1.632675467248474988e+01,0.000000000000000000e+00
-8.499799046366108612e+00,-1.668179490308078172e+01,0.000000000000000000e+00
-8.303914511565540835e+00,-1.702554782320887483e+01,0.000000000000000000e+00
-8.094082920397907444e+00,-1.735781683797154429e+01,0.000000000000000000e+00
-7.868774648731341692e+00,-1.767355722661583073e+01,0.000000000000000000e+00
-7.630143837522682659e+00,-1.797549241120333718e+01,0.000000000000000000e+00
-7.379122694241590175e+00,-1.826396957026318546e+01,0.000000000000000000e+00
-7.115863314054074351e+00,-1.853745770529803494e+01,0.000000000000000000e+00
-6.841017970031296969e+00,-1.879554239874429555e+01,0.000000000000000000e+00
-6.555185127185182203e+00,-1.903763995154998057e+01,0.000000000000000000e+00
-6.259045399522550568e+00,-1.926336098454305201e+01,0.000000000000000000e+00
-5.953307757104952636e+00,-1.947239226596865080e+01,0.000000000000000000e+00
-5.638705476877519551e+00,-1.966450292462752358e+01,0.000000000000000000e+00
-5.315982807503482732e+00,-1.983951792976565187e+01,0.000000000000000000e+00
-4.985892949708657262e+00,-1.999732437934227036e+01,0.000000000000000000e+00
-4.649174442395205276e+00,-2.013778693257329877e+01,0.000000000000000000e+00
-4.306601948595921492e+00,-2.026096919690290932e+01,0.000000000000000000e+00
-3.958547345825309094e+00,-2.036496064537422868e+01,0.000000000000000000e+00
-3.605779593014507345e+00,-2.044939225141172301e+01,0.000000000000000000e+00
-3.249451833688155933e+00,-2.051623143681216987e+01,0.000000000000000000e+00
-2.890269014540522541e+00,-2.056533263560681846e+01,0.000000000000000000e+00
-2.528980774370632290e+00,-2.059689553616193436e+01,0.000000000000000000e+00
-2.166562721549513792e+00,-2.061346734575445794e+01,0.000000000000000000e+00
-1.804257689433081957e+00,-2.062275975787943949e+01,0.000000000000000000e+00
-1.442219106605777013e+00,-2.062469411262237173e+01,0.000000000000000000e+00
-1.080622547106936615e+00,-2.061950652918828908e+01,0.000000000000000000e+00
-7.195720616641385625e-01,-2.060584781312416069e+01,0.000000000000000000e+00
-3.593020706322113123e-01,-2.058440184037181808e+01,0.000000000000000000e+00
-3.776038288355349685e-15,-2.055579503132045716e+01,0.000000000000000000e+00
3.581782213884145971e-01,-2.052001656031637822e+01,0.000000000000000000e+00
7.150608770888030596e-01,-2.047666438901856623e+01,0.000000000000000000e+00
1.070422770193138140e+00,-2.042488319171190625e+01,0.000000000000000000e+00
1.424134451117290423e+00,-2.036607149011402029e+01,0.000000000000000000e+00
1.776031897300735407e+00,-2.030013747751993591e+01,0.000000000000000000e+00
2.125960523733539720e+00,-2.022716323809091321e+01,0.000000000000000000e+00
2.473699707355545563e+00,-2.014666737548290243e+01,0.000000000000000000e+00
2.818997272410839638e+00,-2.005820783959575593e+01,0.000000000000000000e+00
3.161807052075527480e+00,-1.996286406415212156e+01,0.000000000000000000e+00
3.501957705412703348e+00,-1.986058906777726207e+01,0.000000000000000000e+00
3.839294015465703591e+00,-1.975145544575482859e+01,0.000000000000000000e+00
4.173646776382650359e+00,-1.963546429049749520e+01,0.000000000000000000e+00
4.504863175787710006e+00,-1.951270616287557758e+01,0.000000000000000000e+00
4.832550120907797009e+00,-1.938229988529335657e+01,0.000000000000000000e+00
5.156764056359586235e+00,-1.924530546097899020e+01,0.000000000000000000e+00
5.477337687562020996e+00,-1.910174656539793858e+01,0.000000000000000000e+00
5.794121370102550017e+00,-1.895171705521484640e+01,0.000000000000000000e+00
6.106956562505631680e+00,-1.879527967466797378e+01,0.000000000000000000e+00
6.415689906070964454e+00,-1.863251641300629657e+01,0.000000000000000000e+00
6.720169171971790867e+00,-1.846351305490754413e+01,0.000000000000000000e+00
7.020245237005839023e+00,-1.828836409839265187e+01,0.000000000000000000e+00
7.315772352958986424e+00,-1.810717197339519302e+01,0.000000000000000000e+00
7.606608980805205533e+00,-1.792004776332616345e+01,0.000000000000000000e+00
7.892618441907096383e+00,-1.772711126291795836e+01,0.000000000000000000e+00
8.173670016886322998e+00,-1.752849191717418975e+01,0.000000000000000000e+00
8.449638619003845719e+00,-1.732432652050036381e+01,0.000000000000000000e+00
8.720409864345675999e+00,-1.711476801207557585e+01,0.000000000000000000e+00
8.985866344528023575e+00,-1.689995664821876886e+01,0.000000000000000000e+00
9.245932948801780071e+00,-1.668010458167593413e+01,0.000000000000000000e+00
9.500469317775126044e+00,-1.645529555413574485e+01,0.000000000000000000e+00
9.749095746891887515e+00,-1.622522002302287092e+01,0.000000000000000000e+00
9.991760123795897286e+00,-1.599015873200606741e+01,0.000000000000000000e+00
1.022855901574260784e+01,-1.575059965865183464e+01,0.000000000000000000e+00
1.045958262101746072e+01,-1.550696894085466582e+01,0.000000000000000000e+00
1.068457685507646815e+01,-1.525915713846038813e+01,0.000000000000000000e+00
1.090307628756152170e+01,-1.500679707971764820e+01,0.000000000000000000e+00
1.111527521577630395e+01,-1.475046841598164171e+01,0.000000000000000000e+00
1.132232867901699258e+01,-1.449191984964750546e+01,0.000000000000000000e+00
1.152485564218285141e+01,-1.423201146200854339e+01,0.000000000000000000e+00
1.172241547823241348e+01,-1.397023076006545672e+01,0.000000000000000000e+00
1.191560757522845293e+01,-1.370733850738615978e+01,0.000000000000000000e+00
1.210460274158343985e+01,-1.344352329183834094e+01,0.000000000000000000e+00
1.228885266175406166e+01,-1.317818107656858295e+01,0.000000000000000000e+00
1.246859680533930970e+01,-1.291160996236110847e+01,0.000000000000000000e+00
1.264415086663168353e+01,-1.264415086663168886e+01,0.000000000000000000e+00
1.281549602675521093e+01,-1.237578065662217597e+01,0.000000000000000000e+00
1.298255936077509709e+01,-1.210643246060049094e+01,0.000000000000000000e+00
1.314527192065214223e+01,-1.183605600075002151e+01,0.000000000000000000e+00
1.330368093137570185e+01,-1.156471339778352814e+01,0.000000000000000000e+00
1.345788266439654102e+01,-1.129250438012225466e+01,0.000000000000000000e+00
1.360800134937574590e+01,-1.101954221642060006e+01,0.000000000000000000e+00
1.375408240541217531e+01,-1.074586688913746535e+01,0.000000000000000000e+00
1.389595813192892493e+01,-1.047135553037389677e+01,0.000000000000000000e+00
1.403389473457679237e+01,-1.019622135822055142e+01,0.000000000000000000e+00
1.416940784572918055e+01,-9.921526185547387300e+00,0.000000000000000000e+00
1.430397254084605230e+01,-9.648151303480860363e+00,0.000000000000000000e+00
1.443792329860883861e+01,-9.376097020119827263e+00,0.000000000000000000e+00
1.457131167269855965e+01,-9.105166081387970678e+00,0.000000000000000000e+00
1.470422038041803603e+01,-8.835186960095658293e+00,0.000000000000000000e+00
1.483674092060390493e+01,-8.565996364407409303e+00,0.000000000000000000e+00
1.496895853375489160e+01,-8.297429206081503139e+00,0.000000000000000000e+00
1.510095195688637304e+01,-8.029318582543348626e+00,0.000000000000000000e+00
1.523280036771172696e+01,-7.761499454417221777e+00,0.000000000000000000e+00
1.536458572479383378e+01,-7.493809167795786763e+00,0.000000000000000000e+00
1.549638753682234338e+01,-7.226084182157929803e+00,0.000000000000000000e+00
1.562828763706310475e+01,-6.958161958273255010e+00,0.000000000000000000e+00
1.576036470425625957e+01,-6.689877911235520891e+00,0.000000000000000000e+00
1.589270151221451677e+01,-6.421068210304726520e+00,0.000000000000000000e+00
1.602537823203984146e+01,-6.151566351119541309e+00,0.000000000000000000e+00
1.615847860421369830e+01,-5.881205242961075719e+00,0.000000000000000000e+00
1.629208534903394678e+01,-5.609814863744381874e+00,0.000000000000000000e+00
1.642628361244809554e+01,-5.337223081592206597e+00,0.000000000000000000e+00
1.656115980443841806e+01,-5.063254672756739794e+00,0.000000000000000000e+00
1.669680131979387383e+01,-4.787730735382463187e+00,0.000000000000000000e+00
1.683329913704632830e+01,-4.510468909723077680e+00,0.000000000000000000e+00
1.697074396405572827e+01,-4.231281699320980749e+00,0.000000000000000000e+00
1.710923194798381886e+01,-3.949977431378725701e+00,0.000000000000000000e+00
1.724885846535121203e+01,-3.666358048127917435e+00,0.000000000000000000e+00
1.738972625199055955e+01,-3.380220364682220868e+00,0.000000000000000000e+00
1.753193682801211395e+01,-3.091353486854919286e+00,0.000000000000000000e+00
1.767559829716788400e+01,-2.799539743698266303e+00,0.000000000000000000e+00
1.782081914391035937e+01,-2.504552797565527289e+00,0.000000000000000000e+00
1.796772233420406550e+01,-2.206158897230553251e+00,0.000000000000000000e+00
1.811642784792980265e+01,-1.904113294702465708e+00,0.000000000000000000e+00
1.826704383942649201e+01,-1.598159252080890269e+00,0.000000000000000000e+00
1.841969431484746877e+01,-1.288030500411293078e+00,0.000000000000000000e+00
1.857459857144254656e+01,-9.734534622032633422e-01,0.000000000000000000e+00
1.873189123979503279e+01,-6.541320561293680891e-01,0.000000000000000000e+00
1.889139380188601436e+01,-3.297505053964485677e-01,0.000000000000000000e+00
1.905285871271764009e+01,-4.666604487427283710e-15,0.000000000000000000e+00
