1.484783238247205261e+01,0.000000000000000000e+00,0.000000000000000000e+00
1.495314030173256015e+01,2.610080348474889123e-01,0.000000000000000000e+00
1.505170485003270109e+01,5.256171155258132499e-01,0.000000000000000000e+00
1.514305684415091058e+01,7.936139807588075135e-01,0.000000000000000000e+00
1.522682914511418062e+01,1.064763618126362887e+00,0.000000000000000000e+00
1.530290554489068100e+01,1.338830754185937444e+00,0.000000000000000000e+00
1.537130679733761873e+01,1.615589445968264926e+00,0.000000000000000000e+00
1.543268738669147666e+01,1.894895744326706932e+00,0.000000000000000000e+00
1.548676760072558700e+01,2.176523245447925969e+00,0.000000000000000000e+00
1.553258885337651662e+01,2.460120392333170258e+00,0.000000000000000000e+00
1.557050923614869298e+01,2.745500881703366147e+00,0.000000000000000000e+00
1.560092562896654655e+01,3.032512746593072350e+00,0.000000000000000000e+00
1.562373533873431164e+01,3.320927464043783583e+00,0.000000000000000000e+00
1.563877223566257513e+01,3.610495057472097091e+00,0.000000000000000000e+00
1.564587848021700722e+01,3.900955634199605448e+00,0.000000000000000000e+00
1.564494247920084469e+01,4.192049702933232425e+00,0.000000000000000000e+00
1.563600277249123316e+01,4.483551646723788586e+00,0.000000000000000000e+00
1.561911020294605024e+01,4.775241206124611892e+00,0.000000000000000000e+00
1.559431345767568899e+01,5.066899591628708066e+00,0.000000000000000000e+00
1.556166668350224036e+01,5.358311547939626607e+00,0.000000000000000000e+00
1.552122933419419049e+01,5.649265476866110802e+00,0.000000000000000000e+00
1.547306601519333391e+01,5.939553554961475079e+00,0.000000000000000000e+00
1.541724632599214395e+01,6.228971845861543066e+00,0.000000000000000000e+00
1.535384152319865869e+01,6.517319058671148468e+00,0.000000000000000000e+00
1.528283127912678019e+01,6.804354878197790946e+00,0.000000000000000000e+00
1.520409200958865803e+01,7.089784539364414329e+00,0.000000000000000000e+00
1.511750545087228836e+01,7.373300066212461701e+00,0.000000000000000000e+00
1.502305435212261386e+01,7.654628521544508679e+00,0.000000000000000000e+00
1.492104681941398781e+01,7.933661324144925864e+00,0.000000000000000000e+00
1.481185168315642642e+01,8.210343456749539470e+00,0.000000000000000000e+00
1.469558939277300702e+01,8.484502491817702108e+00,0.000000000000000000e+00
1.457208893342543554e+01,8.755794377062670719e+00,0.000000000000000000e+00
1.444126235332168839e+01,9.023902247472692650e+00,0.000000000000000000e+00
1.430322673831851432e+01,9.288624051089705347e+00,0.000000000000000000e+00
1.415818443765610368e+01,9.549815986224945874e+00,0.000000000000000000e+00
1.400644416105756207e+01,9.807417785085878137e+00,0.000000000000000000e+00
1.384810446996075051e+01,1.006123682968762267e+01,0.000000000000000000e+00
1.368304143705347897e+01,1.031091129261600692e+01,0.000000000000000000e+00
1.351139605099434782e+01,1.055625952868150819e+01,0.000000000000000000e+00
1.333333086990903382e+01,1.079711844775843055e+01,0.000000000000000000e+00
1.314886050015426910e+01,1.103320399608095137e+01,0.000000000000000000e+00
1.295868747654706254e+01,1.126481516286758477e+01,0.000000000000000000e+00
1.276278854761050141e+01,1.149166642478664890e+01,0.000000000000000000e+00
1.256015746892995466e+01,1.171253632404181211e+01,0.000000000000000000e+00
1.235199536819628108e+01,1.192818327353611885e+01,0.000000000000000000e+00
1.213867221722664880e+01,1.213867221722664702e+01,0.000000000000000000e+00
1.192011684544772976e+01,1.234364233738674166e+01,0.000000000000000000e+00
1.169643930469181647e+01,1.254289552905435734e+01,0.000000000000000000e+00
1.146748672326527796e+01,1.273593426849603105e+01,0.000000000000000000e+00
1.123347437223470635e+01,1.292263402114567050e+01,0.000000000000000000e+00
1.099485141346544026e+01,1.310315367203696546e+01,0.000000000000000000e+00
1.075180974674674772e+01,1.327737928386341082e+01,0.000000000000000000e+00
1.050449474990122845e+01,1.344514015555220787e+01,0.000000000000000000e+00
1.025308619504938079e+01,1.360630494076799479e+01,0.000000000000000000e+00
9.997763917108782650e+00,1.376074150064758683e+01,0.000000000000000000e+00
9.738717857065358530e+00,1.390833049579173064e+01,0.000000000000000000e+00
9.476143795667544723e+00,1.404896092347087233e+01,0.000000000000000000e+00
9.210243351699412884e+00,1.418253104548812082e+01,0.000000000000000000e+00
8.941222878388357387e+00,1.430894770413669903e+01,0.000000000000000000e+00
8.669292713821748819e+00,1.442812599010437857e+01,0.000000000000000000e+00
8.394666513890403081e+00,1.453998891465528054e+01,0.000000000000000000e+00
8.117560358750127492e+00,1.464446654348346044e+01,0.000000000000000000e+00
7.838193027341988639e+00,1.474149706701515861e+01,0.000000000000000000e+00
7.556782853632325825e+00,1.483102141635999160e+01,0.000000000000000000e+00
7.273554375447443654e+00,1.491299647791579197e+01,0.000000000000000000e+00
6.988627812001237949e+00,1.498716070770222863e+01,0.000000000000000000e+00
6.702119479922271417e+00,1.505320681500522007e+01,0.000000000000000000e+00
6.414472280078321376e+00,1.511154969653339819e+01,0.000000000000000000e+00
6.125902417902900687e+00,1.516214053986257149e+01,0.000000000000000000e+00
5.836641355758905192e+00,1.520497057042712363e+01,0.000000000000000000e+00
5.546913587788720790e+00,1.524001983011552852e+01,0.000000000000000000e+00
5.256944722631616607e+00,1.526727604680724504e+01,0.000000000000000000e+00
4.966960874334030329e+00,1.528673371273144355e+01,0.000000000000000000e+00
4.677183022619740171e+00,1.529837633666534025e+01,0.000000000000000000e+00
4.387843312155725428e+00,1.530222814412261023e+01,0.000000000000000000e+00
4.099039689345624460e+00,1.529782438287922020e+01,0.000000000000000000e+00
3.811040991675800793e+00,1.528525054633684199e+01,0.000000000000000000e+00
3.524183318529573672e+00,1.526491502076552642e+01,0.000000000000000000e+00
3.238688142026968642e+00,1.523682974819089964e+01,0.000000000000000000e+00
2.954768281251039852e+00,1.520096502757171919e+01,0.000000000000000000e+00
2.672737709789247962e+00,1.515784878213442965e+01,0.000000000000000000e+00
2.393070547894251554e+00,1.510925279649156039e+01,0.000000000000000000e+00
2.116049025980005993e+00,1.505647117053872819e+01,0.000000000000000000e+00
1.841739745203804457e+00,1.499976651510944237e+01,0.000000000000000000e+00
1.570171422816795337e+00,1.493918317228421877e+01,0.000000000000000000e+00
1.301376628222414400e+00,1.487480292617340538e+01,0.000000000000000000e+00
1.035385328828430485e+00,1.480670003467133000e+01,0.000000000000000000e+00
7.722261159843587519e-01,1.473495207293096954e+01,0.000000000000000000e+00
5.119258123337793176e-01,1.465963722405238023e+01,0.000000000000000000e+00
2.545094194858625314e-01,1.458083487701184922e+01,0.000000000000000000e+00
8.877847577167912366e-16,1.449862537239147819e+01,0.000000000000000000e+00
-2.515814214157349182e-01,1.441308997991940188e+01,0.000000000000000000e+00
-5.002159520823600269e-01,1.432431069998524542e+01,0.000000000000000000e+00
-7.458869304757642649e-01,1.423237047399808120e+01,0.000000000000000000e+00
-9.885799469118545790e-01,1.413735188886442096e+01,0.000000000000000000e+00
-1.228283192115179556e+00,1.403934112847915294e+01,0.000000000000000000e+00
-1.464986412606205324e+00,1.393841465001952962e+01,0.000000000000000000e+00
-1.698684720584830776e+00,1.383467683635010204e+01,0.000000000000000000e+00
-1.929368764548555104e+00,1.372817209058262655e+01,0.000000000000000000e+00
-2.156996452603838765e+00,1.361873961977618741e+01,0.000000000000000000e+00
-2.381559062531092508e+00,1.350649261367838250e+01,0.000000000000000000e+00
-2.603084022795491226e+00,1.339170636338069542e+01,0.000000000000000000e+00
-2.821579712340619217e+00,1.327448887097123276e+01,0.000000000000000000e+00
-3.037059165180200804e+00,1.315494850275161554e+01,0.000000000000000000e+00
-3.249512610326660500e+00,1.303308322078246029e+01,0.000000000000000000e+00
-3.458873649297565578e+00,1.290869219613968610e+01,0.000000000000000000e+00
-3.665145264205293074e+00,1.278188053316464767e+01,0.000000000000000000e+00
-3.868395208026861987e+00,1.265295059550616763e+01,0.000000000000000000e+00
-4.068689277461757570e+00,1.252213800712553393e+01,0.000000000000000000e+00
-4.265971186299448270e+00,1.238927992310249415e+01,0.000000000000000000e+00
-4.460073760021358247e+00,1.225395194476075744e+01,0.000000000000000000e+00
-4.651203475405833565e+00,1.211679931144553990e+01,0.000000000000000000e+00
-4.839416196987789576e+00,1.197797540737436606e+01,0.000000000000000000e+00
-5.024586371932901585e+00,1.183718369160391148e+01,0.000000000000000000e+00
-5.206711752985150987e+00,1.169446606832392987e+01,0.000000000000000000e+00
-5.385911340414814674e+00,1.155012414277048727e+01,0.000000000000000000e+00
-5.562208426317282850e+00,1.140421730414305301e+01,0.000000000000000000e+00
-5.735441674336814621e+00,1.125643808376548449e+01,0.000000000000000000e+00
-5.905729443403841650e+00,1.110706166138466422e+01,0.000000000000000000e+00
-6.073182342571566750e+00,1.095631097247028407e+01,0.000000000000000000e+00
-6.237716564483083204e+00,1.080404201289869093e+01,0.000000000000000000e+00
-6.399300807430265081e+00,1.065022503519529273e+01,0.000000000000000000e+00
-6.557968115625191885e+00,1.049494281578526866e+01,0.000000000000000000e+00
-6.713822502503134615e+00,1.033838004487452089e+01,0.000000000000000000e+00
-6.866899385524374289e+00,1.018059700368256060e+01,0.000000000000000000e+00
-7.017153370025349446e+00,1.002153359840541214e+01,0.000000000000000000e+00
-7.164546559394452174e+00,9.861152352724477765e+00,0.000000000000000000e+00
-7.309070150567092305e+00,9.699463694170367134e+00,0.000000000000000000e+00
-7.450804784357161203e+00,9.536595236842105194e+00,0.000000000000000000e+00
-7.589820055227828099e+00,9.372647204813556954e+00,0.000000000000000000e+00
-7.726113524882024741e+00,9.207623550068866791e+00,0.000000000000000000e+00
-7.859685636361284367e+00,9.041534046758780363e+00,0.000000000000000000e+00
-7.990557574278184916e+00,8.874413242456549611e+00,0.000000000000000000e+00
-8.118751631235806343e+00,8.706295213799132071e+00,0.000000000000000000e+00
-8.244288886131348804e+00,8.537211057235699840e+00,0.000000000000000000e+00
-8.367191028619648918e+00,8.367191028619650695e+00,0.000000000000000000e+00
-8.487480804966056169e+00,8.196264939746225053e+00,0.000000000000000000e+00
-8.605167390790064985e+00,8.024448410651595864e+00,0.000000000000000000e+00
-8.720225857134501268e+00,7.851726628954508236e+00,0.000000000000000000e+00
-8.832637947655390676e+00,7.678095027829165531e+00,0.000000000000000000e+00
-8.942456289913513601e+00,7.503611774685379210e+00,0.000000000000000000e+00
-9.049759130071283408e+00,7.328350447792462141e+00,0.000000000000000000e+00
-9.154637879708976911e+00,7.152386991290557106e+00,0.000000000000000000e+00
-9.257196192750919650e+00,6.975797683643619962e+00,0.000000000000000000e+00
-9.357387728082144918e+00,6.798540135487143310e+00,0.000000000000000000e+00
-9.454617442458237875e+00,6.620194404098262986e+00,0.000000000000000000e+00
-9.548142154314287922e+00,6.440303203107183627e+00,0.000000000000000000e+00
-9.637303024278388364e+00,6.258537761911720843e+00,0.000000000000000000e+00
-9.721586129418165356e+00,6.074721224220237303e+00,0.000000000000000000e+00
-9.800476470164218412e+00,5.888720358627915985e+00,0.000000000000000000e+00
-9.873638818417823870e+00,5.700548029694667562e+00,0.000000000000000000e+00
-9.941057926871115669e+00,5.510418389880959111e+00,0.000000000000000000e+00
-1.000275696009488691e+01,5.318560218299952069e+00,0.000000000000000000e+00
-1.005876673616871564e+01,5.125197642605974657e+00,0.000000000000000000e+00
-1.010908527408340341e+01,4.930530328761728143e+00,0.000000000000000000e+00
-1.015365871945597753e+01,4.734728819174599757e+00,0.000000000000000000e+00
-1.019243344615705382e+01,4.537963743327260602e+00,0.000000000000000000e+00
-1.022536045460236842e+01,4.340407999644300574e+00,0.000000000000000000e+00
-1.025239545165262989e+01,4.142236640100741774e+00,0.000000000000000000e+00
-1.027349892781539431e+01,3.943626752363234456e+00,0.000000000000000000e+00
-1.028863623167942265e+01,3.744757339524098505e+00,0.000000000000000000e+00
-1.029777764151330111e+01,3.545809197489951714e+00,0.000000000000000000e+00
-1.030089843396148730e+01,3.346964790088788000e+00,0.000000000000000000e+00
-1.029797529601218997e+01,3.148407004894254513e+00,0.000000000000000000e+00
-1.028898726829782362e+01,2.950319623315523554e+00,0.000000000000000000e+00
-1.027396297677084114e+01,2.752900082693003014e+00,0.000000000000000000e+00
-1.025294910454065977e+01,2.556347323487901058e+00,0.000000000000000000e+00
-1.022599842583937679e+01,2.360857759026394831e+00,0.000000000000000000e+00
-1.019316970146357271e+01,2.166625104262142720e+00,0.000000000000000000e+00
-1.015452756973046000e+01,1.973840208151693920e+00,0.000000000000000000e+00
-1.011014217424295580e+01,1.782690844117575057e+00,0.000000000000000000e+00
-1.006003509599672263e+01,1.593353028324635101e+00,0.000000000000000000e+00
-1.000411201836684683e+01,1.405986253517501616e+00,0.000000000000000000e+00
-9.942266181676293613e+00,1.220756787496922291e+00,0.000000000000000000e+00
-9.874457817780525559e+00,1.037847337601005338e+00,0.000000000000000000e+00
-9.800918075008924646e+00,8.574692237096028791e-01,0.000000000000000000e+00
-9.721950117206590747e+00,6.798249775700965225e-01,0.000000000000000000e+00
-9.637751215110050396e+00,5.050931384663494006e-01,0.000000000000000000e+00
-9.548432929000352232e+00,3.334386253210365192e-01,0.000000000000000000e+00
-9.454888799360348983e+00,1.650356978819113862e-01,0.000000000000000000e+00
-9.359007450200103051e+00,1.146147851708378761e-15,0.000000000000000000e+00
-9.261696600000249191e+00,-1.616635154984575329e-01,0.000000000000000000e+00
-9.162802117098872046e+00,-3.199721006297071013e-01,0.000000000000000000e+00
-9.062529692659632374e+00,-4.749470558789107844e-01,0.000000000000000000e+00
-8.961522321176657258e+00,-6.266506860804909040e-01,0.000000000000000000e+00
-8.861399813784716528e+00,-7.752720266768945434e-01,0.000000000000000000e+00
-8.763571585919965656e+00,-9.210884897341297117e-01,0.000000000000000000e+00
-8.667724207405084869e+00,-1.064262710833708381e+00,0.000000000000000000e+00
-8.573433580267188603e+00,-1.204917511636264038e+00,0.000000000000000000e+00
-8.480689273372709280e+00,-1.343209224129433776e+00,0.000000000000000000e+00
-8.389464395917549666e+00,-1.479288926693308470e+00,0.000000000000000000e+00
-8.299643208775206560e+00,-1.613287212654489711e+00,0.000000000000000000e+00
-8.211123822074373635e+00,-1.745328247066940897e+00,0.000000000000000000e+00
-8.123832581364291983e+00,-1.875534533066488097e+00,0.000000000000000000e+00
-8.037695622116094896e+00,-2.004022596923581201e+00,0.000000000000000000e+00
-7.952637641859381823e+00,-2.130902833833569598e+00,0.000000000000000000e+00
-7.868585652805527353e+00,-2.256280628389941256e+00,0.000000000000000000e+00
-7.785472862712052411e+00,-2.380257923794863562e+00,0.000000000000000000e+00
-7.703233144077143102e+00,-2.502932173184800213e+00,0.000000000000000000e+00
-7.621804518703106268e+00,-2.624397758885427034e+00,0.000000000000000000e+00
-7.541124849618940473e+00,-2.744744978146484993e+00,0.000000000000000000e+00
-7.461136481187720548e+00,-2.864061955618663724e+00,0.000000000000000000e+00
-7.381781497658314706e+00,-2.982433318438680203e+00,0.000000000000000000e+00
-7.303005323653517955e+00,-3.099941842535590020e+00,0.000000000000000000e+00
-7.224753775171785186e+00,-3.216667624997617381e+00,0.000000000000000000e+00
-7.146974390143268074e+00,-3.332688890761454914e+00,0.000000000000000000e+00
-7.069616319023881879e+00,-3.448082267444975368e+00,0.000000000000000000e+00
-6.992628655703630791e+00,-3.562922258945015130e+00,0.000000000000000000e+00
-6.915963073707433573e+00,-3.677282795312754260e+00,0.000000000000000000e+00
-6.839570157549229812e+00,-3.791235646375777701e+00,0.000000000000000000e+00
-6.763402952481023078e+00,-3.904852515252829281e+00,0.000000000000000000e+00
-6.687413739357533693e+00,-4.018203559123779911e+00,0.000000000000000000e+00
-6.611555847239371175e+00,-4.131358617376789333e+00,0.000000000000000000e+00
-6.535783112240046933e+00,-4.244387180580744712e+00,0.000000000000000000e+00
-6.460048638113564223e+00,-4.357357825623915382e+00,0.000000000000000000e+00
-6.384307103447577347e+00,-4.470339960079791730e+00,0.000000000000000000e+00
-6.308511482394634662e+00,-4.583401880369843973e+00,0.000000000000000000e+00
-6.232616150971598046e+00,-4.696613143300736759e+00,0.000000000000000000e+00
-6.156574196623830098e+00,-4.810042928344337554e+00,0.000000000000000000e+00
-6.080338697213962362e+00,-4.923761193421599458e+00,0.000000000000000000e+00
-6.003862639489394581e+00,-5.037838926434600850e+00,0.000000000000000000e+00
-5.927097376792148431e+00,-5.152347143390758610e+00,0.000000000000000000e+00
-5.849995025835770690e+00,-5.267359180384774575e+00,0.000000000000000000e+00
-5.772505240380158220e+00,-5.382948221463204952e+00,0.000000000000000000e+00
-5.694578171502460151e+00,-5.499190217481319642e+00,0.000000000000000000e+00
-5.616161789907942570e+00,-5.616161789907940793e+00,0.000000000000000000e+00
-5.537203338629459459e+00,-5.733941910773154405e+00,0.000000000000000000e+00
-5.457648726171710152e+00,-5.852611724252606784e+00,0.000000000000000000e+00
-5.377441685075672773e+00,-5.972254033209226876e+00,0.000000000000000000e+00
-5.296525306816646683e+00,-6.092955381008435367e+00,0.000000000000000000e+00
-5.214839379236670069e+00,-6.214803565007059660e+00,0.000000000000000000e+00
-5.132323197781016866e+00,-6.337891323358654461e+00,0.000000000000000000e+00
-5.048912148549567824e+00,-6.462312856214000867e+00,0.000000000000000000e+00
-4.964540683870754201e+00,-6.588168006254533360e+00,0.000000000000000000e+00
-4.879139109250348660e+00,-6.715558857436003670e+00,0.000000000000000000e+00
-4.792636027430273948e+00,-6.844593589614986762e+00,0.000000000000000000e+00
-4.704955699553348580e+00,-6.975383678739354387e+00,0.000000000000000000e+00
-4.616019857789692260e+00,-7.108047251282723522e+00,0.000000000000000000e+00
-4.525745501681136318e+00,-7.242706795992532420e+00,0.000000000000000000e+00
-4.434046349386196795e+00,-7.379492363074658279e+00,0.000000000000000000e+00
-4.340830690303532080e+00,-7.518539302659990931e+00,0.000000000000000000e+00
-4.246002865666757664e+00,-7.659991938682151336e+00,0.000000000000000000e+00
-4.149460780042142360e+00,-7.804000705941894545e+00,0.000000000000000000e+00
-4.051097692646946413e+00,-7.950726890416570214e+00,0.000000000000000000e+00
-3.950799254765668067e+00,-8.100338889354663507e+00,0.000000000000000000e+00
-3.848445409484185120e+00,-8.253017813842083328e+00,0.000000000000000000e+00
-3.743907537032103772e+00,-8.408954006271267545e+00,0.000000000000000000e+00
-3.637049385698794435e+00,-8.568351399916329214e+00,0.000000000000000000e+00
-3.527725587402889218e+00,-8.731427223841164320e+00,0.000000000000000000e+00
-3.415780465195704885e+00,-8.898412337276024431e+00,0.000000000000000000e+00
-3.301048271765142594e+00,-9.069555587204439107e+00,0.000000000000000000e+00
-3.183350780029815752e+00,-9.245121962820407546e+00,0.000000000000000000e+00
-3.062496865288165004e+00,-9.425396184948199974e+00,0.000000000000000000e+00
-2.938281382386552121e+00,-9.610685353422240951e+00,0.000000000000000000e+00
-2.810483013519086359e+00,-9.801319055515996581e+00,0.000000000000000000e+00
-2.678863007069085533e+00,-9.997652848898574973e+00,0.000000000000000000e+00
-2.543163579469976732e+00,-1.020007199540095044e+01,0.000000000000000000e+00
-2.403105436838364639e+00,-1.040899322302644947e+01,0.000000000000000000e+00
-2.258385486342580961e+00,-1.062486835785642647e+01,0.000000000000000000e+00
-2.108674256270640424e+00,-1.084818861347034336e+01,0.000000000000000000e+00
-1.953612912906792731e+00,-1.107948939553869039e+01,0.000000000000000000e+00
-1.792809734258674181e+00,-1.131935517519985268e+01,0.000000000000000000e+00
-1.625836139286997106e+00,-1.156842523904070319e+01,0.000000000000000000e+00
-1.452222193724247878e+00,-1.182740063608353687e+01,0.000000000000000000e+00
-1.271451354347239215e+00,-1.209705157107455342e+01,0.000000000000000000e+00
-1.082954610477001145e+00,-1.237822783926864822e+01,0.000000000000000000e+00
-8.861030670239494755e-01,-1.267186423055829003e+01,0.000000000000000000e+00
-6.802009505573506365e-01,-1.297900731270734909e+01,0.000000000000000000e+00
-4.644745048722671021e-01,-1.330080956497913824e+01,0.000000000000000000e+00
-2.379939936676256085e-01,-1.363466676556948620e+01,0.000000000000000000e+00
-2.565884329921268727e-15,-1.396802371485251903e+01,0.000000000000000000e+00
2.493589040935931533e-01,-1.428576204781048453e+01,0.000000000000000000e+00
5.089949749803945878e-01,-1.457570902326974327e+01,0.000000000000000000e+00
7.782258783857354256e-01,-1.484943435940553691e+01,0.000000000000000000e+00
1.055460653446367303e+00,-1.509379055202760611e+01,0.000000000000000000e+00
1.340247626108397982e+00,-1.531910046507076650e+01,0.000000000000000000e+00
1.631284134050975387e+00,-1.552063177975194286e+01,0.000000000000000000e+00
1.927208379485773948e+00,-1.569585268142764001e+01,0.000000000000000000e+00
2.227747748588455590e+00,-1.585124887941588234e+01,0.000000000000000000e+00
2.531348502940641509e+00,-1.598230544461189773e+01,0.000000000000000000e+00
2.836571334217913076e+00,-1.608699543779883356e+01,0.000000000000000000e+00
3.143224188308983980e+00,-1.617048662105997536e+01,0.000000000000000000e+00
3.450281112523166271e+00,-1.623229640814129482e+01,0.000000000000000000e+00
3.755555211848088604e+00,-1.626709679466212322e+01,0.000000000000000000e+00
4.058889194169058356e+00,-1.627931539130794647e+01,0.000000000000000000e+00
4.359825091674079722e+00,-1.627108875424133672e+01,0.000000000000000000e+00
4.656128577073667785e+00,-1.623785005206711674e+01,0.000000000000000000e+00
4.947078890696693598e+00,-1.618116594348289894e+01,0.000000000000000000e+00
5.233128577172409202e+00,-1.610591366988489526e+01,0.000000000000000000e+00
5.510470201519134470e+00,-1.600356750036037567e+01,0.000000000000000000e+00
5.781307005722710279e+00,-1.588401045315794491e+01,0.000000000000000000e+00
6.041646360814371342e+00,-1.573902686730461653e+01,0.000000000000000000e+00
6.293894124538639723e+00,-1.557793460443965650e+01,0.000000000000000000e+00
6.533185145921816428e+00,-1.539121968238452531e+01,0.000000000000000000e+00
6.761536111998659671e+00,-1.518665875563034540e+01,0.000000000000000000e+00
6.977621600753900033e+00,-1.496355781151371644e+01,0.000000000000000000e+00
7.180252432144563102e+00,-1.472169914513508360e+01,0.000000000000000000e+00
7.368101121805622711e+00,-1.446071266728000637e+01,0.000000000000000000e+00
7.540304879146692230e+00,-1.418125094299127298e+01,0.000000000000000000e+00
7.696238856595653210e+00,-1.388438243327408905e+01,0.000000000000000000e+00
7.847131922091455714e+00,-1.359163118275801807e+01,0.000000000000000000e+00
7.994642671357011565e+00,-1.330531976666340910e+01,0.000000000000000000e+00
8.138992092912424425e+00,-1.302511007787984632e+01,0.000000000000000000e+00
8.280373464249192850e+00,-1.275065698489732924e+01,0.000000000000000000e+00
8.418962135247722856e+00,-1.248162465710494828e+01,0.000000000000000000e+00
8.554922186035469167e+00,-1.221769506782044878e+01,0.000000000000000000e+00
8.688408262356876577e+00,-1.195856804998037859e+01,0.000000000000000000e+00
8.819566445883314287e+00,-1.170395998094658552e+01,0.000000000000000000e+00
8.948535002857934018e+00,-1.145360249729487556e+01,0.000000000000000000e+00
9.075444973438166585e+00,-1.120724119198911595e+01,0.000000000000000000e+00
9.200420788060046817e+00,-1.096463452754901624e+01,0.000000000000000000e+00
9.323580787199748698e+00,-1.072555277976738708e+01,0.000000000000000000e+00
9.445037711732792829e+00,-1.048977708568413370e+01,0.000000000000000000e+00
9.564899161248101578e+00,-1.025709857506379130e+01,0.000000000000000000e+00
9.683268005998490580e+00,-1.002731755676980008e+01,0.000000000000000000e+00
9.800242765138808210e+00,-9.800242765138811762e+00,0.000000000000000000e+00
9.915917987652871801e+00,-9.575690692583938457e+00,0.000000000000000000e+00
1.003038453881754499e+01,-9.353484902209308061e+00,0.000000000000000000e+00
1.014372996755076350e+01,-9.133455487047902110e+00,0.000000000000000000e+00
1.025603873794661602e+01,-8.915438457426466456e+00,0.000000000000000000e+00
1.036739253018329343e+01,-8.699275248346895140e+00,0.000000000000000000e+00
1.047787049938123971e+01,-8.484812232283930555e+00,0.000000000000000000e+00
1.058754947733985041e+01,-8.271900226574329551e+00,0.000000000000000000e+00
1.069650423754783652e+01,-8.060394090145873491e+00,0.000000000000000000e+00
1.080480769544047348e+01,-7.850152297657102984e+00,0.000000000000000000e+00
1.091253108935864802e+01,-7.641036529716749293e+00,0.000000000000000000e+00
1.101974420616508787e+01,-7.432911320483333029e+00,0.000000000000000000e+00
1.112651555983284091e+01,-7.225643690385696871e+00,0.000000000000000000e+00
1.123291254855267063e+01,-7.019102784268262063e+00,0.000000000000000000e+00
1.133900164752168749e+01,-6.813159549084412347e+00,0.000000000000000000e+00
1.144484858726047705e+01,-6.607686412689353084e+00,0.000000000000000000e+00
1.155051849183123558e+01,-6.402556948994637231e+00,0.000000000000000000e+00
1.165607604452490520e+01,-6.197645569037315560e+00,0.000000000000000000e+00
1.176158567194952376e+01,-5.992827226267317009e+00,0.000000000000000000e+00
1.186711167993011351e+01,-5.787977098452488534e+00,0.000000000000000000e+00
1.197271840116791530e+01,-5.582970279397866165e+00,0.000000000000000000e+00
1.207847037344823171e+01,-5.377681484908459097e+00,0.000000000000000000e+00
1.218443250007979017e+01,-5.171984746089705709e+00,0.000000000000000000e+00
1.229067018576066950e+01,-4.965753088137573101e+00,0.000000000000000000e+00
1.239724950718898633e+01,-4.758858219170392090e+00,0.000000000000000000e+00
1.250423740527811667e+01,-4.551170217719284317e+00,0.000000000000000000e+00
1.261170182579360066e+01,-4.342557189196424083e+00,0.000000000000000000e+00
1.271971189002992553e+01,-4.132884923478613359e+00,0.000000000000000000e+00
1.282833811389506806e+01,-3.922016553543251405e+00,0.000000000000000000e+00
1.293765257276143643e+01,-3.709812177789908905e+00,0.000000000000000000e+00
1.304772908142688870e+01,-3.496128470428408352e+00,0.000000000000000000e+00
1.315864344874441905e+01,-3.280818291200951364e+00,0.000000000000000000e+00
1.327047366713023990e+01,-3.063730250909781461e+00,0.000000000000000000e+00
1.338330012486556519e+01,-2.844708258339409657e+00,0.000000000000000000e+00
1.349720591148269655e+01,-2.623591057569445884e+00,0.000000000000000000e+00
1.361227701600913598e+01,-2.400211706800124745e+00,0.000000000000000000e+00
1.372860263466757402e+01,-2.174397044729781570e+00,0.000000000000000000e+00
1.384627548760184190e+01,-1.945967114546831578e+00,0.000000000000000000e+00
1.396539207724535991e+01,-1.714734534041470138e+00,0.000000000000000000e+00
1.408605312133579091e+01,-1.480503841229692474e+00,0.000000000000000000e+00
1.420836382124107011e+01,-1.243070761610473918e+00,0.000000000000000000e+00
1.433243436902312773e+01,-1.002221442815390384e+00,0.000000000000000000e+00
1.445838028736487679e+01,-7.577316028905001222e-01,0.000000000000000000e+00
1.458632295752930119e+01,-5.093656217320665647e-01,0.000000000000000000e+00
1.471638922662166316e+01,-2.568755294596036243e-01,0.000000000000000000e+00
1.484870918653630945e+01,-3.636884835352317863e-15,0.000000000000000000e+00
