1.470681027293288068e+01,0.000000000000000000e+00,0.000000000000000000e+00
1.478064232629359687e+01,2.579970714862157566e-01,0.000000000000000000e+00
1.485538911975286247e+01,5.187616191611068572e-01,0.000000000000000000e+00
1.493103998941443145e+01,7.825026482314935139e-01,0.000000000000000000e+00
1.500757658658347893e+01,1.049431985697852898e+00,0.000000000000000000e+00
1.508504205687976629e+01,1.319770168788766185e+00,0.000000000000000000e+00
1.516357978358076686e+01,1.593756457043328245e+00,0.000000000000000000e+00
1.524333083680884471e+01,1.871645683495279489e+00,0.000000000000000000e+00
1.532433422921161537e+01,2.153694723831828473e+00,0.000000000000000000e+00
1.540645521508029425e+01,2.440142786625525861e+00,0.000000000000000000e+00
1.548950576814839764e+01,2.731217784763959155e+00,0.000000000000000000e+00
1.557193015482394571e+01,3.026876597365638855e+00,0.000000000000000000e+00
1.565020317496725077e+01,3.326553376308301946e+00,0.000000000000000000e+00
1.572070940223116153e+01,3.629411742903740024e+00,0.000000000000000000e+00
1.578122808699555080e+01,3.934702081343310454e+00,0.000000000000000000e+00
1.583168823601073605e+01,4.242088077660381984e+00,0.000000000000000000e+00
1.587221435872976372e+01,4.551284229140455828e+00,0.000000000000000000e+00
1.590293744955788569e+01,4.862015903647783688e+00,0.000000000000000000e+00
1.592399449599090211e+01,5.174019454451835642e+00,0.000000000000000000e+00
1.593552798548035909e+01,5.487042317751119391e+00,0.000000000000000000e+00
1.593768541155421126e+01,5.800843092904422349e+00,0.000000000000000000e+00
1.593053648834800562e+01,6.115160016696189693e+00,0.000000000000000000e+00
1.591388742794633693e+01,6.429627875878708210e+00,0.000000000000000000e+00
1.588770399855527238e+01,6.743930234779351274e+00,0.000000000000000000e+00
1.585201822719696807e+01,7.057773234781859806e+00,0.000000000000000000e+00
1.580687043621928289e+01,7.370864735872894258e+00,0.000000000000000000e+00
1.575230917990227297e+01,7.682914532203517055e+00,0.000000000000000000e+00
1.568839117570313135e+01,7.993634565644568646e+00,0.000000000000000000e+00
1.561517995966935679e+01,8.302738461647505730e+00,0.000000000000000000e+00
1.553274274095489105e+01,8.609939895198589710e+00,0.000000000000000000e+00
1.544115395961408943e+01,8.914954395181647229e+00,0.000000000000000000e+00
1.534051672101652741e+01,9.217512373192629838e+00,0.000000000000000000e+00
1.523099839807847822e+01,9.517384097939304510e+00,0.000000000000000000e+00
1.511274649887750066e+01,9.814332330440141305e+00,0.000000000000000000e+00
1.498569907498666254e+01,1.010798165691617889e+01,0.000000000000000000e+00
1.484978310136082591e+01,1.039793006835201261e+01,0.000000000000000000e+00
1.470523090542589628e+01,1.068397563693069152e+01,0.000000000000000000e+00
1.455236661978457491e+01,1.096599480491937584e+01,0.000000000000000000e+00
1.439148855721887799e+01,1.124386315379100587e+01,0.000000000000000000e+00
1.422266910021092912e+01,1.151729034676680818e+01,0.000000000000000000e+00
1.404577166400018307e+01,1.178580182286284206e+01,0.000000000000000000e+00
1.386067107376201335e+01,1.204889754165431626e+01,0.000000000000000000e+00
1.366809381321379036e+01,1.230680694725998237e+01,0.000000000000000000e+00
1.346836918729981036e+01,1.255945745282871151e+01,0.000000000000000000e+00
1.326148207158246350e+01,1.280646437383244596e+01,0.000000000000000000e+00
1.304770513711519975e+01,1.304770513711519797e+01,0.000000000000000000e+00
1.282714980796377091e+01,1.328290246567936705e+01,0.000000000000000000e+00
1.259985856895949219e+01,1.351169408008853345e+01,0.000000000000000000e+00
1.236636246158674446e+01,1.373423691275218239e+01,0.000000000000000000e+00
1.212685659312185571e+01,1.395035270362718904e+01,0.000000000000000000e+00
1.188152322711516540e+01,1.415984799140604977e+01,0.000000000000000000e+00
1.163058528910988620e+01,1.436257670236019734e+01,0.000000000000000000e+00
1.137389275887136009e+01,1.455791886217884823e+01,0.000000000000000000e+00
1.111190551186684772e+01,1.474599666785819174e+01,0.000000000000000000e+00
1.084491722549986470e+01,1.492674799818441400e+01,0.000000000000000000e+00
1.057318929150606834e+01,1.510007921157146171e+01,0.000000000000000000e+00
1.029699084200956527e+01,1.526591671549651963e+01,0.000000000000000000e+00
1.001656581291032921e+01,1.542415875304355311e+01,0.000000000000000000e+00
9.732236666436820727e+00,1.557483438209821358e+01,0.000000000000000000e+00
9.443544075804414462e+00,1.571669664603407135e+01,0.000000000000000000e+00
9.151126489589408664e+00,1.585021602645827699e+01,0.000000000000000000e+00
8.855568360072389567e+00,1.597586822164123355e+01,0.000000000000000000e+00
8.557157165251036091e+00,1.609367194881561502e+01,0.000000000000000000e+00
8.255657310871134413e+00,1.620263976816608675e+01,0.000000000000000000e+00
7.951184978574065809e+00,1.630234510667799697e+01,0.000000000000000000e+00
7.644671592950824213e+00,1.639405113610587250e+01,0.000000000000000000e+00
7.336400767513920229e+00,1.647782591193537982e+01,0.000000000000000000e+00
7.025617811904652399e+00,1.655131834354907738e+01,0.000000000000000000e+00
6.713470060602307221e+00,1.661642148780067885e+01,0.000000000000000000e+00
6.400366834221440371e+00,1.667352564985915464e+01,0.000000000000000000e+00
6.085880009440935545e+00,1.672081790344924812e+01,0.000000000000000000e+00
5.770547879249044776e+00,1.675888792106422187e+01,0.000000000000000000e+00
5.455070306620696918e+00,1.678898007682008142e+01,0.000000000000000000e+00
5.139193404110272034e+00,1.680954420273050687e+01,0.000000000000000000e+00
4.823175465345739710e+00,1.682041178302583262e+01,0.000000000000000000e+00
4.507788157687587116e+00,1.682329443424738358e+01,0.000000000000000000e+00
4.192948563366304171e+00,1.681699815324608949e+01,0.000000000000000000e+00
3.878725373493684625e+00,1.680060537826170375e+01,0.000000000000000000e+00
3.565919038672543007e+00,1.677633007730129933e+01,0.000000000000000000e+00
3.254767091816162861e+00,1.674432511325084150e+01,0.000000000000000000e+00
2.945465697760271784e+00,1.670456606201541305e+01,0.000000000000000000e+00
2.638546684784167873e+00,1.665912812759684769e+01,0.000000000000000000e+00
2.334101229627932650e+00,1.660799321827434127e+01,0.000000000000000000e+00
2.032089261800386293e+00,1.655003892066950399e+01,0.000000000000000000e+00
1.732717036106716790e+00,1.648570137755966059e+01,0.000000000000000000e+00
1.436194664368844132e+00,1.641578013068266273e+01,0.000000000000000000e+00
1.142624534907013434e+00,1.634029213043590190e+01,0.000000000000000000e+00
8.520761791504900540e-01,1.625858204272764951e+01,0.000000000000000000e+00
5.646876949709364046e-01,1.617053985893347345e+01,0.000000000000000000e+00
2.806271725781231963e-01,1.607711994954910395e+01,0.000000000000000000e+00
9.783884385278725401e-16,1.597829576999776080e+01,0.000000000000000000e+00
-2.770836428021700715e-01,1.587411126464740718e+01,0.000000000000000000e+00
-5.505136704559514538e-01,1.576464890288416854e+01,0.000000000000000000e+00
-8.201447017920542315e-01,1.564929315861027526e+01,0.000000000000000000e+00
-1.085864867696550551e+00,1.552859107281701512e+01,0.000000000000000000e+00
-1.347576466189071676e+00,1.540286949051137988e+01,0.000000000000000000e+00
-1.605172219058143668e+00,1.527219350391237640e+01,0.000000000000000000e+00
-1.858546385836746584e+00,1.513664561871461345e+01,0.000000000000000000e+00
-2.107594309189164683e+00,1.499631273467385562e+01,0.000000000000000000e+00
-2.352213449586129101e+00,1.485129123016344010e+01,0.000000000000000000e+00
-2.592303924085566535e+00,1.470168611559012284e+01,0.000000000000000000e+00
-2.827769264448165121e+00,1.454761172565421923e+01,0.000000000000000000e+00
-3.058517238010113548e+00,1.438919228830126151e+01,0.000000000000000000e+00
-3.284460413702093629e+00,1.422656104199197280e+01,0.000000000000000000e+00
-3.505517916540292322e+00,1.405986442182809881e+01,0.000000000000000000e+00
-3.721613160629944073e+00,1.388924940158794108e+01,0.000000000000000000e+00
-3.932683454738319373e+00,1.371489708310858546e+01,0.000000000000000000e+00
-4.138611913545672039e+00,1.353678961431052663e+01,0.000000000000000000e+00
-4.339131977643268634e+00,1.335447505322339445e+01,0.000000000000000000e+00
-4.534369582404901067e+00,1.316876546462269282e+01,0.000000000000000000e+00
-4.724334059379359907e+00,1.298000115010518662e+01,0.000000000000000000e+00
-4.908981862999821644e+00,1.278833497008104025e+01,0.000000000000000000e+00
-5.088154558526316151e+00,1.259362445595868252e+01,0.000000000000000000e+00
-5.261466901411288255e+00,1.239523924739315142e+01,0.000000000000000000e+00
-5.429358168975980448e+00,1.219453810621731016e+01,0.000000000000000000e+00
-5.591749747733739007e+00,1.199154603177258593e+01,0.000000000000000000e+00
-5.748066956539426897e+00,1.178528376264779709e+01,0.000000000000000000e+00
-5.898765056819475383e+00,1.157697827002059121e+01,0.000000000000000000e+00
-6.043902260676030203e+00,1.136692693561993117e+01,0.000000000000000000e+00
-6.183002753234865700e+00,1.115443223781039528e+01,0.000000000000000000e+00
-6.316074577011477231e+00,1.093976207177798798e+01,0.000000000000000000e+00
-6.443262517794160260e+00,1.072338960776295735e+01,0.000000000000000000e+00
-6.564575225248727719e+00,1.050551640145297583e+01,0.000000000000000000e+00
-6.679969035292983470e+00,1.028625027681396276e+01,0.000000000000000000e+00
-6.789334219828841555e+00,1.006560191650614122e+01,0.000000000000000000e+00
-6.892593043968744837e+00,9.843643017028522735e+00,0.000000000000000000e+00
-6.989786341785527490e+00,9.620615548789944071e+00,0.000000000000000000e+00
-7.080977743037271566e+00,9.396774845906987750e+00,0.000000000000000000e+00
-7.166185448731305030e+00,9.172299099847437631e+00,0.000000000000000000e+00
-7.245404378202215057e+00,8.947329264588530506e+00,0.000000000000000000e+00
-7.318610247205004526e+00,8.721980054903362145e+00,0.000000000000000000e+00
-7.385666635847201178e+00,8.496237564144898613e+00,0.000000000000000000e+00
-7.446392984113147762e+00,8.270057238492361407e+00,0.000000000000000000e+00
-7.500599203186164132e+00,8.043407891932911724e+00,0.000000000000000000e+00
-7.548215438552671408e+00,7.816405901643267207e+00,0.000000000000000000e+00
-7.589466457823860424e+00,7.589466457823861312e+00,0.000000000000000000e+00
-7.624638391282099192e+00,7.363027706424186469e+00,0.000000000000000000e+00
-7.654040282607939005e+00,7.137508033437276467e+00,0.000000000000000000e+00
-7.678003223776577180e+00,6.913305154820287513e+00,0.000000000000000000e+00
-7.696879459625394659e+00,6.690795236822480341e+00,0.000000000000000000e+00
-7.711041463028705856e+00,6.470332047620102500e+00,0.000000000000000000e+00
-7.720880981640492635e+00,6.252246141131463375e+00,0.000000000000000000e+00
-7.726808057189724188e+00,6.036844073858627091e+00,0.000000000000000000e+00
-7.729250018336133010e+00,5.824407655574287190e+00,0.000000000000000000e+00
-7.728153298201280386e+00,5.614832034088127699e+00,0.000000000000000000e+00
-7.724681420607729443e+00,5.408880160978019269e+00,0.000000000000000000e+00
-7.719013356399909931e+00,5.206540250512185608e+00,0.000000000000000000e+00
-7.711281360502519000e+00,5.007764668792768603e+00,0.000000000000000000e+00
-7.702147404818406429e+00,4.812835857158987984e+00,0.000000000000000000e+00
-7.692642244229729975e+00,4.622205780825439092e+00,0.000000000000000000e+00
-7.682877022341870976e+00,4.435711116999867976e+00,0.000000000000000000e+00
-7.672954279796634580e+00,4.253188008674538167e+00,0.000000000000000000e+00
-7.662968030000182118e+00,4.074472376071478052e+00,0.000000000000000000e+00
-7.653003844363098551e+00,3.899400223781700259e+00,0.000000000000000000e+00
-7.643138946891315122e+00,3.727807943335851970e+00,0.000000000000000000e+00
-7.633442317959851842e+00,3.559532610949123210e+00,0.000000000000000000e+00
-7.623974807094676009e+00,3.394412280188165543e+00,0.000000000000000000e+00
-7.614789254581609157e+00,3.232286269313402016e+00,0.000000000000000000e+00
-7.605930621714792395e+00,3.072995443055477338e+00,0.000000000000000000e+00
-7.597436129491188517e+00,2.916382488590338884e+00,0.000000000000000000e+00
-7.589335405551445035e+00,2.762292185483344653e+00,0.000000000000000000e+00
-7.581650639161729544e+00,2.610571669378622950e+00,0.000000000000000000e+00
-7.574396744025428951e+00,2.461070689216258156e+00,0.000000000000000000e+00
-7.567581528708045902e+00,2.313641857765880605e+00,0.000000000000000000e+00
-7.561205874453393427e+00,2.168140895271903013e+00,0.000000000000000000e+00
-7.555263920163880265e+00,2.024426866011912018e+00,0.000000000000000000e+00
-7.549743254312881291e+00,1.882362407576606333e+00,0.000000000000000000e+00
-7.544625113552165807e+00,1.741813952686286360e+00,0.000000000000000000e+00
-7.539884587772911040e+00,1.602651943365801968e+00,0.000000000000000000e+00
-7.535490831374278109e+00,1.464751037306976977e+00,0.000000000000000000e+00
-7.531407280489360367e+00,1.327990306254439590e+00,0.000000000000000000e+00
-7.527591875914123598e+00,1.192253426258185645e+00,0.000000000000000000e+00
-7.523997291481265393e+00,1.057428859643308572e+00,0.000000000000000000e+00
-7.520571167617081443e+00,9.234100285549083909e-01,0.000000000000000000e+00
-7.517256349816049621e+00,7.900954799434684039e-01,0.000000000000000000e+00
-7.513991131764520937e+00,6.573890418637231559e-01,0.000000000000000000e+00
-7.510709502841838692e+00,5.251999709675595485e-01,0.000000000000000000e+00
-7.507341399724350772e+00,3.934430910791912317e-01,0.000000000000000000e+00
-7.503812961815036431e+00,2.620389227487329720e-01,0.000000000000000000e+00
-7.500046790219106363e+00,1.309138036879438360e-01,0.000000000000000000e+00
-7.495962209983570546e+00,9.179906126985898574e-16,0.000000000000000000e+00
-7.491475535316806322e+00,-1.307641918771093592e-01,0.000000000000000000e+00
-7.486500337502228319e+00,-2.614343525858063844e-01,0.000000000000000000e+00
-7.480947715218588812e+00,-3.920598566871452140e-01,0.000000000000000000e+00
-7.474726566977989428e+00,-5.226837989782309180e-01,0.000000000000000000e+00
-7.467753492829736217e+00,-6.533437726287227854e-01,0.000000000000000000e+00
-7.460060316515121137e+00,-7.840839346031425183e-01,0.000000000000000000e+00
-7.451754303386898037e+00,-9.149603800976886525e-01,0.000000000000000000e+00
-7.442940914543124009e+00,-1.046037128770471947e+00,0.000000000000000000e+00
-7.433722038058191650e+00,-1.177385904526016880e+00,0.000000000000000000e+00
-7.424195647697206191e+00,-1.309086002747376076e+00,0.000000000000000000e+00
-7.414455465808675427e+00,-1.441224145531736056e+00,0.000000000000000000e+00
-7.404590630763234316e+00,-1.573894325049094878e+00,0.000000000000000000e+00
-7.394685369302873568e+00,-1.707197635153620885e+00,0.000000000000000000e+00
-7.384818674161783392e+00,-1.841242091387781388e+00,0.000000000000000000e+00
-7.375063987316031522e+00,-1.976142439529186667e+00,0.000000000000000000e+00
-7.365488889215474622e+00,-2.112019952840303638e+00,0.000000000000000000e+00
-7.356154794346846160e+00,-2.249002218191053171e+00,0.000000000000000000e+00
-7.347116653472602898e+00,-2.387222911234044176e+00,0.000000000000000000e+00
-7.338422662885192516e+00,-2.526821560822049229e+00,0.000000000000000000e+00
-7.330113981011479929e+00,-2.667943302866712330e+00,0.000000000000000000e+00
-7.322224452696665331e+00,-2.810738623847132800e+00,0.000000000000000000e+00
-7.314780341491602833e+00,-2.955363094186051587e+00,0.000000000000000000e+00
-7.307800070261533776e+00,-3.101977091720799606e+00,0.000000000000000000e+00
-7.301293970428290869e+00,-3.250745515504930072e+00,0.000000000000000000e+00
-7.295264040151735685e+00,-3.401837490185527724e+00,0.000000000000000000e+00
-7.289703711749710990e+00,-3.555426061209855160e+00,0.000000000000000000e+00
-7.284597628648985079e+00,-3.711687881123423516e+00,0.000000000000000000e+00
-7.279921432152813843e+00,-3.870802887230191835e+00,0.000000000000000000e+00
-7.275641558303495238e+00,-4.032953970893554896e+00,0.000000000000000000e+00
-7.271715045110844322e+00,-4.198326638764998897e+00,0.000000000000000000e+00
-7.268089350410047444e+00,-4.367108666235000491e+00,0.000000000000000000e+00
-7.264702180604341031e+00,-4.539489743408510414e+00,0.000000000000000000e+00
-7.261481330540099144e+00,-4.715661113914701552e+00,0.000000000000000000e+00
-7.258344534753530475e+00,-4.895815206867935032e+00,0.000000000000000000e+00
-7.255199330319917372e+00,-5.080145262304045062e+00,0.000000000000000000e+00
-7.251942931527561420e+00,-5.268844950422640672e+00,0.000000000000000000e+00
-7.248462116589878157e+00,-5.462107984972975672e+00,0.000000000000000000e+00
-7.244633126600110273e+00,-5.660127731127085227e+00,0.000000000000000000e+00
-7.240321576923928859e+00,-5.863096808190294773e+00,0.000000000000000000e+00
-7.235382381215875292e+00,-6.071206687504830057e+00,0.000000000000000000e+00
-7.229651581465651233e+00,-6.284640238800196066e+00,0.000000000000000000e+00
-7.222859307070100598e+00,-6.503491731480212756e+00,0.000000000000000000e+00
-7.214669394915840250e+00,-6.727788052254694229e+00,0.000000000000000000e+00
-7.204744702545750279e+00,-6.957541084599164982e+00,0.000000000000000000e+00
-7.192748734178358916e+00,-7.192748734178357140e+00,0.000000000000000000e+00
-7.178346115941089067e+00,-7.433395005937792455e+00,0.000000000000000000e+00
-7.161203067272012390e+00,-7.679450095475285565e+00,0.000000000000000000e+00
-7.140987868096035029e+00,-7.930870494550896765e+00,0.000000000000000000e+00
-7.117371321385951077e+00,-8.187599110583247963e+00,0.000000000000000000e+00
-7.090027210723492956e+00,-8.449565399970426327e+00,0.000000000000000000e+00
-7.058632752480473727e+00,-8.716685515063311129e+00,0.000000000000000000e+00
-7.022869042245370785e+00,-8.988862464609788105e+00,0.000000000000000000e+00
-6.982421750536084382e+00,-9.265986626418628802e+00,0.000000000000000000e+00
-6.937002260812145771e+00,-9.547964494049489659e+00,0.000000000000000000e+00
-6.886360755986675741e+00,-9.834742387369484362e+00,0.000000000000000000e+00
-6.830250813930491383e+00,-1.012626326188572889e+01,0.000000000000000000e+00
-6.768425800766031841e+00,-1.042246175077827708e+01,0.000000000000000000e+00
-6.700641265323582729e+00,-1.072326758361464272e+01,0.000000000000000000e+00
-6.626667966570348511e+00,-1.102862753311245214e+01,0.000000000000000000e+00
-6.546281636841249529e+00,-1.133849239566418454e+01,0.000000000000000000e+00
-6.459256832599178821e+00,-1.165280778957216157e+01,0.000000000000000000e+00
-6.365376874743387425e+00,-1.197153275023341479e+01,0.000000000000000000e+00
-6.264428627357344403e+00,-1.229463343503872785e+01,0.000000000000000000e+00
-6.156109156485905842e+00,-1.262189425272452148e+01,0.000000000000000000e+00
-6.039898922332723075e+00,-1.295260503812076003e+01,0.000000000000000000e+00
-5.914896135341117578e+00,-1.328507423380008490e+01,0.000000000000000000e+00
-5.778790577922205962e+00,-1.361397745459803765e+01,0.000000000000000000e+00
-5.630168985719138597e+00,-1.393515723906559067e+01,0.000000000000000000e+00
-5.470048439626055803e+00,-1.424996337341520913e+01,0.000000000000000000e+00
-5.298634217045462336e+00,-1.455787786528203753e+01,0.000000000000000000e+00
-5.115610971869081425e+00,-1.485681303045997659e+01,0.000000000000000000e+00
-4.921526556445621203e+00,-1.514690126054349761e+01,0.000000000000000000e+00
-4.717029447858625879e+00,-1.542870812099516620e+01,0.000000000000000000e+00
-4.502462918743234788e+00,-1.570195421568327099e+01,0.000000000000000000e+00
-4.278074699941773140e+00,-1.596599213875768797e+01,0.000000000000000000e+00
-4.044215560176491309e+00,-1.622046265986485380e+01,0.000000000000000000e+00
-3.801255325832586962e+00,-1.646504573583798958e+01,0.000000000000000000e+00
-3.549591990653933937e+00,-1.669951735559402195e+01,0.000000000000000000e+00
-3.289635575863613770e+00,-1.692370791288797705e+01,0.000000000000000000e+00
-3.021809460271930980e+00,-1.713753305438900654e+01,0.000000000000000000e+00
-2.746519070842436960e+00,-1.734083894361531009e+01,0.000000000000000000e+00
-2.464211249900884138e+00,-1.753377411710324907e+01,0.000000000000000000e+00
-2.174961669528163721e+00,-1.771364130420340288e+01,0.000000000000000000e+00
-1.879507855674308114e+00,-1.788232273345976964e+01,0.000000000000000000e+00
-1.578313249776932770e+00,-1.804020299509155123e+01,0.000000000000000000e+00
-1.271802048229173865e+00,-1.818761663632799142e+01,0.000000000000000000e+00
-9.601490405066048783e-01,-1.832073508249744975e+01,0.000000000000000000e+00
-6.440300763409044782e-01,-1.844260838791372592e+01,0.000000000000000000e+00
-3.238620714736688000e-01,-1.855404564838476844e+01,0.000000000000000000e+00
-3.426135369349054207e-15,-1.865101225776261273e+01,0.000000000000000000e+00
3.270455443957105413e-01,-1.873642668994149574e+01,0.000000000000000000e+00
6.568968548382088102e-01,-1.881106471589742313e+01,0.000000000000000000e+00
9.889529946108153169e-01,-1.887034726790706785e+01,0.000000000000000000e+00
1.322981163057538101e+00,-1.891951207680245872e+01,0.000000000000000000e+00
1.658358814586779140e+00,-1.895512798747224537e+01,0.000000000000000000e+00
1.994655037720313606e+00,-1.897787498932225247e+01,0.000000000000000000e+00
2.331669036242536297e+00,-1.898992038654083458e+01,0.000000000000000000e+00
2.668394599593812977e+00,-1.898661414132335068e+01,0.000000000000000000e+00
3.005072481850323385e+00,-1.897328093399079307e+01,0.000000000000000000e+00
3.340672825096234089e+00,-1.894589705825924852e+01,0.000000000000000000e+00
3.675024324222196714e+00,-1.890636114596584250e+01,0.000000000000000000e+00
4.007926915863046169e+00,-1.885581364495839551e+01,0.000000000000000000e+00
4.338131380521167202e+00,-1.879051141420245585e+01,0.000000000000000000e+00
4.666189805189121742e+00,-1.871506510291188974e+01,0.000000000000000000e+00
4.991034551637886452e+00,-1.862679452904437838e+01,0.000000000000000000e+00
5.312166321390378698e+00,-1.852572555730202097e+01,0.000000000000000000e+00
5.629845669855077617e+00,-1.841439545090708307e+01,0.000000000000000000e+00
5.942927743836449395e+00,-1.829045087982752449e+01,0.000000000000000000e+00
6.251005288529226434e+00,-1.815423755535569583e+01,0.000000000000000000e+00
6.554235796884928966e+00,-1.800761485372250092e+01,0.000000000000000000e+00
6.852199693691531479e+00,-1.785059049113401741e+01,0.000000000000000000e+00
7.143481566564933161e+00,-1.768073731302651552e+01,0.000000000000000000e+00
7.428449082478167043e+00,-1.750032934535749263e+01,0.000000000000000000e+00
7.706782760739181448e+00,-1.730971748911128216e+01,0.000000000000000000e+00
7.978057962043332729e+00,-1.710900051182830239e+01,0.000000000000000000e+00
8.241834641879167478e+00,-1.689826522790618313e+01,0.000000000000000000e+00
8.497685497862235593e+00,-1.667764683058319619e+01,0.000000000000000000e+00
8.745195988450058522e+00,-1.644732154011861880e+01,0.000000000000000000e+00
8.983972935646928448e+00,-1.620751620797305392e+01,0.000000000000000000e+00
9.213654094107608827e+00,-1.595851701435937287e+01,0.000000000000000000e+00
9.433911990805023962e+00,-1.570066616459733133e+01,0.000000000000000000e+00
9.644492990339964322e+00,-1.543441514753542876e+01,0.000000000000000000e+00
9.845097119081518855e+00,-1.516012011902553525e+01,0.000000000000000000e+00
1.003586384999437264e+01,-1.487878002930964882e+01,0.000000000000000000e+00
1.021616572249765298e+01,-1.459019671313213884e+01,0.000000000000000000e+00
1.038453812922570307e+01,-1.429309053350980818e+01,0.000000000000000000e+00
1.054229397218230169e+01,-1.399009662378459851e+01,0.000000000000000000e+00
1.068927166284507280e+01,-1.368164381909713967e+01,0.000000000000000000e+00
1.082393197052065403e+01,-1.336644281292478986e+01,0.000000000000000000e+00
1.094555055651207809e+01,-1.304439919864482533e+01,0.000000000000000000e+00
1.105476472530913767e+01,-1.271705208925688346e+01,0.000000000000000000e+00
1.115491068717793688e+01,-1.238878341098174118e+01,0.000000000000000000e+00
1.124956586560607441e+01,-1.206368243563768061e+01,0.000000000000000000e+00
1.134068668632140309e+01,-1.174362484288693764e+01,0.000000000000000000e+00
1.142977668334017238e+01,-1.142977668334017771e+01,0.000000000000000000e+00
1.151771766876758107e+01,-1.112253066412596425e+01,0.000000000000000000e+00
1.160435453127164429e+01,-1.082123566530073688e+01,0.000000000000000000e+00
1.168942170704536032e+01,-1.052520258052659763e+01,0.000000000000000000e+00
1.177289985572577713e+01,-1.023402571022098861e+01,0.000000000000000000e+00
1.185496633657453103e+01,-9.947497880638765722e+00,0.000000000000000000e+00
1.193578608876905101e+01,-9.665408998316271649e+00,0.000000000000000000e+00
1.201545708644601085e+01,-9.387503917548546184e+00,0.000000000000000000e+00
1.209403221097941739e+01,-9.113506954657189851e+00,0.000000000000000000e+00
1.217155187647229830e+01,-8.843150070080582736e+00,0.000000000000000000e+00
1.224808094647092638e+01,-8.576198607321666501e+00,0.000000000000000000e+00
1.232369337211875049e+01,-8.312436138448656919e+00,0.000000000000000000e+00
1.239845184873003525e+01,-8.051648774458994851e+00,0.000000000000000000e+00
1.247241840612528385e+01,-7.793632006177475091e+00,0.000000000000000000e+00
1.254565284051447982e+01,-7.538188731856407365e+00,0.000000000000000000e+00
1.261820465592145091e+01,-7.285123854786047737e+00,0.000000000000000000e+00
1.269012388205690023e+01,-7.034250531881087731e+00,0.000000000000000000e+00
1.276146748590838698e+01,-6.785392624098787628e+00,0.000000000000000000e+00
1.283228466496568387e+01,-6.538375611957109257e+00,0.000000000000000000e+00
1.290261961269024660e+01,-6.293028062978073045e+00,0.000000000000000000e+00
1.297252394516647556e+01,-6.049187261230218660e+00,0.000000000000000000e+00
1.304204522164144997e+01,-5.806692647765898663e+00,0.000000000000000000e+00
1.311122383617522225e+01,-5.565384328143468728e+00,0.000000000000000000e+00
1.318010488359607457e+01,-5.325108032230845723e+00,0.000000000000000000e+00
1.324873628956928151e+01,-5.085713371234216851e+00,0.000000000000000000e+00
1.331715918294978707e+01,-4.847049547578540007e+00,0.000000000000000000e+00
1.338541236236369159e+01,-4.608967091630669977e+00,0.000000000000000000e+00
1.345354167605056617e+01,-4.371320674639098236e+00,0.000000000000000000e+00
1.352158893757422220e+01,-4.133964600288456914e+00,0.000000000000000000e+00
1.358959034651955022e+01,-3.896752326216917250e+00,0.000000000000000000e+00
1.365758986197985791e+01,-3.659540174072990482e+00,0.000000000000000000e+00
1.372563624754595324e+01,-3.422185473352603591e+00,0.000000000000000000e+00
1.379377237780577659e+01,-3.184543277661782579e+00,0.000000000000000000e+00
1.386203622473465913e+01,-2.946466757674901071e+00,0.000000000000000000e+00
1.393046362854592246e+01,-2.707807826548497498e+00,0.000000000000000000e+00
1.399908489988861504e+01,-2.468416373078823778e+00,0.000000000000000000e+00
1.406792707771927198e+01,-2.228140756730959904e+00,0.000000000000000000e+00
1.413705796779391477e+01,-1.986833927029856950e+00,0.000000000000000000e+00
1.420657579621739508e+01,-1.744348171072381160e+00,0.000000000000000000e+00
1.427657355770774927e+01,-1.500528345997050206e+00,0.000000000000000000e+00
1.434708204258011754e+01,-1.255207033402120365e+00,0.000000000000000000e+00
1.441798420901993261e+01,-1.008203670388644335e+00,0.000000000000000000e+00
1.448913341775262786e+01,-7.593433061601239098e-01,0.000000000000000000e+00
1.456037549695125399e+01,-5.084595164423244551e-01,0.000000000000000000e+00
1.463154909874538490e+01,-2.553946395190049290e-01,0.000000000000000000e+00
1.470248606210399522e+01,-3.601070499092846116e-15,0.000000000000000000e+00
