1.276988596611603377e+01,0.000000000000000000e+00,0.000000000000000000e+00
1.281790455814235052e+01,2.237373563060708337e-01,0.000000000000000000e+00
1.286128919782293067e+01,4.491261154438795922e-01,0.000000000000000000e+00
1.289990670577207510e+01,6.760554634079261049e-01,0.000000000000000000e+00
1.293367873119695233e+01,9.044109203741897973e-01,0.000000000000000000e+00
1.296271114703848326e+01,1.134090273926994241e+00,0.000000000000000000e+00
1.298713327631040215e+01,1.365002711300024041e+00,0.000000000000000000e+00
1.300693600852985732e+01,1.597050926499517187e+00,0.000000000000000000e+00
1.302204673180163397e+01,1.830129317220950069e+00,0.000000000000000000e+00
1.303239511668802564e+01,2.064128606644853203e+00,0.000000000000000000e+00
1.303791364229921967e+01,2.298935947284326708e+00,0.000000000000000000e+00
1.303853773701917618e+01,2.534434996025595854e+00,0.000000000000000000e+00
1.303422880921179505e+01,2.770510859706405871e+00,0.000000000000000000e+00
1.302502631093618035e+01,3.007064263768702173e+00,0.000000000000000000e+00
1.301093018300949922e+01,3.243989237661817793e+00,0.000000000000000000e+00
1.299192671916001451e+01,3.481176272523251125e+00,0.000000000000000000e+00
1.296800473574694657e+01,3.718515520473805847e+00,0.000000000000000000e+00
1.293915557913087611e+01,3.955896852707310618e+00,0.000000000000000000e+00
1.290537313172446154e+01,4.193209917732222181e+00,0.000000000000000000e+00
1.286665381672035124e+01,4.430344199735681165e+00,0.000000000000000000e+00
1.282299660149395848e+01,4.667189077040472256e+00,0.000000000000000000e+00
1.277440299967923210e+01,4.903633880625389629e+00,0.000000000000000000e+00
1.272087707191634465e+01,5.139567952679341190e+00,0.000000000000000000e+00
1.266242578895262128e+01,5.374880859533423205e+00,0.000000000000000000e+00
1.259906055404933944e+01,5.609463166602025375e+00,0.000000000000000000e+00
1.253079585687056507e+01,5.843206070835671895e+00,0.000000000000000000e+00
1.245764862457902566e+01,6.076001211109871569e+00,0.000000000000000000e+00
1.237963819905952079e+01,6.307740717954203546e+00,0.000000000000000000e+00
1.229678503360396569e+01,6.538316581480942524e+00,0.000000000000000000e+00
1.220910932045993924e+01,6.767619806507310543e+00,0.000000000000000000e+00
1.211663344552857069e+01,6.995541581447941581e+00,0.000000000000000000e+00
1.201938347357339154e+01,7.221974194260937452e+00,0.000000000000000000e+00
1.191740447149348725e+01,7.446820808543456849e+00,0.000000000000000000e+00
1.181075564058579275e+01,7.669994394396741022e+00,0.000000000000000000e+00
1.169949471890451420e+01,7.891408830654087936e+00,0.000000000000000000e+00
1.158362653513228224e+01,8.110942619705644674e+00,0.000000000000000000e+00
1.146311180878240776e+01,8.328438232360873883e+00,0.000000000000000000e+00
1.133793259200777825e+01,8.543745024499932228e+00,0.000000000000000000e+00
1.120818842420846906e+01,8.756796515013052229e+00,0.000000000000000000e+00
1.107402381849491135e+01,8.967567671438382959e+00,0.000000000000000000e+00
1.093556382550766060e+01,9.176027572699082313e+00,0.000000000000000000e+00
1.079290777722543027e+01,9.382131593215676801e+00,0.000000000000000000e+00
1.064595588971319629e+01,9.585661738514170693e+00,0.000000000000000000e+00
1.049401777862961893e+01,9.785829892768951765e+00,0.000000000000000000e+00
1.033640604387385764e+01,9.981751288416978340e+00,0.000000000000000000e+00
1.017279451842185622e+01,1.017279451842185445e+01,0.000000000000000000e+00
1.000305195376193801e+01,1.035846352854246888e+01,0.000000000000000000e+00
9.827378372388473338e+00,1.053857306812269279e+01,0.000000000000000000e+00
9.646067662613180715e+00,1.071304346498737914e+01,0.000000000000000000e+00
9.459431588424379811e+00,1.088183124959185655e+01,0.000000000000000000e+00
9.267741456024147340e+00,1.104486417545107102e+01,0.000000000000000000e+00
9.071180272639564279e+00,1.120197472509945058e+01,0.000000000000000000e+00
8.869614874886210032e+00,1.135258933988586527e+01,0.000000000000000000e+00
8.663104710047321078e+00,1.149632824462368141e+01,0.000000000000000000e+00
8.452571983149891111e+00,1.163396725908868312e+01,0.000000000000000000e+00
8.237982252025336294e+00,1.176505793280690249e+01,0.000000000000000000e+00
8.018938246167621742e+00,1.188856485268212637e+01,0.000000000000000000e+00
7.796327314758467075e+00,1.200529127842719035e+01,0.000000000000000000e+00
7.570460456786637593e+00,1.211526926973553842e+01,0.000000000000000000e+00
7.341199299341329976e+00,1.221780736973977355e+01,0.000000000000000000e+00
7.108667275030250643e+00,1.231257289445459158e+01,0.000000000000000000e+00
6.873564223849424337e+00,1.240023810874951948e+01,0.000000000000000000e+00
6.636098488744067048e+00,1.248068605442576207e+01,0.000000000000000000e+00
6.396032421096783160e+00,1.255292042319608825e+01,0.000000000000000000e+00
6.153835610967988146e+00,1.261723279361513939e+01,0.000000000000000000e+00
5.910023029139329864e+00,1.267408528636015852e+01,0.000000000000000000e+00
5.664819016909260263e+00,1.272339182949012582e+01,0.000000000000000000e+00
5.418226118434752436e+00,1.276454081968256205e+01,0.000000000000000000e+00
5.170385195518988120e+00,1.279715242452729207e+01,0.000000000000000000e+00
4.921843024164700431e+00,1.282183944039092616e+01,0.000000000000000000e+00
4.673050459078419649e+00,1.283910061629001120e+01,0.000000000000000000e+00
4.424052323154799460e+00,1.284838088031315628e+01,0.000000000000000000e+00
4.174768376313092055e+00,1.284861590329866488e+01,0.000000000000000000e+00
3.925800226678283877e+00,1.284071395107629421e+01,0.000000000000000000e+00
3.677543864939852192e+00,1.282511959244976119e+01,0.000000000000000000e+00
3.430207762712048414e+00,1.280170965095853397e+01,0.000000000000000000e+00
3.183928914011405098e+00,1.277004138205043482e+01,0.000000000000000000e+00
2.938839401027624643e+00,1.272951196394686058e+01,0.000000000000000000e+00
2.695438643939227497e+00,1.268104180252825586e+01,0.000000000000000000e+00
2.454111758547667943e+00,1.262531050307635994e+01,0.000000000000000000e+00
2.214959164617878784e+00,1.256165764149299946e+01,0.000000000000000000e+00
1.978032877330100359e+00,1.248880807531994996e+01,0.000000000000000000e+00
1.743884097830818103e+00,1.240838010905270394e+01,0.000000000000000000e+00
1.512811064364706137e+00,1.232085738825913523e+01,0.000000000000000000e+00
1.284935103655294730e+00,1.222534087620074850e+01,0.000000000000000000e+00
1.060487440483547372e+00,1.212142691114845761e+01,0.000000000000000000e+00
8.398630574470536958e-01,1.201060128589200460e+01,0.000000000000000000e+00
6.232773615943786316e-01,1.189284053094891114e+01,0.000000000000000000e+00
4.108864330543531840e-01,1.176624796745816859e+01,0.000000000000000000e+00
2.030509944261791599e-01,1.163278367976329264e+01,0.000000000000000000e+00
7.037475647253627021e-16,1.149306992375824876e+01,0.000000000000000000e+00
-1.980348372802071821e-01,1.134540822933677795e+01,0.000000000000000000e+00
-3.908005253401579671e-01,1.119106282673724628e+01,0.000000000000000000e+00
-5.782450727520586087e-01,1.103357327218737360e+01,0.000000000000000000e+00
-7.606992200660891434e-01,1.087850566790619489e+01,0.000000000000000000e+00
-9.385783921609186509e-01,1.072800011264093989e+01,0.000000000000000000e+00
-1.112121027499759052e+00,1.058112477283719599e+01,0.000000000000000000e+00
-1.281570194933383755e+00,1.043755163930442009e+01,0.000000000000000000e+00
-1.447185187183370525e+00,1.029725766356748373e+01,0.000000000000000000e+00
-1.609195041788541447e+00,1.016005763249997784e+01,0.000000000000000000e+00
-1.767805640632100328e+00,1.002572399033447148e+01,0.000000000000000000e+00
-1.923216605565623905e+00,9.894091711743417505e+00,0.000000000000000000e+00
-2.075617069780810731e+00,9.765010562238245484e+00,0.000000000000000000e+00
-2.225184589018699644e+00,9.638333363163399170e+00,0.000000000000000000e+00
-2.372084978299487279e+00,9.513913203690368192e+00,0.000000000000000000e+00
-2.516476490572733482e+00,9.391618118870061593e+00,0.000000000000000000e+00
-2.658508466959246697e+00,9.271320826747032839e+00,0.000000000000000000e+00
-2.798323005597973978e+00,9.152902130224546795e+00,0.000000000000000000e+00
-2.936054907135581704e+00,9.036247851933799424e+00,0.000000000000000000e+00
-3.071832064486474501e+00,8.921248096075000689e+00,0.000000000000000000e+00
-3.205777460334461093e+00,8.807801184065517930e+00,0.000000000000000000e+00
-3.338007127952051345e+00,8.695805866897853065e+00,0.000000000000000000e+00
-3.468633675456235910e+00,8.585169609438775495e+00,0.000000000000000000e+00
-3.597763757626542880e+00,8.475800260079443760e+00,0.000000000000000000e+00
-3.725500380801451072e+00,8.367610856474218650e+00,0.000000000000000000e+00
-3.851943030659783940e+00,8.260518486658471105e+00,0.000000000000000000e+00
-3.977186339699106288e+00,8.154440430961775732e+00,0.000000000000000000e+00
-4.101323449811836497e+00,8.049300489075337239e+00,0.000000000000000000e+00
-4.224443085482899818e+00,7.945021912217002935e+00,0.000000000000000000e+00
-4.346631783990177134e+00,7.841531312898903927e+00,0.000000000000000000e+00
-4.467974346803734953e+00,7.738758575578438936e+00,0.000000000000000000e+00
-4.588551764419404932e+00,7.636632555226483099e+00,0.000000000000000000e+00
-4.708444830292344285e+00,7.535086840001671504e+00,0.000000000000000000e+00
-4.827731712066910319e+00,7.434054918108427223e+00,0.000000000000000000e+00
-4.946488518634649445e+00,7.333470808924138495e+00,0.000000000000000000e+00
-5.064791672016909274e+00,7.233272130955008095e+00,0.000000000000000000e+00
-5.182714705958059831e+00,7.133394820240749112e+00,0.000000000000000000e+00
-5.300331069667886474e+00,7.033776898876535455e+00,0.000000000000000000e+00
-5.417714047351939399e+00,6.934357760523013781e+00,0.000000000000000000e+00
-5.534934593816768000e+00,6.835074991511819853e+00,0.000000000000000000e+00
-5.652065137655183591e+00,6.735868933377052947e+00,0.000000000000000000e+00
-5.769177165820829067e+00,6.636679147221127728e+00,0.000000000000000000e+00
-5.886341127828452535e+00,6.537444123120064177e+00,0.000000000000000000e+00
-6.003629686176744862e+00,6.438104622031247004e+00,0.000000000000000000e+00
-6.121114006916050343e+00,6.338599108329626475e+00,0.000000000000000000e+00
-6.238866092087676840e+00,6.238866092087677728e+00,0.000000000000000000e+00
-6.356959922896967541e+00,6.138844839440041667e+00,0.000000000000000000e+00
-6.475468069535108562e+00,6.038471664644210257e+00,0.000000000000000000e+00
-6.594465983778208695e+00,5.937683841778436999e+00,0.000000000000000000e+00
-6.714030092559115204e+00,5.836417316760691421e+00,0.000000000000000000e+00
-6.834236547704949594e+00,5.734605366557512518e+00,0.000000000000000000e+00
-6.955165839462491562e+00,5.632182245020073807e+00,0.000000000000000000e+00
-7.076898164357467991e+00,5.529078816064263435e+00,0.000000000000000000e+00
-7.199516126906194913e+00,5.425224536210544457e+00,0.000000000000000000e+00
-7.323106282901569841e+00,5.320548151631248501e+00,0.000000000000000000e+00
-7.447754803641482013e+00,5.214974056247340783e+00,0.000000000000000000e+00
-7.573553571656054473e+00,5.108426386844389100e+00,0.000000000000000000e+00
-7.700596123312543284e+00,5.000825594626481241e+00,0.000000000000000000e+00
-7.828978627272480395e+00,4.892088800935733062e+00,0.000000000000000000e+00
-7.958803660262080193e+00,4.782131694023887825e+00,0.000000000000000000e+00
-8.090174166702656322e+00,4.670864232936733806e+00,0.000000000000000000e+00
-8.223201003237827322e+00,4.558194748010219399e+00,0.000000000000000000e+00
-8.357997684507653346e+00,4.444026198657518911e+00,0.000000000000000000e+00
-8.494683164809654130e+00,4.328257257862397900e+00,0.000000000000000000e+00
-8.633383898814175339e+00,4.210782677051465583e+00,0.000000000000000000e+00
-8.774229103244865158e+00,4.091490225249548196e+00,0.000000000000000000e+00
-8.917359235816618934e+00,3.970264128986569219e+00,0.000000000000000000e+00
-9.062917283060277995e+00,3.846980148049861992e+00,0.000000000000000000e+00
-9.211058807640322144e+00,3.721509325996601891e+00,0.000000000000000000e+00
-9.361944062905177333e+00,3.593713623762635923e+00,0.000000000000000000e+00
-9.515746072883681350e+00,3.463448327365170165e+00,0.000000000000000000e+00
-9.672645524536134687e+00,3.330558947660488656e+00,0.000000000000000000e+00
-9.832836563125042062e+00,3.194882269198404678e+00,0.000000000000000000e+00
-9.996523621482140243e+00,3.056243979013328449e+00,0.000000000000000000e+00
-1.016392666038944803e+01,2.914459071057605044e+00,0.000000000000000000e+00
-1.033527781471435958e+01,2.769329344004014093e+00,0.000000000000000000e+00
-1.051082849114926887e+01,2.620643875925449340e+00,0.000000000000000000e+00
-1.069084370622494085e+01,2.468175748062265917e+00,0.000000000000000000e+00
-1.087561252956699853e+01,2.311682805340173008e+00,0.000000000000000000e+00
-1.106544055168761354e+01,2.150903755182086652e+00,0.000000000000000000e+00
-1.126066065850696774e+01,1.985558294697127968e+00,0.000000000000000000e+00
-1.146162989257183717e+01,1.815343835741966894e+00,0.000000000000000000e+00
-1.166873274642714620e+01,1.639933440101998263e+00,0.000000000000000000e+00
-1.188238839211563835e+01,1.458973841203689892e+00,0.000000000000000000e+00
-1.210304854133606334e+01,1.272081661320491275e+00,0.000000000000000000e+00
-1.233120390443200520e+01,1.078840549264412418e+00,0.000000000000000000e+00
-1.256739058279832655e+01,8.787975579039851715e-01,0.000000000000000000e+00
-1.281219194187995392e+01,6.714585274220034039e-01,0.000000000000000000e+00
-1.306624509121786915e+01,4.562833329531016946e-01,0.000000000000000000e+00
-1.333024846701080435e+01,2.326803525009455420e-01,0.000000000000000000e+00
-1.360496881474831099e+01,1.666128151148107822e-15,0.000000000000000000e+00
-1.389125295918004177e+01,-2.424727223367840190e-01,0.000000000000000000e+00
-1.419002338192799328e+01,-4.955265356028170087e-01,0.000000000000000000e+00
-1.450234055289202040e+01,-7.600354627834589039e-01,0.000000000000000000e+00
-1.482924331260619510e+01,-1.036961708385172543e+00,0.000000000000000000e+00
-1.517221162187508376e+01,-1.327396517530339493e+00,0.000000000000000000e+00
-1.552546635145314191e+01,-1.631792268012475233e+00,0.000000000000000000e+00
-1.586523592455467835e+01,-1.948006026617431052e+00,0.000000000000000000e+00
-1.618355669491254289e+01,-2.274450566356485570e+00,0.000000000000000000e+00
-1.648165016350564116e+01,-2.610436936771640681e+00,0.000000000000000000e+00
-1.675916711468178022e+01,-2.955093336520437042e+00,0.000000000000000000e+00
-1.701759457072059689e+01,-3.307885293437027308e+00,0.000000000000000000e+00
-1.725575929576650225e+01,-3.667824864913653560e+00,0.000000000000000000e+00
-1.747116696604015829e+01,-4.033536714302382364e+00,0.000000000000000000e+00
-1.766709775282286543e+01,-4.404902198746567521e+00,0.000000000000000000e+00
-1.784320479233452872e+01,-4.781072314489176023e+00,0.000000000000000000e+00
-1.799686246287851787e+01,-5.160517269366306614e+00,0.000000000000000000e+00
-1.812861536070624879e+01,-5.542473928130660532e+00,0.000000000000000000e+00
-1.823995692134195679e+01,-5.926521262183721994e+00,0.000000000000000000e+00
-1.833138827080587419e+01,-6.312003171572752258e+00,0.000000000000000000e+00
-1.840267572174508359e+01,-6.698026193568511033e+00,0.000000000000000000e+00
-1.845359942873829695e+01,-7.083673137642730211e+00,0.000000000000000000e+00
-1.848397345455621732e+01,-7.468010033281572646e+00,0.000000000000000000e+00
-1.849364654148258680e+01,-7.850087216741208351e+00,0.000000000000000000e+00
-1.848266037530590467e+01,-8.229010579901624212e+00,0.000000000000000000e+00
-1.845160948773677845e+01,-8.604126809417085298e+00,0.000000000000000000e+00
-1.840084727692874722e+01,-8.974692874181542379e+00,0.000000000000000000e+00
-1.833064696364260371e+01,-9.339931133673680108e+00,0.000000000000000000e+00
-1.824130628380031993e+01,-9.699074596922431013e+00,0.000000000000000000e+00
-1.813310736022528857e+01,-1.005134554073769948e+01,0.000000000000000000e+00
-1.800617091186613905e+01,-1.039586762304032774e+01,0.000000000000000000e+00
-1.786077016671556095e+01,-1.073183341868169371e+01,0.000000000000000000e+00
-1.769820873736489730e+01,-1.105906822367319720e+01,0.000000000000000000e+00
-1.751884872801626614e+01,-1.137687338805231185e+01,0.000000000000000000e+00
-1.732128481537599285e+01,-1.168335413062450101e+01,0.000000000000000000e+00
-1.710741551623441481e+01,-1.197874130375309143e+01,0.000000000000000000e+00
-1.687802547864636438e+01,-1.226260329899461787e+01,0.000000000000000000e+00
-1.663306046249885028e+01,-1.253391007712066596e+01,0.000000000000000000e+00
-1.637309687060863439e+01,-1.279206524640863663e+01,0.000000000000000000e+00
-1.609881101722183416e+01,-1.303656011517011670e+01,0.000000000000000000e+00
-1.581098795153993919e+01,-1.326699415868558063e+01,0.000000000000000000e+00
-1.551019643965970296e+01,-1.348280806592062930e+01,0.000000000000000000e+00
-1.519419628047138637e+01,-1.368091578079163284e+01,0.000000000000000000e+00
-1.486733586206340263e+01,-1.386401498204959459e+01,0.000000000000000000e+00
-1.453105408970685808e+01,-1.403247582054434162e+01,0.000000000000000000e+00
-1.417997055456528699e+01,-1.417997055456528166e+01,0.000000000000000000e+00
-1.382232200853518123e+01,-1.431343344681273244e+01,0.000000000000000000e+00
-1.345778402113823979e+01,-1.443170649053879195e+01,0.000000000000000000e+00
-1.309503428106070544e+01,-1.454350895466332538e+01,0.000000000000000000e+00
-1.273333888589822038e+01,-1.464803077277607990e+01,0.000000000000000000e+00
-1.237338674050905496e+01,-1.474602810055922220e+01,0.000000000000000000e+00
-1.201520675998416010e+01,-1.483754466308515241e+01,0.000000000000000000e+00
-1.165848348283282121e+01,-1.492217837791309876e+01,0.000000000000000000e+00
-1.130421809619890716e+01,-1.500120408702849062e+01,0.000000000000000000e+00
-1.095111830616192350e+01,-1.507292124554216706e+01,0.000000000000000000e+00
-1.060084039257282562e+01,-1.513956907644416461e+01,0.000000000000000000e+00
-1.025203198739438371e+01,-1.519926247245502005e+01,0.000000000000000000e+00
-9.905739864133529693e+00,-1.525350175744065417e+01,0.000000000000000000e+00
-9.561821007997288291e+00,-1.530211231960815965e+01,0.000000000000000000e+00
-9.219805767450500511e+00,-1.534433357002483156e+01,0.000000000000000000e+00
-8.880703714979542696e+00,-1.538183004131022535e+01,0.000000000000000000e+00
-8.543683174399152591e+00,-1.541321245252503402e+01,0.000000000000000000e+00
-8.209203665491722646e+00,-1.543926659310840321e+01,0.000000000000000000e+00
-7.877645494917342006e+00,-1.546074980697008883e+01,0.000000000000000000e+00
-7.548258940479565027e+00,-1.547622430290050666e+01,0.000000000000000000e+00
-7.221677794664858041e+00,-1.548693800834900536e+01,0.000000000000000000e+00
-6.898044260939151684e+00,-1.549326107808827047e+01,0.000000000000000000e+00
-6.576881953398442171e+00,-1.549416290965726084e+01,0.000000000000000000e+00
-6.258515494948870383e+00,-1.549036942345011880e+01,0.000000000000000000e+00
-5.943127032318649583e+00,-1.548237524197941717e+01,0.000000000000000000e+00
-5.630645536498148473e+00,-1.547007146848162762e+01,0.000000000000000000e+00
-5.320772345860413033e+00,-1.545264492448451854e+01,0.000000000000000000e+00
-5.013938314217019077e+00,-1.543131540607795493e+01,0.000000000000000000e+00
-4.710096849843039557e+00,-1.540603261462298690e+01,0.000000000000000000e+00
-4.409268197185212124e+00,-1.537694559763208879e+01,0.000000000000000000e+00
-4.111202442823945091e+00,-1.534321639682025484e+01,0.000000000000000000e+00
-3.816164625690827261e+00,-1.530580031995471835e+01,0.000000000000000000e+00
-3.524153980413251563e+00,-1.526478794342245493e+01,0.000000000000000000e+00
-3.235166939058424784e+00,-1.522026379068347879e+01,0.000000000000000000e+00
-2.949195687387996312e+00,-1.517229651743425123e+01,0.000000000000000000e+00
-2.666201776747926466e+00,-1.512078166390294953e+01,0.000000000000000000e+00
-2.386153624259801820e+00,-1.506558105941764758e+01,0.000000000000000000e+00
-2.109128429630507284e+00,-1.500722856881262324e+01,0.000000000000000000e+00
-1.835109241214541109e+00,-1.494576539362885548e+01,0.000000000000000000e+00
-1.564085213514859518e+00,-1.488127675884093648e+01,0.000000000000000000e+00
-1.296042300421852644e+00,-1.481383128041289154e+01,0.000000000000000000e+00
-1.030966195641711769e+00,-1.474350348582403569e+01,0.000000000000000000e+00
-7.688413575560982816e-01,-1.467036703470629710e+01,0.000000000000000000e+00
-5.096510382325155630e-01,-1.459449621672730757e+01,0.000000000000000000e+00
-2.533771174808490678e-01,-1.451596533859027893e+01,0.000000000000000000e+00
-2.651638672280477438e-15,-1.443484861173388367e+01,0.000000000000000000e+00
2.505014754835493962e-01,-1.435121991890148330e+01,0.000000000000000000e+00
4.981501065437094478e-01,-1.426515262389693284e+01,0.000000000000000000e+00
7.429703768098332439e-01,-1.417671931484133196e+01,0.000000000000000000e+00
9.849884994599753529e-01,-1.408599179747660379e+01,0.000000000000000000e+00
1.224232377135499483e+00,-1.399304010139265486e+01,0.000000000000000000e+00
1.460717698699912193e+00,-1.389780055016432492e+01,0.000000000000000000e+00
1.694323635371669967e+00,-1.379915864757216504e+01,0.000000000000000000e+00
1.924806805286172429e+00,-1.369571206377230688e+01,0.000000000000000000e+00
2.152003659322406559e+00,-1.358721636363309848e+01,0.000000000000000000e+00
2.375808219151582357e+00,-1.347387796017272876e+01,0.000000000000000000e+00
2.596098546979552779e+00,-1.335576920571832105e+01,0.000000000000000000e+00
2.812771116690566675e+00,-1.323304768665376763e+01,0.000000000000000000e+00
3.025708063852507568e+00,-1.310578148120416486e+01,0.000000000000000000e+00
3.234724764349687920e+00,-1.297377241008997295e+01,0.000000000000000000e+00
3.439653509367199824e+00,-1.283696165739100614e+01,0.000000000000000000e+00
3.640493580543074259e+00,-1.269590989549601368e+01,0.000000000000000000e+00
3.837207302543338194e+00,-1.255093955319034471e+01,0.000000000000000000e+00
4.029671291837315650e+00,-1.240205299511545256e+01,0.000000000000000000e+00
4.217684009834188785e+00,-1.224904377995984994e+01,0.000000000000000000e+00
4.401003511030322279e+00,-1.209165776949631166e+01,0.000000000000000000e+00
4.579845462454312788e+00,-1.193090533222725291e+01,0.000000000000000000e+00
4.754082680976551067e+00,-1.176676754373916189e+01,0.000000000000000000e+00
4.923291347489925585e+00,-1.159854756862376135e+01,0.000000000000000000e+00
5.087748885617177308e+00,-1.142727109348638947e+01,0.000000000000000000e+00
5.247306176581925996e+00,-1.125288440971248782e+01,0.000000000000000000e+00
5.401589290865539184e+00,-1.107489927369520188e+01,0.000000000000000000e+00
5.550780184010381646e+00,-1.089401950288859133e+01,0.000000000000000000e+00
5.694965813900772389e+00,-1.071067292544580596e+01,0.000000000000000000e+00
5.833989192085930142e+00,-1.052479510626036330e+01,0.000000000000000000e+00
5.967460445560276661e+00,-1.033594468386800713e+01,0.000000000000000000e+00
6.095484069883768008e+00,-1.014458907250198827e+01,0.000000000000000000e+00
6.220408461272181277e+00,-9.954734445312988456e+00,0.000000000000000000e+00
6.343349353126257029e+00,-9.767901422115032872e+00,0.000000000000000000e+00
6.464423705902790473e+00,-9.583902270299955006e+00,0.000000000000000000e+00
6.583746519491812776e+00,-9.402564468707568679e+00,0.000000000000000000e+00
6.701426842079754032e+00,-9.223722746798808103e+00,0.000000000000000000e+00
6.817568641616310821e+00,-9.047219161898626183e+00,0.000000000000000000e+00
6.932271312974626731e+00,-8.872902659133995229e+00,0.000000000000000000e+00
7.045630065757972460e+00,-8.700628534202385467e+00,0.000000000000000000e+00
7.157736282268160721e+00,-8.530257929235006031e+00,0.000000000000000000e+00
7.268677813582273828e+00,-8.361657319013335865e+00,0.000000000000000000e+00
7.378539297737044755e+00,-8.194698085225773809e+00,0.000000000000000000e+00
7.487402425750884660e+00,-8.029256080738150558e+00,0.000000000000000000e+00
7.595346200582538287e+00,-7.865211234437247789e+00,0.000000000000000000e+00
7.702447193136913839e+00,-7.702447193136917392e+00,0.000000000000000000e+00
7.808779751680490655e+00,-7.540850951138626357e+00,0.000000000000000000e+00
7.914416244947213741e+00,-7.380312546386257111e+00,0.000000000000000000e+00
8.019427238884043518e+00,-7.220724718843450241e+00,0.000000000000000000e+00
8.123881723531708232e+00,-7.061982641853744802e+00,0.000000000000000000e+00
8.227847268982248607e+00,-6.903983608785999593e+00,0.000000000000000000e+00
8.331390235859879922e+00,-6.746626787316122531e+00,0.000000000000000000e+00
8.434575919112553777e+00,-6.589812931282320818e+00,0.000000000000000000e+00
8.537468742098296204e+00,-6.433444148234178428e+00,0.000000000000000000e+00
8.640132396773308798e+00,-6.277423633852699858e+00,0.000000000000000000e+00
8.742630019931260321e+00,-6.121655443734380420e+00,0.000000000000000000e+00
8.845024338742064174e+00,-5.966044248160070396e+00,0.000000000000000000e+00
8.947377827478760537e+00,-5.810495100371752208e+00,0.000000000000000000e+00
9.049752865789821854e+00,-5.654913208185665674e+00,0.000000000000000000e+00
9.152211876713344907e+00,-5.499203693713375252e+00,0.000000000000000000e+00
9.254817501169219085e+00,-5.343271375600914475e+00,0.000000000000000000e+00
9.357632722460959229e+00,-5.187020518230723631e+00,0.000000000000000000e+00
9.460721055899886878e+00,-5.030354615740314728e+00,0.000000000000000000e+00
9.564146669014901292e+00,-4.873176130560463726e+00,0.000000000000000000e+00
9.667974582644008663e+00,-4.715386269381920847e+00,0.000000000000000000e+00
9.772270796971742612e+00,-4.556884710192372623e+00,0.000000000000000000e+00
9.877102502174524901e+00,-4.397569361700815804e+00,0.000000000000000000e+00
9.982538217190578322e+00,-4.237336075047328343e+00,0.000000000000000000e+00
1.008864801309029247e+01,-4.076078380508228349e+00,0.000000000000000000e+00
1.019550366706153355e+01,-3.913687176856625705e+00,0.000000000000000000e+00
1.030317890598881725e+01,-3.750050440099342630e+00,0.000000000000000000e+00
1.041174957699793424e+01,-3.585052882017380593e+00,0.000000000000000000e+00
1.052129391782617773e+01,-3.418575623757209136e+00,0.000000000000000000e+00
1.063189275279684587e+01,-3.250495816507977143e+00,0.000000000000000000e+00
1.074362978460937690e+01,-3.080686267037631598e+00,0.000000000000000000e+00
1.085659184275233713e+01,-2.909015016819801680e+00,0.000000000000000000e+00
1.097086917687443375e+01,-2.735344901323913724e+00,0.000000000000000000e+00
1.108655578834725475e+01,-2.559533080668376037e+00,0.000000000000000000e+00
1.120374973497240845e+01,-2.381430521477163165e+00,0.000000000000000000e+00
1.132255351600282367e+01,-2.200881452668988381e+00,0.000000000000000000e+00
1.144307446321588628e+01,-2.017722770120996323e+00,0.000000000000000000e+00
1.156542514888788276e+01,-1.831783389321927080e+00,0.000000000000000000e+00
1.168972385448412155e+01,-1.642883547949660183e+00,0.000000000000000000e+00
1.181609508046172685e+01,-1.450834046041461045e+00,0.000000000000000000e+00
1.194467008191590196e+01,-1.255435414460575272e+00,0.000000000000000000e+00
1.207558746507011449e+01,-1.056477008609386425e+00,0.000000000000000000e+00
1.220899384223999462e+01,-8.537360164257967732e-01,0.000000000000000000e+00
1.234504454857482969e+01,-6.469763699410273627e-01,0.000000000000000000e+00
1.248390442539110445e+01,-4.359475487960902673e-01,0.000000000000000000e+00
1.262574860910982366e+01,-2.203832617393654547e-01,0.000000000000000000e+00
1.277076140947559324e+01,-3.127934416557765129e-15,0.000000000000000000e+00
