9.353726830345291177e+00,0.000000000000000000e+00,0.000000000000000000e+00
9.260108077747744915e+00,1.616357877393990172e-01,0.000000000000000000e+00
9.165684213654813561e+00,3.200727456591907494e-01,0.000000000000000000e+00
9.070034771571370058e+00,4.753403803980215114e-01,0.000000000000000000e+00
8.973376807104505914e+00,6.274796324886547927e-01,0.000000000000000000e+00
8.876061474247219252e+00,7.765547557558317715e-01,0.000000000000000000e+00
8.778128958163282647e+00,9.226185312112410442e-01,0.000000000000000000e+00
8.679552538642219872e+00,1.065715047290875628e+00,0.000000000000000000e+00
8.580228609405221363e+00,1.205872490703149058e+00,0.000000000000000000e+00
8.481724908229089976e+00,1.343373252576543386e+00,0.000000000000000000e+00
8.384815408048011065e+00,1.478469184698921524e+00,0.000000000000000000e+00
8.289506264463597063e+00,1.611316790285487910e+00,0.000000000000000000e+00
8.195752974458645923e+00,1.742061072547786527e+00,0.000000000000000000e+00
8.103444916279674004e+00,1.870827669707128660e+00,0.000000000000000000e+00
8.012465765560438768e+00,1.997732087176541382e+00,0.000000000000000000e+00
7.922727085914327283e+00,2.122888324522925529e+00,0.000000000000000000e+00
7.834158248389179846e+00,2.246408729029901963e+00,0.000000000000000000e+00
7.746686308589009862e+00,2.368399684171392572e+00,0.000000000000000000e+00
7.660241305267719625e+00,2.488963277978349264e+00,0.000000000000000000e+00
7.574752933594869120e+00,2.608196598883611550e+00,0.000000000000000000e+00
7.490149735959201749e+00,2.726191554086003777e+00,0.000000000000000000e+00
7.406369073931207581e+00,2.843038717680749450e+00,0.000000000000000000e+00
7.323350012475496662e+00,2.958825466010323257e+00,0.000000000000000000e+00
7.241030015867183423e+00,3.073634885153453844e+00,0.000000000000000000e+00
7.159352328305401691e+00,3.187549024792021513e+00,0.000000000000000000e+00
7.078261256715311589e+00,3.300647430428174545e+00,0.000000000000000000e+00
6.997699175439122676e+00,3.413005932842117396e+00,0.000000000000000000e+00
6.917613119161607926e+00,3.524699933969376087e+00,0.000000000000000000e+00
6.837951997431858331e+00,3.635803570282966746e+00,0.000000000000000000e+00
6.758662448122700894e+00,3.746387770708343723e+00,0.000000000000000000e+00
6.679693811467922515e+00,3.856523020155281589e+00,0.000000000000000000e+00
6.600998118102705980e+00,3.966279815442952383e+00,0.000000000000000000e+00
6.522525053960229080e+00,4.075726003280479404e+00,0.000000000000000000e+00
6.444225005006621210e+00,4.184928650524565086e+00,0.000000000000000000e+00
6.366051803284617172e+00,4.293956159975563125e+00,0.000000000000000000e+00
6.287957199719217627e+00,4.402875031183413945e+00,0.000000000000000000e+00
6.209891840967559418e+00,4.511750516776434239e+00,0.000000000000000000e+00
6.131809873780118991e+00,4.620650164847311281e+00,0.000000000000000000e+00
6.053664016843810280e+00,4.729640684060989031e+00,0.000000000000000000e+00
5.975404656482705690e+00,4.838787282698791437e+00,0.000000000000000000e+00
5.896984727930424164e+00,4.948157710264471376e+00,0.000000000000000000e+00
5.818356804298412399e+00,5.057820405859412283e+00,0.000000000000000000e+00
5.739470353804936309e+00,5.167842318693518955e+00,0.000000000000000000e+00
5.660275844628174013e+00,5.278292616816367300e+00,0.000000000000000000e+00
5.580724441511513589e+00,5.389242948459146199e+00,0.000000000000000000e+00
5.500763752194242961e+00,5.500763752194242073e+00,0.000000000000000000e+00
5.420340757623418604e+00,5.612927165593592171e+00,0.000000000000000000e+00
5.339403793725558955e+00,5.725809558578373704e+00,0.000000000000000000e+00
5.257897379513599923e+00,5.839486631375423009e+00,0.000000000000000000e+00
5.175764010659913872e+00,5.954035401094669666e+00,0.000000000000000000e+00
5.092947663299860039e+00,6.069538674631894892e+00,0.000000000000000000e+00
5.009388242590252283e+00,6.186079296754822821e+00,0.000000000000000000e+00
4.925022561116187525e+00,6.303741415462789988e+00,0.000000000000000000e+00
4.839788611225411152e+00,6.422616414264117779e+00,0.000000000000000000e+00
4.753619806275077408e+00,6.542796358150699376e+00,0.000000000000000000e+00
4.666445751302688905e+00,6.664375198293146063e+00,0.000000000000000000e+00
4.578196632743135375e+00,6.787455633881429584e+00,0.000000000000000000e+00
4.488797034806996322e+00,6.912141283574081640e+00,0.000000000000000000e+00
4.398167525321037274e+00,7.038539355278285115e+00,0.000000000000000000e+00
4.306228137984774662e+00,7.166767136368535240e+00,0.000000000000000000e+00
4.212891743974383374e+00,7.296942547351084940e+00,0.000000000000000000e+00
4.118067771286252565e+00,7.429190918844557068e+00,0.000000000000000000e+00
4.021662754933098327e+00,7.563647577900315611e+00,0.000000000000000000e+00
3.923574638075946197e+00,7.700448803821420718e+00,0.000000000000000000e+00
3.823698801933717029e+00,7.839744342646850939e+00,0.000000000000000000e+00
3.721923360533097025e+00,7.981690404269419226e+00,0.000000000000000000e+00
3.618128525731258982e+00,8.126449721504254597e+00,0.000000000000000000e+00
3.512190437022636225e+00,8.274202150283338497e+00,0.000000000000000000e+00
3.403973683515430615e+00,8.425130513444086588e+00,0.000000000000000000e+00
3.293336679227032882e+00,8.579435369409338819e+00,0.000000000000000000e+00
3.180126408463230803e+00,8.737325498264050694e+00,0.000000000000000000e+00
3.064181520132733372e+00,8.899029301942720238e+00,0.000000000000000000e+00
2.945331209659912464e+00,9.064797375498786280e+00,0.000000000000000000e+00
2.823386700154892459e+00,9.234881781194927086e+00,0.000000000000000000e+00
2.698141401514935200e+00,9.409537295168338034e+00,0.000000000000000000e+00
2.569384142387251657e+00,9.589072163551012551e+00,0.000000000000000000e+00
2.436911828439912941e+00,9.773919498214777235e+00,0.000000000000000000e+00
2.300453331929369405e+00,9.964358107168669321e+00,0.000000000000000000e+00
2.159646863357638225e+00,1.016033965919304016e+01,0.000000000000000000e+00
2.014325040566741887e+00,1.036280397691718491e+01,0.000000000000000000e+00
1.864426953791617159e+00,1.057369068704361936e+01,0.000000000000000000e+00
1.708838591351350189e+00,1.078918224447975049e+01,0.000000000000000000e+00
1.546286632064095112e+00,1.100240108391631288e+01,0.000000000000000000e+00
1.376608351483111559e+00,1.121157531012147146e+01,0.000000000000000000e+00
1.199752857499176928e+00,1.141488594124214373e+01,0.000000000000000000e+00
1.015725539415222034e+00,1.160979604076647043e+01,0.000000000000000000e+00
8.250144992519411469e-01,1.179825701075033351e+01,0.000000000000000000e+00
6.279061272926445003e-01,1.198116264193298974e+01,0.000000000000000000e+00
4.245343624689177364e-01,1.215707353096099119e+01,0.000000000000000000e+00
2.151238740696104768e-01,1.232443849130824809e+01,0.000000000000000000e+00
7.644529369220189607e-16,1.248446388712665467e+01,0.000000000000000000e+00
-2.205851133053953472e-01,1.263731267758284638e+01,0.000000000000000000e+00
-4.463803829554957026e-01,1.278266170683844649e+01,0.000000000000000000e+00
-6.771257930896665833e-01,1.292032981273029613e+01,0.000000000000000000e+00
-9.125534594774816766e-01,1.305012246539535070e+01,0.000000000000000000e+00
-1.152390535694135076e+00,1.317188409619111589e+01,0.000000000000000000e+00
-1.396360080794871950e+00,1.328547871801009528e+01,0.000000000000000000e+00
-1.644182470793471351e+00,1.339079163294526253e+01,0.000000000000000000e+00
-1.895576248963139587e+00,1.348772584834296318e+01,0.000000000000000000e+00
-2.150258853099683343e+00,1.357620009070155298e+01,0.000000000000000000e+00
-2.407947126119812875e+00,1.365614675896401131e+01,0.000000000000000000e+00
-2.668357678889803353e+00,1.372751021297775331e+01,0.000000000000000000e+00
-2.931207124856735735e+00,1.379024529671876920e+01,0.000000000000000000e+00
-3.196212216427231301e+00,1.384431610454683792e+01,0.000000000000000000e+00
-3.463089906266026752e+00,1.388969496717221119e+01,0.000000000000000000e+00
-3.731557354841135599e+00,1.392636163962443874e+01,0.000000000000000000e+00
-4.001331902283163267e+00,1.395430267062373098e+01,0.000000000000000000e+00
-4.272131021150449293e+00,1.397351093703727898e+01,0.000000000000000000e+00
-4.543672260954219944e+00,1.398398531585866955e+01,0.000000000000000000e+00
-4.815673209603148486e+00,1.398573051866151040e+01,0.000000000000000000e+00
-5.087851429730261721e+00,1.397875691672381393e+01,0.000000000000000000e+00
-5.359924588734377160e+00,1.396308093369535008e+01,0.000000000000000000e+00
-5.631610015366012689e+00,1.393872391259995958e+01,0.000000000000000000e+00
-5.902626387793355356e+00,1.390571634025668679e+01,0.000000000000000000e+00
-6.172689106103400825e+00,1.386408672618617999e+01,0.000000000000000000e+00
-6.441521576792187176e+00,1.381388760004249505e+01,0.000000000000000000e+00
-6.708697884297012415e+00,1.375486904416905887e+01,0.000000000000000000e+00
-6.974046720575738156e+00,1.368733735968569043e+01,0.000000000000000000e+00
-7.237347093160996003e+00,1.361147021700522686e+01,0.000000000000000000e+00
-7.498329965196543156e+00,1.352734534199727889e+01,0.000000000000000000e+00
-7.756730203432404380e+00,1.343505081294900450e+01,0.000000000000000000e+00
-8.012286232690753351e+00,1.333468358378674878e+01,0.000000000000000000e+00
-8.264741653219072504e+00,1.322635144125030493e+01,0.000000000000000000e+00
-8.513844575342590204e+00,1.311017096893290024e+01,0.000000000000000000e+00
-8.759353528744899364e+00,1.298627565112153270e+01,0.000000000000000000e+00
-9.001025740440530498e+00,1.285479696984460674e+01,0.000000000000000000e+00
-9.238488011599041982e+00,1.271568787165460535e+01,0.000000000000000000e+00
-9.471394840032159479e+00,1.256896547598694625e+01,0.000000000000000000e+00
-9.699697958593725744e+00,1.241504723690232836e+01,0.000000000000000000e+00
-9.923215840031948787e+00,1.225415102453904126e+01,0.000000000000000000e+00
-1.014175544907959470e+01,1.208647349165251050e+01,0.000000000000000000e+00
-1.035513788420074022e+01,1.191222347440194440e+01,0.000000000000000000e+00
-1.056324998817949279e+01,1.173167763414146769e+01,0.000000000000000000e+00
-1.076568889266298079e+01,1.154478791035205809e+01,0.000000000000000000e+00
-1.096154044928111659e+01,1.135100742107209371e+01,0.000000000000000000e+00
-1.115146502146037122e+01,1.115146502146037299e+01,0.000000000000000000e+00
-1.133553294905256692e+01,1.094659692535578621e+01,0.000000000000000000e+00
-1.151307904225643775e+01,1.073611989479947049e+01,0.000000000000000000e+00
-1.168361317072954542e+01,1.051997255093639971e+01,0.000000000000000000e+00
-1.184732252267082409e+01,1.029872034758922972e+01,0.000000000000000000e+00
-1.200425974426391562e+01,1.007276992396812432e+01,0.000000000000000000e+00
-1.215393965146504840e+01,9.842066270172084685e+00,0.000000000000000000e+00
-1.229693533831400387e+01,9.607418829907251379e+00,0.000000000000000000e+00
-1.243459587586621495e+01,9.370140083650483120e+00,0.000000000000000000e+00
-1.256873610583272516e+01,9.131721304163965769e+00,0.000000000000000000e+00
-1.270083661899231942e+01,8.893221542188340933e+00,0.000000000000000000e+00
-1.283077840592999408e+01,8.654469312517676371e+00,0.000000000000000000e+00
-1.295827077868340105e+01,8.415199438386423481e+00,0.000000000000000000e+00
-1.308342925590090999e+01,8.175433959886337476e+00,0.000000000000000000e+00
-1.320638792654936822e+01,7.935198424664556605e+00,0.000000000000000000e+00
-1.332714665572621549e+01,7.694431709213150228e+00,0.000000000000000000e+00
-1.344569448800445954e+01,7.453070157769477788e+00,0.000000000000000000e+00
-1.356207123644388801e+01,7.211081189282065651e+00,0.000000000000000000e+00
-1.367632830527523602e+01,6.968437327178746088e+00,0.000000000000000000e+00
-1.378852713329741242e+01,6.725114031233760947e+00,0.000000000000000000e+00
-1.389872916170372896e+01,6.481083846724652986e+00,0.000000000000000000e+00
-1.400695857979188474e+01,6.236299753651865174e+00,0.000000000000000000e+00
-1.411321083857404446e+01,5.990702576831118620e+00,0.000000000000000000e+00
-1.421748791328854722e+01,5.744237982462934156e+00,0.000000000000000000e+00
-1.431980857500148652e+01,5.496859500534817755e+00,0.000000000000000000e+00
-1.442019003578854353e+01,5.248519945489116267e+00,0.000000000000000000e+00
-1.451864049833556791e+01,4.999168831002561042e+00,0.000000000000000000e+00
-1.461516238450130700e+01,4.748754122366765529e+00,0.000000000000000000e+00
-1.470976198432898840e+01,4.497225555563595378e+00,0.000000000000000000e+00
-1.480245758856424132e+01,4.244536411411248267e+00,0.000000000000000000e+00
-1.489326590428690622e+01,3.990638571715655392e+00,0.000000000000000000e+00
-1.498218385314600809e+01,3.735477978334243332e+00,0.000000000000000000e+00
-1.506918776870613819e+01,3.478996121892649729e+00,0.000000000000000000e+00
-1.515425109093992440e+01,3.221135506574371643e+00,0.000000000000000000e+00
-1.523736486252713718e+01,2.961843692422236884e+00,0.000000000000000000e+00
-1.531853328010431881e+01,2.701070722162931759e+00,0.000000000000000000e+00
-1.539775686564971480e+01,2.438765103419217706e+00,0.000000000000000000e+00
-1.547500758915864516e+01,2.174870483606196281e+00,0.000000000000000000e+00
-1.555022868465755259e+01,1.909328000985430318e+00,0.000000000000000000e+00
-1.562335878678135259e+01,1.642081177565945183e+00,0.000000000000000000e+00
-1.569434868967561947e+01,1.373077591769556793e+00,0.000000000000000000e+00
-1.576318662329214249e+01,1.102269386637412030e+00,0.000000000000000000e+00
-1.582986433654416381e+01,8.296080362300916056e-01,0.000000000000000000e+00
-1.589436986213654812e+01,5.550436261722553333e-01,0.000000000000000000e+00
-1.595666570277779250e+01,2.785246358798478261e-01,0.000000000000000000e+00
-1.601668357304887991e+01,1.961478027069030334e-15,0.000000000000000000e+00
-1.607435027084801860e+01,-2.805788276565660544e-01,0.000000000000000000e+00
-1.612958947356280248e+01,-5.632576760028060736e-01,0.000000000000000000e+00
-1.618232936941027589e+01,-8.480799458775246658e-01,0.000000000000000000e+00
-1.623251530620392558e+01,-1.135088045187076178e+00,0.000000000000000000e+00
-1.628009293861665441e+01,-1.424323573277399779e+00,0.000000000000000000e+00
-1.632500490390905767e+01,-1.715827156133780340e+00,0.000000000000000000e+00
-1.636719083215804460e+01,-2.009638339540568364e+00,0.000000000000000000e+00
-1.640658642296345349e+01,-2.305795350500207785e+00,0.000000000000000000e+00
-1.644311658569248280e+01,-2.604333817616001578e+00,0.000000000000000000e+00
-1.647669948611385848e+01,-2.905286672427175532e+00,0.000000000000000000e+00
-1.650725050673430161e+01,-3.208684456512771899e+00,0.000000000000000000e+00
-1.653468233953951483e+01,-3.514555226398559995e+00,0.000000000000000000e+00
-1.655890505277563918e+01,-3.822924456554258832e+00,0.000000000000000000e+00
-1.657982616050772151e+01,-4.133814944086507737e+00,0.000000000000000000e+00
-1.659735069491378923e+01,-4.447246715198283518e+00,0.000000000000000000e+00
-1.661138128127167235e+01,-4.763236933484884084e+00,0.000000000000000000e+00
-1.662181821559373063e+01,-5.081799810135446016e+00,0.000000000000000000e+00
-1.662855954486328969e+01,-5.402946516107773434e+00,0.000000000000000000e+00
-1.663150114982482108e+01,-5.726685096343506309e+00,0.000000000000000000e+00
-1.663053661924896787e+01,-6.053020309280702449e+00,0.000000000000000000e+00
-1.662555788040365812e+01,-6.381953732686606706e+00,0.000000000000000000e+00
-1.661645937387485006e+01,-6.713485367569868245e+00,0.000000000000000000e+00
-1.660313474770698861e+01,-7.047612570536221810e+00,0.000000000000000000e+00
-1.658547575522221251e+01,-7.384329565714187638e+00,0.000000000000000000e+00
-1.656337233505747619e+01,-7.723627364709937382e+00,0.000000000000000000e+00
-1.653671269365333885e+01,-8.065493688445483755e+00,0.000000000000000000e+00
-1.650538339015269429e+01,-8.409912890945429709e+00,0.000000000000000000e+00
-1.646926942366559743e+01,-8.756865885137008476e+00,0.000000000000000000e+00
-1.642825432285528109e+01,-9.106330070726759374e+00,0.000000000000000000e+00
-1.638222023779850645e+01,-9.458279264216704618e+00,0.000000000000000000e+00
-1.633104803407203320e+01,-9.812683631121343453e+00,0.000000000000000000e+00
-1.627461594890620233e+01,-1.016950872056621868e+01,0.000000000000000000e+00
-1.621279068021839365e+01,-1.052870937465565682e+01,0.000000000000000000e+00
-1.614543383449584013e+01,-1.089023262948331805e+01,0.000000000000000000e+00
-1.607240691861320414e+01,-1.125402048158685986e+01,0.000000000000000000e+00
-1.599357162250969822e+01,-1.162000995845299478e+01,0.000000000000000000e+00
-1.590881192511541364e+01,-1.198814965849435232e+01,0.000000000000000000e+00
-1.581805947042240845e+01,-1.235842250346948390e+01,0.000000000000000000e+00
-1.572124897329934079e+01,-1.273081640046120810e+01,0.000000000000000000e+00
-1.561828938107340647e+01,-1.310530085927872257e+01,0.000000000000000000e+00
-1.550891871283962864e+01,-1.348169735494138699e+01,0.000000000000000000e+00
-1.539280506687396333e+01,-1.385974393530159965e+01,0.000000000000000000e+00
-1.526973224663067263e+01,-1.423925568126582597e+01,0.000000000000000000e+00
-1.513993439813891939e+01,-1.462046469959825146e+01,0.000000000000000000e+00
-1.500368819816503851e+01,-1.500368819816503496e+01,0.000000000000000000e+00
-1.486024912889182659e+01,-1.538823844344739200e+01,0.000000000000000000e+00
-1.470805865762078923e+01,-1.577246188964016582e+01,0.000000000000000000e+00
-1.454593339477701441e+01,-1.615489566811124078e+01,0.000000000000000000e+00
-1.437318037910051238e+01,-1.653445261940612099e+01,0.000000000000000000e+00
-1.418947969875713078e+01,-1.691036340803641025e+01,0.000000000000000000e+00
-1.399487132664857292e+01,-1.728222680735222738e+01,0.000000000000000000e+00
-1.378966089607639312e+01,-1.764996107471310083e+01,0.000000000000000000e+00
-1.357402045734394491e+01,-1.801333355648779389e+01,0.000000000000000000e+00
-1.334776493217864335e+01,-1.837162233134981548e+01,0.000000000000000000e+00
-1.311151898564981977e+01,-1.872518970471716671e+01,0.000000000000000000e+00
-1.286562891112719242e+01,-1.907407925900625401e+01,0.000000000000000000e+00
-1.260969185638503554e+01,-1.941722269414539070e+01,0.000000000000000000e+00
-1.234349942328312544e+01,-1.975372833627827163e+01,0.000000000000000000e+00
-1.206786000809248627e+01,-2.008429180734666986e+01,0.000000000000000000e+00
-1.178300121100972575e+01,-2.040875676311443243e+01,0.000000000000000000e+00
-1.148899429123082960e+01,-2.072669436142119537e+01,0.000000000000000000e+00
-1.118602237632186736e+01,-2.103784832510480385e+01,0.000000000000000000e+00
-1.087426386024289471e+01,-2.134194449174768948e+01,0.000000000000000000e+00
-1.055392598883225297e+01,-2.163875499864631635e+01,0.000000000000000000e+00
-1.022522804181118516e+01,-2.192807229945250569e+01,0.000000000000000000e+00
-9.888411726884985598e+00,-2.220973637408938117e+01,0.000000000000000000e+00
-9.543702355880537169e+00,-2.248355377381888331e+01,0.000000000000000000e+00
-9.191391835920963871e+00,-2.274949309768583205e+01,0.000000000000000000e+00
-8.831150090297041899e+00,-2.300593252890246987e+01,0.000000000000000000e+00
-8.463659659969371418e+00,-2.325371380171484503e+01,0.000000000000000000e+00
-8.089320867898400991e+00,-2.349309365756056778e+01,0.000000000000000000e+00
-7.708375672616440966e+00,-2.372394090597382998e+01,0.000000000000000000e+00
-7.321156150795677497e+00,-2.394642276616128385e+01,0.000000000000000000e+00
-6.927026336104436410e+00,-2.415741169739700922e+01,0.000000000000000000e+00
-6.527180397583855154e+00,-2.435976887395058554e+01,0.000000000000000000e+00
-6.121881786669205461e+00,-2.455352674733319418e+01,0.000000000000000000e+00
-5.710870695469497882e+00,-2.473649863858247500e+01,0.000000000000000000e+00
-5.294590568364519356e+00,-2.490909020528830453e+01,0.000000000000000000e+00
-4.873739510442247180e+00,-2.507321617123886170e+01,0.000000000000000000e+00
-4.447960246158022990e+00,-2.522563607841830446e+01,0.000000000000000000e+00
-4.017894534716679011e+00,-2.536798770437198414e+01,0.000000000000000000e+00
-3.583983167613782772e+00,-2.550136531637368620e+01,0.000000000000000000e+00
-3.145952113880191359e+00,-2.562172386125932633e+01,0.000000000000000000e+00
-2.704726893444921121e+00,-2.573375741337226330e+01,0.000000000000000000e+00
-2.260130965100528577e+00,-2.583341514218949087e+01,0.000000000000000000e+00
-1.812722261641870558e+00,-2.592313607985232693e+01,0.000000000000000000e+00
-1.362705894268784634e+00,-2.600197743371534642e+01,0.000000000000000000e+00
-9.103568435013652538e-01,-2.606920914834081771e+01,0.000000000000000000e+00
-4.560435073187813493e-01,-2.612671503624995850e+01,0.000000000000000000e+00
-4.807614324658148752e-15,-2.617143341794765021e+01,0.000000000000000000e+00
4.574482562421754439e-01,-2.620719304817261275e+01,0.000000000000000000e+00
9.159506506107653045e-01,-2.622939482554097879e+01,0.000000000000000000e+00
1.375344696290925262e+00,-2.624314014266912665e+01,0.000000000000000000e+00
1.835078303696110913e+00,-2.624284237609117199e+01,0.000000000000000000e+00
2.295205441675759239e+00,-2.623431824393646394e+01,0.000000000000000000e+00
2.754958656243722270e+00,-2.621168071181821091e+01,0.000000000000000000e+00
3.214580585643931343e+00,-2.618065791012558563e+01,0.000000000000000000e+00
3.673165889854878241e+00,-2.613593335796784700e+01,0.000000000000000000e+00
4.131044901713038620e+00,-2.608239100538134636e+01,0.000000000000000000e+00
4.587282894151363699e+00,-2.601577407904400019e+01,0.000000000000000000e+00
5.042165553249557952e+00,-2.593969304615713156e+01,0.000000000000000000e+00
5.494835595895082747e+00,-2.585116899108196975e+01,0.000000000000000000e+00
5.944415801940017730e+00,-2.574809363281669761e+01,0.000000000000000000e+00
6.389340092136676752e+00,-2.562624341941797113e+01,0.000000000000000000e+00
6.828179191558781724e+00,-2.548311166608200651e+01,0.000000000000000000e+00
7.261675578270651243e+00,-2.532447229814782830e+01,0.000000000000000000e+00
7.686707305460424244e+00,-2.514208671758640534e+01,0.000000000000000000e+00
8.104642183073787365e+00,-2.494352382154231762e+01,0.000000000000000000e+00
8.514566186477944498e+00,-2.472809573746002343e+01,0.000000000000000000e+00
8.913872672888736304e+00,-2.449066388865540134e+01,0.000000000000000000e+00
9.303814976901199074e+00,-2.423726665625972032e+01,0.000000000000000000e+00
9.683419409950756673e+00,-2.396730407768530569e+01,0.000000000000000000e+00
1.005201538739112266e+01,-2.368106423168216068e+01,0.000000000000000000e+00
1.040754298832212044e+01,-2.337572427776049011e+01,0.000000000000000000e+00
1.075047017061292998e+01,-2.305445767961099079e+01,0.000000000000000000e+00
1.108017520639153553e+01,-2.271772579103623713e+01,0.000000000000000000e+00
1.139600358722251450e+01,-2.236591636105729464e+01,0.000000000000000000e+00
1.169730196890902185e+01,-2.199942538607497866e+01,0.000000000000000000e+00
1.198359644919404055e+01,-2.161898027424710023e+01,0.000000000000000000e+00
1.225430014161636194e+01,-2.122507045647802215e+01,0.000000000000000000e+00
1.250803104418623590e+01,-2.081685943144247730e+01,0.000000000000000000e+00
1.274410929479164345e+01,-2.039483814632807324e+01,0.000000000000000000e+00
1.296386812873535632e+01,-1.996260632695211612e+01,0.000000000000000000e+00
1.316639502838197551e+01,-1.951998336509930354e+01,0.000000000000000000e+00
1.334875110516854946e+01,-1.906399228334306528e+01,0.000000000000000000e+00
1.351194552567134366e+01,-1.859759753192541609e+01,0.000000000000000000e+00
1.365694726569323336e+01,-1.812338114808124345e+01,0.000000000000000000e+00
1.378248177164163657e+01,-1.764077221446634169e+01,0.000000000000000000e+00
1.388718614470383095e+01,-1.714924668236772121e+01,0.000000000000000000e+00
1.397063398140189605e+01,-1.664955323815446420e+01,0.000000000000000000e+00
1.403267253343119414e+01,-1.614274315133726390e+01,0.000000000000000000e+00
1.407319260203594702e+01,-1.562986382742275282e+01,0.000000000000000000e+00
1.409212814982136308e+01,-1.511195728552644368e+01,0.000000000000000000e+00
1.408883189513231748e+01,-1.458941251330895383e+01,0.000000000000000000e+00
1.406122372160622014e+01,-1.406122372160622724e+01,0.000000000000000000e+00
1.401099367934151196e+01,-1.353025932003297349e+01,0.000000000000000000e+00
1.394058512623045765e+01,-1.299980593979619492e+01,0.000000000000000000e+00
1.384548188508195032e+01,-1.246652788458026428e+01,0.000000000000000000e+00
1.373043617143667383e+01,-1.193568606826211109e+01,0.000000000000000000e+00
1.360625977881732318e+01,-1.141700756210788370e+01,0.000000000000000000e+00
1.347573106563075029e+01,-1.091243185257773085e+01,0.000000000000000000e+00
1.334020835964808605e+01,-1.042251304599780148e+01,0.000000000000000000e+00
1.320049919179495568e+01,-9.947289629355749341e+00,0.000000000000000000e+00
1.305714069754424322e+01,-9.486568010915480187e+00,0.000000000000000000e+00
1.290995219763955326e+01,-9.039645846714233102e+00,0.000000000000000000e+00
1.276053851933009398e+01,-8.607091910783992716e+00,0.000000000000000000e+00
1.260920093219939808e+01,-8.188510829523416135e+00,0.000000000000000000e+00
1.245590143737617872e+01,-7.783311058619716505e+00,0.000000000000000000e+00
1.230162713569748867e+01,-7.391563295801433675e+00,0.000000000000000000e+00
1.215190364709360260e+01,-7.015904841815895132e+00,0.000000000000000000e+00
1.200855323242872608e+01,-6.656449751587646624e+00,0.000000000000000000e+00
1.187120118100727417e+01,-6.312029633092453906e+00,0.000000000000000000e+00
1.173939716447686799e+01,-5.981521617023702220e+00,0.000000000000000000e+00
1.161273604255478809e+01,-5.663909810367330877e+00,0.000000000000000000e+00
1.149084975716072954e+01,-5.358271240472550545e+00,0.000000000000000000e+00
1.137340308172052517e+01,-5.063765301558482257e+00,0.000000000000000000e+00
1.126008999440037783e+01,-4.779624630876711855e+00,0.000000000000000000e+00
1.115063051574446185e+01,-4.505147162958567542e+00,0.000000000000000000e+00
1.104476793876712826e+01,-4.239689187004949567e+00,0.000000000000000000e+00
1.094226640393141281e+01,-3.982659266442110102e+00,0.000000000000000000e+00
1.084290877059789970e+01,-3.733512898097553823e+00,0.000000000000000000e+00
1.074649473807357225e+01,-3.491747805863393506e+00,0.000000000000000000e+00
1.065283917397436397e+01,-3.256899780128700073e+00,0.000000000000000000e+00
1.056177066550824506e+01,-3.028539003777220628e+00,0.000000000000000000e+00
1.047313024244088275e+01,-2.806266790688001667e+00,0.000000000000000000e+00
1.038677013528364412e+01,-2.589712653821466315e+00,0.000000000000000000e+00
1.030255282652685977e+01,-2.378531735035817718e+00,0.000000000000000000e+00
1.022035008327605965e+01,-2.172402472765089243e+00,0.000000000000000000e+00
1.014004212126336313e+01,-1.971024522200657270e+00,0.000000000000000000e+00
1.006151689059212018e+01,-1.774116894665331623e+00,0.000000000000000000e+00
9.984669387588361644e+00,-1.581416272778715992e+00,0.000000000000000000e+00
9.909401023258773478e+00,-1.392675491209524274e+00,0.000000000000000000e+00
9.835619161967997570e+00,-1.207662180010432573e+00,0.000000000000000000e+00
9.763236510351662290e+00,-1.026157507138442559e+00,0.000000000000000000e+00
9.692170757947568660e+00,-8.479550662778760906e-01,0.000000000000000000e+00
9.622344142477432527e+00,-6.728598493067616815e-01,0.000000000000000000e+00
9.553683089344456647e+00,-5.006873146864925239e-01,0.000000000000000000e+00
9.486118027964298705e+00,-3.312625410260524594e-01,0.000000000000000000e+00
9.419580432795855884e+00,-1.644193880510199934e-01,0.000000000000000000e+00
9.354030554651728835e+00,-2.291076715576155947e-15,0.000000000000000000e+00
