7.524057927568764015e+00,0.000000000000000000e+00,0.000000000000000000e+00
7.490294145365729683e+00,1.307435706388068442e-01,0.000000000000000000e+00
7.455714755445569608e+00,2.603592963711369723e-01,0.000000000000000000e+00
7.420430967846352033e+00,3.888883083479354741e-01,0.000000000000000000e+00
7.384551661923747901e+00,5.163781553504792621e-01,0.000000000000000000e+00
7.348183120793904344e+00,6.428827205820120128e-01,0.000000000000000000e+00
7.311428768291339253e+00,7.684621293907279993e-01,0.000000000000000000e+00
7.274388908715772040e+00,8.931826479936255669e-01,0.000000000000000000e+00
7.237160469639939642e+00,1.017116573278348257e+00,0.000000000000000000e+00
7.199836748048425328e+00,1.140342113767679244e+00,0.000000000000000000e+00
7.162507160075392676e+00,1.262943261838855857e+00,0.000000000000000000e+00
7.125256994606606220e+00,1.385009657297322949e+00,0.000000000000000000e+00
7.088167171008630696e+00,1.506636442411922516e+00,0.000000000000000000e+00
7.051295886441409699e+00,1.627919926393852412e+00,0.000000000000000000e+00
7.014620197963156834e+00,1.748941244661590844e+00,0.000000000000000000e+00
6.978093593300927822e+00,1.869774543033774661e+00,0.000000000000000000e+00
6.941666683400701032e+00,1.990490890940799229e+00,0.000000000000000000e+00
6.905287330078603070e+00,2.111158201092784736e+00,0.000000000000000000e+00
6.868900775424610750e+00,2.231841153404939160e+00,0.000000000000000000e+00
6.832453431592372617e+00,2.352602383012984522e+00,0.000000000000000000e+00
6.795922316845243394e+00,2.473513437717075547e+00,0.000000000000000000e+00
6.759298784861209164e+00,2.594651705566806577e+00,0.000000000000000000e+00
6.722570714338660380e+00,2.716094873624203210e+00,0.000000000000000000e+00
6.685722315985209718e+00,2.837920751306274969e+00,0.000000000000000000e+00
6.648734110140326337e+00,2.960207146823797597e+00,0.000000000000000000e+00
6.611583192510255280e+00,3.083031875196406535e+00,0.000000000000000000e+00
6.574248635937983920e+00,3.206475305081616600e+00,0.000000000000000000e+00
6.536710832222047074e+00,3.330620525003040289e+00,0.000000000000000000e+00
6.498946210911658028e+00,3.455550996202358949e+00,0.000000000000000000e+00
6.460926996014287660e+00,3.581350314666268186e+00,0.000000000000000000e+00
6.422621172084372887e+00,3.708102062605902027e+00,0.000000000000000000e+00
6.383992977122886714e+00,3.835889972101655498e+00,0.000000000000000000e+00
6.345014566469969530e+00,3.964805140005331907e+00,0.000000000000000000e+00
6.305665508675351028e+00,4.094947061497415497e+00,0.000000000000000000e+00
6.265920418120413338e+00,4.226416687879078538e+00,0.000000000000000000e+00
6.225748300074744890e+00,4.359315890708622021e+00,0.000000000000000000e+00
6.185112470165496035e+00,4.493747250071521648e+00,0.000000000000000000e+00
6.143972415890322836e+00,4.629815297714002575e+00,0.000000000000000000e+00
6.102298134058760759e+00,4.767637820798872106e+00,0.000000000000000000e+00
6.060060991246363216e+00,4.907340630899212464e+00,0.000000000000000000e+00
6.017224932360006662e+00,5.049051221454015526e+00,0.000000000000000000e+00
5.973746287386540565e+00,5.192898422704040229e+00,0.000000000000000000e+00
5.929574000984330517e+00,5.339012411449615136e+00,0.000000000000000000e+00
5.884663114556627050e+00,5.487537131161893456e+00,0.000000000000000000e+00
5.838978086629861508e+00,5.638635594602942724e+00,0.000000000000000000e+00
5.792474383056673837e+00,5.792474383056672949e+00,0.000000000000000000e+00
5.745096970904153721e+00,5.949222069037628735e+00,0.000000000000000000e+00
5.696780773182896773e+00,6.109049449031555667e+00,0.000000000000000000e+00
5.647467345427047647e+00,6.272147910920479852e+00,0.000000000000000000e+00
5.597105262704000772e+00,6.438733066105132075e+00,0.000000000000000000e+00
5.545630028700244907e+00,6.609024509901847644e+00,0.000000000000000000e+00
5.492962760269083589e+00,6.783244093609218872e+00,0.000000000000000000e+00
5.439018170036259647e+00,6.961625794084023156e+00,0.000000000000000000e+00
5.383731814990873943e+00,7.144453426076691649e+00,0.000000000000000000e+00
5.327030271757312363e+00,7.332028155849406481e+00,0.000000000000000000e+00
5.268819818978228042e+00,7.524654522357105968e+00,0.000000000000000000e+00
5.208989994636489484e+00,7.722645251421448087e+00,0.000000000000000000e+00
5.147429627677379216e+00,7.926346537361539824e+00,0.000000000000000000e+00
5.084010728201844742e+00,8.136117914356546521e+00,0.000000000000000000e+00
5.018581064024956184e+00,8.352321495369567472e+00,0.000000000000000000e+00
4.951016209241137389e+00,8.575411623502711578e+00,0.000000000000000000e+00
4.881262264385653360e+00,8.806030230956041649e+00,0.000000000000000000e+00
4.809232280389224456e+00,9.044850427725902975e+00,0.000000000000000000e+00
4.734742742496516499e+00,9.292455847287930837e+00,0.000000000000000000e+00
4.657353906993886739e+00,9.548990607103908346e+00,0.000000000000000000e+00
4.576557668599609663e+00,9.814459592422954515e+00,0.000000000000000000e+00
4.491361992413548165e+00,1.008776419987653838e+01,0.000000000000000000e+00
4.399106077086668343e+00,1.036364445921427802e+01,0.000000000000000000e+00
4.297171590574745181e+00,1.063587291070554741e+01,0.000000000000000000e+00
4.184854024265241890e+00,1.090191745595322637e+01,0.000000000000000000e+00
4.062992096964181954e+00,1.116297904183167056e+01,0.000000000000000000e+00
3.932029918540108859e+00,1.141944406077095842e+01,0.000000000000000000e+00
3.792016220062319753e+00,1.167062589318733146e+01,0.000000000000000000e+00
3.643028059605030844e+00,1.191580786797031166e+01,0.000000000000000000e+00
3.485258321868693887e+00,1.215454021220160996e+01,0.000000000000000000e+00
3.319099557447411364e+00,1.238704818377311589e+01,0.000000000000000000e+00
3.144968233061914198e+00,1.261377862574064324e+01,0.000000000000000000e+00
2.963024648237083003e+00,1.283426977874822406e+01,0.000000000000000000e+00
2.773254484194267011e+00,1.304713654758648111e+01,0.000000000000000000e+00
2.576005890123634234e+00,1.325240144719870905e+01,0.000000000000000000e+00
2.371693981688621999e+00,1.345054496004741473e+01,0.000000000000000000e+00
2.160584217188135980e+00,1.364139187385458207e+01,0.000000000000000000e+00
1.942921573984611738e+00,1.382460534049717538e+01,0.000000000000000000e+00
1.718981224737857305e+00,1.399997859744915907e+01,0.000000000000000000e+00
1.489044832172819355e+00,1.416731522196890580e+01,0.000000000000000000e+00
1.253402905547183810e+00,1.432646076683735181e+01,0.000000000000000000e+00
1.012350374136802733e+00,1.447728483538788247e+01,0.000000000000000000e+00
7.661854453780904128e-01,1.461968921140722166e+01,0.000000000000000000e+00
5.152059953244594315e-01,1.475356937498780852e+01,0.000000000000000000e+00
2.597122608735393801e-01,1.487890546048278040e+01,0.000000000000000000e+00
9.181687411335096183e-16,1.499483347807342248e+01,0.000000000000000000e+00
-2.635922206894329989e-01,1.510118820946431484e+01,0.000000000000000000e+00
-5.307516709041369962e-01,1.519873927834154337e+01,0.000000000000000000e+00
-8.011806625510751179e-01,1.528743773370171155e+01,0.000000000000000000e+00
-1.074580522309797059e+00,1.536721741551558651e+01,0.000000000000000000e+00
-1.350667979899255799e+00,1.543820565391348687e+01,0.000000000000000000e+00
-1.628916660467526700e+00,1.549810677324318320e+01,0.000000000000000000e+00
-1.909186140686740307e+00,1.554907332524066987e+01,0.000000000000000000e+00
-2.191175407499618810e+00,1.559102315095567803e+01,0.000000000000000000e+00
-2.474621841075790307e+00,1.562414739734022184e+01,0.000000000000000000e+00
-2.758924311037918020e+00,1.564663728689066247e+01,0.000000000000000000e+00
-3.043883060118640405e+00,1.565942082107734912e+01,0.000000000000000000e+00
-3.329331421949044412e+00,1.566327285213418818e+01,0.000000000000000000e+00
-3.615000090314302028e+00,1.565828567673144178e+01,0.000000000000000000e+00
-3.900162553385727815e+00,1.564269760680994992e+01,0.000000000000000000e+00
-4.184690802298533185e+00,1.561747868814429019e+01,0.000000000000000000e+00
-4.468465782289010590e+00,1.558339211096357069e+01,0.000000000000000000e+00
-4.751208714173557723e+00,1.554050346371925428e+01,0.000000000000000000e+00
-5.032192354556265457e+00,1.548749556551699946e+01,0.000000000000000000e+00
-5.311181856314784788e+00,1.542479212042386649e+01,0.000000000000000000e+00
-5.588180054632054805e+00,1.535339851594826932e+01,0.000000000000000000e+00
-5.862843591623839501e+00,1.527322972854939742e+01,0.000000000000000000e+00
-6.134905414998476303e+00,1.518442373961517156e+01,0.000000000000000000e+00
-6.403471494366326233e+00,1.508563346948787043e+01,0.000000000000000000e+00
-6.668669196551424427e+00,1.497807624845678021e+01,0.000000000000000000e+00
-6.930297966099844942e+00,1.486207194949444244e+01,0.000000000000000000e+00
-7.188053272186635034e+00,1.473769323744088489e+01,0.000000000000000000e+00
-7.441626229487178890e+00,1.460501381603422288e+01,0.000000000000000000e+00
-7.690711315158895722e+00,1.446412430775782454e+01,0.000000000000000000e+00
-7.935006099349262598e+00,1.431512994159609597e+01,0.000000000000000000e+00
-8.174213679470176075e+00,1.415815340476689066e+01,0.000000000000000000e+00
-8.408044879729585475e+00,1.399333658001627612e+01,0.000000000000000000e+00
-8.636220918992185247e+00,1.382084253708983113e+01,0.000000000000000000e+00
-8.858476336747886037e+00,1.364085734373862024e+01,0.000000000000000000e+00
-9.074562354476768178e+00,1.345359195308233424e+01,0.000000000000000000e+00
-9.284249595582355852e+00,1.325928255402721945e+01,0.000000000000000000e+00
-9.487335186670183163e+00,1.305819662438285000e+01,0.000000000000000000e+00
-9.683630353143412250e+00,1.285061151462518225e+01,0.000000000000000000e+00
-9.873023814883026716e+00,1.263689421630251886e+01,0.000000000000000000e+00
-1.005530662389679186e+01,1.241726955793821929e+01,0.000000000000000000e+00
-1.022997709088915386e+01,1.219161195022361355e+01,0.000000000000000000e+00
-1.039646990931872317e+01,1.195977053030413728e+01,0.000000000000000000e+00
-1.055517589411327428e+01,1.172271044422561737e+01,0.000000000000000000e+00
-1.070711051199126729e+01,1.148197028783579832e+01,0.000000000000000000e+00
-1.085365232167130856e+01,1.123928599443403087e+01,0.000000000000000000e+00
-1.099644196848394628e+01,1.099644196848394806e+01,0.000000000000000000e+00
-1.113622324128340679e+01,1.075412577785303192e+01,0.000000000000000000e+00
-1.127261799753248006e+01,1.051188634296595836e+01,0.000000000000000000e+00
-1.140560967132949166e+01,1.026965707574763620e+01,0.000000000000000000e+00
-1.153536211261334898e+01,1.002753730040255498e+01,0.000000000000000000e+00
-1.166201028552593399e+01,9.785588529370460975e+00,0.000000000000000000e+00
-1.178564832905775894e+01,9.543829837722388021e+00,0.000000000000000000e+00
-1.190631567080969511e+01,9.302233298255302429e+00,0.000000000000000000e+00
-1.202406326485676935e+01,9.060781571925042854e+00,0.000000000000000000e+00
-1.213895842625922583e+01,8.819469542366356052e+00,0.000000000000000000e+00
-1.225106423684351853e+01,8.578287529729212935e+00,0.000000000000000000e+00
-1.236043995248798488e+01,8.337222019872548628e+00,0.000000000000000000e+00
-1.246715942402555299e+01,8.096267995566101661e+00,0.000000000000000000e+00
-1.257130938503203588e+01,7.855425948076616649e+00,0.000000000000000000e+00
-1.267294064214240024e+01,7.614670959137215256e+00,0.000000000000000000e+00
-1.277205522299370699e+01,7.373949521100181315e+00,0.000000000000000000e+00
-1.286867492390689094e+01,7.133222990524863860e+00,0.000000000000000000e+00
-1.296288963016196050e+01,6.892490677943891697e+00,0.000000000000000000e+00
-1.305479382248538478e+01,6.651749690458959030e+00,0.000000000000000000e+00
-1.314442661454069494e+01,6.410965217923933146e+00,0.000000000000000000e+00
-1.323179629450285155e+01,6.170087943273614428e+00,0.000000000000000000e+00
-1.331692508639185846e+01,5.929077048566515629e+00,0.000000000000000000e+00
-1.339987150685127837e+01,5.687907995103015146e+00,0.000000000000000000e+00
-1.348069668788060405e+01,5.446555004432902081e+00,0.000000000000000000e+00
-1.355944156661010780e+01,5.204981952585895577e+00,0.000000000000000000e+00
-1.363612523986309277e+01,4.963143698036247109e+00,0.000000000000000000e+00
-1.371076336815792018e+01,4.720994426937187072e+00,0.000000000000000000e+00
-1.378337868492028129e+01,4.478491215367415457e+00,0.000000000000000000e+00
-1.385400008960426277e+01,4.235592888323050254e+00,0.000000000000000000e+00
-1.392265400412705567e+01,3.992256793199824738e+00,0.000000000000000000e+00
-1.398935912384519753e+01,3.748437479863282906e+00,0.000000000000000000e+00
-1.405412400025950426e+01,3.504086668695115314e+00,0.000000000000000000e+00
-1.411695357363013592e+01,3.259155535747546573e+00,0.000000000000000000e+00
-1.417785012042574877e+01,3.013595073470606067e+00,0.000000000000000000e+00
-1.423681537514932138e+01,2.767356573758151139e+00,0.000000000000000000e+00
-1.429384903448500133e+01,2.520391242953346378e+00,0.000000000000000000e+00
-1.434894777497742346e+01,2.272650062585801489e+00,0.000000000000000000e+00
-1.440210631853753931e+01,2.024084043479849715e+00,0.000000000000000000e+00
-1.445332223485979561e+01,1.774644824195448889e+00,0.000000000000000000e+00
-1.450259210505039498e+01,1.524283852571362674e+00,0.000000000000000000e+00
-1.454990952244166991e+01,1.272952138541537215e+00,0.000000000000000000e+00
-1.459526501017786337e+01,1.020600351632408254e+00,0.000000000000000000e+00
-1.463864095668188803e+01,7.671786642614710772e-01,0.000000000000000000e+00
-1.468000764648968470e+01,5.126371631601628343e-01,0.000000000000000000e+00
-1.471933135678450277e+01,2.569268845326214690e-01,0.000000000000000000e+00
-1.475657531446202597e+01,1.807159272523276620e-15,0.000000000000000000e+00
-1.479169973355062240e+01,-2.581900792478267204e-01,0.000000000000000000e+00
-1.482466209505123445e+01,-5.176886078143331238e-01,0.000000000000000000e+00
-1.485542471075018156e+01,-7.785398193968278147e-01,0.000000000000000000e+00
-1.488395623495449271e+01,-1.040787608617101734e+00,0.000000000000000000e+00
-1.491022292075838429e+01,-1.304475476210746665e+00,0.000000000000000000e+00
-1.493418807277918781e+01,-1.569646416703243563e+00,0.000000000000000000e+00
-1.495581204767483463e+01,-1.836342815220122437e+00,0.000000000000000000e+00
-1.497505225761018899e+01,-2.104606343996468620e+00,0.000000000000000000e+00
-1.499186317668657686e+01,-2.374477858661526053e+00,0.000000000000000000e+00
-1.500619635034687605e+01,-2.645997294375052711e+00,0.000000000000000000e+00
-1.501800040776696932e+01,-2.919203561892124377e+00,0.000000000000000000e+00
-1.502722107724209977e+01,-3.194134443633869669e+00,0.000000000000000000e+00
-1.503380120457520519e+01,-3.470826489841588813e+00,0.000000000000000000e+00
-1.503768077447207041e+01,-3.749314914892412975e+00,0.000000000000000000e+00
-1.503879693494654823e+01,-4.029633493854571036e+00,0.000000000000000000e+00
-1.503666150610907337e+01,-4.311693304093861201e+00,0.000000000000000000e+00
-1.502949254097077159e+01,-4.594976996528847835e+00,0.000000000000000000e+00
-1.501664408624365699e+01,-4.879203434939955564e+00,0.000000000000000000e+00
-1.499786293548815941e+01,-5.164178349022172654e+00,0.000000000000000000e+00
-1.497290382752341387e+01,-5.449691313749013055e+00,0.000000000000000000e+00
-1.494153013129580998e+01,-5.735516045802458329e+00,0.000000000000000000e+00
-1.490351452092995999e+01,-6.021410723570785883e+00,0.000000000000000000e+00
-1.485863964024855655e+01,-6.307118330419249297e+00,0.000000000000000000e+00
-1.480669875605604702e+01,-6.592367020918372233e+00,0.000000000000000000e+00
-1.474757182081723883e+01,-6.876905679237931501e+00,0.000000000000000000e+00
-1.468146943279485228e+01,-7.160631090407603594e+00,0.000000000000000000e+00
-1.460868632062486583e+01,-7.443497464039496414e+00,0.000000000000000000e+00
-1.452949605719632054e+01,-7.725470090899554165e+00,0.000000000000000000e+00
-1.444387765778163768e+01,-8.006372123784778694e+00,0.000000000000000000e+00
-1.435156626768497290e+01,-8.285880647940674137e+00,0.000000000000000000e+00
-1.425237224504689593e+01,-8.563689209770096511e+00,0.000000000000000000e+00
-1.414647312036204951e+01,-8.839697490523350965e+00,0.000000000000000000e+00
-1.403414878186627135e+01,-9.113882783007548838e+00,0.000000000000000000e+00
-1.391555226484883789e+01,-9.386158519206457385e+00,0.000000000000000000e+00
-1.379073392051686753e+01,-9.656375848590254662e+00,0.000000000000000000e+00
-1.365947471549010928e+01,-9.924189291017489367e+00,0.000000000000000000e+00
-1.352154804314037051e+01,-1.018921729156794065e+01,0.000000000000000000e+00
-1.337738137875772182e+01,-1.045155579152201852e+01,0.000000000000000000e+00
-1.322726563308226844e+01,-1.071122851249907271e+01,0.000000000000000000e+00
-1.307097214516893047e+01,-1.096784790613974891e+01,0.000000000000000000e+00
-1.290878850020511415e+01,-1.122143864450291773e+01,0.000000000000000000e+00
-1.274079395550515592e+01,-1.147186240510231592e+01,0.000000000000000000e+00
-1.256644938484843266e+01,-1.171840363055649803e+01,0.000000000000000000e+00
-1.238641887421693255e+01,-1.196142566688977027e+01,0.000000000000000000e+00
-1.220105892687399773e+01,-1.220105892687399418e+01,0.000000000000000000e+00
-1.201016115439906073e+01,-1.243688594889017018e+01,0.000000000000000000e+00
-1.181356892836204864e+01,-1.266850167249527637e+01,0.000000000000000000e+00
-1.161134626415260840e+01,-1.289570647498308631e+01,0.000000000000000000e+00
-1.140389608404221988e+01,-1.311868177431355598e+01,0.000000000000000000e+00
-1.119134630159382127e+01,-1.333732716089035542e+01,0.000000000000000000e+00
-1.097375425083688150e+01,-1.355145792087288292e+01,0.000000000000000000e+00
-1.075122475332577210e+01,-1.376094015884642907e+01,0.000000000000000000e+00
-1.052386105135669148e+01,-1.396563531165562111e+01,0.000000000000000000e+00
-1.029177922328968187e+01,-1.416541885241677079e+01,0.000000000000000000e+00
-1.005510305476929389e+01,-1.436017538525530490e+01,0.000000000000000000e+00
-9.813962397281237315e+00,-1.454979759666089656e+01,0.000000000000000000e+00
-9.568498145015952971e+00,-1.473419504983489858e+01,0.000000000000000000e+00
-9.318807894267733261e+00,-1.491321004269697248e+01,0.000000000000000000e+00
-9.064721484918454308e+00,-1.508622998057169440e+01,0.000000000000000000e+00
-8.805587356153290912e+00,-1.525172469134358266e+01,0.000000000000000000e+00
-8.541039266486611936e+00,-1.540844271639027241e+01,0.000000000000000000e+00
-8.271457486132845816e+00,-1.555634900115708419e+01,0.000000000000000000e+00
-7.997472248650304039e+00,-1.569592305268697707e+01,0.000000000000000000e+00
-7.719375250077115780e+00,-1.582706472982523671e+01,0.000000000000000000e+00
-7.437513163884606371e+00,-1.594979845133149432e+01,0.000000000000000000e+00
-7.151811758347128567e+00,-1.606323220928823048e+01,0.000000000000000000e+00
-6.862349280282276531e+00,-1.616668178706192549e+01,0.000000000000000000e+00
-6.570084314390919999e+00,-1.626152931238556931e+01,0.000000000000000000e+00
-6.275328659405070120e+00,-1.634779006797573686e+01,0.000000000000000000e+00
-5.977770872328990848e+00,-1.642379049039746874e+01,0.000000000000000000e+00
-5.677930972178372393e+00,-1.648990889209289179e+01,0.000000000000000000e+00
-5.376560472269599877e+00,-1.654735165213134351e+01,0.000000000000000000e+00
-5.073710217935881950e+00,-1.659535835176529517e+01,0.000000000000000000e+00
-4.769217937416646791e+00,-1.663223952077198220e+01,0.000000000000000000e+00
-4.464145781849202521e+00,-1.666041887025552271e+01,0.000000000000000000e+00
-4.158677063320999068e+00,-1.667954267430069848e+01,0.000000000000000000e+00
-3.852482920636679964e+00,-1.668693682682951973e+01,0.000000000000000000e+00
-3.546628891243694959e+00,-1.668557706889123793e+01,0.000000000000000000e+00
-3.241382355507728352e+00,-1.667546661432260535e+01,0.000000000000000000e+00
-2.936419788717055113e+00,-1.665326416251671304e+01,0.000000000000000000e+00
-2.632713362083812125e+00,-1.662229797756187466e+01,0.000000000000000000e+00
-2.330527372676543862e+00,-1.658256390473025377e+01,0.000000000000000000e+00
-2.029802034002417876e+00,-1.653141094512320208e+01,0.000000000000000000e+00
-1.731154941219010590e+00,-1.647083903748596256e+01,0.000000000000000000e+00
-1.434941859807047804e+00,-1.640146050901617514e+01,0.000000000000000000e+00
-1.141373811599024179e+00,-1.632240595382877402e+01,0.000000000000000000e+00
-8.507064155990144982e-01,-1.623244539717197199e+01,0.000000000000000000e+00
-5.634052310105904793e-01,-1.613381489613894360e+01,0.000000000000000000e+00
-2.797400547912882174e-01,-1.602629700557945114e+01,0.000000000000000000e+00
-2.922597708654721793e-15,-1.590988090438020386e+01,0.000000000000000000e+00
2.754860147327873876e-01,-1.578258321385255947e+01,0.000000000000000000e+00
5.463953947009621004e-01,-1.564671691527525610e+01,0.000000000000000000e+00
8.124338583037002959e-01,-1.550216150003128490e+01,0.000000000000000000e+00
1.073308533781474283e+00,-1.534902713208970404e+01,0.000000000000000000e+00
1.328720167932081253e+00,-1.518734101519757473e+01,0.000000000000000000e+00
1.578368461777477583e+00,-1.501717278840168213e+01,0.000000000000000000e+00
1.821951860298169024e+00,-1.483860712536103499e+01,0.000000000000000000e+00
2.059169982898403362e+00,-1.465175574955770621e+01,0.000000000000000000e+00
2.289726121832578620e+00,-1.445676176991147344e+01,0.000000000000000000e+00
2.513330597541334921e+00,-1.425380612452511819e+01,0.000000000000000000e+00
2.729704891084629992e+00,-1.404311425984320749e+01,0.000000000000000000e+00
2.938586346587594544e+00,-1.382496180545827613e+01,0.000000000000000000e+00
3.139734654348516063e+00,-1.359968490696450516e+01,0.000000000000000000e+00
3.332934139101477289e+00,-1.336766869783892631e+01,0.000000000000000000e+00
3.518018168419683178e+00,-1.312942254649268570e+01,0.000000000000000000e+00
3.695282250052958073e+00,-1.288698069290360948e+01,0.000000000000000000e+00
3.865789617716429927e+00,-1.264442809361658959e+01,0.000000000000000000e+00
4.030337636260767908e+00,-1.240410379237760097e+01,0.000000000000000000e+00
4.189151169121938523e+00,-1.216617839359233777e+01,0.000000000000000000e+00
4.342218675149236873e+00,-1.193014776030668678e+01,0.000000000000000000e+00
4.489912661904703839e+00,-1.169662237695817986e+01,0.000000000000000000e+00
4.632386924384340077e+00,-1.146555997648123260e+01,0.000000000000000000e+00
4.769668730156936043e+00,-1.123663536213580194e+01,0.000000000000000000e+00
4.902071961545943601e+00,-1.101023389395697727e+01,0.000000000000000000e+00
5.029884136583540055e+00,-1.078662134026464159e+01,0.000000000000000000e+00
5.153241819756463116e+00,-1.056571149963376044e+01,0.000000000000000000e+00
5.272310682838827312e+00,-1.034749233442652105e+01,0.000000000000000000e+00
5.387297497198223262e+00,-1.013203297967476502e+01,0.000000000000000000e+00
5.498404733311022419e+00,-9.919384716703513405e+00,0.000000000000000000e+00
5.605830046844421766e+00,-9.709582459730754067e+00,0.000000000000000000e+00
5.709773993357462274e+00,-9.502659706003408147e+00,0.000000000000000000e+00
5.810439822648725716e+00,-9.298647477099921232e+00,0.000000000000000000e+00
5.908017645747996482e+00,-9.097549378285666677e+00,0.000000000000000000e+00
6.002674187156851637e+00,-8.899330456577684956e+00,0.000000000000000000e+00
6.094578386486817934e+00,-8.703959974594722482e+00,0.000000000000000000e+00
6.183939484711858725e+00,-8.511462504045232080e+00,0.000000000000000000e+00
6.270980725620908025e+00,-8.321872498416635011e+00,0.000000000000000000e+00
6.355893297669868325e+00,-8.135172441464616711e+00,0.000000000000000000e+00
6.438815034486250255e+00,-7.951274377542207006e+00,0.000000000000000000e+00
6.519879387655612035e+00,-7.770089683519514345e+00,0.000000000000000000e+00
6.599318343419624533e+00,-7.591647331464029591e+00,0.000000000000000000e+00
6.677451208465069676e+00,-7.416060879282632357e+00,0.000000000000000000e+00
6.754571831397033321e+00,-7.243391481604291471e+00,0.000000000000000000e+00
6.830540807695054895e+00,-7.073232065951751579e+00,0.000000000000000000e+00
6.904898105490450355e+00,-6.904898105490453908e+00,0.000000000000000000e+00
6.977142365429248372e+00,-6.737748062525906079e+00,0.000000000000000000e+00
7.046895341979031002e+00,-6.571336216828659538e+00,0.000000000000000000e+00
7.113883134689263699e+00,-6.405369145136406317e+00,0.000000000000000000e+00
7.177814202848521674e+00,-6.239578693045173097e+00,0.000000000000000000e+00
7.238487754928087270e+00,-6.073812405441419315e+00,0.000000000000000000e+00
7.295954981917115667e+00,-5.908147851266052797e+00,0.000000000000000000e+00
7.350307903467665938e+00,-5.742689915378009324e+00,0.000000000000000000e+00
7.401642815374136930e+00,-5.577537920939429128e+00,0.000000000000000000e+00
7.450045395056216435e+00,-5.412774815078843282e+00,0.000000000000000000e+00
7.495557460681220086e+00,-5.248445837053026253e+00,0.000000000000000000e+00
7.538212094251084849e+00,-5.084588259336938698e+00,0.000000000000000000e+00
7.578042516464861045e+00,-4.921238351765851782e+00,0.000000000000000000e+00
7.615082063489877484e+00,-4.758431393749265048e+00,0.000000000000000000e+00
7.649364235603537843e+00,-4.596201729772026567e+00,0.000000000000000000e+00
7.680923666257782223e+00,-4.434583346338903276e+00,0.000000000000000000e+00
7.709795897326367609e+00,-4.273609650741427401e+00,0.000000000000000000e+00
7.736016592042892270e+00,-4.113312985478895456e+00,0.000000000000000000e+00
7.759621488834020475e+00,-3.953724627004785219e+00,0.000000000000000000e+00
7.780646375451378383e+00,-3.794874797414492296e+00,0.000000000000000000e+00
7.799127063617913080e+00,-3.636792676688937132e+00,0.000000000000000000e+00
7.815099364199636689e+00,-3.479506415478180514e+00,0.000000000000000000e+00
7.828599062913196072e+00,-3.323043148408764580e+00,0.000000000000000000e+00
7.839661896579308120e+00,-3.167429007898628690e+00,0.000000000000000000e+00
7.848323529931644060e+00,-3.012689138462963712e+00,0.000000000000000000e+00
7.854619532990325226e+00,-2.858847711494376664e+00,0.000000000000000000e+00
7.858585359008754878e+00,-2.705927940500591600e+00,0.000000000000000000e+00
7.860256323002034584e+00,-2.553952096782604375e+00,0.000000000000000000e+00
7.859722969565786421e+00,-2.402958459561637117e+00,0.000000000000000000e+00
7.856972268856763364e+00,-2.252950544129586952e+00,0.000000000000000000e+00
7.851958708569873657e+00,-2.103925994963818269e+00,0.000000000000000000e+00
7.845009878102842116e+00,-1.955980645192407330e+00,0.000000000000000000e+00
7.835861409369284658e+00,-1.809051149491695210e+00,0.000000000000000000e+00
7.824730613348736874e+00,-1.663197835167574912e+00,0.000000000000000000e+00
7.811576276397090624e+00,-1.518416611458933252e+00,0.000000000000000000e+00
7.796421208460250440e+00,-1.374719412019238085e+00,0.000000000000000000e+00
7.779323326154579554e+00,-1.232123771116605315e+00,0.000000000000000000e+00
7.760300138582026719e+00,-1.090639059017405543e+00,0.000000000000000000e+00
7.739435044935738084e+00,-9.502831336289842001e-01,0.000000000000000000e+00
7.716718058175753292e+00,-8.110597502653980051e-01,0.000000000000000000e+00
7.692155358156665734e+00,-6.729763919189031274e-01,0.000000000000000000e+00
7.665871502900313494e+00,-5.360499549664283769e-01,0.000000000000000000e+00
7.637822667054674497e+00,-4.002813245380145712e-01,0.000000000000000000e+00
7.608110131420611211e+00,-2.656810601671685257e-01,0.000000000000000000e+00
7.576696490909033521e+00,-1.322517291902158831e-01,0.000000000000000000e+00
7.543641102773404050e+00,-1.847659186085571489e-15,0.000000000000000000e+00
