1.098462392590422709e+01,0.000000000000000000e+00,0.000000000000000000e+00
1.094646134771297596e+01,1.910711935585541199e-01,0.000000000000000000e+00
1.090916622182711393e+01,3.809564789795851225e-01,0.000000000000000000e+00
1.087264113176945024e+01,5.698109766574886992e-01,0.000000000000000000e+00
1.083678253648369427e+01,7.577816545014129934e-01,0.000000000000000000e+00
1.080148113965296552e+01,9.450071490087125214e-01,0.000000000000000000e+00
1.076662226351135665e+01,1.131617599400767560e+00,0.000000000000000000e+00
1.073208622674718171e+01,1.317734494923262778e+00,0.000000000000000000e+00
1.069774786058608562e+01,1.503470413762490576e+00,0.000000000000000000e+00
1.066344668458809153e+01,1.688924035069016893e+00,0.000000000000000000e+00
1.062897985469524187e+01,1.874175925789510755e+00,0.000000000000000000e+00
1.059413958398200428e+01,2.059292127382562398e+00,0.000000000000000000e+00
1.055871623836807593e+01,2.244324419276948035e+00,0.000000000000000000e+00
1.052249563681871614e+01,2.429309533798967191e+00,0.000000000000000000e+00
1.048525352497278185e+01,2.614267320685883966e+00,0.000000000000000000e+00
1.044676418769369164e+01,2.799202027610898202e+00,0.000000000000000000e+00
1.040680302003259960e+01,2.984102746495175040e+00,0.000000000000000000e+00
1.036521647691870385e+01,3.168964696954890581e+00,0.000000000000000000e+00
1.032202288212180541e+01,3.353828539368124861e+00,0.000000000000000000e+00
1.027726358295767639e+01,3.538745640668611081e+00,0.000000000000000000e+00
1.023097178123518347e+01,3.723769195987075342e+00,0.000000000000000000e+00
1.018313259935431425e+01,3.908938368888828840e+00,0.000000000000000000e+00
1.013370352371251570e+01,4.094281988417996843e+00,0.000000000000000000e+00
1.008263965782502325e+01,4.279826615662948086e+00,0.000000000000000000e+00
1.002989110362158875e+01,4.465595229853223103e+00,0.000000000000000000e+00
9.975404084387866632e+00,4.651607317740714009e+00,0.000000000000000000e+00
9.919127845373671093e+00,4.837881900339816355e+00,0.000000000000000000e+00
9.861040556584462990e+00,5.024451122076490250e+00,0.000000000000000000e+00
9.801130263377878293e+00,5.211353401980772126e+00,0.000000000000000000e+00
9.739357604323785722e+00,5.398614075412030644e+00,0.000000000000000000e+00
9.675634442244215094e+00,5.586230149810111456e+00,0.000000000000000000e+00
9.609877266854036648e+00,5.774196803340795547e+00,0.000000000000000000e+00
9.542061143249151556e+00,5.962541562461273870e+00,0.000000000000000000e+00
9.472177007858647357e+00,6.151303673014282047e+00,0.000000000000000000e+00
9.400177308257488207e+00,6.340499654248593409e+00,0.000000000000000000e+00
9.325989741790277066e+00,6.530128318467975923e+00,0.000000000000000000e+00
9.249546900894978663e+00,6.720189188280389025e+00,0.000000000000000000e+00
9.170788363629183593e+00,6.910684714048347388e+00,0.000000000000000000e+00
9.089693481406627029e+00,7.101646866374802691e+00,0.000000000000000000e+00
9.006247440038615437e+00,7.293115375946677581e+00,0.000000000000000000e+00
8.920263105231137857e+00,7.484989481603744998e+00,0.000000000000000000e+00
8.831557381279971253e+00,7.677155705809683539e+00,0.000000000000000000e+00
8.740260169242757726e+00,7.869765604601503206e+00,0.000000000000000000e+00
8.646402834052356212e+00,8.062901083577255434e+00,0.000000000000000000e+00
8.549786834682919334e+00,8.256433173246600532e+00,0.000000000000000000e+00
8.450345638340657217e+00,8.450345638340655441e+00,0.000000000000000000e+00
8.348026159209284813e+00,8.644634148177873456e+00,0.000000000000000000e+00
8.242690779275134716e+00,8.839203678103622508e+00,0.000000000000000000e+00
8.134474226801501118e+00,9.034248877841267955e+00,0.000000000000000000e+00
8.023246437622454152e+00,9.229689225189382284e+00,0.000000000000000000e+00
7.908593599712379074e+00,9.425094834824800927e+00,0.000000000000000000e+00
7.790858736624271863e+00,9.620909300823576871e+00,0.000000000000000000e+00
7.669191337493867167e+00,9.816117278112923117e+00,0.000000000000000000e+00
7.541776319615540736e+00,1.000827521076523752e+01,0.000000000000000000e+00
7.407356038874124415e+00,1.019535093039931262e+01,0.000000000000000000e+00
7.266024345592092537e+00,1.037695818609702592e+01,0.000000000000000000e+00
7.117955120904762012e+00,1.055280243787878547e+01,0.000000000000000000e+00
6.963377943798199965e+00,1.072266172545407947e+01,0.000000000000000000e+00
6.802553424734270493e+00,1.088636113124870342e+01,0.000000000000000000e+00
6.635766504703128454e+00,1.104377004344623003e+01,0.000000000000000000e+00
6.463323230051778445e+00,1.119480422018986410e+01,0.000000000000000000e+00
6.285519982182173671e+00,1.133937821456942885e+01,0.000000000000000000e+00
6.102721808900832379e+00,1.147755041664603581e+01,0.000000000000000000e+00
5.914632596562137579e+00,1.160812007021605652e+01,0.000000000000000000e+00
5.721623907611068205e+00,1.173106747784691528e+01,0.000000000000000000e+00
5.524565727235494883e+00,1.184746943486644000e+01,0.000000000000000000e+00
5.323378266865240072e+00,1.195650334878182086e+01,0.000000000000000000e+00
5.117803899742290774e+00,1.205679042502990583e+01,0.000000000000000000e+00
4.909220149717054227e+00,1.215074625309106437e+01,0.000000000000000000e+00
4.696820059999596175e+00,1.223563457713942881e+01,0.000000000000000000e+00
4.481614353475838364e+00,1.231313423887858605e+01,0.000000000000000000e+00
4.263647752201985774e+00,1.238253218052307325e+01,0.000000000000000000e+00
4.043083796441739430e+00,1.244333243972876168e+01,0.000000000000000000e+00
3.820556805647248311e+00,1.249647823181870443e+01,0.000000000000000000e+00
3.595937118221642415e+00,1.254052304522981132e+01,0.000000000000000000e+00
3.369950720521975196e+00,1.257682730799135840e+01,0.000000000000000000e+00
3.142549548580940932e+00,1.260407781214011536e+01,0.000000000000000000e+00
2.914275125145996181e+00,1.262311239559632625e+01,0.000000000000000000e+00
2.685341881623319882e+00,1.263354027052858974e+01,0.000000000000000000e+00
2.456000624366227125e+00,1.263502787530885563e+01,0.000000000000000000e+00
2.226761118937644390e+00,1.262858985046264593e+01,0.000000000000000000e+00
1.997610655784468836e+00,1.261241730369019187e+01,0.000000000000000000e+00
1.769273466416263485e+00,1.258903485355603458e+01,0.000000000000000000e+00
1.541591126425239988e+00,1.255525218389873210e+01,0.000000000000000000e+00
1.315361612253538981e+00,1.251482976807398195e+01,0.000000000000000000e+00
1.090425989430799936e+00,1.246362609148433620e+01,0.000000000000000000e+00
8.675180403999798173e-01,1.240608596743685865e+01,0.000000000000000000e+00
6.465961301683764706e-01,1.233778914149886319e+01,0.000000000000000000e+00
4.282353296055330660e-01,1.226305536327685530e+01,0.000000000000000000e+00
2.125716639906146121e-01,1.217822247380893508e+01,0.000000000000000000e+00
7.400627635635108510e-16,1.208614212814292976e+01,0.000000000000000000e+00
-2.092108380983177807e-01,1.198568088739167337e+01,0.000000000000000000e+00
-4.147266949351111620e-01,1.187621867934832132e+01,0.000000000000000000e+00
-6.163310880726698970e-01,1.176029773641086784e+01,0.000000000000000000e+00
-8.136004716209278564e-01,1.163502881095431007e+01,0.000000000000000000e+00
-1.006290596380646551e+00,1.150195414840768748e+01,0.000000000000000000e+00
-1.194213136144578469e+00,1.136217901329964519e+01,0.000000000000000000e+00
-1.376895442562920069e+00,1.121391347933182736e+01,0.000000000000000000e+00
-1.554584207886563041e+00,1.106144140369269735e+01,0.000000000000000000e+00
-1.728152955454549389e+00,1.091112834009131838e+01,0.000000000000000000e+00
-1.897993530123343930e+00,1.076405620114056028e+01,0.000000000000000000e+00
-2.064322784513311415e+00,1.062002007132696946e+01,0.000000000000000000e+00
-2.227347660922635697e+00,1.047884686985303837e+01,0.000000000000000000e+00
-2.387261827839509021e+00,1.034036701288632720e+01,0.000000000000000000e+00
-2.544248294997485171e+00,1.020442255175699131e+01,0.000000000000000000e+00
-2.698479809211653535e+00,1.007086375117665789e+01,0.000000000000000000e+00
-2.850119837164895031e+00,9.939549086806357181e+00,0.000000000000000000e+00
-2.999323280586858598e+00,9.810344405987974525e+00,0.000000000000000000e+00
-3.146237180737725403e+00,9.683122375205181598e+00,0.000000000000000000e+00
-3.291001352158786197e+00,9.557761925385387158e+00,0.000000000000000000e+00
-3.433748964567534312e+00,9.434147744224990362e+00,0.000000000000000000e+00
-3.574607078389523629e+00,9.312169810489606903e+00,0.000000000000000000e+00
-3.713697137476335897e+00,9.191722962537408392e+00,0.000000000000000000e+00
-3.851135423882259268e+00,9.072706499460680973e+00,0.000000000000000000e+00
-3.987033478223274585e+00,8.955023810876706847e+00,0.000000000000000000e+00
-4.121498495863627376e+00,8.838582047249289531e+00,0.000000000000000000e+00
-4.254633709367334760e+00,8.723291838828615141e+00,0.000000000000000000e+00
-4.386538715164737035e+00,8.609066965187379239e+00,0.000000000000000000e+00
-4.517309784769620862e+00,8.495824064384166263e+00,0.000000000000000000e+00
-4.647040159979524354e+00,8.383482369267220236e+00,0.000000000000000000e+00
-4.775820336658823884e+00,8.271963470913787475e+00,0.000000000000000000e+00
-4.903738365939807053e+00,8.161191149248676169e+00,0.000000000000000000e+00
-5.030880085032445770e+00,8.051091111542401535e+00,0.000000000000000000e+00
-5.157329336725641866e+00,7.941590752476916037e+00,0.000000000000000000e+00
-5.283168193852409544e+00,7.832618954293534053e+00,0.000000000000000000e+00
-5.408477206487294353e+00,7.724105941954988452e+00,0.000000000000000000e+00
-5.533335638536428291e+00,7.615983132780357323e+00,0.000000000000000000e+00
-5.657821622343019996e+00,7.508182885582288968e+00,0.000000000000000000e+00
-5.782012347266054064e+00,7.400638321120248442e+00,0.000000000000000000e+00
-5.905984270777087097e+00,7.293283182523366825e+00,0.000000000000000000e+00
-6.029813362425240797e+00,7.186051737342853407e+00,0.000000000000000000e+00
-6.153575233430418123e+00,7.078878539996004804e+00,0.000000000000000000e+00
-6.277345302466803112e+00,6.971698252823876452e+00,0.000000000000000000e+00
-6.401198991992925968e+00,6.864445505654753532e+00,0.000000000000000000e+00
-6.525211979688948283e+00,6.757054808877279051e+00,0.000000000000000000e+00
-6.649460331427056836e+00,6.649460331427058613e+00,0.000000000000000000e+00
-6.774020659839420588e+00,6.541595711518134237e+00,0.000000000000000000e+00
-6.898970320738933459e+00,6.433393902905039319e+00,0.000000000000000000e+00
-7.024387675400276088e+00,6.324787071646316150e+00,0.000000000000000000e+00
-7.150352259434427538e+00,6.215706389840638835e+00,0.000000000000000000e+00
-7.276944946780171897e+00,6.106081820940615579e+00,0.000000000000000000e+00
-7.404248163174255382e+00,5.995841940351971822e+00,0.000000000000000000e+00
-7.532346149782875422e+00,5.884913780698575181e+00,0.000000000000000000e+00
-7.661325219013153109e+00,5.773222647942035657e+00,0.000000000000000000e+00
-7.791273938590886239e+00,5.660691863726108330e+00,0.000000000000000000e+00
-7.922283383241097710e+00,5.547242544778937301e+00,0.000000000000000000e+00
-8.054447408822774435e+00,5.432793375710377681e+00,0.000000000000000000e+00
-8.187862977058921743e+00,5.317260389362841622e+00,0.000000000000000000e+00
-8.322630460375103567e+00,5.200556701955419747e+00,0.000000000000000000e+00
-8.458853927470411094e+00,5.082592207123584060e+00,0.000000000000000000e+00
-8.596641490943078168e+00,4.963273278922690324e+00,0.000000000000000000e+00
-8.736105682434724073e+00,4.842502454221538244e+00,0.000000000000000000e+00
-8.877363856000599185e+00,4.720178090526230719e+00,0.000000000000000000e+00
-9.020538632362777420e+00,4.596194001336503909e+00,0.000000000000000000e+00
-9.165758364420607762e+00,4.470439053248057348e+00,0.000000000000000000e+00
-9.313157622464585117e+00,4.342796720959836598e+00,0.000000000000000000e+00
-9.462877740770595736e+00,4.213144615758706024e+00,0.000000000000000000e+00
-9.615067413002126528e+00,4.081353972977037614e+00,0.000000000000000000e+00
-9.769883340302010666e+00,3.947289092831998580e+00,0.000000000000000000e+00
-9.927490938291665401e+00,3.810806729350163735e+00,0.000000000000000000e+00
-1.008806511010312867e+01,3.671755421416940113e+00,0.000000000000000000e+00
-1.025179109358730578e+01,3.529974759199163259e+00,0.000000000000000000e+00
-1.041886539195512462e+01,3.385294578245600317e+00,0.000000000000000000e+00
-1.058949679830049639e+01,3.237534072448711164e+00,0.000000000000000000e+00
-1.076390752569878018e+01,3.086500815728633107e+00,0.000000000000000000e+00
-1.094233445584519160e+01,2.931989680754970351e+00,0.000000000000000000e+00
-1.112503052045952501e+01,2.773781641235604667e+00,0.000000000000000000e+00
-1.131226623090178229e+01,2.611642442259088703e+00,0.000000000000000000e+00
-1.150433137287038399e+01,2.445321120929893510e+00,0.000000000000000000e+00
-1.170153692418318592e+01,2.274548364709156889e+00,0.000000000000000000e+00
-1.190421722837363561e+01,2.099034681576813721e+00,0.000000000000000000e+00
-1.211273231626380564e+01,1.918468328712368498e+00,0.000000000000000000e+00
-1.232747050307193604e+01,1.732512994270837936e+00,0.000000000000000000e+00
-1.254885146380757632e+01,1.540805216819385759e+00,0.000000000000000000e+00
-1.277732975343207400e+01,1.342951472471855867e+00,0.000000000000000000e+00
-1.301339827849704633e+01,1.138524823316267032e+00,0.000000000000000000e+00
-1.325759299887872089e+01,9.270612124561957712e-01,0.000000000000000000e+00
-1.351049756691316617e+01,7.080551744908499812e-01,0.000000000000000000e+00
-1.377274915274583478e+01,4.809549984307034953e-01,0.000000000000000000e+00
-1.404504459577749564e+01,2.451571653390066663e-01,0.000000000000000000e+00
-1.432814807282622560e+01,1.754692067509595451e-15,0.000000000000000000e+00
-1.462289927778756038e+01,-2.552436563325697350e-01,0.000000000000000000e+00
-1.493022326297738545e+01,-5.213748850267618806e-01,0.000000000000000000e+00
-1.525114176720669334e+01,-7.992784715501353165e-01,0.000000000000000000e+00
-1.558678632155563726e+01,-1.089934275911101036e+00,0.000000000000000000e+00
-1.593841355666632964e+01,-1.394430500796202566e+00,0.000000000000000000e+00
-1.630742311723068738e+01,-1.713979235890345620e+00,0.000000000000000000e+00
-1.669537843141088373e+01,-2.049934709808606037e+00,0.000000000000000000e+00
-1.710407362550655463e+01,-2.403820784139851341e+00,0.000000000000000000e+00
-1.753415568587506357e+01,-2.777137434870605048e+00,0.000000000000000000e+00
-1.794707594206937529e+01,-3.164553713410624969e+00,0.000000000000000000e+00
-1.833536763711018125e+01,-3.564034429455194442e+00,0.000000000000000000e+00
-1.869850165997150526e+01,-3.974489221224747126e+00,0.000000000000000000e+00
-1.903668307575753715e+01,-4.394964586730763401e+00,0.000000000000000000e+00
-1.934996867811375054e+01,-4.824489045592199155e+00,0.000000000000000000e+00
-1.963801057159969332e+01,-5.261989073613989376e+00,0.000000000000000000e+00
-1.990143914042408113e+01,-5.706645843476337632e+00,0.000000000000000000e+00
-2.013846911632321479e+01,-6.156947886467682096e+00,0.000000000000000000e+00
-2.035099612542944314e+01,-6.612439479111585250e+00,0.000000000000000000e+00
-2.053764719275775263e+01,-7.071679040467473421e+00,0.000000000000000000e+00
-2.069956683271296072e+01,-7.534026189311446409e+00,0.000000000000000000e+00
-2.083522525336710984e+01,-7.997893636629297198e+00,0.000000000000000000e+00
-2.094621664871804612e+01,-8.462820858107077626e+00,0.000000000000000000e+00
-2.103384574969883758e+01,-8.928337808784585050e+00,0.000000000000000000e+00
-2.109156625186164291e+01,-9.390570313414247750e+00,0.000000000000000000e+00
-2.113065233363084516e+01,-9.853385004982850859e+00,0.000000000000000000e+00
-2.114392920069889925e+01,-1.031258332151018209e+01,0.000000000000000000e+00
-2.113178731506400254e+01,-1.076718343032865022e+01,0.000000000000000000e+00
-2.109506211789472374e+01,-1.121644348956939652e+01,0.000000000000000000e+00
-2.103445876169958595e+01,-1.165959088402007815e+01,0.000000000000000000e+00
-2.095064876819413158e+01,-1.209586270601418789e+01,0.000000000000000000e+00
-2.084432067412582512e+01,-1.252453142346421444e+01,0.000000000000000000e+00
-2.071615121590684794e+01,-1.294488798433933319e+01,0.000000000000000000e+00
-2.056620601517968439e+01,-1.335585034952200445e+01,0.000000000000000000e+00
-2.039397898423479205e+01,-1.375591251717182217e+01,0.000000000000000000e+00
-2.019998529593869918e+01,-1.414418197594157611e+01,0.000000000000000000e+00
-1.998669808762042877e+01,-1.452118615505965593e+01,0.000000000000000000e+00
-1.975386479458776989e+01,-1.488560482114461614e+01,0.000000000000000000e+00
-1.949920780192968550e+01,-1.523445078391530494e+01,0.000000000000000000e+00
-1.922603793845076581e+01,-1.556893854415888789e+01,0.000000000000000000e+00
-1.893578914186858952e+01,-1.588901368499267441e+01,0.000000000000000000e+00
-1.862788771678967592e+01,-1.619297574573504406e+01,0.000000000000000000e+00
-1.830289484901047103e+01,-1.648000054440712958e+01,0.000000000000000000e+00
-1.796129514097176028e+01,-1.674917868552724087e+01,0.000000000000000000e+00
-1.760378160440937378e+01,-1.699977428953339853e+01,0.000000000000000000e+00
-1.723116994103596156e+01,-1.723116994103595800e+01,0.000000000000000000e+00
-1.684438305428080440e+01,-1.744286926980795371e+01,0.000000000000000000e+00
-1.644444507744911377e+01,-1.763450835477583922e+01,0.000000000000000000e+00
-1.603237180751914082e+01,-1.780575277182548888e+01,0.000000000000000000e+00
-1.560950042440057217e+01,-1.795667614073336082e+01,0.000000000000000000e+00
-1.517570735368683188e+01,-1.808570375891464366e+01,0.000000000000000000e+00
-1.473886406442511365e+01,-1.820098132371520450e+01,0.000000000000000000e+00
-1.430700558611993145e+01,-1.831213208169384998e+01,0.000000000000000000e+00
-1.388005643133481470e+01,-1.841945701100193489e+01,0.000000000000000000e+00
-1.345797340214934401e+01,-1.852331127690028012e+01,0.000000000000000000e+00
-1.304037006681437738e+01,-1.862357851810047293e+01,0.000000000000000000e+00
-1.262741097348835240e+01,-1.872090664266330862e+01,0.000000000000000000e+00
-1.221893129803755684e+01,-1.881550420110548671e+01,0.000000000000000000e+00
-1.181485921027815067e+01,-1.890772714996679937e+01,0.000000000000000000e+00
-1.141534917026874929e+01,-1.899833140794527964e+01,0.000000000000000000e+00
-1.102038702403672943e+01,-1.908787024470436933e+01,0.000000000000000000e+00
-1.062967852386535661e+01,-1.917644768023617274e+01,0.000000000000000000e+00
-1.024291953019769785e+01,-1.926412984285563113e+01,0.000000000000000000e+00
-9.859818110858478590e+00,-1.935098260674078929e+01,0.000000000000000000e+00
-9.480092520951613366e+00,-1.943707011423423126e+01,0.000000000000000000e+00
-9.103469869284959159e+00,-1.952245413533185570e+01,0.000000000000000000e+00
-8.729685516608569174e+00,-1.960719469492187983e+01,0.000000000000000000e+00
-8.358482216625498396e+00,-1.969135010473294045e+01,0.000000000000000000e+00
-7.989609393608711585e+00,-1.977497717405224975e+01,0.000000000000000000e+00
-7.622822431601972148e+00,-1.985813135866888501e+01,0.000000000000000000e+00
-7.257882002966350221e+00,-1.994086691621614449e+01,0.000000000000000000e+00
-6.894553424255708940e+00,-2.002323705144052468e+01,0.000000000000000000e+00
-6.532606037545862776e+00,-2.010529405660656010e+01,0.000000000000000000e+00
-6.171812613240945211e+00,-2.018708944681256412e+01,0.000000000000000000e+00
-5.811948771108242262e+00,-2.026867409122632679e+01,0.000000000000000000e+00
-5.452792416340219717e+00,-2.035009834090798009e+01,0.000000000000000000e+00
-5.094123187603375236e+00,-2.043141215392245513e+01,0.000000000000000000e+00
-4.735721914136973965e+00,-2.051266521840305757e+01,0.000000000000000000e+00
-4.377370079047074647e+00,-2.059390707421490063e+01,0.000000000000000000e+00
-4.018849286010241606e+00,-2.067518723392342039e+01,0.000000000000000000e+00
-3.659940726586009330e+00,-2.075655530356566558e+01,0.000000000000000000e+00
-3.300424645379814947e+00,-2.083806110383762444e+01,0.000000000000000000e+00
-2.940079800303293744e+00,-2.091975479247140512e+01,0.000000000000000000e+00
-2.578682915087906480e+00,-2.100168698837536141e+01,0.000000000000000000e+00
-2.216008121155340405e+00,-2.108390889818896952e+01,0.000000000000000000e+00
-1.851826385854124402e+00,-2.116647244594613397e+01,0.000000000000000000e+00
-1.485904923941180567e+00,-2.124943040648765802e+01,0.000000000000000000e+00
-1.118006589060933198e+00,-2.133283654365225601e+01,0.000000000000000000e+00
-7.478892416946737454e-01,-2.141674575273649594e+01,0.000000000000000000e+00
-3.753050901328167654e-01,-2.150121421353779994e+01,0.000000000000000000e+00
-3.965338894083396543e-15,-2.158629953193699080e+01,0.000000000000000000e+00
3.782872312334296661e-01,-2.167206096276987992e+01,0.000000000000000000e+00
7.598256360781427965e-01,-2.175855936558595971e+01,0.000000000000000000e+00
1.144892910345650217e+00,-2.184585811511626474e+01,0.000000000000000000e+00
1.533776186063195324e+00,-2.193402134938228087e+01,0.000000000000000000e+00
1.926772992142381735e+00,-2.202311607573546581e+01,0.000000000000000000e+00
2.324194797167768556e+00,-2.211323636286219241e+01,0.000000000000000000e+00
2.726336753469178031e+00,-2.220423099957251267e+01,0.000000000000000000e+00
3.133394266492504965e+00,-2.229525869209304290e+01,0.000000000000000000e+00
3.545477972131419797e+00,-2.238526691679178171e+01,0.000000000000000000e+00
3.962384997895522343e+00,-2.247180200089088586e+01,0.000000000000000000e+00
4.381001088284440570e+00,-2.253829674270397732e+01,0.000000000000000000e+00
4.799807986270843152e+00,-2.258132117192494093e+01,0.000000000000000000e+00
5.218339121783116319e+00,-2.260311000983674390e+01,0.000000000000000000e+00
5.635689325680171002e+00,-2.260351529476954013e+01,0.000000000000000000e+00
6.051022550340181994e+00,-2.258272359561460618e+01,0.000000000000000000e+00
6.462929177794128677e+00,-2.253891256416007494e+01,0.000000000000000000e+00
6.870344657011445477e+00,-2.247188481127441406e+01,0.000000000000000000e+00
7.273036225204160488e+00,-2.238410385559010862e+01,0.000000000000000000e+00
7.670064832813339173e+00,-2.227548571993532178e+01,0.000000000000000000e+00
8.060557909770892593e+00,-2.214620084530186261e+01,0.000000000000000000e+00
8.443615336840753827e+00,-2.199636998048470815e+01,0.000000000000000000e+00
8.818346248694341583e+00,-2.182617286901627907e+01,0.000000000000000000e+00
9.183865751430175806e+00,-2.163583185791453545e+01,0.000000000000000000e+00
9.539304517388844218e+00,-2.142562874352598001e+01,0.000000000000000000e+00
9.883817692195988158e+00,-2.119591544196909538e+01,0.000000000000000000e+00
1.021659937138840668e+01,-2.094713293903427598e+01,0.000000000000000000e+00
1.053688744072683114e+01,-2.067980598649576862e+01,0.000000000000000000e+00
1.084403030264968137e+01,-2.039465478121086761e+01,0.000000000000000000e+00
1.113728995332562377e+01,-2.009220294010405539e+01,0.000000000000000000e+00
1.141662950448128733e+01,-1.977418235295148108e+01,0.000000000000000000e+00
1.168084830988036416e+01,-1.944019617858261739e+01,0.000000000000000000e+00
1.192722671289356562e+01,-1.908755274434437510e+01,0.000000000000000000e+00
1.215790282393329313e+01,-1.872152859203727360e+01,0.000000000000000000e+00
1.237226814694313504e+01,-1.834264184663133435e+01,0.000000000000000000e+00
1.256726362512544526e+01,-1.794791249642558384e+01,0.000000000000000000e+00
1.274291486536378315e+01,-1.753911763479007746e+01,0.000000000000000000e+00
1.289968182887004744e+01,-1.711845597155291188e+01,0.000000000000000000e+00
1.303691631414243979e+01,-1.668649194588804363e+01,0.000000000000000000e+00
1.315381066144848177e+01,-1.624360338342317078e+01,0.000000000000000000e+00
1.324975886522708279e+01,-1.579044772864136092e+01,0.000000000000000000e+00
1.332427297818498779e+01,-1.532782268329261122e+01,0.000000000000000000e+00
1.337689135303774535e+01,-1.485654294619414983e+01,0.000000000000000000e+00
1.340717844162482919e+01,-1.437743865051594483e+01,0.000000000000000000e+00
1.341472522079832608e+01,-1.389135461730755949e+01,0.000000000000000000e+00
1.339835888882130632e+01,-1.339835888882131165e+01,0.000000000000000000e+00
1.335539799889782309e+01,-1.289715793061649762e+01,0.000000000000000000e+00
1.328928098255756218e+01,-1.239245500015725021e+01,0.000000000000000000e+00
1.320566299693518175e+01,-1.189043237007476961e+01,0.000000000000000000e+00
1.311380448036394242e+01,-1.139965631709539196e+01,0.000000000000000000e+00
1.302516409924395724e+01,-1.092941039169915918e+01,0.000000000000000000e+00
1.294137001988259961e+01,-1.047971480976949188e+01,0.000000000000000000e+00
1.286054694573059898e+01,-1.004776047771417780e+01,0.000000000000000000e+00
1.278266161427921332e+01,-9.632426430533621797e+00,0.000000000000000000e+00
1.270781867143231736e+01,-9.232770702976166532e+00,0.000000000000000000e+00
1.263574292641819241e+01,-8.847642447958044443e+00,0.000000000000000000e+00
1.256615222259154940e+01,-8.475976698076383542e+00,0.000000000000000000e+00
1.249890736374892164e+01,-8.116885348690827229e+00,0.000000000000000000e+00
1.243386256326487782e+01,-7.769539641636976413e+00,0.000000000000000000e+00
1.237088672446185456e+01,-7.433178655179985661e+00,0.000000000000000000e+00
1.230982720458868762e+01,-7.107082050247065297e+00,0.000000000000000000e+00
1.225056730100025071e+01,-6.790600340375754662e+00,0.000000000000000000e+00
1.219299766743290725e+01,-6.483131860000487023e+00,0.000000000000000000e+00
1.213700414395896665e+01,-6.184112491966439862e+00,0.000000000000000000e+00
1.208250366504766049e+01,-5.893030788910209594e+00,0.000000000000000000e+00
1.202939603854462192e+01,-5.609399495752756870e+00,0.000000000000000000e+00
1.197759559250343209e+01,-5.332769138807620379e+00,0.000000000000000000e+00
1.192703505383894402e+01,-5.062726012403801157e+00,0.000000000000000000e+00
1.187762997969949907e+01,-4.798874012564502856e+00,0.000000000000000000e+00
1.182931312958712233e+01,-4.540847869620741939e+00,0.000000000000000000e+00
1.178202983021901495e+01,-4.288308157436197199e+00,0.000000000000000000e+00
1.173571025733172668e+01,-4.040929103166076786e+00,0.000000000000000000e+00
1.169029569914305533e+01,-3.798407327438416470e+00,0.000000000000000000e+00
1.164574349250491281e+01,-3.560461094056292186e+00,0.000000000000000000e+00
1.160199894834818224e+01,-3.326819664017380607e+00,0.000000000000000000e+00
1.155900601462390043e+01,-3.097226326924963580e+00,0.000000000000000000e+00
1.151672897494665015e+01,-2.871443034609641565e+00,0.000000000000000000e+00
1.147512649847555366e+01,-2.649241697640071891e+00,0.000000000000000000e+00
1.143414809370670326e+01,-2.430403204424141261e+00,0.000000000000000000e+00
1.139375730026742772e+01,-2.214722066266117562e+00,0.000000000000000000e+00
1.135392755936330644e+01,-2.002003765725163031e+00,0.000000000000000000e+00
1.131462401698142983e+01,-1.792060392412163194e+00,0.000000000000000000e+00
1.127580593870841774e+01,-1.584711178568268597e+00,0.000000000000000000e+00
1.123744076192173047e+01,-1.379784229624958058e+00,0.000000000000000000e+00
1.119949457790999148e+01,-1.177114312973319032e+00,0.000000000000000000e+00
1.116192621317303235e+01,-9.765420067654881908e-01,0.000000000000000000e+00
1.112469686813475356e+01,-7.779145858266218738e-01,0.000000000000000000e+00
1.108780605480097670e+01,-5.810872924531833572e-01,0.000000000000000000e+00
1.105126054169034155e+01,-3.859185219696139590e-01,0.000000000000000000e+00
1.101506104991676871e+01,-1.922686058145782750e-01,0.000000000000000000e+00
1.097920236338351607e+01,-2.689129006301735822e-15,0.000000000000000000e+00
