1.773683901827437026e+01,0.000000000000000000e+00,0.000000000000000000e+00
1.774320792914132383e+01,3.097088464380268191e-01,0.000000000000000000e+00
1.774295022224244889e+01,6.195974748144827959e-01,0.000000000000000000e+00
1.773485166822489134e+01,9.294441918458054008e-01,0.000000000000000000e+00
1.772061801397725489e+01,1.239146323386170589e+00,0.000000000000000000e+00
1.770016459522677721e+01,1.548563744625268246e+00,0.000000000000000000e+00
1.767341031376596661e+01,1.857550275564890940e+00,0.000000000000000000e+00
1.764027790301172516e+01,2.165953776526504893e+00,0.000000000000000000e+00
1.760069419098766375e+01,2.473616252942938409e+00,0.000000000000000000e+00
1.755459036044573651e+01,2.780373969365697917e+00,0.000000000000000000e+00
1.750190220584546097e+01,3.086057572611553557e+00,0.000000000000000000e+00
1.744257105087822524e+01,3.390492353026328676e+00,0.000000000000000000e+00
1.737659183264069185e+01,3.693508613489494330e+00,0.000000000000000000e+00
1.730404452183348241e+01,3.994953457911906369e+00,0.000000000000000000e+00
1.722502001389200998e+01,4.294679838997510934e+00,0.000000000000000000e+00
1.713961283585012652e+01,4.592545417948145747e+00,0.000000000000000000e+00
1.704793610005981819e+01,4.888417013403160816e+00,0.000000000000000000e+00
1.695012246876646600e+01,5.182172493183722750e+00,0.000000000000000000e+00
1.684629982798893266e+01,5.473694622758625172e+00,0.000000000000000000e+00
1.673642509831257996e+01,5.762813309103221648e+00,0.000000000000000000e+00
1.662028747420481878e+01,6.049289925557957304e+00,0.000000000000000000e+00
1.649777003244367890e+01,6.332900573740193551e+00,0.000000000000000000e+00
1.636915725497667751e+01,6.613568825830402176e+00,0.000000000000000000e+00
1.623480659354349598e+01,6.891266544992854293e+00,0.000000000000000000e+00
1.609480169303169461e+01,7.165867398090102647e+00,0.000000000000000000e+00
1.594910319458960757e+01,7.437188960341488020e+00,0.000000000000000000e+00
1.579780341907788888e+01,7.705103555241475277e+00,0.000000000000000000e+00
1.564101856773219090e+01,7.969497016274453394e+00,0.000000000000000000e+00
1.547854645081954139e+01,8.230089136311057985e+00,0.000000000000000000e+00
1.531032540104169470e+01,8.486651950484656481e+00,0.000000000000000000e+00
1.513708645900637606e+01,8.739400941853967097e+00,0.000000000000000000e+00
1.495897352226587351e+01,8.988258090605556916e+00,0.000000000000000000e+00
1.477541164187763911e+01,9.232701896853612311e+00,0.000000000000000000e+00
1.458693510604705779e+01,9.472866419346292588e+00,0.000000000000000000e+00
1.439382333229507083e+01,9.708756427558265401e+00,0.000000000000000000e+00
1.419547455585060725e+01,9.939778292470725418e+00,0.000000000000000000e+00
1.399274807906969009e+01,1.016632656310945038e+01,0.000000000000000000e+00
1.378579529849910656e+01,1.038834188107206025e+01,0.000000000000000000e+00
1.357383570972532461e+01,1.060504273657200258e+01,0.000000000000000000e+00
1.335756610856130600e+01,1.081674375705970803e+01,0.000000000000000000e+00
1.313736780237379342e+01,1.102356047761212388e+01,0.000000000000000000e+00
1.291333608786871068e+01,1.122539180214794641e+01,0.000000000000000000e+00
1.268535138460852885e+01,1.142194169004072357e+01,0.000000000000000000e+00
1.245304936831110787e+01,1.161265640436718627e+01,0.000000000000000000e+00
1.221715780745070923e+01,1.179797215470175331e+01,0.000000000000000000e+00
1.197791948621092573e+01,1.197791948621092395e+01,0.000000000000000000e+00
1.173536038164511730e+01,1.215232141845038427e+01,0.000000000000000000e+00
1.148961269029906518e+01,1.232110113937923046e+01,0.000000000000000000e+00
1.124080832815504927e+01,1.248418240604521401e+01,0.000000000000000000e+00
1.098902080052180352e+01,1.264142235521481084e+01,0.000000000000000000e+00
1.073404940155063336e+01,1.279234193738169623e+01,0.000000000000000000e+00
1.047643290267631144e+01,1.293731720214523229e+01,0.000000000000000000e+00
1.021633892870244509e+01,1.307631752344109799e+01,0.000000000000000000e+00
9.953884161090128302e+00,1.320925043098407592e+01,0.000000000000000000e+00
9.689219471886696411e+00,1.333606650458210297e+01,0.000000000000000000e+00
9.422485991331745581e+00,1.345670458707592942e+01,0.000000000000000000e+00
9.153835201961065593e+00,1.357111878262541360e+01,0.000000000000000000e+00
8.883407346108208813e+00,1.367924773156511797e+01,0.000000000000000000e+00
8.611399242334606186e+00,1.378111955086601093e+01,0.000000000000000000e+00
8.338134366902520966e+00,1.387698594791759454e+01,0.000000000000000000e+00
8.063908683925808063e+00,1.396709954815537458e+01,0.000000000000000000e+00
7.788877473115203287e+00,1.405150692145763713e+01,0.000000000000000000e+00
7.513157988934985099e+00,1.413019506811824932e+01,0.000000000000000000e+00
7.236873649880864789e+00,1.420316425226958756e+01,0.000000000000000000e+00
6.960146361591731612e+00,1.427041482312568554e+01,0.000000000000000000e+00
6.683098376365232518e+00,1.433195071856143343e+01,0.000000000000000000e+00
6.405851700379932012e+00,1.438777848723017883e+01,0.000000000000000000e+00
6.128528140775254762e+00,1.443790751946283102e+01,0.000000000000000000e+00
5.851249197215903308e+00,1.448234996409174080e+01,0.000000000000000000e+00
5.574136000125642809e+00,1.452112073904335432e+01,0.000000000000000000e+00
5.297309241381999101e+00,1.455423752456533570e+01,0.000000000000000000e+00
5.020889113606904708e+00,1.458172077934128907e+01,0.000000000000000000e+00
4.744995239589946401e+00,1.460359373286092044e+01,0.000000000000000000e+00
4.469746635944832569e+00,1.461988248814083491e+01,0.000000000000000000e+00
4.195261571006227541e+00,1.463061579841781956e+01,0.000000000000000000e+00
3.921657730724315449e+00,1.463582590095841418e+01,0.000000000000000000e+00
3.649051519495036811e+00,1.463554625988069979e+01,0.000000000000000000e+00
3.377559503181720046e+00,1.462981750199080544e+01,0.000000000000000000e+00
3.107291982251050300e+00,1.461865941863927354e+01,0.000000000000000000e+00
2.838323410596124141e+00,1.460190810060483102e+01,0.000000000000000000e+00
2.570812797903173852e+00,1.457980388238880032e+01,0.000000000000000000e+00
2.304874166759029119e+00,1.455240276151019430e+01,0.000000000000000000e+00
2.040617927499849493e+00,1.451975101628684328e+01,0.000000000000000000e+00
1.778154517655779809e+00,1.448190639425673609e+01,0.000000000000000000e+00
1.517592328337359797e+00,1.443892650473386752e+01,0.000000000000000000e+00
1.259038383330167044e+00,1.439087457264789904e+01,0.000000000000000000e+00
1.002597697868610416e+00,1.433781506696670860e+01,0.000000000000000000e+00
7.483738218198041636e-01,1.427982318766120251e+01,0.000000000000000000e+00
4.964670804842425400e-01,1.421695706337637155e+01,0.000000000000000000e+00
2.469775517542307508e-01,1.414933446365870928e+01,0.000000000000000000e+00
8.619655404999440466e-16,1.407696555611100386e+01,0.000000000000000000e+00
-2.443618834725339584e-01,1.399948292816160489e+01,0.000000000000000000e+00
-4.860001804417857230e-01,1.391722426267367041e+01,0.000000000000000000e+00
-7.248244876940357351e-01,1.383047512430246861e+01,0.000000000000000000e+00
-9.607477274880652507e-01,1.373933260770123432e+01,0.000000000000000000e+00
-1.193690958233618371e+00,1.364395008594355474e+01,0.000000000000000000e+00
-1.423564267594625399e+00,1.354430926590370099e+01,0.000000000000000000e+00
-1.650237490437396870e+00,1.344010581055358600e+01,0.000000000000000000e+00
-1.873613719674593447e+00,1.333145433241626598e+01,0.000000000000000000e+00
-2.093648396899133957e+00,1.321877573711888765e+01,0.000000000000000000e+00
-2.310331261000148739e+00,1.310253967780460371e+01,0.000000000000000000e+00
-2.523537418469370408e+00,1.298247456063795013e+01,0.000000000000000000e+00
-2.732991198486751649e+00,1.285771268134037904e+01,0.000000000000000000e+00
-2.938808773737831448e+00,1.272937930258001771e+01,0.000000000000000000e+00
-3.140991695138644513e+00,1.259782960325650514e+01,0.000000000000000000e+00
-3.339348834154233892e+00,1.246261951325949369e+01,0.000000000000000000e+00
-3.533723193667118512e+00,1.232355730613033984e+01,0.000000000000000000e+00
-3.724202247466656068e+00,1.218131667289083708e+01,0.000000000000000000e+00
-3.910764922040284919e+00,1.203609681832585032e+01,0.000000000000000000e+00
-4.093114243007986097e+00,1.188726690811363440e+01,0.000000000000000000e+00
-4.271275547887062096e+00,1.173523312008837216e+01,0.000000000000000000e+00
-4.445336484967475243e+00,1.158049746587315099e+01,0.000000000000000000e+00
-4.615237780198881090e+00,1.142311435516045748e+01,0.000000000000000000e+00
-4.780798682721612458e+00,1.126285588721679076e+01,0.000000000000000000e+00
-4.941832707644729261e+00,1.109953799185270285e+01,0.000000000000000000e+00
-5.098417747358971575e+00,1.093359214286007308e+01,0.000000000000000000e+00
-5.250625033663456342e+00,1.076537667721260405e+01,0.000000000000000000e+00
-5.398362587833005932e+00,1.059488312740702831e+01,0.000000000000000000e+00
-5.541546230320145483e+00,1.042213265430329194e+01,0.000000000000000000e+00
-5.680132398948360084e+00,1.024723010396727929e+01,0.000000000000000000e+00
-5.814109006330743235e+00,1.007033219970865012e+01,0.000000000000000000e+00
-5.943500039213742703e+00,9.891645168612930306e+00,0.000000000000000000e+00
-6.068265945304744946e+00,9.711255523675117018e+00,0.000000000000000000e+00
-6.188250051370404847e+00,9.529069441429077969e+00,0.000000000000000000e+00
-6.303329193489560112e+00,9.345069833954514849e+00,0.000000000000000000e+00
-6.413568364167709035e+00,9.159524875390394172e+00,0.000000000000000000e+00
-6.519082601793015463e+00,8.972747431166087750e+00,0.000000000000000000e+00
-6.619889342554801992e+00,8.784889871737487255e+00,0.000000000000000000e+00
-6.715904157717680789e+00,8.595965329281453293e+00,0.000000000000000000e+00
-6.807041280540806483e+00,8.405995921756561629e+00,0.000000000000000000e+00
-6.893288760970265550e+00,8.215101645675604303e+00,0.000000000000000000e+00
-6.974686000226903992e+00,8.023458424947701673e+00,0.000000000000000000e+00
-7.051279161982282773e+00,7.831238882851825345e+00,0.000000000000000000e+00
-7.123078458658054224e+00,7.638566458115743529e+00,0.000000000000000000e+00
-7.190029694032493701e+00,7.445493705224978775e+00,0.000000000000000000e+00
-7.252071066537178368e+00,7.252071066537179256e+00,0.000000000000000000e+00
-7.309138919324301931e+00,7.058353407896983178e+00,0.000000000000000000e+00
-7.361291288254266263e+00,6.864515179750847018e+00,0.000000000000000000e+00
-7.409062914736871619e+00,6.671150212886225894e+00,0.000000000000000000e+00
-7.453136094015400559e+00,6.478912361667021003e+00,0.000000000000000000e+00
-7.494233809858092066e+00,6.288408825808230240e+00,0.000000000000000000e+00
-7.533117703787143071e+00,6.100198436705462690e+00,0.000000000000000000e+00
-7.570585985664161299e+00,5.914790014832600029e+00,0.000000000000000000e+00
-7.607454307703707563e+00,5.732628004542075217e+00,0.000000000000000000e+00
-7.644153486149511956e+00,5.553802598288060999e+00,0.000000000000000000e+00
-7.680689334992934825e+00,5.378076571008973517e+00,0.000000000000000000e+00
-7.717034037772882549e+00,5.205205183240710909e+00,0.000000000000000000e+00
-7.753145608130494360e+00,5.034951629085876235e+00,0.000000000000000000e+00
-7.788968324841111901e+00,4.867087589185747021e+00,0.000000000000000000e+00
-7.824433184735588576e+00,4.701393766920013206e+00,0.000000000000000000e+00
-7.859458372968659567e+00,4.537660407318112377e+00,0.000000000000000000e+00
-7.893958395083099155e+00,4.375692590186136322e+00,0.000000000000000000e+00
-7.927936585981678164e+00,4.215358656380561619e+00,0.000000000000000000e+00
-7.961453718594370343e+00,4.056563284595888774e+00,0.000000000000000000e+00
-7.994566756705144606e+00,3.899210738710382707e+00,0.000000000000000000e+00
-8.027327833785273370e+00,3.743204443414848814e+00,0.000000000000000000e+00
-8.059784262798103782e+00,3.588447151196031193e+00,0.000000000000000000e+00
-8.091978550905997380e+00,3.434841108167887125e+00,0.000000000000000000e+00
-8.123948419029408896e+00,3.282288218619943354e+00,0.000000000000000000e+00
-8.155726827631299969e+00,3.130690208701141675e+00,0.000000000000000000e+00
-8.187343652220393508e+00,2.979949387116563209e+00,0.000000000000000000e+00
-8.218828958687408814e+00,2.829969759380819294e+00,0.000000000000000000e+00
-8.250209188496627988e+00,2.680655463384257864e+00,0.000000000000000000e+00
-8.281506314509318400e+00,2.531910569039131254e+00,0.000000000000000000e+00
-8.312737865522905167e+00,2.383639225961215580e+00,0.000000000000000000e+00
-8.343916954999089697e+00,2.235745809804360995e+00,0.000000000000000000e+00
-8.375052313930714476e+00,2.088135067139504031e+00,0.000000000000000000e+00
-8.406148327794452868e+00,1.940712258771084775e+00,0.000000000000000000e+00
-8.437205086647457719e+00,1.793383303322604316e+00,0.000000000000000000e+00
-8.468228273172009324e+00,1.646056829587944526e+00,0.000000000000000000e+00
-8.499248181866285279e+00,1.498646770200391609e+00,0.000000000000000000e+00
-8.530296575666190151e+00,1.351066248939199133e+00,0.000000000000000000e+00
-8.561401485677457401e+00,1.203226511019403144e+00,0.000000000000000000e+00
-8.592587136954456639e+00,1.055037038630899593e+00,0.000000000000000000e+00
-8.623873877375690000e+00,9.064056689092183650e-01,0.000000000000000000e+00
-8.655278109687033705e+00,7.572387142617047484e-01,0.000000000000000000e+00
-8.686812226782118174e+00,6.074410849707821969e-01,0.000000000000000000e+00
-8.718484556881614722e+00,4.569164143396547417e-01,0.000000000000000000e+00
-8.750308167534386783e+00,3.055674945002273546e-01,0.000000000000000000e+00
-8.782318358080926757e+00,1.532959371605791821e-01,0.000000000000000000e+00
-8.814551086546950742e+00,1.079471177406054901e-15,0.000000000000000000e+00
-8.847037923154443817e+00,-1.544256213710651637e-01,0.000000000000000000e+00
-8.879805884048353803e+00,-3.100896544083170947e-01,0.000000000000000000e+00
-8.912877268865077696e+00,-4.671041046835137101e-01,0.000000000000000000e+00
-8.946269502326440914e+00,-6.255841050851432827e-01,0.000000000000000000e+00
-8.979994980040471475e+00,-7.856477592732453719e-01,0.000000000000000000e+00
-9.014061964795173409e+00,-9.474160894472178907e-01,0.000000000000000000e+00
-9.048496786709890216e+00,-1.111015704787515324e+00,0.000000000000000000e+00
-9.083343096283686080e+00,-1.276580620639914843e+00,0.000000000000000000e+00
-9.118639375466379704e+00,-1.444250594004520494e+00,0.000000000000000000e+00
-9.154417679829856880e+00,-1.614170829628591042e+00,0.000000000000000000e+00
-9.190703367385717470e+00,-1.786491761745505169e+00,0.000000000000000000e+00
-9.227514833848234233e+00,-1.961368825841908192e+00,0.000000000000000000e+00
-9.264863254655420377e+00,-2.138962220627993460e+00,0.000000000000000000e+00
-9.302757221075939498e+00,-2.319437878865839409e+00,0.000000000000000000e+00
-9.341258860996065394e+00,-2.502982768093965582e+00,0.000000000000000000e+00
-9.380462831873320084e+00,-2.689804433321672850e+00,0.000000000000000000e+00
-9.420454070277415326e+00,-2.880121842555925404e+00,0.000000000000000000e+00
-9.461306421994068572e+00,-3.074164808600757137e+00,0.000000000000000000e+00
-9.503082107010877522e+00,-3.272173580802779647e+00,0.000000000000000000e+00
-9.545831197363851217e+00,-3.474398417170142750e+00,0.000000000000000000e+00
-9.589564443854332154e+00,-3.681088901650078959e+00,0.000000000000000000e+00
-9.633986380520854098e+00,-3.892383157069143174e+00,0.000000000000000000e+00
-9.678615427599513765e+00,-4.108328504793746561e+00,0.000000000000000000e+00
-9.722968918487433498e+00,-4.328944668873920598e+00,0.000000000000000000e+00
-9.766566972957079429e+00,-4.554224973373566243e+00,0.000000000000000000e+00
-9.808933551341715074e+00,-4.784136552066423853e+00,0.000000000000000000e+00
-9.849597958491518312e+00,-5.018620827139797846e+00,0.000000000000000000e+00
-9.888180260541959754e+00,-5.257638706499020209e+00,0.000000000000000000e+00
-9.924486454925736112e+00,-5.501232672985736372e+00,0.000000000000000000e+00
-9.958343468577304236e+00,-5.749452282265858472e+00,0.000000000000000000e+00
-9.989574774594238704e+00,-6.002342082884795538e+00,0.000000000000000000e+00
-1.001800051924427848e+01,-6.259941491887476062e+00,0.000000000000000000e+00
-1.004343765260923327e+01,-6.522284673410216449e+00,0.000000000000000000e+00
-1.006570006279985385e+01,-6.789400420339847031e+00,0.000000000000000000e+00
-1.008459871367361593e+01,-7.061312039134207907e+00,0.000000000000000000e+00
-1.009994178598496894e+01,-7.338037237896497977e+00,0.000000000000000000e+00
-1.011153482189534714e+01,-7.619588017794675316e+00,0.000000000000000000e+00
-1.011918087276794864e+01,-7.905970567915296066e+00,0.000000000000000000e+00
-1.012268065017015317e+01,-8.197185163639845840e+00,0.000000000000000000e+00
-1.012220246427384041e+01,-8.493536354473931738e+00,0.000000000000000000e+00
-1.011880858319945276e+01,-8.796146103876282041e+00,0.000000000000000000e+00
-1.011171442877109783e+01,-9.104628566450319482e+00,0.000000000000000000e+00
-1.009964001014344248e+01,-9.418066674018282569e+00,0.000000000000000000e+00
-1.008136870724513834e+01,-9.735464595277935729e+00,0.000000000000000000e+00
-1.005575054489697351e+01,-1.005575054489696996e+01,0.000000000000000000e+00
-1.002170536730264949e+01,-1.037777970371954872e+01,0.000000000000000000e+00
-9.978225909586376119e+00,-1.070033724699800182e+01,0.000000000000000000e+00
-9.924380763138643147e+00,-1.102214147747187489e+01,0.000000000000000000e+00
-9.859389648412824059e+00,-1.134193036601597093e+01,0.000000000000000000e+00
-9.782909129100662682e+00,-1.165881710062840426e+01,0.000000000000000000e+00
-9.694756510116478765e+00,-1.197202724764250625e+01,0.000000000000000000e+00
-9.594883882726165325e+00,-1.228089133755959850e+01,0.000000000000000000e+00
-9.483462380609626763e+00,-1.258497964321997209e+01,0.000000000000000000e+00
-9.360809746395121422e+00,-1.288404929590859460e+01,0.000000000000000000e+00
-9.227417214962009950e+00,-1.317811750292585771e+01,0.000000000000000000e+00
-9.083409254142976508e+00,-1.346670802121980870e+01,0.000000000000000000e+00
-8.928680770591833848e+00,-1.374896269171936147e+01,0.000000000000000000e+00
-8.763318515429935118e+00,-1.402424120922727901e+01,0.000000000000000000e+00
-8.588095136070732494e+00,-1.429299052743679255e+01,0.000000000000000000e+00
-8.403342623136254019e+00,-1.455501637668110071e+01,0.000000000000000000e+00
-8.209163958512656123e+00,-1.480972381200984600e+01,0.000000000000000000e+00
-8.005840563504348140e+00,-1.505679622512582228e+01,0.000000000000000000e+00
-7.793669269112841747e+00,-1.529593718399350344e+01,0.000000000000000000e+00
-7.572996912748150677e+00,-1.552694466247567107e+01,0.000000000000000000e+00
-7.344182762888241456e+00,-1.574965076050085777e+01,0.000000000000000000e+00
-7.107638581948134693e+00,-1.596401763067593293e+01,0.000000000000000000e+00
-6.863337791070476257e+00,-1.616901057254094454e+01,0.000000000000000000e+00
-6.611394670559851861e+00,-1.636377603184923757e+01,0.000000000000000000e+00
-6.352886204971824213e+00,-1.654983438181618283e+01,0.000000000000000000e+00
-6.088263138481905479e+00,-1.672736549667697403e+01,0.000000000000000000e+00
-5.816871929682637443e+00,-1.689342273223147117e+01,0.000000000000000000e+00
-5.539783428439064572e+00,-1.704970025722318638e+01,0.000000000000000000e+00
-5.257799730562223495e+00,-1.719748801617463130e+01,0.000000000000000000e+00
-4.969891373967523229e+00,-1.733207096189470064e+01,0.000000000000000000e+00
-4.677998344970738742e+00,-1.745852750115392382e+01,0.000000000000000000e+00
-4.381334968617829340e+00,-1.757257475556625081e+01,0.000000000000000000e+00
-4.081071079761780851e+00,-1.767706092322692513e+01,0.000000000000000000e+00
-3.777042307038007696e+00,-1.776958696246493474e+01,0.000000000000000000e+00
-3.470088013827686169e+00,-1.785205522730767669e+01,0.000000000000000000e+00
-3.160161631049779984e+00,-1.792216720522606721e+01,0.000000000000000000e+00
-2.848166788485853029e+00,-1.798261737484968492e+01,0.000000000000000000e+00
-2.533908234766994561e+00,-1.802969393296104172e+01,0.000000000000000000e+00
-2.218467338659545707e+00,-1.806796654519022027e+01,0.000000000000000000e+00
-1.901536802859108644e+00,-1.809191416551878362e+01,0.000000000000000000e+00
-1.584133648207111777e+00,-1.810673045357141220e+01,0.000000000000000000e+00
-1.266275160261263411e+00,-1.810857845606066263e+01,0.000000000000000000e+00
-9.485559574288695561e-01,-1.809952587965899795e+01,0.000000000000000000e+00
-6.313452938641349599e-01,-1.807936374407025681e+01,0.000000000000000000e+00
-3.150020557321195347e-01,-1.804645568650348508e+01,0.000000000000000000e+00
-3.307313472306227620e-15,-1.800417597742689679e+01,0.000000000000000000e+00
3.132795036166648450e-01,-1.794777074190248101e+01,0.000000000000000000e+00
6.244821499187299674e-01,-1.788282901573226980e+01,0.000000000000000000e+00
9.330555767416112145e-01,-1.780376099705372539e+01,0.000000000000000000e+00
1.238831210067789623e+00,-1.771611168357806676e+01,0.000000000000000000e+00
1.541092709382094528e+00,-1.761477027164158571e+01,0.000000000000000000e+00
1.839859269141705056e+00,-1.750509163109386535e+01,0.000000000000000000e+00
2.134189492977824454e+00,-1.738157857375482607e+01,0.000000000000000000e+00
2.424336418902161228e+00,-1.725004995192979607e+01,0.000000000000000000e+00
2.709246994100130479e+00,-1.710551231262853022e+01,0.000000000000000000e+00
2.989020552784428020e+00,-1.695157791947004000e+01,0.000000000000000000e+00
3.263289146564956944e+00,-1.678816728423305094e+01,0.000000000000000000e+00
3.531058209140009563e+00,-1.661232276904114968e+01,0.000000000000000000e+00
3.792860637676865210e+00,-1.642868434661936305e+01,0.000000000000000000e+00
4.049154483946031391e+00,-1.624027160115193880e+01,0.000000000000000000e+00
4.300527527728911892e+00,-1.604978723283290520e+01,0.000000000000000000e+00
4.547267959706680962e+00,-1.585820796269604749e+01,0.000000000000000000e+00
4.789506843914289824e+00,-1.566577100166476733e+01,0.000000000000000000e+00
5.027314426605741460e+00,-1.547248284696815013e+01,0.000000000000000000e+00
5.260771748362515154e+00,-1.527839053656409263e+01,0.000000000000000000e+00
5.489885299934595508e+00,-1.508333589696615462e+01,0.000000000000000000e+00
5.714728900658106348e+00,-1.488737776679405833e+01,0.000000000000000000e+00
5.935481971838193260e+00,-1.469083339718615022e+01,0.000000000000000000e+00
6.152223010469427322e+00,-1.449372913428974385e+01,0.000000000000000000e+00
6.365040980652288738e+00,-1.429611610995241122e+01,0.000000000000000000e+00
6.574023008937508905e+00,-1.409803783825555001e+01,0.000000000000000000e+00
6.779259027935388815e+00,-1.389954082803705404e+01,0.000000000000000000e+00
6.980840143830595146e+00,-1.370067020353401688e+01,0.000000000000000000e+00
7.178859006386591801e+00,-1.350147012430114835e+01,0.000000000000000000e+00
7.373409137240715339e+00,-1.330198220273690879e+01,0.000000000000000000e+00
7.564585997541450446e+00,-1.310224728596588584e+01,0.000000000000000000e+00
7.752482607448349050e+00,-1.290229774085553238e+01,0.000000000000000000e+00
7.937201333897079714e+00,-1.270217735858618902e+01,0.000000000000000000e+00
8.118826298942229514e+00,-1.250189616503757506e+01,0.000000000000000000e+00
8.297348899066134820e+00,-1.230132561988760465e+01,0.000000000000000000e+00
8.472918827856089408e+00,-1.210058213529040749e+01,0.000000000000000000e+00
8.645670918711848785e+00,-1.189974514285839646e+01,0.000000000000000000e+00
8.815700449622863033e+00,-1.169882963062875092e+01,0.000000000000000000e+00
8.983111318722357908e+00,-1.149785816345760736e+01,0.000000000000000000e+00
9.147973698979312118e+00,-1.129680670892698835e+01,0.000000000000000000e+00
9.310289851649120152e+00,-1.109557137879625621e+01,0.000000000000000000e+00
9.470112981593613810e+00,-1.089411878683885782e+01,0.000000000000000000e+00
9.627662085747482834e+00,-1.069260200097769520e+01,0.000000000000000000e+00
9.782972805355965917e+00,-1.049095392748611921e+01,0.000000000000000000e+00
9.936286902052675174e+00,-1.028932629359573347e+01,0.000000000000000000e+00
1.008849545360506994e+01,-1.008849545360507349e+01,0.000000000000000000e+00
1.024000088661534491e+01,-9.888653910218932808e+00,0.000000000000000000e+00
1.039087359973378533e+01,-9.689646389901302115e+00,0.000000000000000000e+00
1.054120912954422984e+01,-9.491347332030937167e+00,0.000000000000000000e+00
1.069110152779794198e+01,-9.293632770761552919e+00,0.000000000000000000e+00
1.084064371915227021e+01,-9.096380146464973393e+00,0.000000000000000000e+00
1.098992776379887992e+01,-8.899468029090851218e+00,0.000000000000000000e+00
1.113904508954413863e+01,-8.702775821471062656e+00,0.000000000000000000e+00
1.128808671690159038e+01,-8.506183463432748226e+00,0.000000000000000000e+00
1.143714348165944727e+01,-8.309571138324892914e+00,0.000000000000000000e+00
1.158630625647394474e+01,-8.112818980789388235e+00,0.000000000000000000e+00
1.173566617288678948e+01,-7.915806784431700827e+00,0.000000000000000000e+00
1.188531484438465391e+01,-7.718413707486480035e+00,0.000000000000000000e+00
1.203534459177546090e+01,-7.520517975068163885e+00,0.000000000000000000e+00
1.218584867248036652e+01,-7.321996576722734851e+00,0.000000000000000000e+00
1.233692151475119125e+01,-7.122724957512894584e+00,0.000000000000000000e+00
1.248865895806582493e+01,-6.922576700962589591e+00,0.000000000000000000e+00
1.264115850101697625e+01,-6.721423202118407048e+00,0.000000000000000000e+00
1.279451955807874342e+01,-6.519133328895335922e+00,0.000000000000000000e+00
1.294884372671757156e+01,-6.315573069766783121e+00,0.000000000000000000e+00
1.310423506641282465e+01,-6.110605165731572974e+00,0.000000000000000000e+00
1.326080039126709842e+01,-5.904088724342771322e+00,0.000000000000000000e+00
1.341864957802024882e+01,-5.695878813411238362e+00,0.000000000000000000e+00
1.357789589143443365e+01,-5.485826031798941571e+00,0.000000000000000000e+00
1.373865632919220481e+01,-5.273776054488582332e+00,0.000000000000000000e+00
1.390105198864630687e+01,-5.059569148854252241e+00,0.000000000000000000e+00
1.406520845797844643e+01,-4.843039658757331445e+00,0.000000000000000000e+00
1.423125623456563282e+01,-4.624015452747723742e+00,0.000000000000000000e+00
1.439933117361378656e+01,-4.402317332257880800e+00,0.000000000000000000e+00
1.456957497039937088e+01,-4.177758395229036026e+00,0.000000000000000000e+00
1.474213567975528960e+01,-3.950143350100469242e+00,0.000000000000000000e+00
1.491716827773507958e+01,-3.719267774763339141e+00,0.000000000000000000e+00
1.509483527322963070e+01,-3.484917314868875682e+00,0.000000000000000000e+00
1.527530736634109765e+01,-3.246866812242233280e+00,0.000000000000000000e+00
1.545876416262141362e+01,-3.004879356817431901e+00,0.000000000000000000e+00
1.564539495870571173e+01,-2.758705255060017514e+00,0.000000000000000000e+00
1.583539960439413186e+01,-2.508080903657352145e+00,0.000000000000000000e+00
1.602898942147201211e+01,-2.252727552729485883e+00,0.000000000000000000e+00
1.622638824788121426e+01,-1.992349956056141735e+00,0.000000000000000000e+00
1.642783354854059752e+01,-1.726634882191182552e+00,0.000000000000000000e+00
1.663357767075882876e+01,-1.455249480069344070e+00,0.000000000000000000e+00
1.684388919565896359e+01,-1.177839472182176772e+00,0.000000000000000000e+00
1.705905446897910949e+01,-8.940271613876439316e-01,0.000000000000000000e+00
1.727937926589959261e+01,-6.034092203049621350e-01,0.000000000000000000e+00
1.750519061010614053e+01,-3.055542386802282961e-01,0.000000000000000000e+00
1.773681746505400625e+01,-4.344267347127852472e-15,0.000000000000000000e+00
