1.469233699059090981e+01,0.000000000000000000e+00,0.000000000000000000e+00
1.474432247966883303e+01,2.573631062051975338e-01,0.000000000000000000e+00
1.478959682623242244e+01,5.164641016447462096e-01,0.000000000000000000e+00
1.482796488596361151e+01,7.771007109602663387e-01,0.000000000000000000e+00
1.485927844925383923e+01,1.039061969737230307e+00,0.000000000000000000e+00
1.488349223761208506e+01,1.302136844467145282e+00,0.000000000000000000e+00
1.490058094444255765e+01,1.566114165179946394e+00,0.000000000000000000e+00
1.491052522452736717e+01,1.830782292525275468e+00,0.000000000000000000e+00
1.491331170131875616e+01,2.095929274680279342e+00,0.000000000000000000e+00
1.490893306326750434e+01,2.361343019061598270e+00,0.000000000000000000e+00
1.489738946909877804e+01,2.626811705524269236e+00,0.000000000000000000e+00
1.487869161838248822e+01,2.892124676345968926e+00,0.000000000000000000e+00
1.485285720042699609e+01,3.157072257498592993e+00,0.000000000000000000e+00
1.481990972454920552e+01,3.421445750750817805e+00,0.000000000000000000e+00
1.477987848205930099e+01,3.685037584196746430e+00,0.000000000000000000e+00
1.473279850457996076e+01,3.947641461552652942e+00,0.000000000000000000e+00
1.467871051873573052e+01,4.209052510136748637e+00,0.000000000000000000e+00
1.461766089725011319e+01,4.469067427447890317e+00,0.000000000000000000e+00
1.454970166867421710e+01,4.727484646465036633e+00,0.000000000000000000e+00
1.447489492107994025e+01,4.984106020794152769e+00,0.000000000000000000e+00
1.439331558539699429e+01,5.238738445484325545e+00,0.000000000000000000e+00
1.430504438854321414e+01,5.491192060346929971e+00,0.000000000000000000e+00
1.421016668855445353e+01,5.741280015665123138e+00,0.000000000000000000e+00
1.410872799452269710e+01,5.988799722426326966e+00,0.000000000000000000e+00
1.400069164013371292e+01,6.233509532346945825e+00,0.000000000000000000e+00
1.388601958193122243e+01,6.475157272344802095e+00,0.000000000000000000e+00
1.376477260055783347e+01,6.713528171490516172e+00,0.000000000000000000e+00
1.363729302453528547e+01,6.948547858213580675e+00,0.000000000000000000e+00
1.350396495024436128e+01,7.180185528870957512e+00,0.000000000000000000e+00
1.336487199170162654e+01,7.408269516507806962e+00,0.000000000000000000e+00
1.321972657267499862e+01,7.632412695347158049e+00,0.000000000000000000e+00
1.306836501495300951e+01,7.852265892562777516e+00,0.000000000000000000e+00
1.291113726547662388e+01,8.067773975490744931e+00,0.000000000000000000e+00
1.274846781776327376e+01,8.278951802489567413e+00,0.000000000000000000e+00
1.258049247253047120e+01,8.485649318793841545e+00,0.000000000000000000e+00
1.240724597400721763e+01,8.687647159421924670e+00,0.000000000000000000e+00
1.222884999801869554e+01,8.884779592158855266e+00,0.000000000000000000e+00
1.204543922381296284e+01,9.076889512371314694e+00,0.000000000000000000e+00
1.185700043523827141e+01,9.263704013535553727e+00,0.000000000000000000e+00
1.166358588299383925e+01,9.444985617847098780e+00,0.000000000000000000e+00
1.146559565309859607e+01,9.620777083742856561e+00,0.000000000000000000e+00
1.126342730993400743e+01,9.791147982882730361e+00,0.000000000000000000e+00
1.105733894171795306e+01,9.956072702294841648e+00,0.000000000000000000e+00
1.084715742485762746e+01,1.011513794038988756e+01,0.000000000000000000e+00
1.063283615892886758e+01,1.026801052304037221e+01,0.000000000000000000e+00
1.041555092535059401e+01,1.041555092535059224e+01,0.000000000000000000e+00
1.019539412809582934e+01,1.055763968068560210e+01,0.000000000000000000e+00
9.971544188492444505e+00,1.069317197836776323e+01,0.000000000000000000e+00
9.745113493161213114e+00,1.082304500393567537e+01,0.000000000000000000e+00
9.516339390830513167e+00,1.094729618760425005e+01,0.000000000000000000e+00
9.284332541233753844e+00,1.106463666085465647e+01,0.000000000000000000e+00
9.050247390785550294e+00,1.117612476881984485e+01,0.000000000000000000e+00
8.814289182640820286e+00,1.128177568305109091e+01,0.000000000000000000e+00
8.575759160795120906e+00,1.138041678579696026e+01,0.000000000000000000e+00
8.335482672881958877e+00,1.147280764935545960e+01,0.000000000000000000e+00
8.093816079409362985e+00,1.155916730074575938e+01,0.000000000000000000e+00
7.850593951662075298e+00,1.163898417237638938e+01,0.000000000000000000e+00
7.605736327510045136e+00,1.171180689474451420e+01,0.000000000000000000e+00
7.359949080925175302e+00,1.177838064618850389e+01,0.000000000000000000e+00
7.113402521105158804e+00,1.183868986557576264e+01,0.000000000000000000e+00
6.865772939154290100e+00,1.189186756384672883e+01,0.000000000000000000e+00
6.617488329374848099e+00,1.193826496614353694e+01,0.000000000000000000e+00
6.369091862183167585e+00,1.197851962542983095e+01,0.000000000000000000e+00
6.120575093228571184e+00,1.201230497770355932e+01,0.000000000000000000e+00
5.871592750166963803e+00,1.203854917185646656e+01,0.000000000000000000e+00
5.622818645953241656e+00,1.205817349901691138e+01,0.000000000000000000e+00
5.374689564727178848e+00,1.207175041069648813e+01,0.000000000000000000e+00
5.127119000609801525e+00,1.207873542744651729e+01,0.000000000000000000e+00
4.879882829982011394e+00,1.207813383870038848e+01,0.000000000000000000e+00
4.633674022632358280e+00,1.207113352571529141e+01,0.000000000000000000e+00
4.388763157000203030e+00,1.205802767319243429e+01,0.000000000000000000e+00
4.145035865570658729e+00,1.203805824914672229e+01,0.000000000000000000e+00
3.902624564758406134e+00,1.201104337473268480e+01,0.000000000000000000e+00
3.662061275183047471e+00,1.197806271098184183e+01,0.000000000000000000e+00
3.423430015807129134e+00,1.193891928460429419e+01,0.000000000000000000e+00
3.186498373453227284e+00,1.189217382796303291e+01,0.000000000000000000e+00
2.951916903370736645e+00,1.183949203342152501e+01,0.000000000000000000e+00
2.719835057060022265e+00,1.178089993168776139e+01,0.000000000000000000e+00
2.490180329431260109e+00,1.171537735587327589e+01,0.000000000000000000e+00
2.263358959631495804e+00,1.164397242535458865e+01,0.000000000000000000e+00
2.039487860746081349e+00,1.156651042598026002e+01,0.000000000000000000e+00
1.818651678128923255e+00,1.148251478745279464e+01,0.000000000000000000e+00
1.601190212709726834e+00,1.139306035929271843e+01,0.000000000000000000e+00
1.387196873245283291e+00,1.129781189951274634e+01,0.000000000000000000e+00
1.176737857271883181e+00,1.119591284116565610e+01,0.000000000000000000e+00
9.701126236267814118e-01,1.108843802762314468e+01,0.000000000000000000e+00
7.675133936849095617e-01,1.097595289064425472e+01,0.000000000000000000e+00
5.690455884246845564e-01,1.085803665428010945e+01,0.000000000000000000e+00
3.748499850801355615e-01,1.073429911585186503e+01,0.000000000000000000e+00
1.851069275637324818e-01,1.060476877771394832e+01,0.000000000000000000e+00
6.411443408967991738e-16,1.047068169113231306e+01,0.000000000000000000e+00
-1.803884931235057443e-01,1.033444984967617586e+01,0.000000000000000000e+00
-3.561941726731637781e-01,1.020006654656729950e+01,0.000000000000000000e+00
-5.277226875263782979e-01,1.006954873390610494e+01,0.000000000000000000e+00
-6.952274783529102109e-01,9.942216140420381265e+00,0.000000000000000000e+00
-8.589282473522313888e-01,9.817594791555128708e+00,0.000000000000000000e+00
-1.019054578548016288e+00,9.695656659050014170e+00,0.000000000000000000e+00
-1.175824631372568430e+00,9.576323136443731343e+00,0.000000000000000000e+00
-1.329433776839812120e+00,9.459412843640892632e+00,0.000000000000000000e+00
-1.480063827541646226e+00,9.344755232956815760e+00,0.000000000000000000e+00
-1.627890626293394316e+00,9.232226513223817932e+00,0.000000000000000000e+00
-1.773080072536473040e+00,9.121706207804439970e+00,0.000000000000000000e+00
-1.915788946110798641e+00,9.013078359278859253e+00,0.000000000000000000e+00
-2.056164264240044393e+00,8.906225904120981696e+00,0.000000000000000000e+00
-2.194346209421937477e+00,8.801041938326157776e+00,0.000000000000000000e+00
-2.330468450589005425e+00,8.697426663034484307e+00,0.000000000000000000e+00
-2.464657325523748721e+00,8.595281556149830138e+00,0.000000000000000000e+00
-2.597034562766279198e+00,8.494517299917902164e+00,0.000000000000000000e+00
-2.727715039383483919e+00,8.395043670815898196e+00,0.000000000000000000e+00
-2.856809449338351570e+00,8.296777078215519907e+00,0.000000000000000000e+00
-2.984424199667602640e+00,8.199638098660672725e+00,0.000000000000000000e+00
-3.110660200302636458e+00,8.103546871786628358e+00,0.000000000000000000e+00
-3.235616189110355201e+00,8.008431092367974458e+00,0.000000000000000000e+00
-3.359386324479335606e+00,7.914218220240602619e+00,0.000000000000000000e+00
-3.482061276163559871e+00,7.820837675251197219e+00,0.000000000000000000e+00
-3.603730211995820110e+00,7.728224379274418077e+00,0.000000000000000000e+00
-3.724478018286018433e+00,7.636311588769465253e+00,0.000000000000000000e+00
-3.844387884037153924e+00,7.545036048448035437e+00,0.000000000000000000e+00
-3.963541565849371118e+00,7.454337519393151368e+00,0.000000000000000000e+00
-4.082017193919423192e+00,7.364153955669693552e+00,0.000000000000000000e+00
-4.199892561638039368e+00,7.274427303087690255e+00,0.000000000000000000e+00
-4.317244020595965459e+00,7.185100643778321583e+00,0.000000000000000000e+00
-4.434145058880234913e+00,7.096115444502803626e+00,0.000000000000000000e+00
-4.550669837095673742e+00,7.007417044031441833e+00,0.000000000000000000e+00
-4.666891126340869000e+00,6.918950628211433695e+00,0.000000000000000000e+00
-4.782879593289422360e+00,6.830659957643822722e+00,0.000000000000000000e+00
-4.898707371599612337e+00,6.742492259948570599e+00,0.000000000000000000e+00
-5.014445320392994176e+00,6.654393695726219526e+00,0.000000000000000000e+00
-5.130162938220099278e+00,6.566309124561874988e+00,0.000000000000000000e+00
-5.245931872037611576e+00,6.478186352155849370e+00,0.000000000000000000e+00
-5.361822629826093589e+00,6.389971381948180706e+00,0.000000000000000000e+00
-5.477905140761784253e+00,6.301609011685915362e+00,0.000000000000000000e+00
-5.594252098867863232e+00,6.213046392112127947e+00,0.000000000000000000e+00
-5.710935172918675917e+00,6.124228184417390253e+00,0.000000000000000000e+00
-5.828026377739018216e+00,6.035097983719800219e+00,0.000000000000000000e+00
-5.945601025791509286e+00,5.945601025791510175e+00,0.000000000000000000e+00
-6.063733475264701411e+00,5.855679350485009316e+00,0.000000000000000000e+00
-6.182499660259542118e+00,5.765274203232992889e+00,0.000000000000000000e+00
-6.301979141881763447e+00,5.674327506430974388e+00,0.000000000000000000e+00
-6.422250611575863743e+00,5.582777283575049765e+00,0.000000000000000000e+00
-6.543396057402099508e+00,5.490561218412972622e+00,0.000000000000000000e+00
-6.665500971001611319e+00,5.397616259562920682e+00,0.000000000000000000e+00
-6.788650336319074441e+00,5.303874931146087768e+00,0.000000000000000000e+00
-6.912934680932455223e+00,5.209269926912716286e+00,0.000000000000000000e+00
-7.038447129521022916e+00,5.113731170714282293e+00,0.000000000000000000e+00
-7.165281706814269569e+00,5.017184264507484670e+00,0.000000000000000000e+00
-7.293540052482433644e+00,4.919554883330762074e+00,0.000000000000000000e+00
-7.423324792003985095e+00,4.820763486698721678e+00,0.000000000000000000e+00
-7.554743244344364506e+00,4.720727514934833557e+00,0.000000000000000000e+00
-7.687910046638540607e+00,4.619362389651436196e+00,0.000000000000000000e+00
-7.822940626302293587e+00,4.516576876450087319e+00,0.000000000000000000e+00
-7.959960437438694747e+00,4.412278119678211930e+00,0.000000000000000000e+00
-8.099098522847313575e+00,4.306367072553466180e+00,0.000000000000000000e+00
-8.240490263339667720e+00,4.198739505482608436e+00,0.000000000000000000e+00
-8.384281353386835889e+00,4.089287247751844490e+00,0.000000000000000000e+00
-8.530620342574355419e+00,3.977893594555239609e+00,0.000000000000000000e+00
-8.679670214961790364e+00,3.864438158719100347e+00,0.000000000000000000e+00
-8.831597846367603921e+00,3.748790872674029551e+00,0.000000000000000000e+00
-8.986584575693438381e+00,3.630815849265856432e+00,0.000000000000000000e+00
-9.144820055797598712e+00,3.510367526291262141e+00,0.000000000000000000e+00
-9.306507390559977111e+00,3.387291675142260150e+00,0.000000000000000000e+00
-9.471862820700160057e+00,3.261423918458801641e+00,0.000000000000000000e+00
-9.641116351467413637e+00,3.132588596264899383e+00,0.000000000000000000e+00
-9.814514993424053202e+00,3.000598357125773497e+00,0.000000000000000000e+00
-9.992322082300770347e+00,2.865252250115589483e+00,0.000000000000000000e+00
-1.017482058417701118e+01,2.726334958661797536e+00,0.000000000000000000e+00
-1.036231499910669385e+01,2.583615303559207543e+00,0.000000000000000000e+00
-1.055513093528305468e+01,2.436843986122274153e+00,0.000000000000000000e+00
-1.075362321828926682e+01,2.285753176774484086e+00,0.000000000000000000e+00
-1.095816978965185662e+01,2.130052431296137527e+00,0.000000000000000000e+00
-1.116918506930147714e+01,1.969428680243996199e+00,0.000000000000000000e+00
-1.138711464991489564e+01,1.803541780738100231e+00,0.000000000000000000e+00
-1.161244270517342336e+01,1.632022390718768090e+00,0.000000000000000000e+00
-1.184569890471063758e+01,1.454468938602914374e+00,0.000000000000000000e+00
-1.208745815636183352e+01,1.270443045830277340e+00,0.000000000000000000e+00
-1.233834889760038322e+01,1.079465655167615612e+00,0.000000000000000000e+00
-1.259906097996235097e+01,8.810121678106502818e-01,0.000000000000000000e+00
-1.287035300311615416e+01,6.745066194821376371e-01,0.000000000000000000e+00
-1.315305409533121939e+01,4.593147701755522228e-01,0.000000000000000000e+00
-1.344808712038472720e+01,2.347372338466410802e-01,0.000000000000000000e+00
-1.375647272578202696e+01,1.684682029118682450e-15,0.000000000000000000e+00
-1.407929337523008329e+01,-2.457549800080665592e-01,0.000000000000000000e+00
-1.441799935000033273e+01,-5.034876318335291812e-01,0.000000000000000000e+00
-1.477339488780534005e+01,-7.742408185413075516e-01,0.000000000000000000e+00
-1.514779820996147741e+01,-1.059237236786219505e+00,0.000000000000000000e+00
-1.550855833285295127e+01,-1.356823041755133019e+00,0.000000000000000000e+00
-1.585085909630948997e+01,-1.665992423621600826e+00,0.000000000000000000e+00
-1.617385724978167261e+01,-1.985899960520699947e+00,0.000000000000000000e+00
-1.647622427234681908e+01,-2.315582311979425878e+00,0.000000000000000000e+00
-1.675611018315095535e+01,-2.653907133374624916e+00,0.000000000000000000e+00
-1.701598686721079190e+01,-3.000377588070173296e+00,0.000000000000000000e+00
-1.725683942157712991e+01,-3.354389781506128099e+00,0.000000000000000000e+00
-1.747759614934648553e+01,-3.714977743762310158e+00,0.000000000000000000e+00
-1.767676995176095645e+01,-4.081003903705759051e+00,0.000000000000000000e+00
-1.785403665420833974e+01,-4.451511301682704591e+00,0.000000000000000000e+00
-1.800961395868403869e+01,-4.825661516225664194e+00,0.000000000000000000e+00
-1.814402649943495405e+01,-5.202715877798505417e+00,0.000000000000000000e+00
-1.825782702284707426e+01,-5.581977897649380793e+00,0.000000000000000000e+00
-1.835112397836269693e+01,-5.962641628582008302e+00,0.000000000000000000e+00
-1.842378606520563977e+01,-6.343818283591653895e+00,0.000000000000000000e+00
-1.847570985430497004e+01,-6.724608443905760957e+00,0.000000000000000000e+00
-1.850682351276908477e+01,-7.104103949299853227e+00,0.000000000000000000e+00
-1.851708722655719086e+01,-7.481388865606292349e+00,0.000000000000000000e+00
-1.850658983038122685e+01,-7.855581316917604973e+00,0.000000000000000000e+00
-1.847577972708463889e+01,-8.225947117939998776e+00,0.000000000000000000e+00
-1.842501187728932521e+01,-8.591724139976815167e+00,0.000000000000000000e+00
-1.835461200230693635e+01,-8.952142424007192290e+00,0.000000000000000000e+00
-1.826492921702627115e+01,-9.306446269289233797e+00,0.000000000000000000e+00
-1.815620666453631316e+01,-9.653826326728957241e+00,0.000000000000000000e+00
-1.802816309613061918e+01,-9.993173985251976532e+00,0.000000000000000000e+00
-1.788091671681420891e+01,-1.032355207980996603e+01,0.000000000000000000e+00
-1.771702019149856966e+01,-1.064545971958761683e+01,0.000000000000000000e+00
-1.753664472650619999e+01,-1.095811182491605074e+01,0.000000000000000000e+00
-1.733684638274118939e+01,-1.125867968305092148e+01,0.000000000000000000e+00
-1.712064802292446686e+01,-1.154802290532400200e+01,0.000000000000000000e+00
-1.688879661552273603e+01,-1.182566270147965248e+01,0.000000000000000000e+00
-1.664126368015389446e+01,-1.209058578338280299e+01,0.000000000000000000e+00
-1.637872683201311474e+01,-1.234225593979079250e+01,0.000000000000000000e+00
-1.610186819602779806e+01,-1.258015818146216169e+01,0.000000000000000000e+00
-1.581113539704519511e+01,-1.280360499121160167e+01,0.000000000000000000e+00
-1.550458632256802716e+01,-1.300989266482313056e+01,0.000000000000000000e+00
-1.518623226241301083e+01,-1.320119030311253283e+01,0.000000000000000000e+00
-1.485761546366642349e+01,-1.337785705210737319e+01,0.000000000000000000e+00
-1.451410578614099656e+01,-1.353462260737440204e+01,0.000000000000000000e+00
-1.416184909882954912e+01,-1.367593870525137589e+01,0.000000000000000000e+00
-1.379822242687030531e+01,-1.379822242687029998e+01,0.000000000000000000e+00
-1.342607966279198983e+01,-1.390311248618817608e+01,0.000000000000000000e+00
-1.304751834185080206e+01,-1.399175041327392677e+01,0.000000000000000000e+00
-1.267266808732351357e+01,-1.407442377405802780e+01,0.000000000000000000e+00
-1.230136254087328851e+01,-1.415109883279259684e+01,0.000000000000000000e+00
-1.193485516120736456e+01,-1.422340651546041990e+01,0.000000000000000000e+00
-1.157205538471031936e+01,-1.429029828984488759e+01,0.000000000000000000e+00
-1.121393675074422802e+01,-1.435318450805752377e+01,0.000000000000000000e+00
-1.085969821248775879e+01,-1.441130627724230351e+01,0.000000000000000000e+00
-1.050981968565960045e+01,-1.446552580275390198e+01,0.000000000000000000e+00
-1.016412134794112276e+01,-1.451586964334707730e+01,0.000000000000000000e+00
-9.822335824815905170e+00,-1.456221171349646148e+01,0.000000000000000000e+00
-9.484946081409443508e+00,-1.460553615443282816e+01,0.000000000000000000e+00
-9.151238933363547545e+00,-1.464504364856647456e+01,0.000000000000000000e+00
-8.821622004586775034e+00,-1.468164450328560733e+01,0.000000000000000000e+00
-8.496053323630619047e+00,-1.471559602034263925e+01,0.000000000000000000e+00
-8.174019590403444724e+00,-1.474632169361198741e+01,0.000000000000000000e+00
-7.855859682071364425e+00,-1.477472321211883965e+01,0.000000000000000000e+00
-7.541440630747261231e+00,-1.480091060854795515e+01,0.000000000000000000e+00
-7.230484022707222458e+00,-1.482468916823432714e+01,0.000000000000000000e+00
-6.922990294330850780e+00,-1.484640059681302482e+01,0.000000000000000000e+00
-6.618925883537547961e+00,-1.486635093817179154e+01,0.000000000000000000e+00
-6.318162945392402641e+00,-1.488465912256265966e+01,0.000000000000000000e+00
-6.020505740037298992e+00,-1.490127460808365356e+01,0.000000000000000000e+00
-5.725878613720903232e+00,-1.491642376236840661e+01,0.000000000000000000e+00
-5.434203781332736405e+00,-1.493035218192662761e+01,0.000000000000000000e+00
-5.145343467019126926e+00,-1.494316246629518119e+01,0.000000000000000000e+00
-4.859163772194204256e+00,-1.495496834612049675e+01,0.000000000000000000e+00
-4.575518609082193322e+00,-1.496584702343938567e+01,0.000000000000000000e+00
-4.294263547397483727e+00,-1.497587672085350086e+01,0.000000000000000000e+00
-4.015287136740653295e+00,-1.498525560129388978e+01,0.000000000000000000e+00
-3.738441332683910989e+00,-1.499406921827096006e+01,0.000000000000000000e+00
-3.463578869709006192e+00,-1.500240831282492771e+01,0.000000000000000000e+00
-3.190549469649133218e+00,-1.501035510069179324e+01,0.000000000000000000e+00
-2.919202626134215439e+00,-1.501799559370986792e+01,0.000000000000000000e+00
-2.649394564893956971e+00,-1.502546322887707042e+01,0.000000000000000000e+00
-2.380975190653193962e+00,-1.503288571639028426e+01,0.000000000000000000e+00
-2.113772791553027997e+00,-1.504027492101591967e+01,0.000000000000000000e+00
-1.847617297552386129e+00,-1.504763533758488769e+01,0.000000000000000000e+00
-1.582341249630605295e+00,-1.505497133993559622e+01,0.000000000000000000e+00
-1.317779415041820279e+00,-1.506228763743023968e+01,0.000000000000000000e+00
-1.053768290667043139e+00,-1.506958863673512994e+01,0.000000000000000000e+00
-7.901457546372612217e-01,-1.507687914746160018e+01,0.000000000000000000e+00
-5.267505571450578072e-01,-1.508416237132287563e+01,0.000000000000000000e+00
-2.634221951211167534e-01,-1.509144745117921715e+01,0.000000000000000000e+00
-2.773590320741543167e-15,-1.509872246524535200e+01,0.000000000000000000e+00
2.636769581143610375e-01,-1.510604281328743603e+01,0.000000000000000000e+00
5.277675715308005611e-01,-1.511328585286515036e+01,0.000000000000000000e+00
7.924360881554919356e-01,-1.512058131438354991e+01,0.000000000000000000e+00
1.057236069236625831e+00,-1.511918018071098935e+01,0.000000000000000000e+00
1.321611490004307221e+00,-1.510608845467963057e+01,0.000000000000000000e+00
1.585105792150877324e+00,-1.508127420502270866e+01,0.000000000000000000e+00
1.847265056712677600e+00,-1.504476656616015440e+01,0.000000000000000000e+00
2.107636456020624660e+00,-1.499661262496230663e+01,0.000000000000000000e+00
2.365767382161722665e+00,-1.493686739249240780e+01,0.000000000000000000e+00
2.621206201913505396e+00,-1.486559907838128503e+01,0.000000000000000000e+00
2.873502728628358760e+00,-1.478289000246664209e+01,0.000000000000000000e+00
3.122209170074704776e+00,-1.468883926962318398e+01,0.000000000000000000e+00
3.366881401805089435e+00,-1.458356556349476740e+01,0.000000000000000000e+00
3.607080659918347809e+00,-1.446721033652642063e+01,0.000000000000000000e+00
3.842375894076827780e+00,-1.433994205847263892e+01,0.000000000000000000e+00
4.072346087761832045e+00,-1.420195856677961821e+01,0.000000000000000000e+00
4.296585520545620263e+00,-1.405349800041768837e+01,0.000000000000000000e+00
4.514701559086759630e+00,-1.389482266366077923e+01,0.000000000000000000e+00
4.726337049335491258e+00,-1.372627947024240314e+01,0.000000000000000000e+00
4.930988930478069854e+00,-1.354778074206918426e+01,0.000000000000000000e+00
5.127801395374643079e+00,-1.335837934101209612e+01,0.000000000000000000e+00
5.316810624885018655e+00,-1.315956807975699228e+01,0.000000000000000000e+00
5.498260941437694171e+00,-1.295309104680233858e+01,0.000000000000000000e+00
5.671301833265280479e+00,-1.273795247342423309e+01,0.000000000000000000e+00
5.835018992470350163e+00,-1.251323861065737120e+01,0.000000000000000000e+00
5.993746551133639855e+00,-1.228900157924195824e+01,0.000000000000000000e+00
6.149473116425988373e+00,-1.206902054161914783e+01,0.000000000000000000e+00
6.302368883879776895e+00,-1.185303195428793188e+01,0.000000000000000000e+00
6.452602467206626002e+00,-1.164080299662295559e+01,0.000000000000000000e+00
6.600332309890509563e+00,-1.143211090756880743e+01,0.000000000000000000e+00
6.745708336820054107e+00,-1.122674397889045395e+01,0.000000000000000000e+00
6.888872871973592993e+00,-1.102450112319353792e+01,0.000000000000000000e+00
7.029961305554023987e+00,-1.082519111139487755e+01,0.000000000000000000e+00
7.169102611575829620e+00,-1.062863171118507388e+01,0.000000000000000000e+00
7.306419910299802645e+00,-1.043464903131556376e+01,0.000000000000000000e+00
7.442030895109772892e+00,-1.024307677561700203e+01,0.000000000000000000e+00
7.576048321899993887e+00,-1.005375569392339408e+01,0.000000000000000000e+00
7.708580365998074058e+00,-9.866532935547089878e+00,0.000000000000000000e+00
7.839731051246502602e+00,-9.681261583183854214e+00,0.000000000000000000e+00
7.969600555684170473e+00,-9.497800093777424735e+00,0.000000000000000000e+00
8.098285576511521811e+00,-9.316011879872439394e+00,0.000000000000000000e+00
8.225879620786924917e+00,-9.135764852324385288e+00,0.000000000000000000e+00
8.352473287283061154e+00,-8.956931004599351098e+00,0.000000000000000000e+00
8.478154568577634720e+00,-8.779386060764149846e+00,0.000000000000000000e+00
8.603009070092337396e+00,-8.603009070092342725e+00,0.000000000000000000e+00
8.727120280805683805e+00,-8.427682091565216638e+00,0.000000000000000000e+00
8.850569804830163534e+00,-8.253289863918583436e+00,0.000000000000000000e+00
8.973437559149896714e+00,-8.079719469512703256e+00,0.000000000000000000e+00
9.095802015856264688e+00,-7.906860062185952387e+00,0.000000000000000000e+00
9.217740396302616546e+00,-7.734602566825445891e+00,0.000000000000000000e+00
9.339328852810105275e+00,-7.562839385763073352e+00,0.000000000000000000e+00
9.460642687862121036e+00,-7.391464149542549933e+00,0.000000000000000000e+00
9.581756532669272630e+00,-7.220371442291835251e+00,0.000000000000000000e+00
9.702744515139968939e+00,-7.049456528619946205e+00,0.000000000000000000e+00
9.823680465103993953e+00,-6.878615114629292648e+00,0.000000000000000000e+00
9.944638091654102396e+00,-6.707743089736304398e+00,0.000000000000000000e+00
1.006569114243099783e+01,-6.536736258675613698e+00,0.000000000000000000e+00
1.018691360327340867e+01,-6.365490101233769238e+00,0.000000000000000000e+00
1.030837988479458289e+01,-6.193899518748929189e+00,0.000000000000000000e+00
1.043016498006349657e+01,-6.021858558931874050e+00,0.000000000000000000e+00
1.055234466838966334e+01,-5.849260163737755036e+00,0.000000000000000000e+00
1.067499571809397274e+01,-5.675995906256465773e+00,0.000000000000000000e+00
1.079819605082140122e+01,-5.501955696523743278e+00,0.000000000000000000e+00
1.092202496340433981e+01,-5.327027507782161386e+00,0.000000000000000000e+00
1.104656334985975263e+01,-5.151097086333933817e+00,0.000000000000000000e+00
1.117189388191131272e+01,-4.974047625449852461e+00,0.000000000000000000e+00
1.129810127052607882e+01,-4.795759460324060974e+00,0.000000000000000000e+00
1.142527250065949929e+01,-4.616109727579665645e+00,0.000000000000000000e+00
1.155349705035144225e+01,-4.434971996517686144e+00,0.000000000000000000e+00
1.168286721177709353e+01,-4.252215915971441440e+00,0.000000000000000000e+00
1.181347832125532626e+01,-4.067706795007048015e+00,0.000000000000000000e+00
1.194542908680541871e+01,-3.881305190256543636e+00,0.000000000000000000e+00
1.207882191300083896e+01,-3.692866454679551769e+00,0.000000000000000000e+00
1.221376320886943923e+01,-3.502240242894000488e+00,0.000000000000000000e+00
1.235036381227732782e+01,-3.309270009730271411e+00,0.000000000000000000e+00
1.248873931398150283e+01,-3.113792431184124077e+00,0.000000000000000000e+00
1.262901056173870629e+01,-2.915636824094251178e+00,0.000000000000000000e+00
1.277130404175805722e+01,-2.714624475158556649e+00,0.000000000000000000e+00
1.291575245067923561e+01,-2.510567954109272915e+00,0.000000000000000000e+00
1.306249517986858777e+01,-2.303270335585105855e+00,0.000000000000000000e+00
1.321167893254248682e+01,-2.092524373478212407e+00,0.000000000000000000e+00
1.336345837664947922e+01,-1.878111594764988901e+00,0.000000000000000000e+00
1.351799680239730606e+01,-1.659801301669217910e+00,0.000000000000000000e+00
1.367546693948884240e+01,-1.437349494576015019e+00,0.000000000000000000e+00
1.383605177991818458e+01,-1.210497678700525936e+00,0.000000000000000000e+00
1.399994548981660891e+01,-9.789715554858074986e-01,0.000000000000000000e+00
1.416735443805193384e+01,-7.424795844140475998e-01,0.000000000000000000e+00
1.433849829076156190e+01,-5.007113936695012368e-01,0.000000000000000000e+00
1.451361073257458223e+01,-2.533360176799656083e-01,0.000000000000000000e+00
1.469292237556210168e+01,-3.598728071470530165e-15,0.000000000000000000e+00
