1.416013260649079442e+01,0.000000000000000000e+00,0.000000000000000000e+00
1.418969854070784287e+01,2.476821093398897389e-01,0.000000000000000000e+00
1.421445179476234344e+01,4.963795945764555850e-01,0.000000000000000000e+00
1.423428681720316824e+01,7.459873617674868118e-01,0.000000000000000000e+00
1.424918422935044227e+01,9.964000259542228344e-01,0.000000000000000000e+00
1.425914905252232145e+01,1.247513893622123282e+00,0.000000000000000000e+00
1.426418849609956041e+01,1.499226623568004069e+00,0.000000000000000000e+00
1.426431188747303480e+01,1.751437271685458708e+00,0.000000000000000000e+00
1.425951337893591742e+01,2.004043912725571808e+00,0.000000000000000000e+00
1.424973528884384422e+01,2.256936348496326517e+00,0.000000000000000000e+00
1.423496428449046292e+01,2.510008272777037863e+00,0.000000000000000000e+00
1.421520403444139191e+01,2.763155754670460595e+00,0.000000000000000000e+00
1.419046038552348321e+01,3.016275468061528020e+00,0.000000000000000000e+00
1.416074133205897745e+01,3.269264736329452692e+00,0.000000000000000000e+00
1.412605698421454470e+01,3.522021575923176329e+00,0.000000000000000000e+00
1.408641953550078441e+01,3.774444738783425457e+00,0.000000000000000000e+00
1.404184322945818941e+01,4.026433753595693332e+00,0.000000000000000000e+00
1.399234428451205403e+01,4.277888953308063513e+00,0.000000000000000000e+00
1.393792593263826518e+01,4.528706660149572905e+00,0.000000000000000000e+00
1.387855670597713420e+01,4.778770306474385166e+00,0.000000000000000000e+00
1.381420273602383553e+01,5.027958606031408095e+00,0.000000000000000000e+00
1.374483363675658687e+01,5.276147300695892106e+00,0.000000000000000000e+00
1.367044692842183196e+01,5.523219077970084712e+00,0.000000000000000000e+00
1.359115241073422453e+01,5.769101921623136953e+00,0.000000000000000000e+00
1.350709036248584205e+01,6.013744084433170656e+00,0.000000000000000000e+00
1.341837902489454137e+01,6.257092899334726788e+00,0.000000000000000000e+00
1.332494113527036994e+01,6.499008032393145839e+00,0.000000000000000000e+00
1.322659805944998901e+01,6.739288321523394742e+00,0.000000000000000000e+00
1.312324765599908538e+01,6.977754552724107384e+00,0.000000000000000000e+00
1.301508542583033190e+01,7.214379656968769261e+00,0.000000000000000000e+00
1.290237001266685013e+01,7.449186799997359110e+00,0.000000000000000000e+00
1.278516529748942610e+01,7.682102335019179939e+00,0.000000000000000000e+00
1.266337534918190855e+01,7.912955147427852332e+00,0.000000000000000000e+00
1.253696883284773911e+01,8.141602755731852881e+00,0.000000000000000000e+00
1.240601087448423812e+01,8.367959994879381469e+00,0.000000000000000000e+00
1.227056026320242132e+01,8.591938794350856057e+00,0.000000000000000000e+00
1.213065549900414553e+01,8.813437112608605517e+00,0.000000000000000000e+00
1.198641097408781420e+01,9.032408535720451326e+00,0.000000000000000000e+00
1.183801160455690393e+01,9.248868313060031099e+00,0.000000000000000000e+00
1.168534089384101726e+01,9.462602478273128170e+00,0.000000000000000000e+00
1.152817144451830345e+01,9.673284407243759375e+00,0.000000000000000000e+00
1.136679153453292024e+01,9.881001132491222805e+00,0.000000000000000000e+00
1.120146788033897600e+01,1.008584698152956705e+01,0.000000000000000000e+00
1.103215671175471968e+01,1.028765256634613401e+01,0.000000000000000000e+00
1.085884495325162291e+01,1.048626467872553825e+01,0.000000000000000000e+00
1.068155530469363335e+01,1.068155530469363157e+01,0.000000000000000000e+00
1.050034723706872342e+01,1.087342786931171545e+01,0.000000000000000000e+00
1.031556618904322775e+01,1.106209040731851623e+01,0.000000000000000000e+00
1.012720275192807051e+01,1.124739811650395538e+01,0.000000000000000000e+00
9.934761607310269582e+00,1.142863588632195260e+01,0.000000000000000000e+00
9.738817980908985206e+00,1.160627131636937293e+01,0.000000000000000000e+00
9.539738614956975837e+00,1.178059608969800109e+01,0.000000000000000000e+00
9.337279043043082538e+00,1.195117217859479020e+01,0.000000000000000000e+00
9.131085977521328445e+00,1.211736036224041868e+01,0.000000000000000000e+00
8.921687685488421948e+00,1.227964963039657498e+01,0.000000000000000000e+00
8.709266783352482832e+00,1.243812199683015507e+01,0.000000000000000000e+00
8.493832485997167225e+00,1.259262451682493911e+01,0.000000000000000000e+00
8.275468608004192816e+00,1.274310416861309392e+01,0.000000000000000000e+00
8.054157928639060771e+00,1.288934703555083594e+01,0.000000000000000000e+00
7.829784960352406564e+00,1.303095046073117480e+01,0.000000000000000000e+00
7.602708671797232753e+00,1.316827769469730036e+01,0.000000000000000000e+00
7.373047968376131855e+00,1.330133063685748951e+01,0.000000000000000000e+00
7.140856861621564633e+00,1.342999848490162407e+01,0.000000000000000000e+00
6.906227264043279135e+00,1.355423418181743322e+01,0.000000000000000000e+00
6.669241202938791524e+00,1.367397085880432961e+01,0.000000000000000000e+00
6.429987316273614084e+00,1.378915229853744862e+01,0.000000000000000000e+00
6.188555621700350784e+00,1.389972350369065701e+01,0.000000000000000000e+00
5.945038467794360848e+00,1.400563293926656527e+01,0.000000000000000000e+00
5.699530494073246523e+00,1.410683299652598066e+01,0.000000000000000000e+00
5.452127427626988876e+00,1.420327754102821061e+01,0.000000000000000000e+00
5.202910685310238037e+00,1.429487962332904871e+01,0.000000000000000000e+00
4.951963293850051961e+00,1.438154566385071220e+01,0.000000000000000000e+00
4.699432671517340232e+00,1.446336656719243585e+01,0.000000000000000000e+00
4.445419872017992269e+00,1.454031322865148290e+01,0.000000000000000000e+00
4.190034134484607264e+00,1.461238556078806106e+01,0.000000000000000000e+00
3.933384888631712428e+00,1.467959225009720114e+01,0.000000000000000000e+00
3.675571008257969563e+00,1.474191011977818810e+01,0.000000000000000000e+00
3.416691301725801377e+00,1.479931594330184019e+01,0.000000000000000000e+00
3.156845320331402860e+00,1.485178954499726522e+01,0.000000000000000000e+00
2.896133033718898186e+00,1.489931282940282742e+01,0.000000000000000000e+00
2.634654817944429794e+00,1.494186996997644634e+01,0.000000000000000000e+00
2.372511381930642926e+00,1.497944733124837136e+01,0.000000000000000000e+00
2.109803691700903094e+00,1.501203330810303171e+01,0.000000000000000000e+00
1.846632976713555863e+00,1.503961868767713916e+01,0.000000000000000000e+00
1.583100538767372445e+00,1.506219549350891107e+01,0.000000000000000000e+00
1.319308000324739716e+00,1.507975944716325856e+01,0.000000000000000000e+00
1.055351700097447054e+00,1.509223244654714158e+01,0.000000000000000000e+00
7.913396734442370573e-01,1.509966047541165501e+01,0.000000000000000000e+00
5.273759697598685570e-01,1.510207184536678859e+01,0.000000000000000000e+00
2.635622477992789481e-01,1.509947106373732417e+01,0.000000000000000000e+00
9.241102002404133537e-16,1.509186486885549172e+01,0.000000000000000000e+00
-2.632094955123124858e-01,1.507926189875196066e+01,0.000000000000000000e+00
-5.259652056269950027e-01,1.506167284633542280e+01,0.000000000000000000e+00
-7.881663803260758883e-01,1.503911043567382855e+01,0.000000000000000000e+00
-1.049712593753890477e+00,1.501158946874181055e+01,0.000000000000000000e+00
-1.310503789610575787e+00,1.497912685821582102e+01,0.000000000000000000e+00
-1.570440331988795180e+00,1.494174167215169469e+01,0.000000000000000000e+00
-1.829423062312439230e+00,1.489945518279867187e+01,0.000000000000000000e+00
-2.087353362846266602e+00,1.485229091791319433e+01,0.000000000000000000e+00
-2.344133229038150024e+00,1.480027472543972422e+01,0.000000000000000000e+00
-2.599665344743964823e+00,1.474343480673665674e+01,0.000000000000000000e+00
-2.853853186181571022e+00,1.468180186996006675e+01,0.000000000000000000e+00
-3.106601063320600709e+00,1.461540890063587916e+01,0.000000000000000000e+00
-3.357814404828913357e+00,1.454429208484024549e+01,0.000000000000000000e+00
-3.607399393698580869e+00,1.446848870789503216e+01,0.000000000000000000e+00
-3.855247030456838697e+00,1.438797779339395611e+01,0.000000000000000000e+00
-4.101231800648801773e+00,1.430269501912229835e+01,0.000000000000000000e+00
-4.345295590119287787e+00,1.421282145902926608e+01,0.000000000000000000e+00
-4.587350480682785836e+00,1.411841305365040000e+01,0.000000000000000000e+00
-4.827306881016056650e+00,1.401951715372618068e+01,0.000000000000000000e+00
-5.065079148497759753e+00,1.391619058824803901e+01,0.000000000000000000e+00
-5.300582946255167904e+00,1.380849066979178907e+01,0.000000000000000000e+00
-5.533736334652282984e+00,1.369647805216994563e+01,0.000000000000000000e+00
-5.764460951216331175e+00,1.358021896962163488e+01,0.000000000000000000e+00
-5.992677608885249363e+00,1.345977428370865425e+01,0.000000000000000000e+00
-6.218319184810916944e+00,1.333522852576437323e+01,0.000000000000000000e+00
-6.441255823713452067e+00,1.320653155995470129e+01,0.000000000000000000e+00
-6.661203578537072900e+00,1.307334812254536338e+01,0.000000000000000000e+00
-6.878301288379493172e+00,1.293620326968108003e+01,0.000000000000000000e+00
-7.092525917490863918e+00,1.279525546065379160e+01,0.000000000000000000e+00
-7.303813552212902849e+00,1.265057616144287422e+01,0.000000000000000000e+00
-7.512070221369199885e+00,1.250218433940107055e+01,0.000000000000000000e+00
-7.717057637926806990e+00,1.234987380057424389e+01,0.000000000000000000e+00
-7.918640775341676985e+00,1.219363749098218896e+01,0.000000000000000000e+00
-8.116967837100508731e+00,1.203389969795849623e+01,0.000000000000000000e+00
-8.312117480864246843e+00,1.187093401210255905e+01,0.000000000000000000e+00
-8.503814663794887707e+00,1.170449675828493596e+01,0.000000000000000000e+00
-8.691617037934676659e+00,1.153416538169893535e+01,0.000000000000000000e+00
-8.876178524558357097e+00,1.136099042836037754e+01,0.000000000000000000e+00
-9.056831151180187334e+00,1.118425503581049618e+01,0.000000000000000000e+00
-9.231935286696693055e+00,1.100219204451804167e+01,0.000000000000000000e+00
-9.401639326953981524e+00,1.081534885781446143e+01,0.000000000000000000e+00
-9.565466028723719205e+00,1.062352628167406188e+01,0.000000000000000000e+00
-9.722583259897318086e+00,1.042619406852366382e+01,0.000000000000000000e+00
-9.873344222881875965e+00,1.022414724128317154e+01,0.000000000000000000e+00
-1.001791073025013290e+01,1.001791073025013468e+01,0.000000000000000000e+00
-1.015586176484892889e+01,9.807401704806967047e+00,0.000000000000000000e+00
-1.028692269289458849e+01,9.592710601056065656e+00,0.000000000000000000e+00
-1.041096869963718241e+01,9.374078322211550685e+00,0.000000000000000000e+00
-1.052794732538134959e+01,9.151804986381820939e+00,0.000000000000000000e+00
-1.063785333302651104e+01,8.926218808260548698e+00,0.000000000000000000e+00
-1.074055660903655074e+01,8.697531249624907090e+00,0.000000000000000000e+00
-1.083577582779878945e+01,8.465835906308123882e+00,0.000000000000000000e+00
-1.092325236365537755e+01,8.231261058927426433e+00,0.000000000000000000e+00
-1.100292557091762724e+01,7.994093359749323113e+00,0.000000000000000000e+00
-1.107481719124471731e+01,7.754670481604033050e+00,0.000000000000000000e+00
-1.113895839195320647e+01,7.513322304125860995e+00,0.000000000000000000e+00
-1.119531436452770556e+01,7.270322156557458726e+00,0.000000000000000000e+00
-1.124378578360464509e+01,7.025897135608346389e+00,0.000000000000000000e+00
-1.128427629104503005e+01,6.780277237515342392e+00,0.000000000000000000e+00
-1.131669532970999370e+01,6.533697094945044803e+00,0.000000000000000000e+00
-1.134095831630962437e+01,6.286395846878980898e+00,0.000000000000000000e+00
-1.135698681160446988e+01,6.038617002985120941e+00,0.000000000000000000e+00
-1.136470868780115140e+01,5.790608302525123818e+00,0.000000000000000000e+00
-1.136406621240739767e+01,5.542625430411303178e+00,0.000000000000000000e+00
-1.135504338445489836e+01,5.294943688853574137e+00,0.000000000000000000e+00
-1.133765204090595802e+01,5.047847912658204095e+00,0.000000000000000000e+00
-1.131191572217660379e+01,4.801623347149452492e+00,0.000000000000000000e+00
-1.127786678194917869e+01,4.556553951382614542e+00,0.000000000000000000e+00
-1.123554632864864899e+01,4.312922149542422368e+00,0.000000000000000000e+00
-1.118500416038733647e+01,4.071008584524629548e+00,0.000000000000000000e+00
-1.112629748865608903e+01,3.831091459019746903e+00,0.000000000000000000e+00
-1.105946220214263853e+01,3.593437099219496389e+00,0.000000000000000000e+00
-1.098451082407548363e+01,3.358301979734626741e+00,0.000000000000000000e+00
-1.090153906493044111e+01,3.125966024538194166e+00,0.000000000000000000e+00
-1.081212459207901055e+01,2.897100052912255919e+00,0.000000000000000000e+00
-1.071919638339209513e+01,2.672595826354996262e+00,0.000000000000000000e+00
-1.062481883149224871e+01,2.452932704663437491e+00,0.000000000000000000e+00
-1.052901752081993614e+01,2.238011761988905945e+00,0.000000000000000000e+00
-1.043164821047454183e+01,2.027707003967971655e+00,0.000000000000000000e+00
-1.033294723257692915e+01,1.821977387340177890e+00,0.000000000000000000e+00
-1.023321139565071114e+01,1.620781459622806064e+00,0.000000000000000000e+00
-1.013258041517899954e+01,1.424041309238359476e+00,0.000000000000000000e+00
-1.003114273248070099e+01,1.231669455762006260e+00,0.000000000000000000e+00
-9.929018225671487841e+00,1.043581867548168285e+00,0.000000000000000000e+00
-9.826336723358123137e+00,8.596930672823096531e-01,0.000000000000000000e+00
-9.723215634313302047e+00,6.799134711468287628e-01,0.000000000000000000e+00
-9.619764670337850987e+00,5.041505035978635085e-01,0.000000000000000000e+00
-9.516093458496325042e+00,3.323093061260802838e-01,0.000000000000000000e+00
-9.412308826265229911e+00,1.642924616868943199e-01,0.000000000000000000e+00
-9.308507882607308659e+00,1.139963438327294664e-15,0.000000000000000000e+00
-9.204782634035696631e+00,-1.606700785272239251e-01,0.000000000000000000e+00
-9.101239388745840486e+00,-3.178222827836078568e-01,0.000000000000000000e+00
-8.997982515528743619e+00,-4.715642816664917802e-01,0.000000000000000000e+00
-8.895044361537786770e+00,-6.220020942984352263e-01,0.000000000000000000e+00
-8.792441642302236460e+00,-7.692389684147009632e-01,0.000000000000000000e+00
-8.690438220541373937e+00,-9.134018632936075077e-01,0.000000000000000000e+00
-8.589437200845765119e+00,-1.054650275108919733e+00,0.000000000000000000e+00
-8.489845494141139426e+00,-1.193169972240933463e+00,0.000000000000000000e+00
-8.392046872150901393e+00,-1.329169647022894640e+00,0.000000000000000000e+00
-8.296087585611946480e+00,-1.462824075663934575e+00,0.000000000000000000e+00
-8.201745737404070979e+00,-1.594257871905567558e+00,0.000000000000000000e+00
-8.108866061546669002e+00,-1.723592689085095664e+00,0.000000000000000000e+00
-8.017386527758990411e+00,-1.850959525218177415e+00,0.000000000000000000e+00
-7.927240963005491636e+00,-1.976483157362810106e+00,0.000000000000000000e+00
-7.838344657933206783e+00,-2.100278121090007666e+00,0.000000000000000000e+00
-7.750609766962715419e+00,-2.222451587493706526e+00,0.000000000000000000e+00
-7.663962080083456918e+00,-2.343108349417247549e+00,0.000000000000000000e+00
-7.578331058004739162e+00,-2.462349025319297890e+00,0.000000000000000000e+00
-7.493648130627967419e+00,-2.580269975651690029e+00,0.000000000000000000e+00
-7.409847660818719817e+00,-2.696963988985060290e+00,0.000000000000000000e+00
-7.326863489886671132e+00,-2.812519383381567817e+00,0.000000000000000000e+00
-7.244635477585946504e+00,-2.927022729560528891e+00,0.000000000000000000e+00
-7.163103267400539487e+00,-3.040556942920261463e+00,0.000000000000000000e+00
-7.082208770315383539e+00,-3.153202499888103194e+00,0.000000000000000000e+00
-7.001896913062760852e+00,-3.265038152173008079e+00,0.000000000000000000e+00
-6.922111454021933952e+00,-3.376139337811517205e+00,0.000000000000000000e+00
-6.842800212498275414e+00,-3.486580854073755731e+00,0.000000000000000000e+00
-6.763910915273219970e+00,-3.596435228568797271e+00,0.000000000000000000e+00
-6.685391643264904538e+00,-3.705773100368436435e+00,0.000000000000000000e+00
-6.607193599424795671e+00,-3.814665003215878869e+00,0.000000000000000000e+00
-6.529266385225654723e+00,-3.923179042022528318e+00,0.000000000000000000e+00
-6.451561584727992127e+00,-4.031383106252092396e+00,0.000000000000000000e+00
-6.374031785288321927e+00,-4.139344640648520368e+00,0.000000000000000000e+00
-6.296628043013583920e+00,-4.247129242401522120e+00,0.000000000000000000e+00
-6.219304018938546008e+00,-4.354803556478714199e+00,0.000000000000000000e+00
-6.142012375337404073e+00,-4.462433198217847341e+00,0.000000000000000000e+00
-6.064705227269318932e+00,-4.570083186688382426e+00,0.000000000000000000e+00
-5.987336611096671923e+00,-4.677820035307268753e+00,0.000000000000000000e+00
-5.909858382290416934e+00,-4.785708956422456417e+00,0.000000000000000000e+00
-5.832223049123890668e+00,-4.893816209463487610e+00,0.000000000000000000e+00
-5.754383416537763196e+00,-5.002209188305902998e+00,0.000000000000000000e+00
-5.676289885350724873e+00,-5.110954369376715434e+00,0.000000000000000000e+00
-5.597894253976866352e+00,-5.220120842436757336e+00,0.000000000000000000e+00
-5.519146650505722285e+00,-5.329777966907437659e+00,0.000000000000000000e+00
-5.439995586127810867e+00,-5.439995586127809091e+00,0.000000000000000000e+00
-5.360390473407734113e+00,-5.550846828967890723e+00,0.000000000000000000e+00
-5.280277560539098580e+00,-5.662404436167588706e+00,0.000000000000000000e+00
-5.199602900472588551e+00,-5.774744053407028233e+00,0.000000000000000000e+00
-5.118311442275457424e+00,-5.887943781511485675e+00,0.000000000000000000e+00
-5.036344854579920316e+00,-6.002082073988982636e+00,0.000000000000000000e+00
-4.953645184060050610e+00,-6.117242352279301798e+00,0.000000000000000000e+00
-4.870150775664093601e+00,-6.233508732829892374e+00,0.000000000000000000e+00
-4.785798511882555673e+00,-6.350969132512410020e+00,0.000000000000000000e+00
-4.700523779070648445e+00,-6.469715946257674766e+00,0.000000000000000000e+00
-4.614257416715060067e+00,-6.589842532276625420e+00,0.000000000000000000e+00
-4.526929060760264356e+00,-6.711448332709212927e+00,0.000000000000000000e+00
-4.438463335622712336e+00,-6.834634183701023602e+00,0.000000000000000000e+00
-4.348784723400615171e+00,-6.959510352224237195e+00,0.000000000000000000e+00
-4.257815010045873372e+00,-7.086194160863406921e+00,0.000000000000000000e+00
-4.165466656469524409e+00,-7.214799886239262605e+00,0.000000000000000000e+00
-4.071641945444260280e+00,-7.345436511947695202e+00,0.000000000000000000e+00
-3.976246096140503727e+00,-7.478231265741481337e+00,0.000000000000000000e+00
-3.879212436696156008e+00,-7.613383081346106529e+00,0.000000000000000000e+00
-3.780424623278488827e+00,-7.751019127908842066e+00,0.000000000000000000e+00
-3.679517929391086906e+00,-7.890751663718193143e+00,0.000000000000000000e+00
-3.576096285439864353e+00,-8.032043764120206930e+00,0.000000000000000000e+00
-3.469969610734184418e+00,-8.174736116784654172e+00,0.000000000000000000e+00
-3.361025356479060200e+00,-8.318829673820134829e+00,0.000000000000000000e+00
-3.249121784959346559e+00,-8.464251631855987057e+00,0.000000000000000000e+00
-3.134112378918417985e+00,-8.610902991111565541e+00,0.000000000000000000e+00
-3.015870287526228655e+00,-8.758723294692984496e+00,0.000000000000000000e+00
-2.894287244363934253e+00,-8.907700203835204888e+00,0.000000000000000000e+00
-2.769281695274780297e+00,-9.057912284309702855e+00,0.000000000000000000e+00
-2.640714087750523298e+00,-9.209264451675354124e+00,0.000000000000000000e+00
-2.508404337205662582e+00,-9.361492432377673367e+00,0.000000000000000000e+00
-2.372268145804689699e+00,-9.514647848427877364e+00,0.000000000000000000e+00
-2.232199863118165428e+00,-9.668719853676714493e+00,0.000000000000000000e+00
-2.088029738139913771e+00,-9.823407575539427228e+00,0.000000000000000000e+00
-1.939717194616279006e+00,-9.978979883409852647e+00,0.000000000000000000e+00
-1.787128791578867615e+00,-1.013531102499660008e+01,0.000000000000000000e+00
-1.630031690802005384e+00,-1.029161505676947108e+01,0.000000000000000000e+00
-1.468425609329322423e+00,-1.044839112019541361e+01,0.000000000000000000e+00
-1.302217152839430181e+00,-1.060570761717508859e+01,0.000000000000000000e+00
-1.131270576336921296e+00,-1.076332055960791223e+01,0.000000000000000000e+00
-9.554647161463635241e-01,-1.092101167899594572e+01,0.000000000000000000e+00
-7.746657892527015754e-01,-1.107823691259518029e+01,0.000000000000000000e+00
-5.888187833945046634e-01,-1.123533169025227352e+01,0.000000000000000000e+00
-3.978248165611410481e-01,-1.139221220927434253e+01,0.000000000000000000e+00
-2.015830242094271141e-01,-1.154868372237053720e+01,0.000000000000000000e+00
-2.150101774421885699e-15,-1.170460890393796660e+01,0.000000000000000000e+00
2.070141510441359245e-01,-1.185983277034304351e+01,0.000000000000000000e+00
4.195455044102333608e-01,-1.201421132799992009e+01,0.000000000000000000e+00
6.376771988930289847e-01,-1.216760579472550674e+01,0.000000000000000000e+00
8.614903806118321405e-01,-1.231988641649755678e+01,0.000000000000000000e+00
1.091065494403164138e+00,-1.247093566676636911e+01,0.000000000000000000e+00
1.326475319758060323e+00,-1.262056963170968515e+01,0.000000000000000000e+00
1.567484654777774544e+00,-1.276613804904433636e+01,0.000000000000000000e+00
1.812920964969251258e+00,-1.289960294321777035e+01,0.000000000000000000e+00
2.062379952362623392e+00,-1.302135454806497172e+01,0.000000000000000000e+00
2.315370546033101995e+00,-1.313111888339589051e+01,0.000000000000000000e+00
2.571492660169602207e+00,-1.322918289191368046e+01,0.000000000000000000e+00
2.829765410007815341e+00,-1.331299955068340246e+01,0.000000000000000000e+00
3.089921240248078682e+00,-1.338391930557273390e+01,0.000000000000000000e+00
3.351732228989660722e+00,-1.344306371834934488e+01,0.000000000000000000e+00
3.614792885130963640e+00,-1.349059070614727140e+01,0.000000000000000000e+00
3.877851460582775633e+00,-1.352367519470592505e+01,0.000000000000000000e+00
4.140899244315662031e+00,-1.354427113614888434e+01,0.000000000000000000e+00
4.403690954175477401e+00,-1.355316715247345982e+01,0.000000000000000000e+00
4.665821568970206279e+00,-1.355052975389776471e+01,0.000000000000000000e+00
4.925730618988265697e+00,-1.353333364998648847e+01,0.000000000000000000e+00
5.183885244829536276e+00,-1.350448276393297142e+01,0.000000000000000000e+00
5.439830565500987980e+00,-1.346405311748363154e+01,0.000000000000000000e+00
5.693148356836000623e+00,-1.341221702543771244e+01,0.000000000000000000e+00
5.942716665239421658e+00,-1.334756016702118941e+01,0.000000000000000000e+00
6.188211844163556741e+00,-1.327066312538795856e+01,0.000000000000000000e+00
6.429606926647152498e+00,-1.318264778154950889e+01,0.000000000000000000e+00
6.666383888318374140e+00,-1.308351505294391970e+01,0.000000000000000000e+00
6.898068039632963888e+00,-1.297337912189741971e+01,0.000000000000000000e+00
7.124175078297097841e+00,-1.285235205816249149e+01,0.000000000000000000e+00
7.344232742461734631e+00,-1.272058425255463376e+01,0.000000000000000000e+00
7.557781832230832109e+00,-1.257826123546327857e+01,0.000000000000000000e+00
7.764383217199107179e+00,-1.242561055919057722e+01,0.000000000000000000e+00
7.963626914801150924e+00,-1.226291007099312580e+01,0.000000000000000000e+00
8.155133023326094133e+00,-1.209048191341256029e+01,0.000000000000000000e+00
8.338597390063492654e+00,-1.190875124164417720e+01,0.000000000000000000e+00
8.513648032521405895e+00,-1.171803122921744666e+01,0.000000000000000000e+00
8.680382421049456454e+00,-1.151925654153852996e+01,0.000000000000000000e+00
8.838131630135872996e+00,-1.131229262421337722e+01,0.000000000000000000e+00
8.985111966677939321e+00,-1.109568921879964876e+01,0.000000000000000000e+00
9.123006184616089698e+00,-1.087237539577542300e+01,0.000000000000000000e+00
9.251468638469214412e+00,-1.064259724209095914e+01,0.000000000000000000e+00
9.368674239978069807e+00,-1.040496685827753254e+01,0.000000000000000000e+00
9.479134795638458399e+00,-1.016512755294889025e+01,0.000000000000000000e+00
9.588018518381955957e+00,-9.928683824969859018e+00,0.000000000000000000e+00
9.695436093956622869e+00,-9.695436093956624646e+00,0.000000000000000000e+00
9.801477778199414459e+00,-9.465177066928163185e+00,0.000000000000000000e+00
9.906232939082952882e+00,-9.237711662488678144e+00,0.000000000000000000e+00
1.000978753136756438e+01,-9.012853175805442874e+00,0.000000000000000000e+00
1.011222412162235607e+01,-8.790422318751657471e+00,0.000000000000000000e+00
1.021362215535375562e+01,-8.570246583541440089e+00,0.000000000000000000e+00
1.031405822149360318e+01,-8.352159665209221373e+00,0.000000000000000000e+00
1.041360630048852443e+01,-8.136000922671474456e+00,0.000000000000000000e+00
1.051233799695209825e+01,-7.921614873652749189e+00,0.000000000000000000e+00
1.061032275837490424e+01,-7.708850719822520681e+00,0.000000000000000000e+00
1.070762808138326605e+01,-7.497561898930541702e+00,0.000000000000000000e+00
1.080431970690970545e+01,-7.287605660999061818e+00,0.000000000000000000e+00
1.090046180552555377e+01,-7.078842665867739470e+00,0.000000000000000000e+00
1.099611715413001178e+01,-6.871136599620260910e+00,0.000000000000000000e+00
1.109134730504084843e+01,-6.664353807556512521e+00,0.000000000000000000e+00
1.118621274839219737e+01,-6.458362941496667453e+00,0.000000000000000000e+00
1.128077306885089115e+01,-6.253034619448675890e+00,0.000000000000000000e+00
1.137508709751863378e+01,-6.048241095721453853e+00,0.000000000000000000e+00
1.146921305985655692e+01,-5.843855939670787869e+00,0.000000000000000000e+00
1.156320872043466963e+01,-5.639753721344949788e+00,0.000000000000000000e+00
1.165713152527982466e+01,-5.435809702358038287e+00,0.000000000000000000e+00
1.175103874257359138e+01,-5.231899530365714313e+00,0.000000000000000000e+00
1.184498760243583071e+01,-5.027898935548996917e+00,0.000000000000000000e+00
1.193903543652129962e+01,-4.823683427529898538e+00,0.000000000000000000e+00
1.203323981826289568e+01,-4.619127991187236049e+00,0.000000000000000000e+00
1.212765870435066162e+01,-4.414106779723057095e+00,0.000000000000000000e+00
1.222235057786252987e+01,-4.208492803264966220e+00,0.000000000000000000e+00
1.231737459435242776e+01,-4.002157611583911923e+00,0.000000000000000000e+00
1.241279073151125445e+01,-3.794970969148685480e+00,0.000000000000000000e+00
1.250865994318179730e+01,-3.586800520733409492e+00,0.000000000000000000e+00
1.260504431857917673e+01,-3.377511445721800509e+00,0.000000000000000000e+00
1.270200724761689948e+01,-3.166966099147930258e+00,0.000000000000000000e+00
1.279961359329614012e+01,-2.955023637390453928e+00,0.000000000000000000e+00
1.289792987218418396e+01,-2.741539626292544884e+00,0.000000000000000000e+00
1.299702444408673507e+01,-2.526365629312061323e+00,0.000000000000000000e+00
1.309696771210983535e+01,-2.309348773112580133e+00,0.000000000000000000e+00
1.319783233441004455e+01,-2.090331287782606573e+00,0.000000000000000000e+00
1.329969344904647421e+01,-1.869150018614924802e+00,0.000000000000000000e+00
1.340262891347548191e+01,-1.645635906085656686e+00,0.000000000000000000e+00
1.350671956036620180e+01,-1.419613430340242788e+00,0.000000000000000000e+00
1.361204947156255862e+01,-1.190900016115770343e+00,0.000000000000000000e+00
1.371870627216654803e+01,-9.593053936020516925e-01,0.000000000000000000e+00
1.382678144681831789e+01,-7.246309102597110474e-01,0.000000000000000000e+00
1.393637067244719496e+01,-4.866687878040797388e-01,0.000000000000000000e+00
1.404757400819867463e+01,-2.452013163970502840e-01,0.000000000000000000e+00
1.416048261591433111e+01,-3.468317941992244844e-15,0.000000000000000000e+00
