1.570556175822457945e+01,0.000000000000000000e+00,0.000000000000000000e+00
1.547825970280821650e+01,2.701740280883312972e-01,0.000000000000000000e+00
1.525227523096932103e+01,5.326211875653730221e-01,0.000000000000000000e+00
1.503184819067471523e+01,7.877857821930628335e-01,0.000000000000000000e+00
1.481765914037578113e+01,1.036151664152095364e+00,0.000000000000000000e+00
1.460885919830312396e+01,1.278109566897941862e+00,0.000000000000000000e+00
1.440528141257731853e+01,1.514056086655802602e+00,0.000000000000000000e+00
1.420658066901932060e+01,1.744348769377230157e+00,0.000000000000000000e+00
1.401246381830496546e+01,1.969323361261638983e+00,0.000000000000000000e+00
1.382266651128135493e+01,2.189295299182008048e+00,0.000000000000000000e+00
1.363693072469300738e+01,2.404558820815617004e+00,0.000000000000000000e+00
1.345501852990214253e+01,2.615390661296109087e+00,0.000000000000000000e+00
1.327670618733686503e+01,2.822051017483433011e+00,0.000000000000000000e+00
1.310178164172000059e+01,3.024784628146007126e+00,0.000000000000000000e+00
1.293004574249007987e+01,3.223822481646022808e+00,0.000000000000000000e+00
1.276131074283524924e+01,3.419382907905315516e+00,0.000000000000000000e+00
1.259539774063897255e+01,3.611672183925139556e+00,0.000000000000000000e+00
1.243213835689661195e+01,3.800886131842351467e+00,0.000000000000000000e+00
1.227137237669509418e+01,3.987210584996647267e+00,0.000000000000000000e+00
1.211294673452366233e+01,4.170822039003376780e+00,0.000000000000000000e+00
1.195671702152162652e+01,4.351889095377916128e+00,0.000000000000000000e+00
1.180254389400121617e+01,4.530572122833914861e+00,0.000000000000000000e+00
1.165029533126470085e+01,4.707024852555825589e+00,0.000000000000000000e+00
1.149984434265343936e+01,4.881394313786882044e+00,0.000000000000000000e+00
1.135106892476296103e+01,5.053821494218792232e+00,0.000000000000000000e+00
1.120385258794009076e+01,5.224442262596164177e+00,0.000000000000000000e+00
1.105808189827823362e+01,5.393386908820537506e+00,0.000000000000000000e+00
1.091364891102541890e+01,5.560781867014609858e+00,0.000000000000000000e+00
1.077044766309891699e+01,5.726748605686026394e+00,0.000000000000000000e+00
1.062837702336169343e+01,5.891405586302024489e+00,0.000000000000000000e+00
1.048733743980256961e+01,6.054867093952453594e+00,0.000000000000000000e+00
1.034723321102408455e+01,6.217244952398462310e+00,0.000000000000000000e+00
1.020797010330049304e+01,6.378647662759170167e+00,0.000000000000000000e+00
1.006945673302374544e+01,6.539181661799418066e+00,0.000000000000000000e+00
9.931603116523662678e+00,6.698950887993999181e+00,0.000000000000000000e+00
9.794321226676895975e+00,6.858057554566532765e+00,0.000000000000000000e+00
9.657524325706317470e+00,7.016602137871934985e+00,0.000000000000000000e+00
9.521126865868369649e+00,7.174683711317632273e+00,0.000000000000000000e+00
9.385044419832038187e+00,7.332400309341846167e+00,0.000000000000000000e+00
9.249193089650939115e+00,7.489848883936924828e+00,0.000000000000000000e+00
9.113489880400017285e+00,7.647125997381528428e+00,0.000000000000000000e+00
8.977851739121115671e+00,7.804327450898331797e+00,0.000000000000000000e+00
8.842196265392800569e+00,7.961549277834933491e+00,0.000000000000000000e+00
8.706440454427879061e+00,8.118887070313236975e+00,0.000000000000000000e+00
8.570501683479687216e+00,8.276437270201462582e+00,0.000000000000000000e+00
8.434296192692826821e+00,8.434296192692825045e+00,0.000000000000000000e+00
8.297740321404891262e+00,8.592561638777070243e+00,0.000000000000000000e+00
8.160748731777093923e+00,8.751331590331366428e+00,0.000000000000000000e+00
8.023235889460190506e+00,8.910706188261217520e+00,0.000000000000000000e+00
7.885114024136262501e+00,9.070786060701678366e+00,0.000000000000000000e+00
7.746294846868231332e+00,9.231674713049230263e+00,0.000000000000000000e+00
7.606687259890762220e+00,9.393476467890504722e+00,0.000000000000000000e+00
7.466199260895138856e+00,9.556299268268883651e+00,0.000000000000000000e+00
7.324735486146593644e+00,9.720252296630093269e+00,0.000000000000000000e+00
7.182199143755318538e+00,9.885449050688363215e+00,0.000000000000000000e+00
7.038489617912258467e+00,1.005200491829645948e+01,0.000000000000000000e+00
6.893504093335633520e+00,1.022004010506221761e+01,0.000000000000000000e+00
6.747135633736107252e+00,1.038967776849513314e+01,0.000000000000000000e+00
6.599274030012463044e+00,1.056104609683283080e+01,0.000000000000000000e+00
6.449804778645637171e+00,1.073427775826625918e+01,0.000000000000000000e+00
6.298608715039279993e+00,1.090951031144415140e+01,0.000000000000000000e+00
6.145562374394796024e+00,1.108688800640745065e+01,0.000000000000000000e+00
5.990536164373790662e+00,1.126655990595208934e+01,0.000000000000000000e+00
5.833395101460209453e+00,1.144868250888808880e+01,0.000000000000000000e+00
5.673997856089155079e+00,1.163341960145228526e+01,0.000000000000000000e+00
5.512197714507538926e+00,1.182094614597838955e+01,0.000000000000000000e+00
5.347835792092364926e+00,1.201143584984063217e+01,0.000000000000000000e+00
5.180746457438557329e+00,1.220507379848965357e+01,0.000000000000000000e+00
5.010775705015048764e+00,1.240210507290052000e+01,0.000000000000000000e+00
4.837715041921486048e+00,1.260267855381437663e+01,0.000000000000000000e+00
4.661332152205950763e+00,1.280690483276366187e+01,0.000000000000000000e+00
4.481639101862285202e+00,1.301562502944574895e+01,0.000000000000000000e+00
4.298018265239702984e+00,1.322794005740677648e+01,0.000000000000000000e+00
4.108955788274180954e+00,1.343978879931217030e+01,0.000000000000000000e+00
3.913130820140957589e+00,1.364670894279859681e+01,0.000000000000000000e+00
3.710157929897197171e+00,1.384649789848091039e+01,0.000000000000000000e+00
3.500282164800261775e+00,1.403886496857646549e+01,0.000000000000000000e+00
3.283621452326338730e+00,1.422292710103344149e+01,0.000000000000000000e+00
3.060703984457175508e+00,1.439948012147789491e+01,0.000000000000000000e+00
2.831845356458580376e+00,1.456858140117585521e+01,0.000000000000000000e+00
2.597257683070790968e+00,1.472978027886178332e+01,0.000000000000000000e+00
2.357219294988196712e+00,1.488289689415296202e+01,0.000000000000000000e+00
2.112005789079401730e+00,1.502770204511574370e+01,0.000000000000000000e+00
1.861906782580108111e+00,1.516401385392797074e+01,0.000000000000000000e+00
1.607219225554497255e+00,1.529166946975886177e+01,0.000000000000000000e+00
1.348246563241457530e+00,1.541052873486809460e+01,0.000000000000000000e+00
1.085297037449680868e+00,1.552047072196608646e+01,0.000000000000000000e+00
8.186824562815474549e-01,1.562139185215323955e+01,0.000000000000000000e+00
5.487171723040945581e-01,1.571320392678524769e+01,0.000000000000000000e+00
2.757172799733283441e-01,1.579583239060925948e+01,0.000000000000000000e+00
9.717091549383074493e-16,1.586921479098870513e+01,0.000000000000000000e+00
-2.781167762652754227e-01,1.593329944110816854e+01,0.000000000000000000e+00
-5.583148089580992623e-01,1.598804428092677554e+01,0.000000000000000000e+00
-8.402757230759485552e-01,1.603341592739182886e+01,0.000000000000000000e+00
-1.123681135823743293e+00,1.606938890237833206e+01,0.000000000000000000e+00
-1.408212718546409281e+00,1.609594502639918545e+01,0.000000000000000000e+00
-1.693552211829165044e+00,1.611307296559743207e+01,0.000000000000000000e+00
-1.979381410854709200e+00,1.612076792309387940e+01,0.000000000000000000e+00
-2.265382135487135074e+00,1.611903145647525548e+01,0.000000000000000000e+00
-2.551236204016714915e+00,1.610787144740434940e+01,0.000000000000000000e+00
-2.836625405498083285e+00,1.608730209126699506e+01,0.000000000000000000e+00
-3.121231557223707043e+00,1.605734434248849141e+01,0.000000000000000000e+00
-3.404736403797282929e+00,1.601802540014208631e+01,0.000000000000000000e+00
-3.686822157372808384e+00,1.596938122743658184e+01,0.000000000000000000e+00
-3.967144829502418535e+00,1.591134884274360672e+01,0.000000000000000000e+00
-4.245322970415943864e+00,1.584376102013152199e+01,0.000000000000000000e+00
-4.521141246863908059e+00,1.576709328695809553e+01,0.000000000000000000e+00
-4.794289123008256048e+00,1.568141313176159279e+01,0.000000000000000000e+00
-5.064463971390703811e+00,1.558681738936637906e+01,0.000000000000000000e+00
-5.331364073426771100e+00,1.548340553489611793e+01,0.000000000000000000e+00
-5.594693727897623425e+00,1.537129468616312522e+01,0.000000000000000000e+00
-5.854160016641031916e+00,1.525060824231923640e+01,0.000000000000000000e+00
-6.109484224256731544e+00,1.512150408461209139e+01,0.000000000000000000e+00
-6.360379776496839277e+00,1.498411574399762891e+01,0.000000000000000000e+00
-6.606350219986470762e+00,1.483810553537981747e+01,0.000000000000000000e+00
-6.847229525741517442e+00,1.468393110427007286e+01,0.000000000000000000e+00
-7.082810425136254473e+00,1.452191342383474826e+01,0.000000000000000000e+00
-7.312861951755257550e+00,1.435229969182376841e+01,0.000000000000000000e+00
-7.537131679185345767e+00,1.417528302184411437e+01,0.000000000000000000e+00
-7.755514155485959016e+00,1.399131790318019952e+01,0.000000000000000000e+00
-7.967642365493222911e+00,1.380036139357254399e+01,0.000000000000000000e+00
-8.172705281909589559e+00,1.360166571597983420e+01,0.000000000000000000e+00
-8.370826595527471881e+00,1.339612283743776189e+01,0.000000000000000000e+00
-8.562376411118707509e+00,1.318490344247414114e+01,0.000000000000000000e+00
-8.746840768579597025e+00,1.296772472129209142e+01,0.000000000000000000e+00
-8.922944356057902482e+00,1.274328519637488988e+01,0.000000000000000000e+00
-9.091360436426757730e+00,1.251318413718471056e+01,0.000000000000000000e+00
-9.252412164171785136e+00,1.227836564996185409e+01,0.000000000000000000e+00
-9.405352625402187527e+00,1.203830239070873276e+01,0.000000000000000000e+00
-9.549836740493214293e+00,1.179306623620903949e+01,0.000000000000000000e+00
-9.685698506869112379e+00,1.154296599234564091e+01,0.000000000000000000e+00
-9.812616240371514920e+00,1.128812371510719537e+01,0.000000000000000000e+00
-9.930325606620733936e+00,1.102874389504178332e+01,0.000000000000000000e+00
-1.003898620997914470e+01,1.076549469195091469e+01,0.000000000000000000e+00
-1.013886087685257920e+01,1.049909778528607873e+01,0.000000000000000000e+00
-1.022963845036222352e+01,1.022963845036222352e+01,0.000000000000000000e+00
-1.031052888498347997e+01,9.956762006552638766e+00,0.000000000000000000e+00
-1.038072813110655268e+01,9.680185587350475629e+00,0.000000000000000000e+00
-1.044012126207514157e+01,9.400327407332332186e+00,0.000000000000000000e+00
-1.048929849868488340e+01,9.118208073902424715e+00,0.000000000000000000e+00
-1.052893334787885848e+01,8.834824088895317118e+00,0.000000000000000000e+00
-1.055975471965334478e+01,8.551120766430896580e+00,0.000000000000000000e+00
-1.058254462022832598e+01,8.267990003650380615e+00,0.000000000000000000e+00
-1.059813577075468416e+01,7.986268133591488017e+00,0.000000000000000000e+00
-1.060740915410430141e+01,7.706733862410148461e+00,0.000000000000000000e+00
-1.061129149234953672e+01,7.430106293083703406e+00,0.000000000000000000e+00
-1.061094816604864022e+01,7.157174909773336147e+00,0.000000000000000000e+00
-1.060803923642279578e+01,6.888941229070089101e+00,0.000000000000000000e+00
-1.060309135947701620e+01,6.625546826031794900e+00,0.000000000000000000e+00
-1.059628735371907027e+01,6.366891778749552699e+00,0.000000000000000000e+00
-1.058780407260997869e+01,6.112871531448385021e+00,0.000000000000000000e+00
-1.057781231273018463e+01,5.863377109514890329e+00,0.000000000000000000e+00
-1.056647672836375840e+01,5.618295335902534937e+00,0.000000000000000000e+00
-1.055395575251052520e+01,5.377509048742238562e+00,0.000000000000000000e+00
-1.054040152433168487e+01,5.140897319985843872e+00,0.000000000000000000e+00
-1.052595982303014210e+01,4.908335674910790480e+00,0.000000000000000000e+00
-1.051077000816240314e+01,4.679696312314542972e+00,0.000000000000000000e+00
-1.049496496637483212e+01,4.454848325228197403e+00,0.000000000000000000e+00
-1.047867106455254849e+01,4.233657921979234295e+00,0.000000000000000000e+00
-1.046200810936526082e+01,4.015988647434189929e+00,0.000000000000000000e+00
-1.044508931319001199e+01,3.801701604253177269e+00,0.000000000000000000e+00
-1.042802126638668803e+01,3.590655673988799368e+00,0.000000000000000000e+00
-1.041090391589806252e+01,3.382707737863574593e+00,0.000000000000000000e+00
-1.039383055014204338e+01,3.177712897060767538e+00,0.000000000000000000e+00
-1.037688779015968166e+01,2.975524692365202117e+00,0.000000000000000000e+00
-1.036015558697867078e+01,2.775995322991722247e+00,0.000000000000000000e+00
-1.034370722514790764e+01,2.578975864440706367e+00,0.000000000000000000e+00
-1.032760826318368963e+01,2.384316238374639685e+00,0.000000000000000000e+00
-1.031189989792157391e+01,2.191861986587661182e+00,0.000000000000000000e+00
-1.029660186870235350e+01,2.001456654306374983e+00,0.000000000000000000e+00
-1.028172649464929655e+01,1.812945789271738883e+00,0.000000000000000000e+00
-1.026727923740356196e+01,1.626177275671896183e+00,0.000000000000000000e+00
-1.025325884474552218e+01,1.441001556460212329e+00,0.000000000000000000e+00
-1.023965750043729273e+01,1.257271849987327439e+00,0.000000000000000000e+00
-1.022646098010130622e+01,1.074844360787830855e+00,0.000000000000000000e+00
-1.021364881294567617e+01,8.935784843677576639e-01,0.000000000000000000e+00
-1.020119444914357132e+01,7.133370058444470363e-01,0.000000000000000000e+00
-1.018906543267013021e+01,5.339862922958406033e-01,0.000000000000000000e+00
-1.017722357939723032e+01,3.553964786821122157e-01,0.000000000000000000e+00
-1.016562516024298723e+01,1.774416472079628770e-01,0.000000000000000000e+00
-1.015422108916990851e+01,1.243533435468647953e-15,0.000000000000000000e+00
-1.014295711582259862e+01,-1.770459750208112915e-01,0.000000000000000000e+00
-1.013177402259319315e+01,-3.538093451854538163e-01,0.000000000000000000e+00
-1.012060782589999697e+01,-5.303985811499837277e-01,0.000000000000000000e+00
-1.010938998146240664e+01,-7.069174120973297226e-01,0.000000000000000000e+00
-1.009804759335282043e+01,-8.834646881636092353e-01,0.000000000000000000e+00
-1.008650362660413258e+01,-1.060134250178700110e+00,0.000000000000000000e+00
-1.007467712314939590e+01,-1.237014806804434652e+00,0.000000000000000000e+00
-1.006248342106282401e+01,-1.414189819175145635e+00,0.000000000000000000e+00
-1.004986495144742342e+01,-1.591742235672171546e+00,0.000000000000000000e+00
-1.003687576982232343e+01,-1.769772000238721610e+00,0.000000000000000000e+00
-1.002359209951811359e+01,-1.948388930974722877e+00,0.000000000000000000e+00
-1.001008459731296441e+01,-2.127709164030893163e+00,0.000000000000000000e+00
-9.996418063235498863e+00,-2.307854955994084190e+00,0.000000000000000000e+00
-9.982651156379024115e+00,-2.488954475900148289e+00,0.000000000000000000e+00
-9.968836117048049061e+00,-2.671141587041233834e+00,0.000000000000000000e+00
-9.955018495553659363e+00,-2.854555618743600309e+00,0.000000000000000000e+00
-9.941236887969784775e+00,-3.039341128300975026e+00,0.000000000000000000e+00
-9.927522679157410934e+00,-3.225647653257112335e+00,0.000000000000000000e+00
-9.913899793358876167e+00,-3.413629454240168393e+00,0.000000000000000000e+00
-9.900384452659000800e+00,-3.603445248559762781e+00,0.000000000000000000e+00
-9.886984943604270271e+00,-3.795257934786340659e+00,0.000000000000000000e+00
-9.873701392265612498e+00,-3.989234308540408058e+00,0.000000000000000000e+00
-9.860525548024249076e+00,-4.185544769727703951e+00,0.000000000000000000e+00
-9.847440576354017594e+00,-4.384363021464032784e+00,0.000000000000000000e+00
-9.834420860867073344e+00,-4.585865760941588043e+00,0.000000000000000000e+00
-9.821431814883361255e+00,-4.790232362496168683e+00,0.000000000000000000e+00
-9.808429702777310411e+00,-4.997644553142114532e+00,0.000000000000000000e+00
-9.795361471348380533e+00,-5.208286080849394928e+00,0.000000000000000000e+00
-9.782162169999651269e+00,-5.422341033609665573e+00,0.000000000000000000e+00
-9.768698441328467652e+00,-5.639960674733269563e+00,0.000000000000000000e+00
-9.754769273327209334e+00,-5.861256704042412835e+00,0.000000000000000000e+00
-9.740166264075773128e+00,-6.086331380922121781e+00,0.000000000000000000e+00
-9.724676761289849480e+00,-6.315278930173003680e+00,0.000000000000000000e+00
-9.708084121557977397e+00,-6.548185422213581575e+00,0.000000000000000000e+00
-9.690167972385864914e+00,-6.785128660782881127e+00,0.000000000000000000e+00
-9.670704476846667674e+00,-7.026178078200937982e+00,0.000000000000000000e+00
-9.649466600634999836e+00,-7.271394638240146868e+00,0.000000000000000000e+00
-9.626224381321279111e+00,-7.520830746654831422e+00,0.000000000000000000e+00
-9.600745199602533475e+00,-7.774530169411745462e+00,0.000000000000000000e+00
-9.572794052344738347e+00,-8.032527958658528533e+00,0.000000000000000000e+00
-9.542133827211516817e+00,-8.294850386462561787e+00,0.000000000000000000e+00
-9.508524775853441469e+00,-8.561514163484650553e+00,0.000000000000000000e+00
-9.471474487390860730e+00,-8.832292847459951801e+00,0.000000000000000000e+00
-9.429907417793545577e+00,-9.106355740833189216e+00,0.000000000000000000e+00
-9.382717714326563652e+00,-9.382717714326560099e+00,0.000000000000000000e+00
-9.328865492476305477e+00,-9.660323010734005678e+00,0.000000000000000000e+00
-9.267379808495014970e+00,-9.938048130544586911e+00,0.000000000000000000e+00
-9.197400145498255242e+00,-1.021474770548220334e+01,0.000000000000000000e+00
-9.118706441116353645e+00,-1.048987180458298063e+01,0.000000000000000000e+00
-9.031536979024428646e+00,-1.076336664139981636e+01,0.000000000000000000e+00
-8.936132356315100722e+00,-1.103520443723437516e+01,0.000000000000000000e+00
-8.832628173165247176e+00,-1.130524852051570406e+01,0.000000000000000000e+00
-8.721002677680816717e+00,-1.157316144275405811e+01,0.000000000000000000e+00
-8.601245369443658362e+00,-1.183859862003864727e+01,0.000000000000000000e+00
-8.473460840233455471e+00,-1.210135620918676480e+01,0.000000000000000000e+00
-8.337809886153694450e+00,-1.236131150009113000e+01,0.000000000000000000e+00
-8.194478508934787797e+00,-1.261839035264024922e+01,0.000000000000000000e+00
-8.043642878148869357e+00,-1.287251943717676816e+01,0.000000000000000000e+00
-7.885176503777513446e+00,-1.312313746994930064e+01,0.000000000000000000e+00
-7.718910522068190616e+00,-1.336954520330009721e+01,0.000000000000000000e+00
-7.545318882525672066e+00,-1.361211559282753392e+01,0.000000000000000000e+00
-7.364687221035276288e+00,-1.385096216559897542e+01,0.000000000000000000e+00
-7.176783918500388992e+00,-1.408523151418927810e+01,0.000000000000000000e+00
-6.982092331187224943e+00,-1.431541072889449673e+01,0.000000000000000000e+00
-6.780734575016142962e+00,-1.454133222226056965e+01,0.000000000000000000e+00
-6.572157601143651107e+00,-1.476130765606276185e+01,0.000000000000000000e+00
-6.357119135626546402e+00,-1.497643415548924750e+01,0.000000000000000000e+00
-6.135902689402826127e+00,-1.518689208038261640e+01,0.000000000000000000e+00
-5.908520637347053572e+00,-1.539222250087043697e+01,0.000000000000000000e+00
-5.675062325683204456e+00,-1.559210559381224570e+01,0.000000000000000000e+00
-5.435362478282084631e+00,-1.578543883353784949e+01,0.000000000000000000e+00
-5.189936643549868833e+00,-1.597298256683601636e+01,0.000000000000000000e+00
-4.938980854614189120e+00,-1.615467846095783955e+01,0.000000000000000000e+00
-4.682631044841722989e+00,-1.633027514095889288e+01,0.000000000000000000e+00
-4.421060423918494742e+00,-1.649962212539583106e+01,0.000000000000000000e+00
-4.154440502008817759e+00,-1.666255075496604476e+01,0.000000000000000000e+00
-3.882952960409176590e+00,-1.681891706899256889e+01,0.000000000000000000e+00
-3.606784573302094898e+00,-1.696858730195939557e+01,0.000000000000000000e+00
-3.326127203575456548e+00,-1.711144106278223376e+01,0.000000000000000000e+00
-3.041176558791447881e+00,-1.724736932812148993e+01,0.000000000000000000e+00
-2.752131427350347881e+00,-1.737627396801802959e+01,0.000000000000000000e+00
-2.459192847923445058e+00,-1.749806633161822589e+01,0.000000000000000000e+00
-2.162563692585678155e+00,-1.761266788497776403e+01,0.000000000000000000e+00
-1.862447572325634404e+00,-1.772000497998818247e+01,0.000000000000000000e+00
-1.559033958713804013e+00,-1.781983968987983147e+01,0.000000000000000000e+00
-1.252492443296957747e+00,-1.791147642064340673e+01,0.000000000000000000e+00
-9.431106098709147734e-01,-1.799562245859347698e+01,0.000000000000000000e+00
-6.310949453431361489e-01,-1.807219470041393450e+01,0.000000000000000000e+00
-3.166554765915141068e-01,-1.814118010409769965e+01,0.000000000000000000e+00
-3.343752076844058974e-15,-1.820253850156148090e+01,0.000000000000000000e+00
3.186640146274064556e-01,-1.825624917110827994e+01,0.000000000000000000e+00
6.391183094752602711e-01,-1.830195378788222982e+01,0.000000000000000000e+00
9.610970629308858149e-01,-1.833882442795831480e+01,0.000000000000000000e+00
1.284415155298114675e+00,-1.836799247098118215e+01,0.000000000000000000e+00
1.608861937500582817e+00,-1.838937609355367542e+01,0.000000000000000000e+00
1.934228945452126647e+00,-1.840295912493823849e+01,0.000000000000000000e+00
2.260318219166344456e+00,-1.840881461435328248e+01,0.000000000000000000e+00
2.586743471405130279e+00,-1.840563617601108248e+01,0.000000000000000000e+00
2.913372729488226121e+00,-1.839431148361927626e+01,0.000000000000000000e+00
3.240042347778644416e+00,-1.837519326174854939e+01,0.000000000000000000e+00
3.566539143478437701e+00,-1.834825327369727432e+01,0.000000000000000000e+00
3.892668097258897397e+00,-1.831356353657039904e+01,0.000000000000000000e+00
4.218034707173911713e+00,-1.827031557101703640e+01,0.000000000000000000e+00
4.542524418219310078e+00,-1.821907032671503757e+01,0.000000000000000000e+00
4.866132084625716558e+00,-1.816065217616426608e+01,0.000000000000000000e+00
5.188670011611486999e+00,-1.809504274281806246e+01,0.000000000000000000e+00
5.509950081224681107e+00,-1.802223465089065257e+01,0.000000000000000000e+00
5.829808440200018538e+00,-1.794230546128895298e+01,0.000000000000000000e+00
6.147697731656672993e+00,-1.785421062494031474e+01,0.000000000000000000e+00
6.463712772809865115e+00,-1.775890488913551479e+01,0.000000000000000000e+00
6.777711617913865894e+00,-1.765654241947553871e+01,0.000000000000000000e+00
7.089514967704060311e+00,-1.754716529366237765e+01,0.000000000000000000e+00
7.398936788699058908e+00,-1.743080273823709447e+01,0.000000000000000000e+00
7.705790809771046135e+00,-1.730748953075893937e+01,0.000000000000000000e+00
8.009894970572204898e+00,-1.717727519694678762e+01,0.000000000000000000e+00
8.310964612009868802e+00,-1.704000267123342027e+01,0.000000000000000000e+00
8.608701371135971669e+00,-1.689552774974806226e+01,0.000000000000000000e+00
8.903160410536143488e+00,-1.674440940931905786e+01,0.000000000000000000e+00
9.194153172988434264e+00,-1.658669139335141551e+01,0.000000000000000000e+00
9.481512049511227502e+00,-1.642246060232995930e+01,0.000000000000000000e+00
9.765063972152354665e+00,-1.625179561269341733e+01,0.000000000000000000e+00
1.004464224468925515e+01,-1.607478781604062590e+01,0.000000000000000000e+00
1.032008354140028672e+01,-1.589153506904183999e+01,0.000000000000000000e+00
1.059123006466196237e+01,-1.570214430240648262e+01,0.000000000000000000e+00
1.085792914914938301e+01,-1.550672987170479722e+01,0.000000000000000000e+00
1.112003753930464001e+01,-1.530541862405967102e+01,0.000000000000000000e+00
1.137741114742439130e+01,-1.509833454663587915e+01,0.000000000000000000e+00
1.162993918789954151e+01,-1.488564334646638088e+01,0.000000000000000000e+00
1.187746596617644812e+01,-1.466744894847314029e+01,0.000000000000000000e+00
1.211955265725221587e+01,-1.444352041991503555e+01,0.000000000000000000e+00
1.235615683700622824e+01,-1.421413245995985264e+01,0.000000000000000000e+00
1.258736220755203128e+01,-1.397968199639531584e+01,0.000000000000000000e+00
1.281307450926221669e+01,-1.374034018294765858e+01,0.000000000000000000e+00
1.303335453355325058e+01,-1.349643370987414137e+01,0.000000000000000000e+00
1.324790557541844827e+01,-1.324790557541845359e+01,0.000000000000000000e+00
1.345587987757033765e+01,-1.299419215292207141e+01,0.000000000000000000e+00
1.365781448215817662e+01,-1.273611804828193073e+01,0.000000000000000000e+00
1.385401337086995355e+01,-1.247420966888765115e+01,0.000000000000000000e+00
1.404404938686203685e+01,-1.220830587723528105e+01,0.000000000000000000e+00
1.422712234991169034e+01,-1.193797311652494564e+01,0.000000000000000000e+00
1.440373199075138189e+01,-1.166391218453061462e+01,0.000000000000000000e+00
1.457420325996916510e+01,-1.138661552480124861e+01,0.000000000000000000e+00
1.473804340429807169e+01,-1.110591229789958412e+01,0.000000000000000000e+00
1.489494120854208248e+01,-1.082180824014539589e+01,0.000000000000000000e+00
1.504478139052053720e+01,-1.053446934035964944e+01,0.000000000000000000e+00
1.518771882577513210e+01,-1.024424569939337992e+01,0.000000000000000000e+00
1.532384507836797205e+01,-9.951421350874461780e+00,0.000000000000000000e+00
1.545298828962020288e+01,-9.656098777597406979e+00,0.000000000000000000e+00
1.557498643352866452e+01,-9.358395989795896597e+00,0.000000000000000000e+00
1.568978413584427578e+01,-9.058501094356824268e+00,0.000000000000000000e+00
1.579734254661867610e+01,-8.756609962490665922e+00,0.000000000000000000e+00
1.589760555117178420e+01,-8.452906812391919544e+00,0.000000000000000000e+00
1.599051322377288287e+01,-8.147573437989489520e+00,0.000000000000000000e+00
1.607601720791976518e+01,-7.840797486648048320e+00,0.000000000000000000e+00
1.615409332893939620e+01,-7.532777429835012306e+00,0.000000000000000000e+00
1.622472599853480091e+01,-7.223713425818876210e+00,0.000000000000000000e+00
1.628790532350160447e+01,-6.913805618632789418e+00,0.000000000000000000e+00
1.634363122625743614e+01,-6.603255640786414027e+00,0.000000000000000000e+00
1.639191276652018914e+01,-6.292265776504995856e+00,0.000000000000000000e+00
1.643276468149796443e+01,-5.981037210766187329e+00,0.000000000000000000e+00
1.646620722634317602e+01,-5.669769834179785306e+00,0.000000000000000000e+00
1.649226611482457372e+01,-5.358662096221058491e+00,0.000000000000000000e+00
1.651097245625489762e+01,-5.047910860595989924e+00,0.000000000000000000e+00
1.652236268874071712e+01,-4.737711262829887637e+00,0.000000000000000000e+00
1.652647850882322800e+01,-4.428256570169486039e+00,0.000000000000000000e+00
1.652259400146952473e+01,-4.119545364175116298e+00,0.000000000000000000e+00
1.651077608463167934e+01,-3.811813008738128783e+00,0.000000000000000000e+00
1.649236623161002413e+01,-3.505560659993815609e+00,0.000000000000000000e+00
1.646650210858118157e+01,-3.200763770282900822e+00,0.000000000000000000e+00
1.643308521634586938e+01,-2.897596299923179686e+00,0.000000000000000000e+00
1.639268117093693888e+01,-2.596345632677415693e+00,0.000000000000000000e+00
1.634495445679111114e+01,-2.297133542530002792e+00,0.000000000000000000e+00
1.628998551153673802e+01,-2.000158718148711046e+00,0.000000000000000000e+00
1.622809628079260591e+01,-1.705641649410474248e+00,0.000000000000000000e+00
1.615911757871269216e+01,-1.413739600719841061e+00,0.000000000000000000e+00
1.608313112083830632e+01,-1.124642085349685461e+00,0.000000000000000000e+00
1.600044442629958397e+01,-8.385477599240840352e-01,0.000000000000000000e+00
1.591075396859939772e+01,-5.556157717773675397e-01,0.000000000000000000e+00
1.581456202442689829e+01,-2.760442069476963800e-01,0.000000000000000000e+00
1.571165468731611625e+01,-3.848245524426038395e-15,0.000000000000000000e+00
