8.765028727088841620e+00,0.000000000000000000e+00,0.000000000000000000e+00
8.723427429012277301e+00,1.522679921700035022e-01,0.000000000000000000e+00
8.682497758020600642e+00,3.031995028204537701e-01,0.000000000000000000e+00
8.642173944853462686e+00,4.529171446275297996e-01,0.000000000000000000e+00
8.602385371722172991e+00,6.015373841540212485e-01,0.000000000000000000e+00
8.563056856538407757e+00,7.491704000750452064e-01,0.000000000000000000e+00
8.524108940706291548e+00,8.959199515342501918e-01,0.000000000000000000e+00
8.485458180165403874e+00,1.041883256711569228e+00,0.000000000000000000e+00
8.447017439370805292e+00,1.187150881674829961e+00,0.000000000000000000e+00
8.408697375642020688e+00,1.331806827699458573e+00,0.000000000000000000e+00
8.370446868201385726e+00,1.475935623450576717e+00,0.000000000000000000e+00
8.332262401275185582e+00,1.619627741376458818e+00,0.000000000000000000e+00
8.294139711206701904e+00,1.762973819024886923e+00,0.000000000000000000e+00
8.256070611370478929e+00,1.906064087852024747e+00,0.000000000000000000e+00
8.218043006996481381e+00,2.048988250213799933e+00,0.000000000000000000e+00
8.180040997046013729e+00,2.191835379211954926e+00,0.000000000000000000e+00
8.142046720446039387e+00,2.334694327720536311e+00,0.000000000000000000e+00
8.104040328073585542e+00,2.477653772070403271e+00,0.000000000000000000e+00
8.065998148046256588e+00,2.620801668078374558e+00,0.000000000000000000e+00
8.027892621728309308e+00,2.764225106185422387e+00,0.000000000000000000e+00
7.989692326562502167e+00,2.908010187813832914e+00,0.000000000000000000e+00
7.951362876776000732e+00,3.052242237910047340e+00,0.000000000000000000e+00
7.912880463152629495e+00,3.197011229012304057e+00,0.000000000000000000e+00
7.874228836481310445e+00,3.342411838157774095e+00,0.000000000000000000e+00
7.835387512723952952e+00,3.488539281173006934e+00,0.000000000000000000e+00
7.796331372634854873e+00,3.635489024573704597e+00,0.000000000000000000e+00
7.757030623984977780e+00,3.783356625820852859e+00,0.000000000000000000e+00
7.717452549932439787e+00,3.932238479456251934e+00,0.000000000000000000e+00
7.677574285194645576e+00,4.082238659719628515e+00,0.000000000000000000e+00
7.637374766729389641e+00,4.233465962535080784e+00,0.000000000000000000e+00
7.596827251690442928e+00,4.386030258750561295e+00,0.000000000000000000e+00
7.555899180913462132e+00,4.540042259153498350e+00,0.000000000000000000e+00
7.514552130808997532e+00,4.695613319867473656e+00,0.000000000000000000e+00
7.472749652856782276e+00,4.852860366629255573e+00,0.000000000000000000e+00
7.430467386958611975e+00,5.011913536623475274e+00,0.000000000000000000e+00
7.387676242227151135e+00,5.172906594660232393e+00,0.000000000000000000e+00
7.344339510959552619e+00,5.335974994822208828e+00,0.000000000000000000e+00
7.300412740436899028e+00,5.501255587978263861e+00,0.000000000000000000e+00
7.255848123190715704e+00,5.668889846764648688e+00,0.000000000000000000e+00
7.210613013781590475e+00,5.839039288108461179e+00,0.000000000000000000e+00
7.164672645620052016e+00,6.011874174445731356e+00,0.000000000000000000e+00
7.117981965802891331e+00,6.187567322887527865e+00,0.000000000000000000e+00
7.070485447553999769e+00,6.366293692126643755e+00,0.000000000000000000e+00
7.022123539085174393e+00,6.548236136919312500e+00,0.000000000000000000e+00
6.972851100811315206e+00,6.733604036454636343e+00,0.000000000000000000e+00
6.922616060475527355e+00,6.922616060475525579e+00,0.000000000000000000e+00
6.871352544960823927e+00,7.115493857048909909e+00,0.000000000000000000e+00
6.818981980196525683e+00,7.312462909784903431e+00,0.000000000000000000e+00
6.765442023763839963e+00,7.513784579943462383e+00,0.000000000000000000e+00
6.710683765226125530e+00,7.719758594367066351e+00,0.000000000000000000e+00
6.654639989944392653e+00,7.930691115437326744e+00,0.000000000000000000e+00
6.597216531832643227e+00,8.146883936206165799e+00,0.000000000000000000e+00
6.538009547178517344e+00,8.368270611109602797e+00,0.000000000000000000e+00
6.476236434283429766e+00,8.594256023705254321e+00,0.000000000000000000e+00
6.411130334159667044e+00,8.824163881721679203e+00,0.000000000000000000e+00
6.342013183866028747e+00,9.057333487270481598e+00,0.000000000000000000e+00
6.268615913706296006e+00,9.293605280258782741e+00,0.000000000000000000e+00
6.190864271955157427e+00,9.533094988115221824e+00,0.000000000000000000e+00
6.108664475772506819e+00,9.775906686905189602e+00,0.000000000000000000e+00
6.021821586328679921e+00,1.002199411250227179e+01,0.000000000000000000e+00
5.930090892799354307e+00,1.027121871982996204e+01,0.000000000000000000e+00
5.833243063664733441e+00,1.052344905495696281e+01,0.000000000000000000e+00
5.731080290884335682e+00,1.077859437809092213e+01,0.000000000000000000e+00
5.623423794240696161e+00,1.103659061548442466e+01,0.000000000000000000e+00
5.510170148126473322e+00,1.129752302245926643e+01,0.000000000000000000e+00
5.391191853419641689e+00,1.156144823945317412e+01,0.000000000000000000e+00
5.266096827616538967e+00,1.182784712976707731e+01,0.000000000000000000e+00
5.134552372681597809e+00,1.209624735462790746e+01,0.000000000000000000e+00
4.996743035236475450e+00,1.236737299641324128e+01,0.000000000000000000e+00
4.852379070630560065e+00,1.264087965464874053e+01,0.000000000000000000e+00
4.700329085085896530e+00,1.291404802527929796e+01,0.000000000000000000e+00
4.539521458977942459e+00,1.318372760060655935e+01,0.000000000000000000e+00
4.369104946398754130e+00,1.344672236572241175e+01,0.000000000000000000e+00
4.188780515352044986e+00,1.370088371689458562e+01,0.000000000000000000e+00
3.999512397669436670e+00,1.394795730395317790e+01,0.000000000000000000e+00
3.801664584335214592e+00,1.418800538207423934e+01,0.000000000000000000e+00
3.595370023820845251e+00,1.442024154054696261e+01,0.000000000000000000e+00
3.380928382095889972e+00,1.464440971973091621e+01,0.000000000000000000e+00
3.158627827120688014e+00,1.486017558010848560e+01,0.000000000000000000e+00
2.928788213896568404e+00,1.506730916772809437e+01,0.000000000000000000e+00
2.691741393744541355e+00,1.526562402945584651e+01,0.000000000000000000e+00
2.447828264491922923e+00,1.545497941260025598e+01,0.000000000000000000e+00
2.197395144038275294e+00,1.563527887600402799e+01,0.000000000000000000e+00
1.940784938699855022e+00,1.580642488296705395e+01,0.000000000000000000e+00
1.678350057815235497e+00,1.596843413181969851e+01,0.000000000000000000e+00
1.410335321192079050e+00,1.612020648565718517e+01,0.000000000000000000e+00
1.137093853850145386e+00,1.626119970646930923e+01,0.000000000000000000e+00
8.591128983837689193e-01,1.639285064425100913e+01,0.000000000000000000e+00
5.767182639823302814e-01,1.651505028028134348e+01,0.000000000000000000e+00
2.902323554384476645e-01,1.662740050707352069e+01,0.000000000000000000e+00
1.024265751707847920e-15,1.672752915242144311e+01,0.000000000000000000e+00
-2.935643890352265806e-01,1.681829258398549598e+01,0.000000000000000000e+00
-5.901523839249732672e-01,1.689975314159199016e+01,0.000000000000000000e+00
-8.892874073071136420e-01,1.696861457350246383e+01,0.000000000000000000e+00
-1.190678339292628563e+00,1.702749354931988179e+01,0.000000000000000000e+00
-1.494056011177428589e+00,1.707713835101298372e+01,0.000000000000000000e+00
-1.798744474740272103e+00,1.711391049269810338e+01,0.000000000000000000e+00
-2.104630313944274356e+00,1.714083837957911527e+01,0.000000000000000000e+00
-2.411442464063436208e+00,1.715830469606855502e+01,0.000000000000000000e+00
-2.718284214768132312e+00,1.716257107830956130e+01,0.000000000000000000e+00
-3.025361767438866867e+00,1.715767918944255399e+01,0.000000000000000000e+00
-3.332134525431323269e+00,1.714234605456103466e+01,0.000000000000000000e+00
-3.637851964767224722e+00,1.711474788726923535e+01,0.000000000000000000e+00
-3.942781722786748322e+00,1.707806390981931344e+01,0.000000000000000000e+00
-4.246148519301137014e+00,1.703037152217445183e+01,0.000000000000000000e+00
-4.547428114006108579e+00,1.697123276523790736e+01,0.000000000000000000e+00
-4.846847280400544022e+00,1.690296521275989150e+01,0.000000000000000000e+00
-5.143611935260071988e+00,1.682399656691169199e+01,0.000000000000000000e+00
-5.437127595354589893e+00,1.673375808974410361e+01,0.000000000000000000e+00
-5.727652957462422201e+00,1.663431202261446273e+01,0.000000000000000000e+00
-6.014845068231271519e+00,1.652565100648341812e+01,0.000000000000000000e+00
-6.297362232281386696e+00,1.640518948773199170e+01,0.000000000000000000e+00
-6.575751797478853078e+00,1.627555682526848457e+01,0.000000000000000000e+00
-6.849646301122786163e+00,1.613675544355603009e+01,0.000000000000000000e+00
-7.118716208070339668e+00,1.598889838631395399e+01,0.000000000000000000e+00
-7.382367289661820209e+00,1.583153774242317091e+01,0.000000000000000000e+00
-7.639938380163194154e+00,1.566419501027769812e+01,0.000000000000000000e+00
-7.891657139183976710e+00,1.548824920720719867e+01,0.000000000000000000e+00
-8.137137286931745095e+00,1.530372944768897803e+01,0.000000000000000000e+00
-8.376061041843739119e+00,1.511081412055462359e+01,0.000000000000000000e+00
-8.608098189473153639e+00,1.490966342070917428e+01,0.000000000000000000e+00
-8.832943089963359640e+00,1.470048595339580011e+01,0.000000000000000000e+00
-9.050311953261134690e+00,1.448352671739675124e+01,0.000000000000000000e+00
-9.259943459181570802e+00,1.425906249969770911e+01,0.000000000000000000e+00
-9.461630951911889298e+00,1.402744474777661665e+01,0.000000000000000000e+00
-9.655151480693538346e+00,1.378898534194564718e+01,0.000000000000000000e+00
-9.839973982086194226e+00,1.354356228685017882e+01,0.000000000000000000e+00
-1.001540235258972444e+01,1.329088782844906191e+01,0.000000000000000000e+00
-1.018213257921891746e+01,1.303253539265178418e+01,0.000000000000000000e+00
-1.033983926123351971e+01,1.276863810272676325e+01,0.000000000000000000e+00
-1.048768609873603097e+01,1.249873758616901753e+01,0.000000000000000000e+00
-1.062621010336115823e+01,1.222405639139937961e+01,0.000000000000000000e+00
-1.075510942344537924e+01,1.194475912403582463e+01,0.000000000000000000e+00
-1.087354723708999948e+01,1.166045182403065716e+01,0.000000000000000000e+00
-1.098126614114846333e+01,1.137143397296122060e+01,0.000000000000000000e+00
-1.107821226091745004e+01,1.107821226091745181e+01,0.000000000000000000e+00
-1.116447635886107470e+01,1.078140949635109003e+01,0.000000000000000000e+00
-1.124020360476820812e+01,1.048165943270528366e+01,0.000000000000000000e+00
-1.130534005147166354e+01,1.017937390450744317e+01,0.000000000000000000e+00
-1.135957306440997350e+01,9.874726212146022419e+00,0.000000000000000000e+00
-1.140257230942218314e+01,9.567894219308424653e+00,0.000000000000000000e+00
-1.143400545618719377e+01,9.259075053884982864e+00,0.000000000000000000e+00
-1.145378575724895853e+01,8.948678181225972139e+00,0.000000000000000000e+00
-1.146591593482615679e+01,8.640187390826413960e+00,0.000000000000000000e+00
-1.147784179654632020e+01,8.339140194908360115e+00,0.000000000000000000e+00
-1.148945533956163345e+01,8.045003238684850899e+00,0.000000000000000000e+00
-1.150080685086129684e+01,7.757392171465674835e+00,0.000000000000000000e+00
-1.151191646175930927e+01,7.475925962521917434e+00,0.000000000000000000e+00
-1.152279791300211365e+01,7.200243264079784211e+00,0.000000000000000000e+00
-1.153346444418684591e+01,6.930004585466468470e+00,0.000000000000000000e+00
-1.154392872598239173e+01,6.664890357451787040e+00,0.000000000000000000e+00
-1.155420263628446875e+01,6.404599103611928079e+00,0.000000000000000000e+00
-1.156429741130229338e+01,6.148846004127850762e+00,0.000000000000000000e+00
-1.157422371499483305e+01,5.897361540931820301e+00,0.000000000000000000e+00
-1.158399161615657036e+01,5.649890216873278526e+00,0.000000000000000000e+00
-1.159361067633063946e+01,5.406189444040530923e+00,0.000000000000000000e+00
-1.160309002169391590e+01,5.166028515875380478e+00,0.000000000000000000e+00
-1.161243833160086503e+01,4.929187626551645884e+00,0.000000000000000000e+00
-1.162166387669751622e+01,4.695456994026877773e+00,0.000000000000000000e+00
-1.163077456367472529e+01,4.464636054599457005e+00,0.000000000000000000e+00
-1.163977798284624932e+01,4.236532719223135679e+00,0.000000000000000000e+00
-1.164868141552189051e+01,4.010962669778330714e+00,0.000000000000000000e+00
-1.165749185596929394e+01,3.787748712679124274e+00,0.000000000000000000e+00
-1.166621603808230923e+01,3.566720179366855703e+00,0.000000000000000000e+00
-1.167486045934229999e+01,3.347712366094361958e+00,0.000000000000000000e+00
-1.168343140298465599e+01,3.130566009254160953e+00,0.000000000000000000e+00
-1.169193496151524414e+01,2.915126793326956456e+00,0.000000000000000000e+00
-1.170037705174707376e+01,2.701244885423898623e+00,0.000000000000000000e+00
-1.170876342939087955e+01,2.488774495959021671e+00,0.000000000000000000e+00
-1.171709970606168483e+01,2.277573463061742576e+00,0.000000000000000000e+00
-1.172539136530754256e+01,2.067502857069784206e+00,0.000000000000000000e+00
-1.173364377777685164e+01,1.858426602710665954e+00,0.000000000000000000e+00
-1.174186221566606392e+01,1.650211116750178730e+00,0.000000000000000000e+00
-1.175005186656792233e+01,1.442724959022897879e+00,0.000000000000000000e+00
-1.175821784682353233e+01,1.235838494877619542e+00,0.000000000000000000e+00
-1.176636521446837413e+01,1.029423567171760423e+00,0.000000000000000000e+00
-1.177449898185377641e+01,8.233531760331466165e-01,0.000000000000000000e+00
-1.178262412830544292e+01,6.175011646912671459e-01,0.000000000000000000e+00
-1.179074561272797794e+01,4.117419096779115772e-01,0.000000000000000000e+00
-1.179886838508227775e+01,2.059500137411040543e-01,0.000000000000000000e+00
-1.180699739838715878e+01,1.445940157147596067e-15,0.000000000000000000e+00
-1.181513762084231978e+01,-2.062339943076303972e-01,0.000000000000000000e+00
-1.182329404801675032e+01,-4.128785260839449855e-01,0.000000000000000000e+00
-1.183147171516541007e+01,-6.200611582419306433e-01,0.000000000000000000e+00
-1.183967570973545413e+01,-8.279107768268190171e-01,0.000000000000000000e+00
-1.184791118412149835e+01,-1.036557915072634950e+00,0.000000000000000000e+00
-1.185618336872739320e+01,-1.246135086139724901e+00,0.000000000000000000e+00
-1.186449758538857147e+01,-1.456777126355505381e+00,0.000000000000000000e+00
-1.187285926120440394e+01,-1.668621550873686576e+00,0.000000000000000000e+00
-1.188127394282282978e+01,-1.881808923776488784e+00,0.000000000000000000e+00
-1.188974731212706892e+01,-2.096483244933954104e+00,0.000000000000000000e+00
-1.189828520560383573e+01,-2.312792356474015154e+00,0.000000000000000000e+00
-1.190689362947851571e+01,-2.530888370052645886e+00,0.000000000000000000e+00
-1.191557877632963702e+01,-2.750928118305373982e+00,0.000000000000000000e+00
-1.192434704331322415e+01,-2.973073633518270587e+00,0.000000000000000000e+00
-1.193320505105762841e+01,-3.197492656545886991e+00,0.000000000000000000e+00
-1.194215966311903365e+01,-3.424359179394341091e+00,0.000000000000000000e+00
-1.195121800898844633e+01,-3.653854026149052192e+00,0.000000000000000000e+00
-1.196038752518705905e+01,-3.886165481511619557e+00,0.000000000000000000e+00
-1.196967597362329983e+01,-4.121489959848362084e+00,0.000000000000000000e+00
-1.197909145884059967e+01,-4.360032724570475970e+00,0.000000000000000000e+00
-1.198864245113428240e+01,-4.602008665889285588e+00,0.000000000000000000e+00
-1.199833783611734539e+01,-4.847643152221653651e+00,0.000000000000000000e+00
-1.200818698070491841e+01,-5.097172961645285660e+00,0.000000000000000000e+00
-1.201819972304482853e+01,-5.350847262466662535e+00,0.000000000000000000e+00
-1.202838640142015159e+01,-5.608928694229659229e+00,0.000000000000000000e+00
-1.203875798339948311e+01,-5.871694594361360764e+00,0.000000000000000000e+00
-1.204932605610692065e+01,-6.139438274842810017e+00,0.000000000000000000e+00
-1.206010284726827209e+01,-6.412470430699996449e+00,0.000000000000000000e+00
-1.207110141305700957e+01,-6.691120774261808180e+00,0.000000000000000000e+00
-1.208233554747831562e+01,-6.975739680775991935e+00,0.000000000000000000e+00
-1.209382000203899565e+01,-7.266700172833041371e+00,0.000000000000000000e+00
-1.210557044945171334e+01,-7.564399961241596415e+00,0.000000000000000000e+00
-1.211760368624333495e+01,-7.869263845204566010e+00,0.000000000000000000e+00
-1.212993761938277437e+01,-8.181746233041026883e+00,0.000000000000000000e+00
-1.214259152976080358e+01,-8.502334122539888739e+00,0.000000000000000000e+00
-1.215558577120095407e+01,-8.831550015594332947e+00,0.000000000000000000e+00
-1.216893814150105690e+01,-9.169952621978492147e+00,0.000000000000000000e+00
-1.218261293999973560e+01,-9.518100383316532742e+00,0.000000000000000000e+00
-1.219609002928759622e+01,-9.876198973125926983e+00,0.000000000000000000e+00
-1.220540681077585354e+01,-1.024155235329067892e+01,0.000000000000000000e+00
-1.220956990412059895e+01,-1.061361719209216936e+01,0.000000000000000000e+00
-1.220143927727321298e+01,-1.098622527151131401e+01,0.000000000000000000e+00
-1.217980343469248261e+01,-1.135785044904204533e+01,0.000000000000000000e+00
-1.214479861502185720e+01,-1.172809569481910685e+01,0.000000000000000000e+00
-1.209650113540790173e+01,-1.209650113540789818e+01,0.000000000000000000e+00
-1.203500177608542998e+01,-1.246260916565980814e+01,0.000000000000000000e+00
-1.196040576042505243e+01,-1.282596489667879247e+01,0.000000000000000000e+00
-1.187287414491288118e+01,-1.318616261233220044e+01,0.000000000000000000e+00
-1.177270212017806728e+01,-1.354294458667664358e+01,0.000000000000000000e+00
-1.166020273004759567e+01,-1.389608849391103185e+01,0.000000000000000000e+00
-1.153561763327178191e+01,-1.424530141420290796e+01,0.000000000000000000e+00
-1.139910008808250552e+01,-1.459018277227259830e+01,0.000000000000000000e+00
-1.125040633899831910e+01,-1.492979347329315232e+01,0.000000000000000000e+00
-1.108947521892329569e+01,-1.526335319883912867e+01,0.000000000000000000e+00
-1.091720180615997293e+01,-1.559137999866876712e+01,0.000000000000000000e+00
-1.073404257864925349e+01,-1.591387256145923956e+01,0.000000000000000000e+00
-1.054010401250913098e+01,-1.623033688382431805e+01,0.000000000000000000e+00
-1.033530712982496347e+01,-1.653994886810303910e+01,0.000000000000000000e+00
-1.011942219267255538e+01,-1.684154672850741719e+01,0.000000000000000000e+00
-9.893435894529382324e+00,-1.713593363075051457e+01,0.000000000000000000e+00
-9.657621398356516451e+00,-1.742281020496635335e+01,0.000000000000000000e+00
-9.412243938305120849e+00,-1.770185627306603138e+01,0.000000000000000000e+00
-9.157402633867921082e+00,-1.797241461236971460e+01,0.000000000000000000e+00
-8.893133528843046420e+00,-1.823362583786452262e+01,0.000000000000000000e+00
-8.620212267169844012e+00,-1.848610486320713875e+01,0.000000000000000000e+00
-8.339029047056946808e+00,-1.872976589834533812e+01,0.000000000000000000e+00
-8.049994476062032334e+00,-1.896459853129887563e+01,0.000000000000000000e+00
-7.753311515532473663e+00,-1.919011940253558635e+01,0.000000000000000000e+00
-7.448424787246523238e+00,-1.940380996245014344e+01,0.000000000000000000e+00
-7.136967802927506987e+00,-1.960865788191800618e+01,0.000000000000000000e+00
-6.819106410911209615e+00,-1.980412301459727331e+01,0.000000000000000000e+00
-6.494060904847064108e+00,-1.998666433626122796e+01,0.000000000000000000e+00
-6.163771247555526855e+00,-2.016078732480422531e+01,0.000000000000000000e+00
-5.827362286236312805e+00,-2.032242740651432200e+01,0.000000000000000000e+00
-5.485953741511354842e+00,-2.047385809129296774e+01,0.000000000000000000e+00
-5.139596172128696239e+00,-2.061379433324758281e+01,0.000000000000000000e+00
-4.788754660335549751e+00,-2.074237527910922196e+01,0.000000000000000000e+00
-4.433803670645308337e+00,-2.085940624843396307e+01,0.000000000000000000e+00
-4.075212844484411789e+00,-2.096515260502609479e+01,0.000000000000000000e+00
-3.713150683967455290e+00,-2.105832396748569124e+01,0.000000000000000000e+00
-3.348444152479506553e+00,-2.114124433952224891e+01,0.000000000000000000e+00
-2.980868050753215481e+00,-2.120997827475180486e+01,0.000000000000000000e+00
-2.611535062317799749e+00,-2.126924625631843568e+01,0.000000000000000000e+00
-2.240206917386681429e+00,-2.131414506488741623e+01,0.000000000000000000e+00
-1.867728093537572853e+00,-2.134822979647116981e+01,0.000000000000000000e+00
-1.494360905050983623e+00,-2.137035657021201374e+01,0.000000000000000000e+00
-1.120420420429127040e+00,-2.137889518992988869e+01,0.000000000000000000e+00
-7.465198955908994849e-01,-2.137753281087683987e+01,0.000000000000000000e+00
-3.728676626550881390e-01,-2.136157408686096559e+01,0.000000000000000000e+00
-3.919144778126716410e-15,-2.133483047713772507e+01,0.000000000000000000e+00
3.717242233589942435e-01,-2.129606649346109393e+01,0.000000000000000000e+00
7.418513560345016966e-01,-2.124384332967819944e+01,0.000000000000000000e+00
1.110102737013786811e+00,-2.118202206238122187e+01,0.000000000000000000e+00
1.475814923882138530e+00,-2.110513668311320501e+01,0.000000000000000000e+00
1.838913888023027354e+00,-2.101888192037748482e+01,0.000000000000000000e+00
2.198674202757251894e+00,-2.091898768112987383e+01,0.000000000000000000e+00
2.554976513211023370e+00,-2.080861383892914418e+01,0.000000000000000000e+00
2.907227357104547938e+00,-2.068599751282875943e+01,0.000000000000000000e+00
3.255412989273382074e+00,-2.055386869191764987e+01,0.000000000000000000e+00
3.599064268523210153e+00,-2.041130775371143713e+01,0.000000000000000000e+00
3.938221178347018014e+00,-2.026039157884444819e+01,0.000000000000000000e+00
4.272051134805351147e+00,-2.009842039803683988e+01,0.000000000000000000e+00
4.601076553345709641e+00,-1.992945208655144285e+01,0.000000000000000000e+00
4.923985078542641780e+00,-1.974902547003384967e+01,0.000000000000000000e+00
5.241322493174513930e+00,-1.956088184338090485e+01,0.000000000000000000e+00
5.552784311205583911e+00,-1.936486021043152661e+01,0.000000000000000000e+00
5.857241932591899847e+00,-1.915817511231332304e+01,0.000000000000000000e+00
6.155340777812306818e+00,-1.894419097757647208e+01,0.000000000000000000e+00
6.446738284801028840e+00,-1.872268745224834774e+01,0.000000000000000000e+00
6.730807423314548288e+00,-1.849274141025425422e+01,0.000000000000000000e+00
7.007087433678130139e+00,-1.825408684882824772e+01,0.000000000000000000e+00
7.275832825293003125e+00,-1.800831817353746089e+01,0.000000000000000000e+00
7.536715447006860913e+00,-1.775538891637154748e+01,0.000000000000000000e+00
7.789473723027552587e+00,-1.749544443128048954e+01,0.000000000000000000e+00
8.033835320492141108e+00,-1.722861544302951486e+01,0.000000000000000000e+00
8.269551448436901708e+00,-1.695509310286781712e+01,0.000000000000000000e+00
8.496394401501762061e+00,-1.667511291130250939e+01,0.000000000000000000e+00
8.714171505340049251e+00,-1.638897297365992856e+01,0.000000000000000000e+00
8.922711477338401309e+00,-1.609699761162690379e+01,0.000000000000000000e+00
9.121943534635175155e+00,-1.579966966576255238e+01,0.000000000000000000e+00
9.311693561617525816e+00,-1.549726054053546953e+01,0.000000000000000000e+00
9.491446342711451933e+00,-1.518948931278154468e+01,0.000000000000000000e+00
9.660728669773011035e+00,-1.487621760350254085e+01,0.000000000000000000e+00
9.820250833028282500e+00,-1.455912058605244930e+01,0.000000000000000000e+00
9.969957282029332291e+00,-1.423857461963422288e+01,0.000000000000000000e+00
1.010863036768792078e+01,-1.391333607881153256e+01,0.000000000000000000e+00
1.023648989541135457e+01,-1.358428090727530346e+01,0.000000000000000000e+00
1.035393755625644907e+01,-1.325243573538008945e+01,0.000000000000000000e+00
1.046053677123925318e+01,-1.291768711463369890e+01,0.000000000000000000e+00
1.055587096444739714e+01,-1.257999714484109610e+01,0.000000000000000000e+00
1.063998155987673044e+01,-1.223989863989631388e+01,0.000000000000000000e+00
1.071300875257528240e+01,-1.189800159208480146e+01,0.000000000000000000e+00
1.077497234851034946e+01,-1.155474319792366344e+01,0.000000000000000000e+00
1.082574108317061246e+01,-1.121038306087112701e+01,0.000000000000000000e+00
1.086517906743877759e+01,-1.086517906743878292e+01,0.000000000000000000e+00
1.089315430514033167e+01,-1.051939683471537990e+01,0.000000000000000000e+00
1.090953900280028321e+01,-1.017330970291848224e+01,0.000000000000000000e+00
1.091420988153554106e+01,-9.827198717650047044e+00,0.000000000000000000e+00
1.090707517747373956e+01,-9.481375800142490817e+00,0.000000000000000000e+00
1.088837643183244630e+01,-9.136432648070000440e+00,0.000000000000000000e+00
1.085929405892190047e+01,-8.793682940684364624e+00,0.000000000000000000e+00
1.082130912668629108e+01,-8.454533280665954109e+00,0.000000000000000000e+00
1.077598737065881629e+01,-8.120288927016510172e+00,0.000000000000000000e+00
1.072497476939833660e+01,-7.792150281752382668e+00,0.000000000000000000e+00
1.066998998840547941e+01,-7.471207422503658435e+00,0.000000000000000000e+00
1.061220282920411151e+01,-7.158021190757463792e+00,0.000000000000000000e+00
1.055143456231534849e+01,-6.852181723894237741e+00,0.000000000000000000e+00
1.048729125646256399e+01,-6.553186890710120061e+00,0.000000000000000000e+00
1.041940019839665510e+01,-6.260607253104504721e+00,0.000000000000000000e+00
1.034849450426378503e+01,-5.974706087744066529e+00,0.000000000000000000e+00
1.027638965051969322e+01,-5.696295799538621196e+00,0.000000000000000000e+00
1.020498300194698515e+01,-5.426085712080282342e+00,0.000000000000000000e+00
1.013546799264425502e+01,-5.164278884788463309e+00,0.000000000000000000e+00
1.006794036553226590e+01,-4.910462616007782444e+00,0.000000000000000000e+00
1.000238563033420824e+01,-4.664189019244350476e+00,0.000000000000000000e+00
9.938757955174999381e+00,-4.425020137982319746e+00,0.000000000000000000e+00
9.876957892502275627e+00,-4.192519886129909779e+00,0.000000000000000000e+00
9.816856429933920936e+00,-3.966267452951797612e+00,0.000000000000000000e+00
9.758303871419670372e+00,-3.745861899184880439e+00,0.000000000000000000e+00
9.701180613898738869e+00,-3.530940980699463161e+00,0.000000000000000000e+00
9.645423995428595632e+00,-3.321185823512795121e+00,0.000000000000000000e+00
9.590961735409649691e+00,-3.116292373650733971e+00,0.000000000000000000e+00
9.537706953539487387e+00,-2.915969646458635989e+00,0.000000000000000000e+00
9.485583729795894925e+00,-2.719947365747793278e+00,0.000000000000000000e+00
9.434547079033420047e+00,-2.527979270780411625e+00,0.000000000000000000e+00
9.384544806783946314e+00,-2.339829814267786467e+00,0.000000000000000000e+00
9.335513665995648580e+00,-2.155273153296393573e+00,0.000000000000000000e+00
9.287383318804000254e+00,-1.974094265156502770e+00,0.000000000000000000e+00
9.240096568001213484e+00,-1.796092827350446175e+00,0.000000000000000000e+00
9.193596521095731333e+00,-1.621079116416657806e+00,0.000000000000000000e+00
9.147817699044745510e+00,-1.448871986454091543e+00,0.000000000000000000e+00
9.102686439927976991e+00,-1.279299150301621779e+00,0.000000000000000000e+00
9.058141678644586747e+00,-1.112199948608672440e+00,0.000000000000000000e+00
9.014202096976227097e+00,-9.474308179329429258e-01,0.000000000000000000e+00
8.970903406274842951e+00,-7.848523496351464956e-01,0.000000000000000000e+00
8.928275423688795343e+00,-6.243258365321552317e-01,0.000000000000000000e+00
8.886342140800895351e+00,-4.657134575486859829e-01,0.000000000000000000e+00
8.845121797494483573e+00,-3.088784594167368058e-01,0.000000000000000000e+00
8.804626960740423058e+00,-1.536853352684595386e-01,0.000000000000000000e+00
8.764864608201410334e+00,-2.146772677478755468e-15,0.000000000000000000e+00
