2.728657368070923184e+01,0.000000000000000000e+00,0.000000000000000000e+00
2.722894155070768107e+01,4.752829426942440927e-01,0.000000000000000000e+00
2.715498531282674222e+01,9.482729826610177826e-01,0.000000000000000000e+00
2.706496815423874125e+01,1.418414877329883250e+00,0.000000000000000000e+00
2.695915972128263505e+01,1.885168091985191641e+00,0.000000000000000000e+00
2.683784546233346902e+01,2.348007231414839246e+00,0.000000000000000000e+00
2.670131044114339858e+01,2.806420814507799122e+00,0.000000000000000000e+00
2.654960678998255474e+01,3.259881811852781919e+00,0.000000000000000000e+00
2.638260480993355017e+01,3.707833301611388244e+00,0.000000000000000000e+00
2.620022581201002154e+01,4.149708101611676803e+00,0.000000000000000000e+00
2.600274951492237108e+01,4.584986312084763149e+00,0.000000000000000000e+00
2.579064255789879212e+01,5.013193073264766042e+00,0.000000000000000000e+00
2.556420286654788754e+01,5.433839063148342419e+00,0.000000000000000000e+00
2.532355324654899320e+01,5.846402930902645956e+00,0.000000000000000000e+00
2.506906737581465805e+01,6.250420501953005470e+00,0.000000000000000000e+00
2.480124987208877840e+01,6.645474874508671803e+00,0.000000000000000000e+00
2.451946175724227928e+01,7.030842520178774535e+00,0.000000000000000000e+00
2.422338703079755717e+01,7.405832624162614231e+00,0.000000000000000000e+00
2.391516363058643080e+01,7.770507702210390555e+00,0.000000000000000000e+00
2.359521966117246450e+01,8.124485670976898888e+00,0.000000000000000000e+00
2.326259013619411320e+01,8.466890381509220020e+00,0.000000000000000000e+00
2.291701967973991216e+01,8.797019645250994557e+00,0.000000000000000000e+00
2.256034053002352024e+01,9.114969237901322074e+00,0.000000000000000000e+00
2.219332539973888530e+01,9.420507720134114749e+00,0.000000000000000000e+00
2.181601646371487746e+01,9.713116328809153543e+00,0.000000000000000000e+00
2.142846547128402435e+01,9.992257551769700541e+00,0.000000000000000000e+00
2.102929980749916439e+01,1.025667483083914000e+01,0.000000000000000000e+00
2.062078083987531940e+01,1.050681262636357616e+01,0.000000000000000000e+00
2.020348527723433918e+01,1.074238367433932417e+01,0.000000000000000000e+00
1.977770349148967099e+01,1.096296006228175735e+01,0.000000000000000000e+00
1.934388819194596465e+01,1.116819905479402308e+01,0.000000000000000000e+00
1.890247491749413911e+01,1.135775278007846012e+01,0.000000000000000000e+00
1.845394272709808448e+01,1.153130323205362551e+01,0.000000000000000000e+00
1.799879109523574883e+01,1.168855160562183215e+01,0.000000000000000000e+00
1.753754409738531805e+01,1.182922285818602681e+01,0.000000000000000000e+00
1.707074028499268081e+01,1.195306103037204259e+01,0.000000000000000000e+00
1.659894879688869906e+01,1.205984222112305915e+01,0.000000000000000000e+00
1.612271033197120218e+01,1.214933366929106562e+01,0.000000000000000000e+00
1.564266915995590423e+01,1.222139257487345709e+01,0.000000000000000000e+00
1.515808542880202126e+01,1.227477555404976961e+01,0.000000000000000000e+00
1.467019929985215754e+01,1.230975882180313619e+01,0.000000000000000000e+00
1.418011096240873314e+01,1.232658240038440134e+01,0.000000000000000000e+00
1.368842290064830358e+01,1.232511133980290197e+01,0.000000000000000000e+00
1.319575773750518266e+01,1.230524316324136080e+01,0.000000000000000000e+00
1.270272924826195293e+01,1.226688304446006939e+01,0.000000000000000000e+00
1.220994461803880782e+01,1.220994461803880604e+01,0.000000000000000000e+00
1.171802320201812719e+01,1.213436824339100539e+01,0.000000000000000000e+00
1.122752295304459835e+01,1.204004430592894970e+01,0.000000000000000000e+00
1.073912022997987314e+01,1.192700132567100724e+01,0.000000000000000000e+00
1.025185198685106158e+01,1.179340664117939852e+01,0.000000000000000000e+00
9.767184253962371443e+00,1.164007692418925366e+01,0.000000000000000000e+00
9.286399281963010566e+00,1.146774806774526567e+01,0.000000000000000000e+00
8.813046687420673209e+00,1.128018536169102504e+01,0.000000000000000000e+00
8.354755710878682962e+00,1.108713530202510178e+01,0.000000000000000000e+00
7.912768868594592497e+00,1.089099201160074237e+01,0.000000000000000000e+00
7.488765597009996888e+00,1.069506566032874773e+01,0.000000000000000000e+00
7.087672168369730130e+00,1.050790611443902201e+01,0.000000000000000000e+00
6.709226180035411602e+00,1.033130232894407996e+01,0.000000000000000000e+00
6.351352330782479072e+00,1.016428844105655571e+01,0.000000000000000000e+00
6.012220593283624126e+00,1.000601537676719488e+01,0.000000000000000000e+00
5.690214914541146030e+00,9.855741337971458904e+00,0.000000000000000000e+00
5.383881580066078421e+00,9.712779479165373431e+00,0.000000000000000000e+00
5.091930218924483498e+00,9.576527922428015316e+00,0.000000000000000000e+00
4.813207652513098012e+00,9.446451903999989241e+00,0.000000000000000000e+00
4.546674650831262987e+00,9.322064503010540903e+00,0.000000000000000000e+00
4.291395609824400381e+00,9.202927583912762444e+00,0.000000000000000000e+00
4.046528918484116666e+00,9.088652757582181607e+00,0.000000000000000000e+00
3.811306482406333185e+00,8.978875393456366538e+00,0.000000000000000000e+00
3.585037995734984495e+00,8.873280412241568271e+00,0.000000000000000000e+00
3.367087781989427597e+00,8.771563560724761288e+00,0.000000000000000000e+00
3.156883324810275671e+00,8.673465650769061952e+00,0.000000000000000000e+00
2.953893889871615386e+00,8.578730766465289648e+00,0.000000000000000000e+00
2.757639911791402998e+00,8.487142957977818369e+00,0.000000000000000000e+00
2.567675352387514209e+00,8.398487649773889174e+00,0.000000000000000000e+00
2.383593580628764030e+00,8.312578681331221020e+00,0.000000000000000000e+00
2.205018562442238483e+00,8.229241306666921218e+00,0.000000000000000000e+00
2.031601124664217384e+00,8.148307055353225081e+00,0.000000000000000000e+00
1.863022111581326357e+00,8.069635329572442117e+00,0.000000000000000000e+00
1.698981297864058160e+00,7.993078569372025655e+00,0.000000000000000000e+00
1.539202495785282343e+00,7.918510381083693872e+00,0.000000000000000000e+00
1.383428925479181837e+00,7.845815313803343294e+00,0.000000000000000000e+00
1.231418770824874498e+00,7.774872129494829309e+00,0.000000000000000000e+00
1.082948950431463775e+00,7.705582172787795336e+00,0.000000000000000000e+00
9.378100891164152797e-01,7.637850249413811632e+00,0.000000000000000000e+00
7.958047409407620343e-01,7.571576339708600223e+00,0.000000000000000000e+00
6.567493605382866972e-01,7.506679540757687619e+00,0.000000000000000000e+00
5.204710346985574887e-01,7.443082563509611838e+00,0.000000000000000000e+00
3.868062189505189763e-01,7.380702335458159347e+00,0.000000000000000000e+00
2.556014680783950110e-01,7.319468379377964240e+00,0.000000000000000000e+00
1.267118772955740935e-01,7.259318588424901186e+00,0.000000000000000000e+00
4.408842032055061246e-16,7.200185449591945286e+00,0.000000000000000000e+00
-1.246641394285726567e-01,7.142003764594586634e+00,0.000000000000000000e+00
-2.474039418567496873e-01,7.084721942201612777e+00,0.000000000000000000e+00
-3.683368803277199954e-01,7.028286360664612431e+00,0.000000000000000000e+00
-4.875744508143570743e-01,6.972639496395723668e+00,0.000000000000000000e+00
-6.052231033538374438e-01,6.917731726173891538e+00,0.000000000000000000e+00
-7.213850785554597467e-01,6.863520549214626953e+00,0.000000000000000000e+00
-8.361579511004493259e-01,6.809960022267506297e+00,0.000000000000000000e+00
-9.496346544977266602e-01,6.757001667939917411e+00,0.000000000000000000e+00
-1.061905105524737936e+00,6.704604968447977598e+00,0.000000000000000000e+00
-1.173056284063878962e+00,6.652732777199785730e+00,0.000000000000000000e+00
-1.283171443692384450e+00,6.601344803826076912e+00,0.000000000000000000e+00
-1.392330241045937278e+00,6.550398774362111709e+00,0.000000000000000000e+00
-1.500611085959215218e+00,6.499860715515687559e+00,0.000000000000000000e+00
-1.608090915591996684e+00,6.449700383648578672e+00,0.000000000000000000e+00
-1.714843944603012815e+00,6.399884728310270887e+00,0.000000000000000000e+00
-1.820941618236105342e+00,6.350378100827634320e+00,0.000000000000000000e+00
-1.926453472853245641e+00,6.301145386069906706e+00,0.000000000000000000e+00
-2.031447210513267265e+00,6.252151636437276672e+00,0.000000000000000000e+00
-2.135987954094507035e+00,6.203359450865794322e+00,0.000000000000000000e+00
-2.240136833866979149e+00,6.154725367538095959e+00,0.000000000000000000e+00
-2.343848940398443936e+00,6.105935243926140288e+00,0.000000000000000000e+00
-2.446877290637091917e+00,6.056233813978749936e+00,0.000000000000000000e+00
-2.548904466871360075e+00,6.004842618537623800e+00,0.000000000000000000e+00
-2.649558489538088146e+00,5.951005802112654841e+00,0.000000000000000000e+00
-2.748496599259043549e+00,5.894169978108007690e+00,0.000000000000000000e+00
-2.845734116039692729e+00,5.834619590229443098e+00,0.000000000000000000e+00
-2.941423390022055884e+00,5.772868446395860609e+00,0.000000000000000000e+00
-3.035750364188696704e+00,5.709416052114446138e+00,0.000000000000000000e+00
-3.128933426421359520e+00,5.644745324329179859e+00,0.000000000000000000e+00
-3.221188281470200643e+00,5.579261764251866929e+00,0.000000000000000000e+00
-3.312698053739470350e+00,5.513255402061093768e+00,0.000000000000000000e+00
-3.403659584673447647e+00,5.446993958454441120e+00,0.000000000000000000e+00
-3.494288042045311737e+00,5.380731729421832199e+00,0.000000000000000000e+00
-3.584813474656679766e+00,5.314704536924530487e+00,0.000000000000000000e+00
-3.675382580920540931e+00,5.248990306956357266e+00,0.000000000000000000e+00
-3.766022797296299185e+00,5.183485690280902780e+00,0.000000000000000000e+00
-3.856747700864277206e+00,5.118077064728359993e+00,0.000000000000000000e+00
-3.947564162895251805e+00,5.052651717843053447e+00,0.000000000000000000e+00
-4.038474100410322620e+00,4.987100183337160431e+00,0.000000000000000000e+00
-4.129511450427457930e+00,4.921360106705849446e+00,0.000000000000000000e+00
-4.220745700623741214e+00,4.855412508911459035e+00,0.000000000000000000e+00
-4.312247934371363556e+00,4.789236522959171793e+00,0.000000000000000000e+00
-4.404089145766718616e+00,4.722807396079564235e+00,0.000000000000000000e+00
-4.496339701157142876e+00,4.656096061648250739e+00,0.000000000000000000e+00
-4.589064145062751621e+00,4.589064145062752509e+00,0.000000000000000000e+00
-4.682322131232298901e+00,4.521665922161763440e+00,0.000000000000000000e+00
-4.776171898231362789e+00,4.453852349087498830e+00,0.000000000000000000e+00
-4.870670233282035078e+00,4.385571176488250345e+00,0.000000000000000000e+00
-4.965874429507267429e+00,4.316768783231387907e+00,0.000000000000000000e+00
-5.061853370146118358e+00,4.247399295963081300e+00,0.000000000000000000e+00
-5.158680154115211636e+00,4.177416821162456273e+00,0.000000000000000000e+00
-5.256427090386065260e+00,4.106770932499159699e+00,0.000000000000000000e+00
-5.355165546424742296e+00,4.035406686479306337e+00,0.000000000000000000e+00
-5.454970662903032341e+00,3.963268175620649814e+00,0.000000000000000000e+00
-5.555926245483385983e+00,3.890301438824636193e+00,0.000000000000000000e+00
-5.658116420850335615e+00,3.816447715149540620e+00,0.000000000000000000e+00
-5.761624317716836252e+00,3.741642581076741525e+00,0.000000000000000000e+00
-5.866534264631797946e+00,3.665817463894335049e+00,0.000000000000000000e+00
-5.972944439621888257e+00,3.588907093408434168e+00,0.000000000000000000e+00
-6.080957917579645766e+00,3.510842690645394004e+00,0.000000000000000000e+00
-6.190676751831135860e+00,3.431548158158226336e+00,0.000000000000000000e+00
-6.302203401904584723e+00,3.350940989041723661e+00,0.000000000000000000e+00
-6.415656236485183683e+00,3.268940127696849274e+00,0.000000000000000000e+00
-6.531162418015387772e+00,3.185460752482714764e+00,0.000000000000000000e+00
-6.648847895411570619e+00,3.100408691538161232e+00,0.000000000000000000e+00
-6.768840533652043412e+00,3.013681971861032149e+00,0.000000000000000000e+00
-6.891290610149612306e+00,2.925179315190231666e+00,0.000000000000000000e+00
-7.016356700391412460e+00,2.834792116772357762e+00,0.000000000000000000e+00
-7.144195545143263715e+00,2.742399729040734702e+00,0.000000000000000000e+00
-7.274975958951563015e+00,2.647874704060591444e+00,0.000000000000000000e+00
-7.408894261735055053e+00,2.551086878258726820e+00,0.000000000000000000e+00
-7.546147987843172089e+00,2.451892111938561936e+00,0.000000000000000000e+00
-7.686938847147213316e+00,2.350133052069365291e+00,0.000000000000000000e+00
-7.831505080517739081e+00,2.245647945385123467e+00,0.000000000000000000e+00
-7.980095133079439407e+00,2.138260046432170824e+00,0.000000000000000000e+00
-8.132960393244061947e+00,2.027774772050231267e+00,0.000000000000000000e+00
-8.290396047247606148e+00,1.913988739142574724e+00,0.000000000000000000e+00
-8.452712743267765561e+00,1.796679557493376711e+00,0.000000000000000000e+00
-8.620231026310353428e+00,1.675603171732760188e+00,0.000000000000000000e+00
-8.793327435432571448e+00,1.550500877070734251e+00,0.000000000000000000e+00
-8.972388424076875424e+00,1.421086718921765302e+00,0.000000000000000000e+00
-9.157840263598057362e+00,1.287050514717238414e+00,0.000000000000000000e+00
-9.350161480663476965e+00,1.148055471774517944e+00,0.000000000000000000e+00
-9.549849168842689195e+00,1.003729593793769359e+00,0.000000000000000000e+00
-9.757480207610633727e+00,8.536689027445101274e-01,0.000000000000000000e+00
-9.973656354957606496e+00,6.974259923223203872e-01,0.000000000000000000e+00
-1.019907299308744086e+01,5.345107663133527032e-01,0.000000000000000000e+00
-1.043446946826700916e+01,3.643797030700334783e-01,0.000000000000000000e+00
-1.068068228283653731e+01,1.864320027245741918e-01,0.000000000000000000e+00
-1.093862047421355932e+01,1.339594655083333778e-15,0.000000000000000000e+00
-1.120936266085437794e+01,-1.956601530491524077e-01,0.000000000000000000e+00
-1.149401139374858261e+01,-4.013797224166154587e-01,0.000000000000000000e+00
-1.179373045017788080e+01,-6.180832223566015138e-01,0.000000000000000000e+00
-1.211047422717641098e+01,-8.468468538304942950e-01,0.000000000000000000e+00
-1.244500123245170897e+01,-1.088796525405674398e+00,0.000000000000000000e+00
-1.279402072146495506e+01,-1.344705763902792839e+00,0.000000000000000000e+00
-1.314935189061801424e+01,-1.614537398047308780e+00,0.000000000000000000e+00
-1.350979203499634274e+01,-1.898677449254106753e+00,0.000000000000000000e+00
-1.387040201174924725e+01,-2.196855859707224745e+00,0.000000000000000000e+00
-1.421650217058228804e+01,-2.506752903974115210e+00,0.000000000000000000e+00
-1.453953728965183601e+01,-2.826199753081907851e+00,0.000000000000000000e+00
-1.484429061433814567e+01,-3.155251373414299287e+00,0.000000000000000000e+00
-1.513130021284795745e+01,-3.493335909518055615e+00,0.000000000000000000e+00
-1.539426232466202826e+01,-3.838220680652000283e+00,0.000000000000000000e+00
-1.563537551280986371e+01,-4.189486242014754502e+00,0.000000000000000000e+00
-1.585740069705997612e+01,-4.547036480010448578e+00,0.000000000000000000e+00
-1.605881048406596179e+01,-4.909671072708966300e+00,0.000000000000000000e+00
-1.623821483124797282e+01,-5.276115830333763412e+00,0.000000000000000000e+00
-1.639609677181540803e+01,-5.645628868705586889e+00,0.000000000000000000e+00
-1.653325697327783317e+01,-6.017613413747255002e+00,0.000000000000000000e+00
-1.665010816069288069e+01,-6.391377702339678279e+00,0.000000000000000000e+00
-1.674656560634390701e+01,-6.766051697631972672e+00,0.000000000000000000e+00
-1.682254028115389488e+01,-7.140744694021467609e+00,0.000000000000000000e+00
-1.687797459093660635e+01,-7.514558437793582790e+00,0.000000000000000000e+00
-1.691284274825849820e+01,-7.886588094684166883e+00,0.000000000000000000e+00
-1.692715111712291431e+01,-8.255923231399872719e+00,0.000000000000000000e+00
-1.692104567827016481e+01,-8.621703405136365461e+00,0.000000000000000000e+00
-1.689504448597105934e+01,-8.983254501531074965e+00,0.000000000000000000e+00
-1.684946362248243190e+01,-9.339810198066171409e+00,0.000000000000000000e+00
-1.678456252003787341e+01,-9.690571689173971492e+00,0.000000000000000000e+00
-1.670062672725786612e+01,-1.003474891348838050e+01,0.000000000000000000e+00
-1.659796789734998868e+01,-1.037156144302890581e+01,0.000000000000000000e+00
-1.647704877702582849e+01,-1.070032058928632779e+01,0.000000000000000000e+00
-1.633868162586668049e+01,-1.102057991062393860e+01,0.000000000000000000e+00
-1.618356632434592868e+01,-1.133185513542382594e+01,0.000000000000000000e+00
-1.601107771246519462e+01,-1.163272887730474814e+01,0.000000000000000000e+00
-1.582070175834927106e+01,-1.192175388547249426e+01,0.000000000000000000e+00
-1.561521678230098509e+01,-1.219994442679823088e+01,0.000000000000000000e+00
-1.539524197247306958e+01,-1.246682113648230406e+01,0.000000000000000000e+00
-1.515822195943831474e+01,-1.271925845546803480e+01,0.000000000000000000e+00
-1.490692874516476962e+01,-1.295839545974321361e+01,0.000000000000000000e+00
-1.464247215741482755e+01,-1.318414114905482926e+01,0.000000000000000000e+00
-1.436465359128385266e+01,-1.339525618101373006e+01,0.000000000000000000e+00
-1.407404564033967453e+01,-1.359114789099846377e+01,0.000000000000000000e+00
-1.377113521097991189e+01,-1.377113521097990834e+01,0.000000000000000000e+00
-1.345654049417926856e+01,-1.393465560047296314e+01,0.000000000000000000e+00
-1.313099590346453205e+01,-1.408126913833764782e+01,0.000000000000000000e+00
-1.279512068606206476e+01,-1.421042116269042133e+01,0.000000000000000000e+00
-1.245187244876715305e+01,-1.432424067580744342e+01,0.000000000000000000e+00
-1.210773492629510173e+01,-1.442943659659057332e+01,0.000000000000000000e+00
-1.176609376864622725e+01,-1.452991573842599848e+01,0.000000000000000000e+00
-1.142724269016002125e+01,-1.462620366030985508e+01,0.000000000000000000e+00
-1.109112531019411563e+01,-1.471842040883616320e+01,0.000000000000000000e+00
-1.075767449783068486e+01,-1.480666868512796164e+01,0.000000000000000000e+00
-1.042682074460859631e+01,-1.489104326307008641e+01,0.000000000000000000e+00
-1.009864904291483079e+01,-1.497186290573407952e+01,0.000000000000000000e+00
-9.773111104388620518e+00,-1.504927137711528573e+01,0.000000000000000000e+00
-9.450162454466347839e+00,-1.512342128092981852e+01,0.000000000000000000e+00
-9.129751229073944430e+00,-1.519445764951218081e+01,0.000000000000000000e+00
-8.811822548700490643e+00,-1.526252436163030701e+01,0.000000000000000000e+00
-8.496317031563023647e+00,-1.532776166886564795e+01,0.000000000000000000e+00
-8.183171180442798232e+00,-1.539030660951815577e+01,0.000000000000000000e+00
-7.872317266019857485e+00,-1.545029256896015113e+01,0.000000000000000000e+00
-7.563683382703542790e+00,-1.550784909604654693e+01,0.000000000000000000e+00
-7.257193490121503388e+00,-1.556310166304249343e+01,0.000000000000000000e+00
-6.952767488070520585e+00,-1.561617145861203859e+01,0.000000000000000000e+00
-6.650321309551013194e+00,-1.566717519059386987e+01,0.000000000000000000e+00
-6.349767033993237497e+00,-1.571622490809283512e+01,0.000000000000000000e+00
-6.051013014458035855e+00,-1.576342783428448158e+01,0.000000000000000000e+00
-5.753964026821284605e+00,-1.580888623604568011e+01,0.000000000000000000e+00
-5.458521405777030822e+00,-1.585269724268397873e+01,0.000000000000000000e+00
-5.164583267766843733e+00,-1.589495289957678104e+01,0.000000000000000000e+00
-4.872044516263588143e+00,-1.593573956339203512e+01,0.000000000000000000e+00
-4.580797455644231242e+00,-1.597513921112339652e+01,0.000000000000000000e+00
-4.290731009480068359e+00,-1.601322612899092235e+01,0.000000000000000000e+00
-4.001725674779773811e+00,-1.605004503764757828e+01,0.000000000000000000e+00
-3.713665416977198763e+00,-1.608565215880012644e+01,0.000000000000000000e+00
-3.426441771434568739e+00,-1.612014112626572881e+01,0.000000000000000000e+00
-3.139935462187681825e+00,-1.615356759188524549e+01,0.000000000000000000e+00
-2.854024541608993548e+00,-1.618597749556985477e+01,0.000000000000000000e+00
-2.568585869156354118e+00,-1.621741292195882522e+01,0.000000000000000000e+00
-2.283494733688718359e+00,-1.624790928931245304e+01,0.000000000000000000e+00
-1.998625251961357208e+00,-1.627749643167134863e+01,0.000000000000000000e+00
-1.713850492566135975e+00,-1.630619820632313122e+01,0.000000000000000000e+00
-1.429042677393835392e+00,-1.633403254548963091e+01,0.000000000000000000e+00
-1.144073379906503929e+00,-1.636101157923123850e+01,0.000000000000000000e+00
-8.588136732019430175e-01,-1.638714108765607236e+01,0.000000000000000000e+00
-5.731344015144929083e-01,-1.641242188692136494e+01,0.000000000000000000e+00
-2.869062252353154485e-01,-1.643684663535725932e+01,0.000000000000000000e+00
-3.023722919132890820e-15,-1.646038091003395110e+01,0.000000000000000000e+00
2.877116606293078638e-01,-1.648298999817548705e+01,0.000000000000000000e+00
5.763563574792346378e-01,-1.650468663399386671e+01,0.000000000000000000e+00
8.660617763667538549e-01,-1.652544313487069516e+01,0.000000000000000000e+00
1.156954642518421617e+00,-1.654522221680942806e+01,0.000000000000000000e+00
1.449160488384396706e+00,-1.656398017732887951e+01,0.000000000000000000e+00
1.742804421583052488e+00,-1.658167643937182234e+01,0.000000000000000000e+00
2.038006056903405749e+00,-1.659822734973181468e+01,0.000000000000000000e+00
2.334899515875072051e+00,-1.661367332006702924e+01,0.000000000000000000e+00
2.633491333885366270e+00,-1.662720989820235218e+01,0.000000000000000000e+00
2.933461480323224624e+00,-1.663648676190599573e+01,0.000000000000000000e+00
3.234442361418442324e+00,-1.663976343985971340e+01,0.000000000000000000e+00
3.536262659836260536e+00,-1.663680778449002418e+01,0.000000000000000000e+00
3.838789805422351709e+00,-1.662762542863489301e+01,0.000000000000000000e+00
4.141882941884060365e+00,-1.661218513224596194e+01,0.000000000000000000e+00
4.445403046680072023e+00,-1.659047003033154155e+01,0.000000000000000000e+00
4.749210043225907008e+00,-1.656246370158031667e+01,0.000000000000000000e+00
5.053163750857900816e+00,-1.652815388612270553e+01,0.000000000000000000e+00
5.357123714402831638e+00,-1.648753146242875189e+01,0.000000000000000000e+00
5.660949360426227983e+00,-1.644059071052186383e+01,0.000000000000000000e+00
5.964500063848849898e+00,-1.638732924376035527e+01,0.000000000000000000e+00
6.267635246206888056e+00,-1.632774804138299984e+01,0.000000000000000000e+00
6.570214473511594377e+00,-1.626185146751402044e+01,0.000000000000000000e+00
6.872097561917153818e+00,-1.618964729941418668e+01,0.000000000000000000e+00
7.173144700477589453e+00,-1.611114678180883075e+01,0.000000000000000000e+00
7.473216553983515809e+00,-1.602636461848423721e+01,0.000000000000000000e+00
7.772174485615602535e+00,-1.593531920528226387e+01,0.000000000000000000e+00
8.069880419132699600e+00,-1.583803208876014779e+01,0.000000000000000000e+00
8.366197948063623713e+00,-1.573452989524944812e+01,0.000000000000000000e+00
8.660989616523270485e+00,-1.562483887611790578e+01,0.000000000000000000e+00
8.954125059865583935e+00,-1.550899954101290135e+01,0.000000000000000000e+00
9.245463929066207953e+00,-1.538703592195669678e+01,0.000000000000000000e+00
9.534721589539996600e+00,-1.525874418453403614e+01,0.000000000000000000e+00
9.821848234446495240e+00,-1.512431997612829271e+01,0.000000000000000000e+00
1.010675654163939541e+01,-1.498388276689536802e+01,0.000000000000000000e+00
1.038931936312984483e+01,-1.483748573986114394e+01,0.000000000000000000e+00
1.066941165327945917e+01,-1.468518530163830782e+01,0.000000000000000000e+00
1.094691063476574833e+01,-1.452704107060729477e+01,0.000000000000000000e+00
1.122170132922697583e+01,-1.436312271531400775e+01,0.000000000000000000e+00
1.149365728402364972e+01,-1.419348469822918446e+01,0.000000000000000000e+00
1.176269912933490325e+01,-1.401823894598965836e+01,0.000000000000000000e+00
1.202865949828260383e+01,-1.383738986804323545e+01,0.000000000000000000e+00
1.229110218723746328e+01,-1.365065191019040647e+01,0.000000000000000000e+00
1.255000805418381660e+01,-1.345823594786446975e+01,0.000000000000000000e+00
1.280549375030479631e+01,-1.326047696149630539e+01,0.000000000000000000e+00
1.305745230344639651e+01,-1.305745230344640184e+01,0.000000000000000000e+00
1.330594797369356108e+01,-1.284940459636281673e+01,0.000000000000000000e+00
1.355065491859349436e+01,-1.263619013863393725e+01,0.000000000000000000e+00
1.379105522399866146e+01,-1.241752189882324409e+01,0.000000000000000000e+00
1.403087644697280112e+01,-1.219685481529151971e+01,0.000000000000000000e+00
1.427163838089236236e+01,-1.197532650170230362e+01,0.000000000000000000e+00
1.451349078380583002e+01,-1.175279310264886234e+01,0.000000000000000000e+00
1.475659032628306022e+01,-1.152911191817302239e+01,0.000000000000000000e+00
1.500109614949742820e+01,-1.130413675943521845e+01,0.000000000000000000e+00
1.524717084119203037e+01,-1.107771804788928804e+01,0.000000000000000000e+00
1.549498099728126377e+01,-1.084970249871255632e+01,0.000000000000000000e+00
1.574469770133376656e+01,-1.061993269465899559e+01,0.000000000000000000e+00
1.599649702178408006e+01,-1.038824663050794328e+01,0.000000000000000000e+00
1.625056053691709224e+01,-1.015447723086667864e+01,0.000000000000000000e+00
1.650707589167567590e+01,-9.918451838607174054e+00,0.000000000000000000e+00
1.676623739039176542e+01,-9.679991670639864765e+00,0.000000000000000000e+00
1.702824662770506947e+01,-9.438911236107005109e+00,0.000000000000000000e+00
1.729331316412455877e+01,-9.195017714040636392e+00,0.000000000000000000e+00
1.756165525167613239e+01,-8.948110285976483169e+00,0.000000000000000000e+00
1.783350061449955959e+01,-8.697979417900761234e+00,0.000000000000000000e+00
1.810908729062322209e+01,-8.444406085814959440e+00,0.000000000000000000e+00
1.838866454185883015e+01,-8.187160938551503619e+00,0.000000000000000000e+00
1.867249383953168618e+01,-7.926003390710192775e+00,0.000000000000000000e+00
1.896084993460057433e+01,-7.660680637703457307e+00,0.000000000000000000e+00
1.925402202169488319e+01,-7.390926583908563607e+00,0.000000000000000000e+00
1.955231501022769081e+01,-7.116460674719155222e+00,0.000000000000000000e+00
1.985605091402110745e+01,-6.836986620582964136e+00,0.000000000000000000e+00
2.016557036812126569e+01,-6.552190998373265352e+00,0.000000000000000000e+00
2.048123429009487495e+01,-6.261741716625198961e+00,0.000000000000000000e+00
2.080342571511454963e+01,-5.965286331785221385e+00,0.000000000000000000e+00
2.113255182650159369e+01,-5.662450195919947582e+00,0.000000000000000000e+00
2.146904615252427106e+01,-5.352834400156951666e+00,0.000000000000000000e+00
2.181337105963022793e+01,-5.036013518887546780e+00,0.000000000000000000e+00
2.216602045138055388e+01,-4.711533093052853616e+00,0.000000000000000000e+00
2.252752282421678842e+01,-4.378906850678265350e+00,0.000000000000000000e+00
2.289844460602909137e+01,-4.037613600301146910e+00,0.000000000000000000e+00
2.327939393877716157e+01,-3.687093780087629558e+00,0.000000000000000000e+00
2.367102486554072271e+01,-3.326745592864166934e+00,0.000000000000000000e+00
2.407404202967660467e+01,-2.955920679771905757e+00,0.000000000000000000e+00
2.448920595649346410e+01,-2.573919264320893241e+00,0.000000000000000000e+00
2.491733899345567593e+01,-2.179984687159833179e+00,0.000000000000000000e+00
2.535933201034648476e+01,-1.773297240500551375e+00,0.000000000000000000e+00
2.581615197268783746e+01,-1.352967194522086913e+00,0.000000000000000000e+00
2.628885054750276851e+01,-9.180268901723463992e-01,0.000000000000000000e+00
2.677857393087998972e+01,-4.674217466485863226e-01,0.000000000000000000e+00
2.728654213614375834e+01,-6.683275297365567514e-15,0.000000000000000000e+00
