4.610900120987243334e+00,0.000000000000000000e+00,0.000000000000000000e+00
4.626725350049090579e+00,8.075979139013710062e-02,0.000000000000000000e+00
4.646623872743409045e+00,1.622636811749246788e-01,0.000000000000000000e+00
4.670527407192707869e+00,2.447719694915502231e-01,0.000000000000000000e+00
4.698358259429594952e+00,3.285412144503722098e-01,0.000000000000000000e+00
4.730029474160252434e+00,4.138239571325094679e-01,0.000000000000000000e+00
4.765444992674011004e+00,5.008684516556491939e-01,0.000000000000000000e+00
4.804499817747461599e+00,5.899184004802071613e-01,0.000000000000000000e+00
4.847080185387685702e+00,6.812126951238075545e-01,0.000000000000000000e+00
4.893063743255367193e+00,7.749851624477818168e-01,0.000000000000000000e+00
4.942319735604815634e+00,8.714643166750559722e-01,0.000000000000000000e+00
4.994709194574315170e+00,9.708731172943602106e-01,0.000000000000000000e+00
5.050085137656789236e+00,1.073428733001207336e+00,0.000000000000000000e+00
5.108292771177317171e+00,1.179342311821497180e+00,0.000000000000000000e+00
5.169169699600874246e+00,1.288818757558970240e+00,0.000000000000000000e+00
5.232546140490470066e+00,1.402056512703009350e+00,0.000000000000000000e+00
5.298245144932812067e+00,1.519247347928490477e+00,0.000000000000000000e+00
5.366082823245874600e+00,1.640576158314573707e+00,0.000000000000000000e+00
5.435868575779777778e+00,1.766220766404366538e+00,0.000000000000000000e+00
5.507405328619912943e+00,1.896351732222479436e+00,0.000000000000000000e+00
5.580489773998575487e+00,2.031132170362408118e+00,0.000000000000000000e+00
5.654912615219110705e+00,2.170717574250683235e+00,0.000000000000000000e+00
5.730458815894179381e+00,2.315255647689526963e+00,0.000000000000000000e+00
5.806907853297674116e+00,2.464886143774640548e+00,0.000000000000000000e+00
5.884033975627814606e+00,2.619740711279531453e+00,0.000000000000000000e+00
5.961606462976963172e+00,2.779942748592492130e+00,0.000000000000000000e+00
6.039389891802136923e+00,2.945607265287153442e+00,0.000000000000000000e+00
6.117144402688288629e+00,3.116840751402079501e+00,0.000000000000000000e+00
6.194625971195248937e+00,3.293741054499661480e+00,0.000000000000000000e+00
6.271586681577602462e+00,3.476397264569099921e+00,0.000000000000000000e+00
6.347775003165653018e+00,3.664889606832867130e+00,0.000000000000000000e+00
6.422936069194585151e+00,3.859289342510703769e+00,0.000000000000000000e+00
6.496811957867792309e+00,4.059658677589616183e+00,0.000000000000000000e+00
6.569141975439756642e+00,4.266050679643072385e+00,0.000000000000000000e+00
6.639662941102882243e+00,4.478509202736930206e+00,0.000000000000000000e+00
6.708109473462412708e+00,4.697068820454347815e+00,0.000000000000000000e+00
6.774214278382853394e+00,4.921754767066289560e+00,0.000000000000000000e+00
6.837708437989253873e+00,5.152582886868852796e+00,0.000000000000000000e+00
6.898321700606385498e+00,5.389559591703144470e+00,0.000000000000000000e+00
6.955782771418900445e+00,5.632681826667941039e+00,0.000000000000000000e+00
7.009819603635622620e+00,5.881937044029917239e+00,0.000000000000000000e+00
7.060159689941321481e+00,6.137303185330713617e+00,0.000000000000000000e+00
7.106530354019855444e+00,6.398748671684838740e+00,0.000000000000000000e+00
7.148659041932741154e+00,6.666232402256683898e+00,0.000000000000000000e+00
7.186273613138246752e+00,6.939703760899877949e+00,0.000000000000000000e+00
7.219102630936456322e+00,7.219102630936454545e+00,0.000000000000000000e+00
7.246875652126998801e+00,7.504359418048308861e+00,0.000000000000000000e+00
7.269323515666841651e+00,7.795395081247741054e+00,0.000000000000000000e+00
7.286178630116969757e+00,8.092121171888930320e+00,0.000000000000000000e+00
7.297175259667785241e+00,8.394439880676587862e+00,0.000000000000000000e+00
7.302049808534695430e+00,8.702244092623086402e+00,0.000000000000000000e+00
7.300541103516707153e+00,9.015417449900049007e+00,0.000000000000000000e+00
7.292390674512537529e+00,9.333834422525162822e+00,0.000000000000000000e+00
7.277343032790622779e+00,9.657360386820165843e+00,0.000000000000000000e+00
7.255145946811114577e+00,9.985851711570532530e+00,0.000000000000000000e+00
7.225550715400107293e+00,1.031915585181272199e+01,0.000000000000000000e+00
7.188312438078444444e+00,1.065711145016975792e+01,0.000000000000000000e+00
7.143190282349634046e+00,1.099954844565099954e+01,0.000000000000000000e+00
7.089947747753828189e+00,1.134628818982728049e+01,0.000000000000000000e+00
7.028235846798560615e+00,1.169694871694726501e+01,0.000000000000000000e+00
6.956104341150805226e+00,1.204832614162362070e+01,0.000000000000000000e+00
6.870708847226958405e+00,1.239508687296330613e+01,0.000000000000000000e+00
6.770604444885594653e+00,1.273365496588784573e+01,0.000000000000000000e+00
6.655957082300381522e+00,1.306305129391413722e+01,0.000000000000000000e+00
6.528578789094270363e+00,1.338557017133308946e+01,0.000000000000000000e+00
6.388832731466894899e+00,1.370089600660874218e+01,0.000000000000000000e+00
6.236801455887592383e+00,1.400808542146288538e+01,0.000000000000000000e+00
6.072895387128150801e+00,1.430684496516601278e+01,0.000000000000000000e+00
5.897743324208107651e+00,1.459742696657121463e+01,0.000000000000000000e+00
5.710642559726168521e+00,1.487673248471765675e+01,0.000000000000000000e+00
5.512755823126544108e+00,1.514617214300715453e+01,0.000000000000000000e+00
5.305455733564258480e+00,1.540816225244487647e+01,0.000000000000000000e+00
5.087042842836410728e+00,1.565630801030281916e+01,0.000000000000000000e+00
4.860282545677025112e+00,1.589726789110046035e+01,0.000000000000000000e+00
4.623413880041801427e+00,1.612376034511231637e+01,0.000000000000000000e+00
4.378666761091707826e+00,1.634140682180730764e+01,0.000000000000000000e+00
4.125771611562742081e+00,1.654756611577930414e+01,0.000000000000000000e+00
3.864764379394412419e+00,1.674013366913968071e+01,0.000000000000000000e+00
3.596755463453070512e+00,1.692140404979243939e+01,0.000000000000000000e+00
3.322132550692171282e+00,1.709089035524909050e+01,0.000000000000000000e+00
3.041297492858487050e+00,1.724805517929725340e+01,0.000000000000000000e+00
2.754706660924771899e+00,1.739253335289919988e+01,0.000000000000000000e+00
2.462851428465603565e+00,1.752409848483485177e+01,0.000000000000000000e+00
2.166238807100297592e+00,1.764259929074725264e+01,0.000000000000000000e+00
1.865381972945664879e+00,1.774792393694183090e+01,0.000000000000000000e+00
1.560797098704202801e+00,1.783999247218720541e+01,0.000000000000000000e+00
1.253001664252476610e+00,1.791875861957929672e+01,0.000000000000000000e+00
9.425122102820837622e-01,1.798420431424522903e+01,0.000000000000000000e+00
6.298421805538868545e-01,1.803632021060490942e+01,0.000000000000000000e+00
3.155016094013239902e-01,1.807507509704461057e+01,0.000000000000000000e+00
1.108328770018007752e-15,1.810038242519670959e+01,0.000000000000000000e+00
-3.161441753642001973e-01,1.811188767640314623e+01,0.000000000000000000e+00
-6.323834730993901365e-01,1.810909330760399172e+01,0.000000000000000000e+00
-9.482023180773446747e-01,1.809277803885455072e+01,0.000000000000000000e+00
-1.263092593658369678e+00,1.806306563323299130e+01,0.000000000000000000e+00
-1.576546834792615037e+00,1.802001277943242386e+01,0.000000000000000000e+00
-1.888053411615121968e+00,1.796362826714458549e+01,0.000000000000000000e+00
-2.197095485895725009e+00,1.789390677247397576e+01,0.000000000000000000e+00
-2.503153328047489357e+00,1.781086140087438707e+01,0.000000000000000000e+00
-2.805708072171824163e+00,1.771454359041085524e+01,0.000000000000000000e+00
-3.104244281008792683e+00,1.760504415453741700e+01,0.000000000000000000e+00
-3.398249728704029859e+00,1.748247928907433391e+01,0.000000000000000000e+00
-3.687213927261615787e+00,1.734697766228329741e+01,0.000000000000000000e+00
-3.970631360679455657e+00,1.719869394445913002e+01,0.000000000000000000e+00
-4.248018148278184469e+00,1.703787019442837902e+01,0.000000000000000000e+00
-4.518945208889802778e+00,1.686493311619669200e+01,0.000000000000000000e+00
-4.783065382889000183e+00,1.668053130212255297e+01,0.000000000000000000e+00
-5.040028874649055801e+00,1.648519164188154917e+01,0.000000000000000000e+00
-5.288437405298289207e+00,1.627613673966836316e+01,0.000000000000000000e+00
-5.528709231772531041e+00,1.605653749042053136e+01,0.000000000000000000e+00
-5.760767840000106332e+00,1.582757955912067160e+01,0.000000000000000000e+00
-5.982530010757346695e+00,1.558502351022645627e+01,0.000000000000000000e+00
-6.195711640633892792e+00,1.533492442929125765e+01,0.000000000000000000e+00
-6.398001554340177144e+00,1.507274709833635384e+01,0.000000000000000000e+00
-6.589844493356006971e+00,1.480103306638778804e+01,0.000000000000000000e+00
-6.771258094412232253e+00,1.452100984402340167e+01,0.000000000000000000e+00
-6.941527605353065233e+00,1.423224071568411730e+01,0.000000000000000000e+00
-7.099901666557902224e+00,1.393434159884006718e+01,0.000000000000000000e+00
-7.246047290356273152e+00,1.362783290812411607e+01,0.000000000000000000e+00
-7.379723752780884105e+00,1.331337407072756385e+01,0.000000000000000000e+00
-7.502814215316713664e+00,1.299525542067857131e+01,0.000000000000000000e+00
-7.622623179413043459e+00,1.268617535918659911e+01,0.000000000000000000e+00
-7.739161001775737958e+00,1.238524657694964404e+01,0.000000000000000000e+00
-7.852691043140857197e+00,1.209208380899319302e+01,0.000000000000000000e+00
-7.963397040958960282e+00,1.180622162969561195e+01,0.000000000000000000e+00
-8.071445924769433233e+00,1.152721940898622499e+01,0.000000000000000000e+00
-8.176996015351910785e+00,1.125466947929519890e+01,0.000000000000000000e+00
-8.280195192803631699e+00,1.098819015261626930e+01,0.000000000000000000e+00
-8.381181944656587390e+00,1.072742369795091477e+01,0.000000000000000000e+00
-8.480086264193143819e+00,1.047203441482406561e+01,0.000000000000000000e+00
-8.577030371415357735e+00,1.022170675892390257e+01,0.000000000000000000e+00
-8.672129339116002811e+00,9.976143615053466362e+00,0.000000000000000000e+00
-8.765491686281993822e+00,9.735064765416026944e+00,0.000000000000000000e+00
-8.857219922265249679e+00,9.498205502444507786e+00,0.000000000000000000e+00
-8.947411040582771591e+00,9.265315362467882565e+00,0.000000000000000000e+00
-9.036156968230310227e+00,9.036156968230312003e+00,0.000000000000000000e+00
-9.123544975838326465e+00,8.810504969614544990e+00,0.000000000000000000e+00
-9.209658053148634949e+00,8.588145072730311469e+00,0.000000000000000000e+00
-9.294575253681433225e+00,8.368873148445388210e+00,0.000000000000000000e+00
-9.378372011924573926e+00,8.152494412272915270e+00,0.000000000000000000e+00
-9.461120435935454154e+00,7.938822668317269127e+00,0.000000000000000000e+00
-9.542889577879545726e+00,7.727679610709896174e+00,0.000000000000000000e+00
-9.623745684728151062e+00,7.518894176634152160e+00,0.000000000000000000e+00
-9.703752431090165942e+00,7.312301945642827761e+00,0.000000000000000000e+00
-9.782971135947827079e+00,7.107744580515015009e+00,0.000000000000000000e+00
-9.861460964896172854e+00,6.905069305381095646e+00,0.000000000000000000e+00
-9.939279119342238289e+00,6.704128417270434959e+00,0.000000000000000000e+00
-1.001648101399689850e+01,6.504778827608289404e+00,0.000000000000000000e+00
-1.009312044388448903e+01,6.306881630512885195e+00,0.000000000000000000e+00
-1.016924974199984710e+01,6.110301695023890645e+00,0.000000000000000000e+00
-1.024491992865618428e+01,5.914907278635808119e+00,0.000000000000000000e+00
-1.032018085348939529e+01,5.720569659718735878e+00,0.000000000000000000e+00
-1.039508133101394272e+01,5.527162786588269761e+00,0.000000000000000000e+00
-1.046966927056229402e+01,5.334562941141262726e+00,0.000000000000000000e+00
-1.054399180147789394e+01,5.142648415152031305e+00,0.000000000000000000e+00
-1.061809539839530814e+01,4.951299199292082953e+00,0.000000000000000000e+00
-1.069202600127055547e+01,4.760396679830377842e+00,0.000000000000000000e+00
-1.076582912500131251e+01,4.569823339178941346e+00,0.000000000000000000e+00
-1.083954997136463838e+01,4.379462464682039702e+00,0.000000000000000000e+00
-1.091323353982856403e+01,4.189197861882425045e+00,0.000000000000000000e+00
-1.098692473741304987e+01,3.998913570541363871e+00,0.000000000000000000e+00
-1.106066848817864745e+01,3.808493581922762772e+00,0.000000000000000000e+00
-1.113450984291705126e+01,3.617821555862914984e+00,0.000000000000000000e+00
-1.120849409010135034e+01,3.426780536292051593e+00,0.000000000000000000e+00
-1.128266687372970623e+01,3.235252665095749158e+00,0.000000000000000000e+00
-1.135707430460301026e+01,3.043118888298633973e+00,0.000000000000000000e+00
-1.143176307130686276e+01,2.850258655545365727e+00,0.000000000000000000e+00
-1.150678055909973629e+01,2.656549613358154982e+00,0.000000000000000000e+00
-1.158217497269176377e+01,2.461867288855943414e+00,0.000000000000000000e+00
-1.165799546347524007e+01,2.266084762116438611e+00,0.000000000000000000e+00
-1.173429226191565000e+01,2.069072325294289527e+00,0.000000000000000000e+00
-1.181111681585375983e+01,1.870697126486718487e+00,0.000000000000000000e+00
-1.188852193551959502e+01,1.670822796195612581e+00,0.000000000000000000e+00
-1.196656194611944812e+01,1.469309054071684661e+00,0.000000000000000000e+00
-1.204529284898121766e+01,1.266011293443295216e+00,0.000000000000000000e+00
-1.212477249271930901e+01,1.060780140943898830e+00,0.000000000000000000e+00
-1.220506075364603227e+01,8.534609880793284642e-01,0.000000000000000000e+00
-1.228621972840390164e+01,6.438934917491379029e-01,0.000000000000000000e+00
-1.236831394097910142e+01,4.319110401345032657e-01,0.000000000000000000e+00
-1.245141056468855112e+01,2.173401798545321340e-01,0.000000000000000000e+00
-1.253557966080487240e+01,1.535165750706135066e-15,0.000000000000000000e+00
-1.262089443568195257e+01,-2.202985318270100912e-01,0.000000000000000000e+00
-1.270743151842982499e+01,-4.437532868872568481e-01,0.000000000000000000e+00
-1.279527126137942794e+01,-6.705717521330099018e-01,0.000000000000000000e+00
-1.288449806585354906e+01,-9.009718732374644157e-01,0.000000000000000000e+00
-1.297520073873437063e+01,-1.135182971612448855e+00,0.000000000000000000e+00
-1.306747288245580307e+01,-1.373446744165482514e+00,0.000000000000000000e+00
-1.316141331764013600e+01,-1.616018355068082668e+00,0.000000000000000000e+00
-1.325712654525392509e+01,-1.863167630425218713e+00,0.000000000000000000e+00
-1.335472325100945490e+01,-2.115180367800202355e+00,0.000000000000000000e+00
-1.345432085534964095e+01,-2.372359773906735469e+00,0.000000000000000000e+00
-1.355604411368722850e+01,-2.635028045503071237e+00,0.000000000000000000e+00
-1.366002582921067798e+01,-2.903528122580717241e+00,0.000000000000000000e+00
-1.376640763220772179e+01,-3.178225628344942599e+00,0.000000000000000000e+00
-1.387534073026913184e+01,-3.459510993046639449e+00,0.000000000000000000e+00
-1.398698679127313937e+01,-3.747801815266417869e+00,0.000000000000000000e+00
-1.410151913900026521e+01,-4.043545545297841493e+00,0.000000000000000000e+00
-1.421912376307085069e+01,-4.347222397828682361e+00,0.000000000000000000e+00
-1.434000051516600571e+01,-4.659348611367456705e+00,0.000000000000000000e+00
-1.446436483460627187e+01,-4.980480221250942918e+00,0.000000000000000000e+00
-1.459244923930141624e+01,-5.311217168146201040e+00,0.000000000000000000e+00
-1.472450484029926976e+01,-5.652207841895791951e+00,0.000000000000000000e+00
-1.486078679239440525e+01,-6.004147600672057550e+00,0.000000000000000000e+00
-1.500145506412626162e+01,-6.367739881221635478e+00,0.000000000000000000e+00
-1.514627952148905443e+01,-6.743558118668175894e+00,0.000000000000000000e+00
-1.527246986092469427e+01,-7.121669655090587803e+00,0.000000000000000000e+00
-1.538314718249663748e+01,-7.502862195608724249e+00,0.000000000000000000e+00
-1.547094566873543720e+01,-7.882840545966307566e+00,0.000000000000000000e+00
-1.553929346667019118e+01,-8.262388897584139968e+00,0.000000000000000000e+00
-1.558919167481015755e+01,-8.641230050179419919e+00,0.000000000000000000e+00
-1.562035229444937023e+01,-9.018414602037134742e+00,0.000000000000000000e+00
-1.563238312011995568e+01,-9.392883398431258968e+00,0.000000000000000000e+00
-1.562514218882108530e+01,-9.763672473019717302e+00,0.000000000000000000e+00
-1.559922040701445489e+01,-1.013025218027674690e+01,0.000000000000000000e+00
-1.555496814366850167e+01,-1.049195849211703013e+01,0.000000000000000000e+00
-1.549264369019787857e+01,-1.084806589867365112e+01,0.000000000000000000e+00
-1.541252884801728484e+01,-1.119785767219402750e+01,0.000000000000000000e+00
-1.531499696285941603e+01,-1.154067798867470707e+01,0.000000000000000000e+00
-1.520096487132888896e+01,-1.187629536300278943e+01,0.000000000000000000e+00
-1.507140435157510261e+01,-1.220458260173127307e+01,0.000000000000000000e+00
-1.492531130094654657e+01,-1.252382320783033620e+01,0.000000000000000000e+00
-1.476162184533548505e+01,-1.283208209880842432e+01,0.000000000000000000e+00
-1.458307796683680913e+01,-1.313066237965058392e+01,0.000000000000000000e+00
-1.439052308433728911e+01,-1.341937987355679240e+01,0.000000000000000000e+00
-1.418350207900987847e+01,-1.369684874515264106e+01,0.000000000000000000e+00
-1.396237997291995292e+01,-1.396237997291994759e+01,0.000000000000000000e+00
-1.372753560607741363e+01,-1.421527925373256096e+01,0.000000000000000000e+00
-1.347954678506729920e+01,-1.445504419761997283e+01,0.000000000000000000e+00
-1.321910306991791551e+01,-1.468130130426784596e+01,0.000000000000000000e+00
-1.294702340823048736e+01,-1.489384669637923331e+01,0.000000000000000000e+00
-1.266406067285826609e+01,-1.509243980370988147e+01,0.000000000000000000e+00
-1.237118141148458861e+01,-1.527713674802158650e+01,0.000000000000000000e+00
-1.206586900728246547e+01,-1.544360807100901134e+01,0.000000000000000000e+00
-1.175238669863503027e+01,-1.559594391010420544e+01,0.000000000000000000e+00
-1.143102098597261040e+01,-1.573345061761926367e+01,0.000000000000000000e+00
-1.109921147672181085e+01,-1.585131674688944337e+01,0.000000000000000000e+00
-1.076237701131937108e+01,-1.595588008540090641e+01,0.000000000000000000e+00
-1.041622541846298944e+01,-1.603958057708605622e+01,0.000000000000000000e+00
-1.006625075023362470e+01,-1.610936865358424441e+01,0.000000000000000000e+00
-9.708411827629266355e+00,-1.615751061093247287e+01,0.000000000000000000e+00
-9.348264593638409892e+00,-1.619166923877892827e+01,0.000000000000000000e+00
-8.981796649003712218e+00,-1.620359008293955583e+01,0.000000000000000000e+00
-8.614872681292196077e+00,-1.620221904729534756e+01,0.000000000000000000e+00
-8.251054584152909044e+00,-1.619360640835492404e+01,0.000000000000000000e+00
-7.891762629079844160e+00,-1.618051123523431656e+01,0.000000000000000000e+00
-7.537180290578476161e+00,-1.616353529427379954e+01,0.000000000000000000e+00
-7.186976965881139101e+00,-1.614221455857159171e+01,0.000000000000000000e+00
-6.841488086806579716e+00,-1.611753589505829609e+01,0.000000000000000000e+00
-6.500338149134303301e+00,-1.608890149568271966e+01,0.000000000000000000e+00
-6.163718991112302703e+00,-1.605703694159214834e+01,0.000000000000000000e+00
-5.831521492862464129e+00,-1.602197362270394265e+01,0.000000000000000000e+00
-5.503551594073444519e+00,-1.598347440535821384e+01,0.000000000000000000e+00
-5.180102562592263205e+00,-1.594271637776954442e+01,0.000000000000000000e+00
-4.860618123804669288e+00,-1.589836551769795214e+01,0.000000000000000000e+00
-4.545442879427353589e+00,-1.585184315136878297e+01,0.000000000000000000e+00
-4.234412946948066470e+00,-1.580304425823764802e+01,0.000000000000000000e+00
-3.927251691521709276e+00,-1.575134620555166265e+01,0.000000000000000000e+00
-3.624124466919780740e+00,-1.569780769386593811e+01,0.000000000000000000e+00
-3.324906645244900538e+00,-1.564245591442411865e+01,0.000000000000000000e+00
-3.029354922061806121e+00,-1.558468003009250680e+01,0.000000000000000000e+00
-2.737522580269932782e+00,-1.552526204027783230e+01,0.000000000000000000e+00
-2.449305094661675675e+00,-1.546430375132143809e+01,0.000000000000000000e+00
-2.164597919275935034e+00,-1.540191449595180551e+01,0.000000000000000000e+00
-1.883238060676087233e+00,-1.533774317249313235e+01,0.000000000000000000e+00
-1.605181188891665167e+00,-1.527227884617762399e+01,0.000000000000000000e+00
-1.330322196665401968e+00,-1.520565228740989205e+01,0.000000000000000000e+00
-1.058547637828373800e+00,-1.513793648541428283e+01,0.000000000000000000e+00
-7.897432747198240843e-01,-1.506919937314291857e+01,0.000000000000000000e+00
-5.237926299058844881e-01,-1.499945841770947474e+01,0.000000000000000000e+00
-2.605809923268211370e-01,-1.492867505210881518e+01,0.000000000000000000e+00
-2.729208873342665000e-15,-1.485712111847457706e+01,0.000000000000000000e+00
2.580703428865694926e-01,-1.478484004200882040e+01,0.000000000000000000e+00
5.137505687271403110e-01,-1.471189141031219982e+01,0.000000000000000000e+00
7.671620328600479155e-01,-1.463832361063798260e+01,0.000000000000000000e+00
1.018426939077618387e+00,-1.456418376259372849e+01,0.000000000000000000e+00
1.267668238334614950e+00,-1.448951426671402842e+01,0.000000000000000000e+00
1.515009579099011461e+00,-1.441435328718642417e+01,0.000000000000000000e+00
1.760575174449923175e+00,-1.433873413321195400e+01,0.000000000000000000e+00
2.004489724200831269e+00,-1.426268549240886507e+01,0.000000000000000000e+00
2.246878117512162376e+00,-1.418623011773264153e+01,0.000000000000000000e+00
2.487865481975024551e+00,-1.410938627757944097e+01,0.000000000000000000e+00
2.727572820129825715e+00,-1.403214570565033625e+01,0.000000000000000000e+00
2.966127586749319089e+00,-1.395453315317550391e+01,0.000000000000000000e+00
3.203668579747907863e+00,-1.387661316238025222e+01,0.000000000000000000e+00
3.440092007946160546e+00,-1.379745543507951844e+01,0.000000000000000000e+00
3.673690124382627875e+00,-1.371039819546002114e+01,0.000000000000000000e+00
3.903544009709747797e+00,-1.361327576163042075e+01,0.000000000000000000e+00
4.129225513881040754e+00,-1.350608808438932051e+01,0.000000000000000000e+00
4.350346150241220400e+00,-1.338898872761115477e+01,0.000000000000000000e+00
4.566367408024447627e+00,-1.326169389784896957e+01,0.000000000000000000e+00
4.776919761403730647e+00,-1.312447917900330197e+01,0.000000000000000000e+00
4.981711994379131703e+00,-1.297780344001101938e+01,0.000000000000000000e+00
5.180431431439693313e+00,-1.282201773098094932e+01,0.000000000000000000e+00
5.372714995268621507e+00,-1.265732333250034536e+01,0.000000000000000000e+00
5.558441864839744895e+00,-1.248446483403881047e+01,0.000000000000000000e+00
5.737091407144943034e+00,-1.230323222621824542e+01,0.000000000000000000e+00
5.907388418578828571e+00,-1.211194116831321743e+01,0.000000000000000000e+00
6.070155356254362644e+00,-1.191335067223317701e+01,0.000000000000000000e+00
6.225064049981123837e+00,-1.170764270727553225e+01,0.000000000000000000e+00
6.370904377890173720e+00,-1.149341574198164828e+01,0.000000000000000000e+00
6.508007764076997326e+00,-1.127220010343408418e+01,0.000000000000000000e+00
6.636268071534610513e+00,-1.104460479083289393e+01,0.000000000000000000e+00
6.754912681277773778e+00,-1.081012000450609278e+01,0.000000000000000000e+00
6.863691990225492034e+00,-1.056915881816303049e+01,0.000000000000000000e+00
6.962667149238209063e+00,-1.032257855220643528e+01,0.000000000000000000e+00
7.051609372326790748e+00,-1.007074186941252059e+01,0.000000000000000000e+00
7.130065476310793571e+00,-9.813693213369866442e+00,0.000000000000000000e+00
7.197608007173730726e+00,-9.551548433973508168e+00,0.000000000000000000e+00
7.253984348284318706e+00,-9.284676566646073326e+00,0.000000000000000000e+00
7.299002630325938767e+00,-9.013517593731361188e+00,0.000000000000000000e+00
7.332486178488075268e+00,-8.738516745860554380e+00,0.000000000000000000e+00
7.354273620977538783e+00,-8.460124031631425012e+00,0.000000000000000000e+00
7.364218985043149424e+00,-8.178793766731665471e+00,0.000000000000000000e+00
7.362194757283225144e+00,-7.894987294818288426e+00,0.000000000000000000e+00
7.348101328013457056e+00,-7.609181673962677195e+00,0.000000000000000000e+00
7.321858863473616807e+00,-7.321858863473620360e+00,0.000000000000000000e+00
7.283404427875464826e+00,-7.033501898379481254e+00,0.000000000000000000e+00
7.232691954576804250e+00,-6.744594361029357721e+00,0.000000000000000000e+00
7.169692202134705816e+00,-6.455619855172773924e+00,0.000000000000000000e+00
7.094392695342986777e+00,-6.167061482921973870e+00,0.000000000000000000e+00
7.006797651369311986e+00,-5.879401324997825640e+00,0.000000000000000000e+00
6.906927891117372376e+00,-5.593119924656115849e+00,0.000000000000000000e+00
6.794820735949661739e+00,-5.308695775687263918e+00,0.000000000000000000e+00
6.670529889916343436e+00,-5.026604814878206540e+00,0.000000000000000000e+00
6.534125307645353153e+00,-4.747319919320463377e+00,0.000000000000000000e+00
6.385693048058753263e+00,-4.471310408944082937e+00,0.000000000000000000e+00
6.225335114089759259e+00,-4.199041554651760322e+00,0.000000000000000000e+00
6.053169278584322299e+00,-3.930974092422554911e+00,0.000000000000000000e+00
5.869328896580316091e+00,-3.667563743748831318e+00,0.000000000000000000e+00
5.673962704166686244e+00,-3.409260742764887997e+00,0.000000000000000000e+00
5.467234604133681231e+00,-3.156509370419421145e+00,0.000000000000000000e+00
5.249323438634132977e+00,-2.909747496038071812e+00,0.000000000000000000e+00
5.020422749084555214e+00,-2.669406126616107322e+00,0.000000000000000000e+00
4.780740523542904796e+00,-2.435908964174430480e+00,0.000000000000000000e+00
4.530498931808691232e+00,-2.209671971505925647e+00,0.000000000000000000e+00
4.269934048498675416e+00,-1.991102946631708059e+00,0.000000000000000000e+00
3.999295564359826916e+00,-1.780601106280185864e+00,0.000000000000000000e+00
3.718846486088441594e+00,-1.578556678694126303e+00,0.000000000000000000e+00
3.428862824932422004e+00,-1.385350506063921738e+00,0.000000000000000000e+00
3.129633274360642758e+00,-1.201353656877178766e+00,0.000000000000000000e+00
2.821458877090653239e+00,-1.026927048467141113e+00,0.000000000000000000e+00
2.504652681773056777e+00,-8.624210800344761507e-01,0.000000000000000000e+00
2.179539389637176861e+00,-7.081752764085661456e-01,0.000000000000000000e+00
1.846454991409895108e+00,-5.645179428064930338e-01,0.000000000000000000e+00
1.505746394825104417e+00,-4.317658308390584510e-01,0.000000000000000000e+00
1.157771043047908677e+00,-3.102238160048256810e-01,0.000000000000000000e+00
8.028965243430369325e-01,-2.001845869041807280e-01,0.000000000000000000e+00
4.415001733231861403e-01,-1.019283463967467496e-01,0.000000000000000000e+00
7.396866411794102147e-02,-1.572252491623432613e-02,0.000000000000000000e+00
-2.993024041907298982e-01,5.817849385225640213e-02,0.000000000000000000e+00
-6.779089295152622707e-01,1.195336347367338126e-01,0.000000000000000000e+00
-1.061438735736228711e+00,1.681153800983662683e-01,0.000000000000000000e+00
-1.449472008342411522e+00,2.037100059301948651e-01,0.000000000000000000e+00
-1.841581736373215428e+00,2.261178048673933849e-01,0.000000000000000000e+00
-2.237334160294703000e+00,2.351532959515490184e-01,0.000000000000000000e+00
-2.636289225437557171e+00,2.306454210013256234e-01,0.000000000000000000e+00
-3.038001040620851967e+00,2.124377274516842939e-01,0.000000000000000000e+00
-3.442018341583173768e+00,1.803885375338723507e-01,0.000000000000000000e+00
-3.847884958839050462e+00,1.343711036783811208e-01,0.000000000000000000e+00
-4.255140289576068824e+00,7.427375003322506108e-02,0.000000000000000000e+00
-4.663319773205924612e+00,1.142183926731439283e-15,0.000000000000000000e+00
