9.679315089775643699e+00,0.000000000000000000e+00,0.000000000000000000e+00
9.688969673248363890e+00,1.691215947340812820e-01,0.000000000000000000e+00
9.695194960085325775e+00,3.385636683786939494e-01,0.000000000000000000e+00
9.701418074931600799e+00,5.084297772035217822e-01,0.000000000000000000e+00
9.707658341604458840e+00,6.788255992652252324e-01,0.000000000000000000e+00
9.713921724791093837e+00,8.498580292974112771e-01,0.000000000000000000e+00
9.720212377427330352e+00,1.021635488549462289e+00,0.000000000000000000e+00
9.726534351215642360e+00,1.194268249421030825e+00,0.000000000000000000e+00
9.732891763750796343e+00,1.367868732545567623e+00,0.000000000000000000e+00
9.739288821489152426e+00,1.542551809150571884e+00,0.000000000000000000e+00
9.745729832674387083e+00,1.718435116195888401e+00,0.000000000000000000e+00
9.752219219034079956e+00,1.895639386574643925e+00,0.000000000000000000e+00
9.758761528165132759e+00,2.074288796584471406e+00,0.000000000000000000e+00
9.765361446605695050e+00,2.254511332865169138e+00,0.000000000000000000e+00
9.772023814458117741e+00,2.436439181394843612e+00,0.000000000000000000e+00
9.778753642413532177e+00,2.620209141467605196e+00,0.000000000000000000e+00
9.785556125717295828e+00,2.805963066133271511e+00,0.000000000000000000e+00
9.792436660056976550e+00,2.993848333219987889e+00,0.000000000000000000e+00
9.799400864026084790e+00,3.184018352003834984e+00,0.000000000000000000e+00
9.806454597451274680e+00,3.376633106373862603e+00,0.000000000000000000e+00
9.813603979065982585e+00,3.571859739256380895e+00,0.000000000000000000e+00
9.820855417595044656e+00,3.769873188097457195e+00,0.000000000000000000e+00
9.828215627808228660e+00,3.970856866797464413e+00,0.000000000000000000e+00
9.835691666097341468e+00,4.175003412261009572e+00,0.000000000000000000e+00
9.843290952242554681e+00,4.382515489776361406e+00,0.000000000000000000e+00
9.851021309911772050e+00,4.593606677459945331e+00,0.000000000000000000e+00
9.858890993323186080e+00,4.808502424562174582e+00,0.000000000000000000e+00
9.866908732697758921e+00,5.027441107148330701e+00,0.000000000000000000e+00
9.875083773909926421e+00,5.250675181035138195e+00,0.000000000000000000e+00
9.883425923636451671e+00,5.478472448834628139e+00,0.000000000000000000e+00
9.891945601897365492e+00,5.711117456064577880e+00,0.000000000000000000e+00
9.900653898637102657e+00,5.948913030312718675e+00,0.000000000000000000e+00
9.909562635613562875e+00,6.192181981820734649e+00,0.000000000000000000e+00
9.918684435098629848e+00,6.441268986683011732e+00,0.000000000000000000e+00
9.928032796522975545e+00,6.696542676745682598e+00,0.000000000000000000e+00
9.937622185328990554e+00,6.958397966047408012e+00,0.000000000000000000e+00
9.947468003991243535e+00,7.227258550872239340e+00,0.000000000000000000e+00
9.957568248705031877e+00,7.503565882986664271e+00,0.000000000000000000e+00
9.967149735320663950e+00,7.787190825446266729e+00,0.000000000000000000e+00
9.972737038674768684e+00,8.075763221171285977e+00,0.000000000000000000e+00
9.974433332119280848e+00,8.369543330183654817e+00,0.000000000000000000e+00
9.971154172306835761e+00,8.667792082707268975e+00,0.000000000000000000e+00
9.964645913395663968e+00,8.972207480417399239e+00,0.000000000000000000e+00
9.954184636730936120e+00,9.282427343951336951e+00,0.000000000000000000e+00
9.938257543304715114e+00,9.597263750711089614e+00,0.000000000000000000e+00
9.915433846499141168e+00,9.915433846499139392e+00,0.000000000000000000e+00
9.884368745476599827e+00,1.023556346862508093e+01,0.000000000000000000e+00
9.843807270407410215e+00,1.055619090429838458e+01,0.000000000000000000e+00
9.792587995478221785e+00,1.087577078034423295e+01,0.000000000000000000e+00
9.729646615736246673e+00,1.119267808016779320e+01,0.000000000000000000e+00
9.654211999976389791e+00,1.150544183463799186e+01,0.000000000000000000e+00
9.566439270336573486e+00,1.181356865310388926e+01,0.000000000000000000e+00
9.466728500731512952e+00,1.211685992875503182e+01,0.000000000000000000e+00
9.355300233113116093e+00,1.241490272905697445e+01,0.000000000000000000e+00
9.231954426154956650e+00,1.270669516277351185e+01,0.000000000000000000e+00
9.096737279993984515e+00,1.299148721428009523e+01,0.000000000000000000e+00
8.950570121721264982e+00,1.326976590840027370e+01,0.000000000000000000e+00
8.793937125256281462e+00,1.354147567317047951e+01,0.000000000000000000e+00
8.626532841183450984e+00,1.380533837165247313e+01,0.000000000000000000e+00
8.449315554317408328e+00,1.406202251695555994e+01,0.000000000000000000e+00
8.262556143788364338e+00,1.431116704143182083e+01,0.000000000000000000e+00
8.065254248430349548e+00,1.455010382257408352e+01,0.000000000000000000e+00
7.858919748537863903e+00,1.478047836010809846e+01,0.000000000000000000e+00
7.644034014671304611e+00,1.500226146163261198e+01,0.000000000000000000e+00
7.420725622318136594e+00,1.521474225074478603e+01,0.000000000000000000e+00
7.189364176103117288e+00,1.541764122971663475e+01,0.000000000000000000e+00
6.950288158636351632e+00,1.561060279352826541e+01,0.000000000000000000e+00
6.703883743309547505e+00,1.579336037688319827e+01,0.000000000000000000e+00
6.450554070199388867e+00,1.596568157640148833e+01,0.000000000000000000e+00
6.190720325048913786e+00,1.612737782136257536e+01,0.000000000000000000e+00
5.924811941999275966e+00,1.627828702515809312e+01,0.000000000000000000e+00
5.653274662470806788e+00,1.641830176923683027e+01,0.000000000000000000e+00
5.376529008533298182e+00,1.654725481670811504e+01,0.000000000000000000e+00
5.095057734512167258e+00,1.666518293225699310e+01,0.000000000000000000e+00
4.808714370410013039e+00,1.676997995167322486e+01,0.000000000000000000e+00
4.518499660233073811e+00,1.686327030597254151e+01,0.000000000000000000e+00
4.224892200357624361e+00,1.694511708343866729e+01,0.000000000000000000e+00
3.928324895446445808e+00,1.701544451097611343e+01,0.000000000000000000e+00
3.629277913696313362e+00,1.707441014844081195e+01,0.000000000000000000e+00
3.327592845305409330e+00,1.711898113583000480e+01,0.000000000000000000e+00
3.024364558234674760e+00,1.715202373501245248e+01,0.000000000000000000e+00
2.719988177715494615e+00,1.717332947694940870e+01,0.000000000000000000e+00
2.414939204734851685e+00,1.718318529876896150e+01,0.000000000000000000e+00
2.109252314803126804e+00,1.717848155576399094e+01,0.000000000000000000e+00
1.803788506101975164e+00,1.716190124539189199e+01,0.000000000000000000e+00
1.498991916276601444e+00,1.713355600445801485e+01,0.000000000000000000e+00
1.195307356778886110e+00,1.709369158348735951e+01,0.000000000000000000e+00
8.929912755684765724e-01,1.703928859007082508e+01,0.000000000000000000e+00
5.927094097206584422e-01,1.697297677992812126e+01,0.000000000000000000e+00
2.949025288888517671e-01,1.689495456485616032e+01,0.000000000000000000e+00
1.029029108286388262e-15,1.680532066883020548e+01,0.000000000000000000e+00
-2.915533262693883465e-01,1.670307887529357771e+01,0.000000000000000000e+00
-5.792493736293135020e-01,1.658753177721924388e+01,0.000000000000000000e+00
-8.626605574779488972e-01,1.646054401234856002e+01,0.000000000000000000e+00
-1.141345664639926039e+00,1.632200343356063144e+01,0.000000000000000000e+00
-1.414866304680645781e+00,1.617199586391443589e+01,0.000000000000000000e+00
-1.682776942826191835e+00,1.601055312921085871e+01,0.000000000000000000e+00
-1.944630340991865713e+00,1.583774317138813359e+01,0.000000000000000000e+00
-2.199977796046890699e+00,1.565365539990960109e+01,0.000000000000000000e+00
-2.448372165933485167e+00,1.545841347115076481e+01,0.000000000000000000e+00
-2.689371498899141955e+00,1.525218368790473633e+01,0.000000000000000000e+00
-2.922544467296463111e+00,1.503518787608183160e+01,0.000000000000000000e+00
-3.147475455698964808e+00,1.480770779772576873e+01,0.000000000000000000e+00
-3.363780870583240379e+00,1.457013568730985575e+01,0.000000000000000000e+00
-3.571080457014141896e+00,1.432282140911478585e+01,0.000000000000000000e+00
-3.769156901883659039e+00,1.406668505952871229e+01,0.000000000000000000e+00
-3.957547010361631479e+00,1.380160660611456613e+01,0.000000000000000000e+00
-4.135408352315499414e+00,1.352631123767234378e+01,0.000000000000000000e+00
-4.302532183929883125e+00,1.324183247064769553e+01,0.000000000000000000e+00
-4.459598507116299793e+00,1.295161449443402013e+01,0.000000000000000000e+00
-4.608332491034987655e+00,1.266128946045769865e+01,0.000000000000000000e+00
-4.751614253832744161e+00,1.237837833230287998e+01,0.000000000000000000e+00
-4.890807500072326341e+00,1.210517334601883199e+01,0.000000000000000000e+00
-5.025794551448238501e+00,1.184002998417345864e+01,0.000000000000000000e+00
-5.156798533883961255e+00,1.158235914271872069e+01,0.000000000000000000e+00
-5.284168603585677637e+00,1.133193613952881940e+01,0.000000000000000000e+00
-5.408127172621747469e+00,1.108830391777574320e+01,0.000000000000000000e+00
-5.528853782368013725e+00,1.085098651667735226e+01,0.000000000000000000e+00
-5.646548403528468540e+00,1.061961302037506805e+01,0.000000000000000000e+00
-5.761397766972917722e+00,1.039383670873328924e+01,0.000000000000000000e+00
-5.873573530995858327e+00,1.017332777767656360e+01,0.000000000000000000e+00
-5.983229383104066379e+00,9.957765900496841738e+00,0.000000000000000000e+00
-6.090515993746716816e+00,9.746863044469641579e+00,0.000000000000000000e+00
-6.195571595933047959e+00,9.540343631382098621e+00,0.000000000000000000e+00
-6.298528057198482522e+00,9.337951856684853169e+00,0.000000000000000000e+00
-6.399508942831716674e+00,9.139445940833450521e+00,0.000000000000000000e+00
-6.498628471659107397e+00,8.944594736250811806e+00,0.000000000000000000e+00
-6.595999045308011510e+00,8.753186376489162868e+00,0.000000000000000000e+00
-6.691721781576609906e+00,8.565013299293143589e+00,0.000000000000000000e+00
-6.785896658366764811e+00,8.379884487957829364e+00,0.000000000000000000e+00
-6.878617197932151761e+00,8.197616757715959324e+00,0.000000000000000000e+00
-6.969969968250844694e+00,8.018033250754998065e+00,0.000000000000000000e+00
-7.060042187191006846e+00,7.840971208316399377e+00,0.000000000000000000e+00
-7.148912626737676135e+00,7.666270211613849028e+00,0.000000000000000000e+00
-7.236658019606030834e+00,7.493778749837673558e+00,0.000000000000000000e+00
-7.323354138458944007e+00,7.323354138458944895e+00,0.000000000000000000e+00
-7.409069142336255354e+00,7.154854902523594795e+00,0.000000000000000000e+00
-7.493871963087735288e+00,6.988148659163369025e+00,0.000000000000000000e+00
-7.577829256416123371e+00,6.823108109475574778e+00,0.000000000000000000e+00
-7.661001469710665646e+00,6.659606976010103097e+00,0.000000000000000000e+00
-7.743451117935712169e+00,6.497526977099155054e+00,0.000000000000000000e+00
-7.825238052885293172e+00,6.336752831176497125e+00,0.000000000000000000e+00
-7.906417003699310442e+00,6.177169962158580496e+00,0.000000000000000000e+00
-7.987045338792506222e+00,6.018670363401734669e+00,0.000000000000000000e+00
-8.067178075430284423e+00,5.861147952792542526e+00,0.000000000000000000e+00
-8.146865742064951732e+00,5.704496805376318314e+00,0.000000000000000000e+00
-8.226161740736856132e+00,5.548616155050331678e+00,0.000000000000000000e+00
-8.305117877328802578e+00,5.393406611937717976e+00,0.000000000000000000e+00
-8.383781791736613087e+00,5.238768294751679377e+00,0.000000000000000000e+00
-8.462203969573065976e+00,5.084605115495152816e+00,0.000000000000000000e+00
-8.540434367447751640e+00,4.930822081042289362e+00,0.000000000000000000e+00
-8.618518963553320589e+00,4.777323071614944183e+00,0.000000000000000000e+00
-8.696506280550263313e+00,4.624014411871860020e+00,0.000000000000000000e+00
-8.774445604937415766e+00,4.470803340920151747e+00,0.000000000000000000e+00
-8.852382425343192196e+00,4.317595395287572302e+00,0.000000000000000000e+00
-8.930364244950212083e+00,4.164297237533866713e+00,0.000000000000000000e+00
-9.008440739281024179e+00,4.010816227029951442e+00,0.000000000000000000e+00
-9.086658027911855839e+00,3.857057496357414461e+00,0.000000000000000000e+00
-9.165063615335363068e+00,3.702926062043066846e+00,0.000000000000000000e+00
-9.243708570721638651e+00,3.548327270648663490e+00,0.000000000000000000e+00
-9.322640722009234437e+00,3.393163727569340704e+00,0.000000000000000000e+00
-9.401908730658755431e+00,3.237336793594994599e+00,0.000000000000000000e+00
-9.481566094400315947e+00,3.080747575204775490e+00,0.000000000000000000e+00
-9.561663405025427664e+00,2.923293868696757336e+00,0.000000000000000000e+00
-9.642251804533580994e+00,2.764871213274543660e+00,0.000000000000000000e+00
-9.723388386841977038e+00,2.605374065948467432e+00,0.000000000000000000e+00
-9.805127566117613824e+00,2.444692873682721590e+00,0.000000000000000000e+00
-9.887524513096064283e+00,2.282714899048154500e+00,0.000000000000000000e+00
-9.970641300440686194e+00,2.119325232466789721e+00,0.000000000000000000e+00
-1.005453724881785149e+01,1.954404058661921573e+00,0.000000000000000000e+00
-1.013927349282249146e+01,1.787827481566761190e+00,0.000000000000000000e+00
-1.022491865949732137e+01,1.619468019248392343e+00,0.000000000000000000e+00
-1.031153815586842981e+01,1.449192179491306076e+00,0.000000000000000000e+00
-1.039920170075872896e+01,1.276861414568400077e+00,0.000000000000000000e+00
-1.048798601770979388e+01,1.102331749868498134e+00,0.000000000000000000e+00
-1.057796422205176690e+01,9.254519526123495821e-01,0.000000000000000000e+00
-1.066921809578480662e+01,7.460644073682448640e-01,0.000000000000000000e+00
-1.076183354246509261e+01,5.640037969743396662e-01,0.000000000000000000e+00
-1.085589470639224352e+01,3.790961966686097750e-01,0.000000000000000000e+00
-1.095149880212420079e+01,1.911591226523742248e-01,0.000000000000000000e+00
-1.104874162209489263e+01,1.353080606210464440e-15,0.000000000000000000e+00
-1.114772568348031534e+01,-1.945842756071090585e-01,0.000000000000000000e+00
-1.124856362153344058e+01,-3.928084973408275671e-01,0.000000000000000000e+00
-1.135136618442641954e+01,-5.948998935543944322e-01,0.000000000000000000e+00
-1.145626090614956638e+01,-8.010998019601106579e-01,0.000000000000000000e+00
-1.156337434010384690e+01,-1.011664166865646308e+00,0.000000000000000000e+00
-1.167284727812202405e+01,-1.226865686540048683e+00,0.000000000000000000e+00
-1.178482755313785901e+01,-1.446994876428481458e+00,0.000000000000000000e+00
-1.189947126480984529e+01,-1.672361624073498421e+00,0.000000000000000000e+00
-1.201694824971715114e+01,-1.903297622940365086e+00,0.000000000000000000e+00
-1.213743696526587890e+01,-2.140157613624647848e+00,0.000000000000000000e+00
-1.226113924068144989e+01,-2.383324035984269784e+00,0.000000000000000000e+00
-1.238825673884962164e+01,-2.633205257495359053e+00,0.000000000000000000e+00
-1.251899843451007222e+01,-2.890238523279096139e+00,0.000000000000000000e+00
-1.265362424420082732e+01,-3.154902861534641278e+00,0.000000000000000000e+00
-1.279246302269908142e+01,-3.427730136137217887e+00,0.000000000000000000e+00
-1.293565854598099030e+01,-3.709240399811537081e+00,0.000000000000000000e+00
-1.308335061850011272e+01,-3.999981700356625591e+00,0.000000000000000000e+00
-1.323676408472469390e+01,-4.300885365515389580e+00,0.000000000000000000e+00
-1.339540884600350701e+01,-4.612409156983658498e+00,0.000000000000000000e+00
-1.355375089907424346e+01,-4.933161889921802157e+00,0.000000000000000000e+00
-1.370094937895689213e+01,-5.259301712422370656e+00,0.000000000000000000e+00
-1.382662505396509722e+01,-5.586319136591338719e+00,0.000000000000000000e+00
-1.393136563591366617e+01,-5.913513867853254169e+00,0.000000000000000000e+00
-1.401755920714368919e+01,-6.241019457031152129e+00,0.000000000000000000e+00
-1.408563417390922545e+01,-6.568239085263625654e+00,0.000000000000000000e+00
-1.413547821743671307e+01,-6.894333381606757349e+00,0.000000000000000000e+00
-1.416701025663814839e+01,-7.218452269005734223e+00,0.000000000000000000e+00
-1.418018103881020764e+01,-7.539736001002654397e+00,0.000000000000000000e+00
-1.417499889987170114e+01,-7.857330194531924050e+00,0.000000000000000000e+00
-1.415165394253055986e+01,-8.170461213198450423e+00,0.000000000000000000e+00
-1.411058462322963081e+01,-8.478494611554529214e+00,0.000000000000000000e+00
-1.405229469993227376e+01,-8.780848281985553783e+00,0.000000000000000000e+00
-1.397730138847448522e+01,-9.076965654085437762e+00,0.000000000000000000e+00
-1.388611798209237058e+01,-9.366304844800071194e+00,0.000000000000000000e+00
-1.377891183120678598e+01,-9.648097932537947230e+00,0.000000000000000000e+00
-1.365554113345157639e+01,-9.921331376379097122e+00,0.000000000000000000e+00
-1.351648914437385507e+01,-1.018540513791337077e+01,0.000000000000000000e+00
-1.336314965966657020e+01,-1.044043675395562154e+01,0.000000000000000000e+00
-1.319531731696884691e+01,-1.068535727622295717e+01,0.000000000000000000e+00
-1.301225364770025550e+01,-1.091857723657049917e+01,0.000000000000000000e+00
-1.281535636250196575e+01,-1.114021932631175282e+01,0.000000000000000000e+00
-1.260560538271024633e+01,-1.135013806741492459e+01,0.000000000000000000e+00
-1.238336312872341516e+01,-1.154767293465545563e+01,0.000000000000000000e+00
-1.214895068541961543e+01,-1.173210530259443374e+01,0.000000000000000000e+00
-1.190288239903969014e+01,-1.190288239903968481e+01,0.000000000000000000e+00
-1.164575462118906479e+01,-1.205953193720788796e+01,0.000000000000000000e+00
-1.137829279094210122e+01,-1.220172516250572237e+01,0.000000000000000000e+00
-1.110117397124581373e+01,-1.232910274176169452e+01,0.000000000000000000e+00
-1.081541258126704363e+01,-1.244170894455023735e+01,0.000000000000000000e+00
-1.051919956763263997e+01,-1.253629387594165401e+01,0.000000000000000000e+00
-1.021529556391201154e+01,-1.261483944504005628e+01,0.000000000000000000e+00
-9.904975052296167704e+00,-1.267778993526768971e+01,0.000000000000000000e+00
-9.588439411290199388e+00,-1.272428886817371207e+01,0.000000000000000000e+00
-9.265441918089248219e+00,-1.275278674123378941e+01,0.000000000000000000e+00
-8.945126290168039063e+00,-1.277496428135996176e+01,0.000000000000000000e+00
-8.628299543750372891e+00,-1.279198012820059738e+01,0.000000000000000000e+00
-8.314733894231784106e+00,-1.280356740716911546e+01,0.000000000000000000e+00
-8.005225206981192443e+00,-1.281103831148178962e+01,0.000000000000000000e+00
-7.699690640171631628e+00,-1.281443715288396312e+01,0.000000000000000000e+00
-7.397620998393026781e+00,-1.281305542435510958e+01,0.000000000000000000e+00
-7.099346831152870685e+00,-1.280756071463463996e+01,0.000000000000000000e+00
-6.805014648721711801e+00,-1.279837114692039890e+01,0.000000000000000000e+00
-6.514576455931954335e+00,-1.278557619132856082e+01,0.000000000000000000e+00
-6.227914239047688483e+00,-1.276911648934586196e+01,0.000000000000000000e+00
-5.944837666409822141e+00,-1.274874551692176716e+01,0.000000000000000000e+00
-5.665628062970757384e+00,-1.272520897669603812e+01,0.000000000000000000e+00
-5.390223714955658885e+00,-1.269857129119758277e+01,0.000000000000000000e+00
-5.118593666032206890e+00,-1.266896389077622764e+01,0.000000000000000000e+00
-4.850696441066572717e+00,-1.263649625477165017e+01,0.000000000000000000e+00
-4.586492779850225077e+00,-1.260128534713016180e+01,0.000000000000000000e+00
-4.325943441283722102e+00,-1.256345199838656690e+01,0.000000000000000000e+00
-4.068985685913752093e+00,-1.252305025853850395e+01,0.000000000000000000e+00
-3.815569671508309391e+00,-1.248016605106160881e+01,0.000000000000000000e+00
-3.565700685003864834e+00,-1.243507607129591719e+01,0.000000000000000000e+00
-3.319325139146898973e+00,-1.238789006613686716e+01,0.000000000000000000e+00
-3.076389776933917464e+00,-1.233872546145114235e+01,0.000000000000000000e+00
-2.836837865044154583e+00,-1.228769477169451285e+01,0.000000000000000000e+00
-2.600610464813001066e+00,-1.223491029578397615e+01,0.000000000000000000e+00
-2.367645675520382742e+00,-1.218048106839313682e+01,0.000000000000000000e+00
-2.137879266063632322e+00,-1.212451581416433122e+01,0.000000000000000000e+00
-1.911240668211913851e+00,-1.206709866383149787e+01,0.000000000000000000e+00
-1.687645292044112955e+00,-1.200822021313490318e+01,0.000000000000000000e+00
-1.467040989168536536e+00,-1.194809003982711637e+01,0.000000000000000000e+00
-1.249354472956075934e+00,-1.188681378821729062e+01,0.000000000000000000e+00
-1.034507601454929038e+00,-1.182447599223401546e+01,0.000000000000000000e+00
-8.224216352125354179e-01,-1.176117732747370326e+01,0.000000000000000000e+00
-6.130120082365294598e-01,-1.169696592037988303e+01,0.000000000000000000e+00
-4.061989761069411675e-01,-1.163201676305942378e+01,0.000000000000000000e+00
-2.018855257785078239e-01,-1.156601402565641656e+01,0.000000000000000000e+00
-2.112086439286929913e-15,-1.149766305821099799e+01,0.000000000000000000e+00
1.994476902222464543e-01,-1.142635052017634223e+01,0.000000000000000000e+00
3.964346346628316309e-01,-1.135240260832486037e+01,0.000000000000000000e+00
5.909486829944944342e-01,-1.127597259565088983e+01,0.000000000000000000e+00
7.829806871645766941e-01,-1.119714549259159497e+01,0.000000000000000000e+00
9.725123830875120889e-01,-1.111586740377337534e+01,0.000000000000000000e+00
1.159479066967099570e+00,-1.103170642016699254e+01,0.000000000000000000e+00
1.343903510335859863e+00,-1.094521575394635882e+01,0.000000000000000000e+00
1.525819817553169644e+00,-1.085677213163161703e+01,0.000000000000000000e+00
1.705186707535553570e+00,-1.076612515750636589e+01,0.000000000000000000e+00
1.881912018124175301e+00,-1.067285341450773295e+01,0.000000000000000000e+00
2.056065557202165550e+00,-1.057754031940261719e+01,0.000000000000000000e+00
2.227676792770868275e+00,-1.048039531345621356e+01,0.000000000000000000e+00
2.396691730517304553e+00,-1.038121240883205054e+01,0.000000000000000000e+00
2.563049915727601658e+00,-1.027983173370093084e+01,0.000000000000000000e+00
2.726839186419653949e+00,-1.017670238778794989e+01,0.000000000000000000e+00
2.888075654842322315e+00,-1.007191675360239813e+01,0.000000000000000000e+00
3.046610117629093395e+00,-9.965012680747395990e+00,0.000000000000000000e+00
3.202539488559819958e+00,-9.856403061094221485e+00,0.000000000000000000e+00
3.355935657290451068e+00,-9.746344840683104138e+00,0.000000000000000000e+00
3.506695756469411229e+00,-9.634567407797044680e+00,0.000000000000000000e+00
3.654809454743980446e+00,-9.521104144093055055e+00,0.000000000000000000e+00
3.800320787309513726e+00,-9.406124019434447092e+00,0.000000000000000000e+00
3.943278407070773373e+00,-9.289781764399409170e+00,0.000000000000000000e+00
4.083680101249441918e+00,-9.172095680267151607e+00,0.000000000000000000e+00
4.221478115768975137e+00,-9.052989034046214911e+00,0.000000000000000000e+00
4.356660772424801209e+00,-8.932478318160393727e+00,0.000000000000000000e+00
4.489240717326910435e+00,-8.810630993567276192e+00,0.000000000000000000e+00
4.619257069319860243e+00,-8.687559020508006213e+00,0.000000000000000000e+00
4.746741406551993059e+00,-8.563348179344037803e+00,0.000000000000000000e+00
4.871695769528637143e+00,-8.438024591841957189e+00,0.000000000000000000e+00
4.994117768860053985e+00,-8.311607735155934762e+00,0.000000000000000000e+00
5.114006509707826886e+00,-8.184121199226147780e+00,0.000000000000000000e+00
5.231466853132711314e+00,-8.055752516496401228e+00,0.000000000000000000e+00
5.346751100243749555e+00,-7.926884489573930104e+00,0.000000000000000000e+00
5.460054668575144099e+00,-7.797766191628569210e+00,0.000000000000000000e+00
5.571453954049698787e+00,-7.668448493091642781e+00,0.000000000000000000e+00
5.680998772133535546e+00,-7.538940002191723444e+00,0.000000000000000000e+00
5.788700450304477663e+00,-7.409198702639518963e+00,0.000000000000000000e+00
5.894576897513864822e+00,-7.279196249717076128e+00,0.000000000000000000e+00
5.998702503633738914e+00,-7.148975259609391841e+00,0.000000000000000000e+00
6.101164420846789227e+00,-7.018586797003018241e+00,0.000000000000000000e+00
6.202018694223359496e+00,-6.888039579009079816e+00,0.000000000000000000e+00
6.301302104862523734e+00,-6.757319209667238091e+00,0.000000000000000000e+00
6.399047226169980895e+00,-6.626407382076473951e+00,0.000000000000000000e+00
6.495281164378922334e+00,-6.495281164378925887e+00,0.000000000000000000e+00
6.590032023473151312e+00,-6.363919950687175309e+00,0.000000000000000000e+00
6.683347375930106971e+00,-6.232322253953375579e+00,0.000000000000000000e+00
6.775282241499951397e+00,-6.100491531505888965e+00,0.000000000000000000e+00
6.865885584863434588e+00,-5.968423282285392872e+00,0.000000000000000000e+00
6.955195352108420437e+00,-5.836101854720111781e+00,0.000000000000000000e+00
7.043246957561966504e+00,-5.703508928082999141e+00,0.000000000000000000e+00
7.130072408188658173e+00,-5.570623088469933037e+00,0.000000000000000000e+00
7.215700637516181182e+00,-5.437420439729631738e+00,0.000000000000000000e+00
7.300159176662550209e+00,-5.303876103053946522e+00,0.000000000000000000e+00
7.383476247015808624e+00,-5.169965726352811153e+00,0.000000000000000000e+00
7.465679407603644790e+00,-5.035664344443778084e+00,0.000000000000000000e+00
7.546794778971872120e+00,-4.900945833767661242e+00,0.000000000000000000e+00
7.626847828819587782e+00,-4.765783459905557962e+00,0.000000000000000000e+00
7.705862650495544308e+00,-4.630149402318114227e+00,0.000000000000000000e+00
7.783861549381506428e+00,-4.494014560870195574e+00,0.000000000000000000e+00
7.860864704714972895e+00,-4.357348458069105313e+00,0.000000000000000000e+00
7.936890375297237732e+00,-4.220119470608755030e+00,0.000000000000000000e+00
8.011955677642875528e+00,-4.082295317980428884e+00,0.000000000000000000e+00
8.086080966086660382e+00,-3.943845200942591944e+00,0.000000000000000000e+00
8.159287114523500861e+00,-3.804738066587707301e+00,0.000000000000000000e+00
8.231592673353981482e+00,-3.664941183952771020e+00,0.000000000000000000e+00
8.303002767457309474e+00,-3.524415573704282600e+00,0.000000000000000000e+00
8.373510132663467331e+00,-3.383117695892467136e+00,0.000000000000000000e+00
8.443104727010798172e+00,-3.241004248736963245e+00,0.000000000000000000e+00
8.511781501772540892e+00,-3.098035107222878004e+00,0.000000000000000000e+00
8.579552024782133302e+00,-2.954176671787747122e+00,0.000000000000000000e+00
8.646429018971801383e+00,-2.809395090343706602e+00,0.000000000000000000e+00
8.712422605612571758e+00,-2.663654900369773149e+00,0.000000000000000000e+00
8.777528708446261874e+00,-2.516915855512432021e+00,0.000000000000000000e+00
8.841731626709375291e+00,-2.369134849069493232e+00,0.000000000000000000e+00
8.905013089388678083e+00,-2.220269128869662989e+00,0.000000000000000000e+00
8.967353098937197231e+00,-2.070276589135847001e+00,0.000000000000000000e+00
9.028732901718512949e+00,-1.919116421826294161e+00,0.000000000000000000e+00
9.089132829837971883e+00,-1.766748449257689479e+00,0.000000000000000000e+00
9.148531023066922785e+00,-1.613132853215115015e+00,0.000000000000000000e+00
9.206905384723651053e+00,-1.458230556480417439e+00,0.000000000000000000e+00
9.264241877986000517e+00,-1.302004286417007162e+00,0.000000000000000000e+00
9.320527744253883640e+00,-1.144416906461550365e+00,0.000000000000000000e+00
9.375748175078935986e+00,-9.854308419852326750e-01,0.000000000000000000e+00
9.429885010076281660e+00,-8.250080367347196741e-01,0.000000000000000000e+00
9.482902857839338395e+00,-6.631091648187120713e-01,0.000000000000000000e+00
9.534754196454686692e+00,-4.996952934458533391e-01,0.000000000000000000e+00
9.585389117997383579e+00,-3.347291638782923240e-01,0.000000000000000000e+00
9.634755558033296197e+00,-1.681752838329769184e-01,0.000000000000000000e+00
9.682799128988175852e+00,-2.371601792020429953e-15,0.000000000000000000e+00
