1.952209351517223013e+01,0.000000000000000000e+00,0.000000000000000000e+00
1.907178320431898300e+01,3.328992141282774986e-01,0.000000000000000000e+00
1.864153512990380079e+01,6.509767512436881454e-01,0.000000000000000000e+00
1.822977313276837208e+01,9.553819267220393652e-01,0.000000000000000000e+00
1.783510707932768824e+01,1.247152178728518912e+00,0.000000000000000000e+00
1.745625940549908961e+01,1.527224805548956121e+00,0.000000000000000000e+00
1.709208763229582217e+01,1.796450799686378774e+00,0.000000000000000000e+00
1.674154009353887318e+01,2.055602649223542855e+00,0.000000000000000000e+00
1.640366823505958394e+01,2.305385225936377847e+00,0.000000000000000000e+00
1.607759758453701338e+01,2.546441295190011722e+00,0.000000000000000000e+00
1.576253793416492677e+01,2.779360722233946035e+00,0.000000000000000000e+00
1.545774872728681260e+01,3.004681976183185110e+00,0.000000000000000000e+00
1.516257226974023098e+01,3.222904227729205928e+00,0.000000000000000000e+00
1.487637272086145401e+01,3.434481260574955730e+00,0.000000000000000000e+00
1.459859609366086630e+01,3.639838808346722576e+00,0.000000000000000000e+00
1.432870331644569717e+01,3.839364482226774289e+00,0.000000000000000000e+00
1.406620719506211259e+01,4.033420008311404459e+00,0.000000000000000000e+00
1.381066308093673811e+01,4.222343435130751388e+00,0.000000000000000000e+00
1.356163351501842129e+01,4.406441842121787467e+00,0.000000000000000000e+00
1.331873824607574797e+01,4.586009352301044117e+00,0.000000000000000000e+00
1.308161100912582064e+01,4.761317023570856399e+00,0.000000000000000000e+00
1.284989732944727159e+01,4.932613438672443174e+00,0.000000000000000000e+00
1.262328994156655071e+01,5.100140192714030185e+00,0.000000000000000000e+00
1.240148713643675826e+01,5.264118972964769938e+00,0.000000000000000000e+00
1.218419582552157365e+01,5.424753488938724111e+00,0.000000000000000000e+00
1.197116186899944879e+01,5.582244456527548415e+00,0.000000000000000000e+00
1.176213682826678841e+01,5.736777442316411957e+00,0.000000000000000000e+00
1.155687398390193543e+01,5.888521411398103922e+00,0.000000000000000000e+00
1.135515663662250496e+01,6.037643881685620606e+00,0.000000000000000000e+00
1.115677956584141306e+01,6.184303898409189593e+00,0.000000000000000000e+00
1.096153556921328764e+01,6.328645511616947772e+00,0.000000000000000000e+00
1.076923167562414285e+01,6.470807211066732734e+00,0.000000000000000000e+00
1.057969565318719773e+01,6.610927566205012873e+00,0.000000000000000000e+00
1.039275479258957091e+01,6.749133876547485755e+00,0.000000000000000000e+00
1.020823677577087452e+01,6.885542647201527089e+00,0.000000000000000000e+00
1.002598754194515607e+01,7.020272054866636857e+00,0.000000000000000000e+00
9.845861748475741138e+00,7.153437285128847911e+00,0.000000000000000000e+00
9.667712258477941134e+00,7.285143727604483921e+00,0.000000000000000000e+00
9.491393812458884582e+00,7.415489561188919332e+00,0.000000000000000000e+00
9.316776964885116641e+00,7.544577227003006037e+00,0.000000000000000000e+00
9.143735792337707835e+00,7.672505330933064194e+00,0.000000000000000000e+00
8.972142516328162287e+00,7.799364499241177917e+00,0.000000000000000000e+00
8.801870840000718843e+00,7.925240101723872499e+00,0.000000000000000000e+00
8.632806947030257305e+00,8.050222713819724873e+00,0.000000000000000000e+00
8.464838981174027666e+00,8.174399984669106445e+00,0.000000000000000000e+00
8.297853045978582642e+00,8.297853045978580866e+00,0.000000000000000000e+00
8.131735281091172496e+00,8.420658387290185232e+00,0.000000000000000000e+00
7.966381329931786937e+00,8.542898070343664330e+00,0.000000000000000000e+00
7.801688766960383603e+00,8.664653181388535685e+00,0.000000000000000000e+00
7.637552766381537239e+00,8.785999410928743814e+00,0.000000000000000000e+00
7.473867049466196733e+00,8.907007906772827610e+00,0.000000000000000000e+00
7.310531759552110209e+00,9.027754882630086186e+00,0.000000000000000000e+00
7.147449694974097767e+00,9.148318428603070984e+00,0.000000000000000000e+00
6.984520794692472556e+00,9.268772152096717676e+00,0.000000000000000000e+00
6.821642397532811763e+00,9.389185263883792487e+00,0.000000000000000000e+00
6.658714986041694317e+00,9.509630534779294209e+00,0.000000000000000000e+00
6.495642482429667020e+00,9.630186009863429319e+00,0.000000000000000000e+00
6.332325532873156249e+00,9.750926227539881808e+00,0.000000000000000000e+00
6.168661261195683920e+00,9.871921614249366428e+00,0.000000000000000000e+00
6.004546939325427601e+00,9.993244271929906830e+00,0.000000000000000000e+00
5.839883470682575073e+00,1.011497488150388868e+01,0.000000000000000000e+00
5.674568186330693820e+00,1.023719199868452101e+01,0.000000000000000000e+00
5.508493927218474973e+00,1.035997031311933547e+01,0.000000000000000000e+00
5.341551271190232875e+00,1.048338464053234098e+01,0.000000000000000000e+00
5.173633550778182766e+00,1.060752074408404333e+01,0.000000000000000000e+00
5.004630169356202529e+00,1.073246403277530092e+01,0.000000000000000000e+00
4.834424883848751797e+00,1.085829606980191464e+01,0.000000000000000000e+00
4.662897541143259161e+00,1.098509820389610248e+01,0.000000000000000000e+00
4.489929686037437584e+00,1.111296593867482230e+01,0.000000000000000000e+00
4.315398061477631941e+00,1.124199629975620596e+01,0.000000000000000000e+00
4.139172233073255214e+00,1.137228224560232981e+01,0.000000000000000000e+00
3.961116156560755552e+00,1.150391662962118922e+01,0.000000000000000000e+00
3.781092472979993069e+00,1.163700605662778997e+01,0.000000000000000000e+00
3.598956888498390683e+00,1.177165756255649498e+01,0.000000000000000000e+00
3.414556447728066768e+00,1.190797347511696636e+01,0.000000000000000000e+00
3.227733543698393159e+00,1.204606557837674430e+01,0.000000000000000000e+00
3.038330052087226285e+00,1.218607624270040901e+01,0.000000000000000000e+00
2.846177268388935921e+00,1.232814817196265977e+01,0.000000000000000000e+00
2.651094274409627083e+00,1.247241794645345969e+01,0.000000000000000000e+00
2.452885893650193605e+00,1.261900397489501913e+01,0.000000000000000000e+00
2.251344094406312113e+00,1.276800683231020805e+01,0.000000000000000000e+00
2.046250843569914046e+00,1.291951936299462567e+01,0.000000000000000000e+00
1.837389144539014474e+00,1.307370308729030306e+01,0.000000000000000000e+00
1.624555428309157667e+00,1.323094219959642359e+01,0.000000000000000000e+00
1.407519929383727275e+00,1.339165758473841805e+01,0.000000000000000000e+00
1.185992003009603613e+00,1.355595062505646453e+01,0.000000000000000000e+00
9.595352047799876605e-01,1.372199272512430923e+01,0.000000000000000000e+00
7.277976628627750300e-01,1.388720668609370890e+01,0.000000000000000000e+00
4.906101136936754092e-01,1.404923547889206503e+01,0.000000000000000000e+00
2.479899851406079381e-01,1.420733673351814197e+01,0.000000000000000000e+00
8.793848765496280213e-16,1.436144490251213846e+01,0.000000000000000000e+00
-2.532994186134652770e-01,1.451151397345912386e+01,0.000000000000000000e+00
-5.118534991768053377e-01,1.465756644617373183e+01,0.000000000000000000e+00
-7.756163108269534812e-01,1.479964084412065084e+01,0.000000000000000000e+00
-1.044542111454282773e+00,1.493764812698888456e+01,0.000000000000000000e+00
-1.318567087072455513e+00,1.507129076993782490e+01,0.000000000000000000e+00
-1.597613375283206016e+00,1.520027590938512496e+01,0.000000000000000000e+00
-1.881611565813066322e+00,1.532449643486534541e+01,0.000000000000000000e+00
-2.170503937557354934e+00,1.544393799961131997e+01,0.000000000000000000e+00
-2.464261455813652635e+00,1.555873449919875817e+01,0.000000000000000000e+00
-2.762910270842793281e+00,1.566924278826577854e+01,0.000000000000000000e+00
-3.066509550136101048e+00,1.577582402116398796e+01,0.000000000000000000e+00
-3.375142591417946036e+00,1.587879745936802323e+01,0.000000000000000000e+00
-3.688909438293655363e+00,1.597842223438809839e+01,0.000000000000000000e+00
-4.007842886170590369e+00,1.607457983246026956e+01,0.000000000000000000e+00
-4.331925965090247743e+00,1.616696779634364134e+01,0.000000000000000000e+00
-4.661153374171579600e+00,1.625537360204376114e+01,0.000000000000000000e+00
-4.995533902158997286e+00,1.633965514460306068e+01,0.000000000000000000e+00
-5.335067918571564149e+00,1.641965070269955262e+01,0.000000000000000000e+00
-5.679745066039206591e+00,1.649517740321666537e+01,0.000000000000000000e+00
-6.029553170549627694e+00,1.656606118548612727e+01,0.000000000000000000e+00
-6.384479817537227930e+00,1.663213855642451122e+01,0.000000000000000000e+00
-6.744507030933192482e+00,1.669324068503651759e+01,0.000000000000000000e+00
-7.109611439294003077e+00,1.674919492934840193e+01,0.000000000000000000e+00
-7.479780168779473826e+00,1.679986131979818964e+01,0.000000000000000000e+00
-7.855005617452765598e+00,1.684511390726892088e+01,0.000000000000000000e+00
-8.235221650999381637e+00,1.688470658730102159e+01,0.000000000000000000e+00
-8.620320787052493827e+00,1.691833213749365328e+01,0.000000000000000000e+00
-9.010198622977313221e+00,1.694571900826052158e+01,0.000000000000000000e+00
-9.404783777017520663e+00,1.696667906174156570e+01,0.000000000000000000e+00
-9.804114942941726696e+00,1.698122520442032268e+01,0.000000000000000000e+00
-1.020827478062397375e+01,1.698942226758871143e+01,0.000000000000000000e+00
-1.061734008638756954e+01,1.699129594681772559e+01,0.000000000000000000e+00
-1.103091779423694163e+01,1.698612383006430093e+01,0.000000000000000000e+00
-1.144846517112878104e+01,1.697304761209306534e+01,0.000000000000000000e+00
-1.187033106091628021e+01,1.695258964401660862e+01,0.000000000000000000e+00
-1.229681702580144353e+01,1.692511663365521812e+01,0.000000000000000000e+00
-1.272768586060097462e+01,1.689020961252183284e+01,0.000000000000000000e+00
-1.316240698699844813e+01,1.684711268252837968e+01,0.000000000000000000e+00
-1.360071661119328112e+01,1.679548627000163208e+01,0.000000000000000000e+00
-1.404348106386071748e+01,1.673636901038476665e+01,0.000000000000000000e+00
-1.449016928970495499e+01,1.666903296616066754e+01,0.000000000000000000e+00
-1.493945424144322232e+01,1.659194484526490854e+01,0.000000000000000000e+00
-1.539272897044885369e+01,1.650668090979980107e+01,0.000000000000000000e+00
-1.584991445043892533e+01,1.641306688441671469e+01,0.000000000000000000e+00
-1.630920688695216825e+01,1.630920688695217180e+01,0.000000000000000000e+00
-1.677208503891183611e+01,1.619661425218682282e+01,0.000000000000000000e+00
-1.723847554901157508e+01,1.607513851146850925e+01,0.000000000000000000e+00
-1.770630814064000802e+01,1.594283145941604118e+01,0.000000000000000000e+00
-1.817731997982694736e+01,1.580130318750548568e+01,0.000000000000000000e+00
-1.865130277480327337e+01,1.565030127931320969e+01,0.000000000000000000e+00
-1.912582136735869298e+01,1.548778476502697998e+01,0.000000000000000000e+00
-1.960118911910585027e+01,1.531412732119727060e+01,0.000000000000000000e+00
-2.007647355186306370e+01,1.512870795678803404e+01,0.000000000000000000e+00
-2.055015535005727401e+01,1.493056181893350853e+01,0.000000000000000000e+00
-2.102298272924802092e+01,1.472045098267201269e+01,0.000000000000000000e+00
-2.149473898336099964e+01,1.449838451158191965e+01,0.000000000000000000e+00
-2.196462480314911758e+01,1.426399412889940699e+01,0.000000000000000000e+00
-2.243239243343117906e+01,1.401731452165384439e+01,0.000000000000000000e+00
-2.289809309593646347e+01,1.375856239217509724e+01,0.000000000000000000e+00
-2.336147900063002680e+01,1.348775618968153189e+01,0.000000000000000000e+00
-2.382168793571916865e+01,1.320457724365236629e+01,0.000000000000000000e+00
-2.427878996316385241e+01,1.290926161274227724e+01,0.000000000000000000e+00
-2.473284754526195073e+01,1.260201526277678141e+01,0.000000000000000000e+00
-2.518313914194691705e+01,1.228263764191603080e+01,0.000000000000000000e+00
-2.562918683702321232e+01,1.195108609438921299e+01,0.000000000000000000e+00
-2.607097479792028238e+01,1.160754583399003437e+01,0.000000000000000000e+00
-2.650895933079148037e+01,1.125238563984561502e+01,0.000000000000000000e+00
-2.694199982810503968e+01,1.088527450700073018e+01,0.000000000000000000e+00
-2.737061067727615438e+01,1.050659305596265725e+01,0.000000000000000000e+00
-2.780344843603938543e+01,1.011962764067353682e+01,0.000000000000000000e+00
-2.824540431843661636e+01,9.725672655368896358e+00,0.000000000000000000e+00
-2.869594826588020453e+01,9.323878793664993836e+00,0.000000000000000000e+00
-2.915563651598549910e+01,8.913772620393258350e+00,0.000000000000000000e+00
-2.962525009883653482e+01,8.494903767792060023e+00,0.000000000000000000e+00
-3.010531996908056485e+01,8.066696173595698127e+00,0.000000000000000000e+00
-3.059650497500542343e+01,7.628565479399544991e+00,0.000000000000000000e+00
-3.109951910894615423e+01,7.179889721557274562e+00,0.000000000000000000e+00
-3.161510518788551138e+01,6.719998055573021212e+00,0.000000000000000000e+00
-3.214406834107733602e+01,6.248173941082567850e+00,0.000000000000000000e+00
-3.268727227127565982e+01,5.763648027189562484e+00,0.000000000000000000e+00
-3.324564424110587169e+01,5.265592756356201498e+00,0.000000000000000000e+00
-3.382018327073262043e+01,4.753116786656628179e+00,0.000000000000000000e+00
-3.441196733964717680e+01,4.225258299603675383e+00,0.000000000000000000e+00
-3.502216207830628747e+01,3.680977562590965757e+00,0.000000000000000000e+00
-3.565203145365855875e+01,3.119148583864809421e+00,0.000000000000000000e+00
-3.630294043201196530e+01,2.538548888585769436e+00,0.000000000000000000e+00
-3.697639734237323239e+01,1.937850870601127040e+00,0.000000000000000000e+00
-3.767395894907758702e+01,1.315603636302294710e+00,0.000000000000000000e+00
-3.839763100562622355e+01,6.702331422929435067e-01,0.000000000000000000e+00
-3.914763006405942036e+01,4.794201985215506663e-15,0.000000000000000000e+00
-3.913994197474070802e+01,-6.831902284557553884e-01,0.000000000000000000e+00
-3.964670953868596825e+01,-1.384493604906725794e+00,0.000000000000000000e+00
-4.013587974462744512e+01,-2.103432326987108691e+00,0.000000000000000000e+00
-4.060525624415328139e+01,-2.839396117302939171e+00,0.000000000000000000e+00
-4.105126335966666318e+01,-3.591520167387959983e+00,0.000000000000000000e+00
-4.147598229829618788e+01,-4.359301401355136996e+00,0.000000000000000000e+00
-4.188111372679576760e+01,-5.142354159069239650e+00,0.000000000000000000e+00
-4.226509250614630275e+01,-5.939971379587594136e+00,0.000000000000000000e+00
-4.262660174467158214e+01,-6.751390460266705418e+00,0.000000000000000000e+00
-4.296473757320729447e+01,-7.575842453215189565e+00,0.000000000000000000e+00
-4.327926492918825829e+01,-8.412636896188827151e+00,0.000000000000000000e+00
-4.357018260146026734e+01,-9.261128205101403665e+00,0.000000000000000000e+00
-4.383759278976695839e+01,-1.012070575067252243e+01,0.000000000000000000e+00
-4.408163050265090277e+01,-1.099078489529697578e+01,0.000000000000000000e+00
-4.430217438943326158e+01,-1.187073185059138858e+01,0.000000000000000000e+00
-4.449883970382284559e+01,-1.275983695669203044e+01,0.000000000000000000e+00
-4.467125084839967286e+01,-1.365737196349197546e+01,0.000000000000000000e+00
-4.481910215702816913e+01,-1.456260905829320329e+01,0.000000000000000000e+00
-4.494217470495567568e+01,-1.547483175220455820e+01,0.000000000000000000e+00
-4.504027438335852906e+01,-1.639331921872503628e+01,0.000000000000000000e+00
-4.511322724713163268e+01,-1.731734544455362013e+01,0.000000000000000000e+00
-4.516087965690366701e+01,-1.824617976317449575e+01,0.000000000000000000e+00
-4.518309840761703811e+01,-1.917908739235371129e+01,0.000000000000000000e+00
-4.517977084356757445e+01,-2.011532997522250099e+01,0.000000000000000000e+00
-4.515087054598387795e+01,-2.105419670795723519e+01,0.000000000000000000e+00
-4.509657923327724660e+01,-2.199507132491176264e+01,0.000000000000000000e+00
-4.501687503435729809e+01,-2.293724348671539914e+01,0.000000000000000000e+00
-4.491168568368518521e+01,-2.387996686983122530e+01,0.000000000000000000e+00
-4.478096043233524881e+01,-2.482249170039172270e+01,0.000000000000000000e+00
-4.462467018901988070e+01,-2.576406534612890553e+01,0.000000000000000000e+00
-4.444280764559055541e+01,-2.670393291325233065e+01,0.000000000000000000e+00
-4.423538738686012550e+01,-2.764133784788531756e+01,0.000000000000000000e+00
-4.400249561533627229e+01,-2.857555477223953844e+01,0.000000000000000000e+00
-4.374443498029352639e+01,-2.950599395866774088e+01,0.000000000000000000e+00
-4.346156713125549942e+01,-3.043211692771242838e+01,0.000000000000000000e+00
-4.315424267822857018e+01,-3.135339256959701615e+01,0.000000000000000000e+00
-4.282265285272869448e+01,-3.226918349331966596e+01,0.000000000000000000e+00
-4.246691477309467189e+01,-3.317879011430461134e+01,0.000000000000000000e+00
-4.208705478305853376e+01,-3.408142496752437012e+01,0.000000000000000000e+00
-4.168288465263591291e+01,-3.497609313843189938e+01,0.000000000000000000e+00
-4.125432757070596068e+01,-3.586183983474101922e+01,0.000000000000000000e+00
-4.080168660984165285e+01,-3.673800363767444566e+01,0.000000000000000000e+00
-4.032568722721181587e+01,-3.760431169824381925e+01,0.000000000000000000e+00
-3.982780421716149988e+01,-3.846126345772671584e+01,0.000000000000000000e+00
-3.930775181681480746e+01,-3.930775181681479324e+01,0.000000000000000000e+00
-3.876388885780727378e+01,-4.014118199266789588e+01,0.000000000000000000e+00
-3.819882173353682475e+01,-4.096322118685564106e+01,0.000000000000000000e+00
-3.761316223187816377e+01,-4.177364869702459771e+01,0.000000000000000000e+00
-3.700392033066253816e+01,-4.256814089171736271e+01,0.000000000000000000e+00
-3.637410215885755349e+01,-4.334896692520727157e+01,0.000000000000000000e+00
-3.572514645715067871e+01,-4.411688177673367761e+01,0.000000000000000000e+00
-3.505625661848171148e+01,-4.486996231483892217e+01,0.000000000000000000e+00
-3.436704227351503960e+01,-4.560660548347784982e+01,0.000000000000000000e+00
-3.365781571776179248e+01,-4.632600903647781365e+01,0.000000000000000000e+00
-3.293003642443406420e+01,-4.702896588150070301e+01,0.000000000000000000e+00
-3.218424419098627709e+01,-4.771510423863909978e+01,0.000000000000000000e+00
-3.142073399058308070e+01,-4.838368740943685964e+01,0.000000000000000000e+00
-3.063997018014893925e+01,-4.903420224808047578e+01,0.000000000000000000e+00
-2.984241395263454777e+01,-4.966611724518047311e+01,0.000000000000000000e+00
-2.902857272811341360e+01,-5.027896283630066421e+01,0.000000000000000000e+00
-2.819897990163024559e+01,-5.087230639248006980e+01,0.000000000000000000e+00
-2.735419479066747783e+01,-5.144575808104710291e+01,0.000000000000000000e+00
-2.649479614133072403e+01,-5.199896524819298094e+01,0.000000000000000000e+00
-2.562138219840156239e+01,-5.253161834795406548e+01,0.000000000000000000e+00
-2.473455414654997142e+01,-5.304342254299474035e+01,0.000000000000000000e+00
-2.383494886228857723e+01,-5.353417164882662149e+01,0.000000000000000000e+00
-2.292274417833562339e+01,-5.400260110370462030e+01,0.000000000000000000e+00
-2.199806720543128691e+01,-5.444712694073108850e+01,0.000000000000000000e+00
-2.106251624257308919e+01,-5.486973073846264981e+01,0.000000000000000000e+00
-2.011669248329832627e+01,-5.527015835197457250e+01,0.000000000000000000e+00
-1.916124389001137018e+01,-5.564829293517043141e+01,0.000000000000000000e+00
-1.819687893625510000e+01,-5.600423473008343223e+01,0.000000000000000000e+00
-1.722333465245282724e+01,-5.633498924700388244e+01,0.000000000000000000e+00
-1.624142685278970077e+01,-5.664058659500446424e+01,0.000000000000000000e+00
-1.525261673497726456e+01,-5.692354060331050647e+01,0.000000000000000000e+00
-1.425747507881022536e+01,-5.718360920645451273e+01,0.000000000000000000e+00
-1.325643564199743629e+01,-5.741993116231242311e+01,0.000000000000000000e+00
-1.224921531894212912e+01,-5.762802720697973768e+01,0.000000000000000000e+00
-1.123777230031913277e+01,-5.781332661816649932e+01,0.000000000000000000e+00
-1.022265577000742276e+01,-5.797556181665317609e+01,0.000000000000000000e+00
-9.204131876159253878e+00,-5.811260157436925766e+01,0.000000000000000000e+00
-8.182542649098479615e+00,-5.822181621751300895e+01,0.000000000000000000e+00
-7.159332303943836351e+00,-5.830808247630825747e+01,0.000000000000000000e+00
-6.135086470751177856e+00,-5.837144864089696483e+01,0.000000000000000000e+00
-5.109912901664801943e+00,-5.840657172858362145e+01,0.000000000000000000e+00
-4.084883051923653419e+00,-5.841654922325880506e+01,0.000000000000000000e+00
-3.060794547795628873e+00,-5.840343913954111343e+01,0.000000000000000000e+00
-2.038205922820479188e+00,-5.836658104862483754e+01,0.000000000000000000e+00
-1.017635151266634397e+00,-5.830027877017760574e+01,0.000000000000000000e+00
-1.069323054320978067e-14,-5.821123582001942509e+01,0.000000000000000000e+00
1.014125780485325201e+00,-5.809922705276952115e+01,0.000000000000000000e+00
2.024051711866835745e+00,-5.796125747873711020e+01,0.000000000000000000e+00
3.028989075438342393e+00,-5.779655457407437780e+01,0.000000000000000000e+00
4.028429904636913861e+00,-5.760923160477043581e+01,0.000000000000000000e+00
5.021781697677178080e+00,-5.739922745749999677e+01,0.000000000000000000e+00
6.008139809218676852e+00,-5.716363183683010618e+01,0.000000000000000000e+00
6.986711036592651247e+00,-5.690219507416393441e+01,0.000000000000000000e+00
7.957216211697877739e+00,-5.661853530717984029e+01,0.000000000000000000e+00
8.918999164737794416e+00,-5.631234448574876694e+01,0.000000000000000000e+00
9.871499237944433958e+00,-5.598405416052446526e+01,0.000000000000000000e+00
1.081332692037821097e+01,-5.562974443423176041e+01,0.000000000000000000e+00
1.174432547111829095e+01,-5.525270722693804970e+01,0.000000000000000000e+00
1.266404200542191205e+01,-5.485399241740616105e+01,0.000000000000000000e+00
1.357185947237684331e+01,-5.443375520443695592e+01,0.000000000000000000e+00
1.446715803074054563e+01,-5.399216881185174799e+01,0.000000000000000000e+00
1.534931198097586780e+01,-5.352941230547550333e+01,0.000000000000000000e+00
1.621771121535651972e+01,-5.304574319456849452e+01,0.000000000000000000e+00
1.707149886625328250e+01,-5.254067101557376418e+01,0.000000000000000000e+00
1.791000474306398615e+01,-5.201443059403207059e+01,0.000000000000000000e+00
1.873304337583643786e+01,-5.146861367277469412e+01,0.000000000000000000e+00
1.954004091571943746e+01,-5.090354691321028469e+01,0.000000000000000000e+00
2.033046805665189183e+01,-5.031967421081905911e+01,0.000000000000000000e+00
2.110379821834246528e+01,-4.971743296054924599e+01,0.000000000000000000e+00
2.185956248392366774e+01,-4.909738120034949560e+01,0.000000000000000000e+00
2.259725859955638327e+01,-4.845997745129277234e+01,0.000000000000000000e+00
2.331571452664203292e+01,-4.780429906314036259e+01,0.000000000000000000e+00
2.401475633291625655e+01,-4.713161306612780521e+01,0.000000000000000000e+00
2.469422940391876864e+01,-4.644309078128365087e+01,0.000000000000000000e+00
2.535378817108550820e+01,-4.573944463767405466e+01,0.000000000000000000e+00
2.599332054981962159e+01,-4.502175184971174815e+01,0.000000000000000000e+00
2.661227098593824891e+01,-4.429025658064902160e+01,0.000000000000000000e+00
2.720929866430522992e+01,-4.354398016347821709e+01,0.000000000000000000e+00
2.778365023980005333e+01,-4.278306957114678966e+01,0.000000000000000000e+00
2.833700646444642146e+01,-4.201133974868152876e+01,0.000000000000000000e+00
2.886831872182909464e+01,-4.122823184057628509e+01,0.000000000000000000e+00
2.937373468113039010e+01,-4.042947735182498548e+01,0.000000000000000000e+00
2.985541301415099724e+01,-3.961947123776771917e+01,0.000000000000000000e+00
3.031457127170406451e+01,-3.880088183273829117e+01,0.000000000000000000e+00
3.074942961972161726e+01,-3.797238320246890453e+01,0.000000000000000000e+00
3.115904816967402979e+01,-3.713390759802507546e+01,0.000000000000000000e+00
3.154306291157744369e+01,-3.628614304046346462e+01,0.000000000000000000e+00
3.190135952122018992e+01,-3.543004912433261211e+01,0.000000000000000000e+00
3.223392137613471675e+01,-3.456664868516267575e+01,0.000000000000000000e+00
3.254069432948241314e+01,-3.369687540997198738e+01,0.000000000000000000e+00
3.282162262776036243e+01,-3.282162262776037664e+01,0.000000000000000000e+00
3.307654854268007227e+01,-3.194165163702745858e+01,0.000000000000000000e+00
3.330514218168300999e+01,-3.105754753037918903e+01,0.000000000000000000e+00
3.350706760716374077e+01,-3.016989918605136367e+01,0.000000000000000000e+00
3.368205751243515067e+01,-2.927936589792328803e+01,0.000000000000000000e+00
3.383000498259567479e+01,-2.838674470362159852e+01,0.000000000000000000e+00
3.395084748846626610e+01,-2.749285420959882131e+01,0.000000000000000000e+00
3.404454602590541867e+01,-2.659851447098633415e+01,0.000000000000000000e+00
3.411108513044382562e+01,-2.570454635344714589e+01,0.000000000000000000e+00
3.415047287547434962e+01,-2.481177089552565107e+01,0.000000000000000000e+00
3.416274085403368588e+01,-2.392100867189923008e+01,0.000000000000000000e+00
3.414794414422176771e+01,-2.303307915793708460e+01,0.000000000000000000e+00
3.410547133574509360e+01,-2.214835205501290361e+01,0.000000000000000000e+00
3.403347065370023472e+01,-2.126647275060282638e+01,0.000000000000000000e+00
3.393550078152624394e+01,-2.039050600659813384e+01,0.000000000000000000e+00
3.381177935363972153e+01,-1.952123991160414818e+01,0.000000000000000000e+00
3.366126772952404878e+01,-1.865874538585016751e+01,0.000000000000000000e+00
3.348481944012223721e+01,-1.780419431379463191e+01,0.000000000000000000e+00
3.328314750252161502e+01,-1.695861069181171032e+01,0.000000000000000000e+00
3.305212255263050736e+01,-1.612059729019054899e+01,0.000000000000000000e+00
3.279389165704245812e+01,-1.529204282038424090e+01,0.000000000000000000e+00
3.251328202748027252e+01,-1.447584581216069743e+01,0.000000000000000000e+00
3.220381663044992848e+01,-1.366970914545808569e+01,0.000000000000000000e+00
3.187024114714920131e+01,-1.287641324713902513e+01,0.000000000000000000e+00
3.151073007161599193e+01,-1.209583599220235151e+01,0.000000000000000000e+00
3.112635336230242800e+01,-1.132906612512980438e+01,0.000000000000000000e+00
3.071718711542514058e+01,-1.057677572642642794e+01,0.000000000000000000e+00
3.028432820463645214e+01,-9.839974720868122304e+00,0.000000000000000000e+00
2.982830608648266946e+01,-9.119428346577835853e+00,0.000000000000000000e+00
2.934759668788708353e+01,-8.415287933362115780e+00,0.000000000000000000e+00
2.884556733152617269e+01,-7.729146471700011567e+00,0.000000000000000000e+00
2.831926828318195177e+01,-7.060786603025990260e+00,0.000000000000000000e+00
2.777106942869218642e+01,-6.411456564624600674e+00,0.000000000000000000e+00
2.720002050879460498e+01,-5.781542836703482457e+00,0.000000000000000000e+00
2.661045961874130938e+01,-5.172549366987706065e+00,0.000000000000000000e+00
2.599770145090364082e+01,-4.584096202197943448e+00,0.000000000000000000e+00
2.536572085790766806e+01,-4.017535501508128881e+00,0.000000000000000000e+00
2.471869178403348499e+01,-3.473985576079222870e+00,0.000000000000000000e+00
2.407315295159172308e+01,-2.955811514709666632e+00,0.000000000000000000e+00
2.343197966813366051e+01,-2.462800303780066535e+00,0.000000000000000000e+00
2.279583605976850436e+01,-1.994377230825215674e+00,0.000000000000000000e+00
2.217316276838146294e+01,-1.550498583097445371e+00,0.000000000000000000e+00
2.158440068734261530e+01,-1.131190507178986282e+00,0.000000000000000000e+00
2.102771137386757871e+01,-7.343038618258286299e-01,0.000000000000000000e+00
2.049929665067026718e+01,-3.578165540202619677e-01,0.000000000000000000e+00
1.999721691149855829e+01,-4.897905536504406617e-15,0.000000000000000000e+00
