2.638547172158000365e+01,0.000000000000000000e+00,0.000000000000000000e+00
2.603524648792037510e+01,4.544469178687989830e-01,0.000000000000000000e+00
2.568340847427250750e+01,8.968843870924704254e-01,0.000000000000000000e+00
2.533052620006375122e+01,1.327516626216233453e+00,0.000000000000000000e+00
2.497713099987993246e+01,1.746571142317028258e+00,0.000000000000000000e+00
2.462346675008409491e+01,2.154274197339884900e+00,0.000000000000000000e+00
2.426975526707445141e+01,2.550854067430983640e+00,0.000000000000000000e+00
2.391627336778667257e+01,2.936549123897517877e+00,0.000000000000000000e+00
2.356328111908029399e+01,3.311603196802644700e+00,0.000000000000000000e+00
2.321101047508134840e+01,3.676262903462708120e+00,0.000000000000000000e+00
2.285968519420206135e+01,4.030779270239649215e+00,0.000000000000000000e+00
2.250952167404925319e+01,4.375407781543867891e+00,0.000000000000000000e+00
2.216072489943064738e+01,4.710407488738225013e+00,0.000000000000000000e+00
2.181348880666388013e+01,5.036040702932208291e+00,0.000000000000000000e+00
2.146799843494317273e+01,5.352573174824909685e+00,0.000000000000000000e+00
2.112442908369859040e+01,5.660273713545556973e+00,0.000000000000000000e+00
2.078294568430698419e+01,5.959413777450958349e+00,0.000000000000000000e+00
2.044370382867155911e+01,6.250267503078780429e+00,0.000000000000000000e+00
2.010685475000878952e+01,6.533113137572025053e+00,0.000000000000000000e+00
1.977253747169550735e+01,6.808230636309385631e+00,0.000000000000000000e+00
1.944086547403313503e+01,7.075896360921563932e+00,0.000000000000000000e+00
1.911195207216653458e+01,7.336391039825323368e+00,0.000000000000000000e+00
1.878596015981995393e+01,7.590020582061674403e+00,0.000000000000000000e+00
1.846300812022291993e+01,7.837081978508061653e+00,0.000000000000000000e+00
1.814299245015368811e+01,8.077780676144621808e+00,0.000000000000000000e+00
1.782591747719717645e+01,8.312361833256078469e+00,0.000000000000000000e+00
1.751266284108398352e+01,8.541496380163065893e+00,0.000000000000000000e+00
1.720425788121850985e+01,8.766007230145929086e+00,0.000000000000000000e+00
1.690100586528719973e+01,8.986424223139175993e+00,0.000000000000000000e+00
1.660287965157857570e+01,9.203126471051000124e+00,0.000000000000000000e+00
1.630964732406657802e+01,9.416379272937698275e+00,0.000000000000000000e+00
1.602094406710588004e+01,9.626354369567158287e+00,0.000000000000000000e+00
1.573645703246702432e+01,9.833229707226648131e+00,0.000000000000000000e+00
1.545594294860846851e+01,1.003720671085386051e+01,0.000000000000000000e+00
1.517916181415045607e+01,1.023847392217382080e+01,0.000000000000000000e+00
1.490587660986415308e+01,1.043720716585067265e+01,0.000000000000000000e+00
1.463585068456476357e+01,1.063356795587267456e+01,0.000000000000000000e+00
1.436886471519665953e+01,1.082771620151557457e+01,0.000000000000000000e+00
1.410470951620802893e+01,1.101980681106584647e+01,0.000000000000000000e+00
1.384318003110100292e+01,1.120998615782955454e+01,0.000000000000000000e+00
1.358408333730759487e+01,1.139839931821623686e+01,0.000000000000000000e+00
1.332722698441373588e+01,1.158518166941740191e+01,0.000000000000000000e+00
1.307242845164321743e+01,1.177046744665370248e+01,0.000000000000000000e+00
1.281951076051840310e+01,1.195438718108749754e+01,0.000000000000000000e+00
1.256829815141865225e+01,1.213706444325349132e+01,0.000000000000000000e+00
1.231862455271215850e+01,1.231862455271215673e+01,0.000000000000000000e+00
1.207032370580695968e+01,1.249918609462802621e+01,0.000000000000000000e+00
1.182323364229911888e+01,1.267886580931273599e+01,0.000000000000000000e+00
1.157719802410858811e+01,1.285778101223080228e+01,0.000000000000000000e+00
1.133205879583169384e+01,1.303604242749573672e+01,0.000000000000000000e+00
1.108766374293115931e+01,1.321376309911477342e+01,0.000000000000000000e+00
1.084386172243738500e+01,1.339105400689721037e+01,0.000000000000000000e+00
1.060050051664896742e+01,1.356802193334325501e+01,0.000000000000000000e+00
1.035743308497049853e+01,1.374477794069000858e+01,0.000000000000000000e+00
1.011451016538467229e+01,1.392142892605736293e+01,0.000000000000000000e+00
9.871582877386806842e+00,1.409808140972955748e+01,0.000000000000000000e+00
9.628504958206928421e+00,1.427484563616898683e+01,0.000000000000000000e+00
9.385126288180744680e+00,1.445182715214473212e+01,0.000000000000000000e+00
9.141298229518696417e+00,1.462913519696059339e+01,0.000000000000000000e+00
8.896871410925349721e+00,1.480688054631396078e+01,0.000000000000000000e+00
8.651692267031654282e+00,1.498517057794958518e+01,0.000000000000000000e+00
8.405608736534896153e+00,1.516411957283564327e+01,0.000000000000000000e+00
8.158464663355175617e+00,1.534384040896492785e+01,0.000000000000000000e+00
7.910100513093817121e+00,1.552444636659960508e+01,0.000000000000000000e+00
7.660356390114155367e+00,1.570605813451755850e+01,0.000000000000000000e+00
7.409065894453592982e+00,1.588879308516707312e+01,0.000000000000000000e+00
7.156060403377152213e+00,1.607277482226492538e+01,0.000000000000000000e+00
6.901167258411820882e+00,1.625813121267490047e+01,0.000000000000000000e+00
6.644206592146881363e+00,1.644498838760463855e+01,0.000000000000000000e+00
6.384996115893289748e+00,1.663348355962600422e+01,0.000000000000000000e+00
6.123345301273405816e+00,1.682375294677223820e+01,0.000000000000000000e+00
5.859057552434271621e+00,1.701593867670829141e+01,0.000000000000000000e+00
5.591930253106724535e+00,1.721019168101880936e+01,0.000000000000000000e+00
5.321750487245640038e+00,1.740666151612665047e+01,0.000000000000000000e+00
5.048299444009767711e+00,1.760551239787369227e+01,0.000000000000000000e+00
4.771346851446545578e+00,1.780690887013230395e+01,0.000000000000000000e+00
4.490653005798897368e+00,1.801102545478363837e+01,0.000000000000000000e+00
4.205967332156361316e+00,1.821804602726257727e+01,0.000000000000000000e+00
3.917025961333268302e+00,1.842815827729726763e+01,0.000000000000000000e+00
3.623554045854656458e+00,1.864156951868702805e+01,0.000000000000000000e+00
3.325260021476513117e+00,1.885848670530133475e+01,0.000000000000000000e+00
3.021837650873389514e+00,1.907913204530392903e+01,0.000000000000000000e+00
2.712948163856987893e+00,1.930362922350581201e+01,0.000000000000000000e+00
2.398120053935432594e+00,1.953112049512327886e+01,0.000000000000000000e+00
2.076883306933528850e+00,1.976022471105662248e+01,0.000000000000000000e+00
1.748930159077693336e+00,1.999036319213476176e+01,0.000000000000000000e+00
1.414028937984195489e+00,2.022155591944474295e+01,0.000000000000000000e+00
1.071924653002644057e+00,2.045354082288903186e+01,0.000000000000000000e+00
7.223672164248260419e-01,2.068589057281596766e+01,0.000000000000000000e+00
3.651435146840773527e-01,2.091905794597159840e+01,0.000000000000000000e+00
1.295280612852083122e-15,2.115353771804095473e+01,0.000000000000000000e+00
-3.732898973223560124e-01,2.138576389474794581e+01,0.000000000000000000e+00
-7.546772201216171982e-01,2.161112802224943152e+01,0.000000000000000000e+00
-1.143960460983769689e+00,2.182806592138797086e+01,0.000000000000000000e+00
-1.540928978480653022e+00,2.203631104654784423e+01,0.000000000000000000e+00
-1.945433193752970968e+00,2.223640315612448504e+01,0.000000000000000000e+00
-2.357157889706662512e+00,2.242685923881542109e+01,0.000000000000000000e+00
-2.775655866090592561e+00,2.260590293828167319e+01,0.000000000000000000e+00
-3.200965334561828080e+00,2.277605182394268724e+01,0.000000000000000000e+00
-3.632914576064791401e+00,2.293731990731409454e+01,0.000000000000000000e+00
-4.070823217668281480e+00,2.308678570523979090e+01,0.000000000000000000e+00
-4.514800034083654268e+00,2.322663264664795690e+01,0.000000000000000000e+00
-4.964696012486282228e+00,2.335705834475060882e+01,0.000000000000000000e+00
-5.419631304855621501e+00,2.347500224449730766e+01,0.000000000000000000e+00
-5.879900079862689921e+00,2.358299113140915892e+01,0.000000000000000000e+00
-6.345327684408359481e+00,2.368108530888536123e+01,0.000000000000000000e+00
-6.814971119640026664e+00,2.376662871699128843e+01,0.000000000000000000e+00
-7.288993585370024952e+00,2.384122375482165879e+01,0.000000000000000000e+00
-7.767390414227604012e+00,2.390556960468117964e+01,0.000000000000000000e+00
-8.249615077296274634e+00,2.395862184412233375e+01,0.000000000000000000e+00
-8.734888901026639729e+00,2.399891001701549342e+01,0.000000000000000000e+00
-9.223510377636275237e+00,2.402806602287005688e+01,0.000000000000000000e+00
-9.715415986240216739e+00,2.404649838301367382e+01,0.000000000000000000e+00
-1.020984765410195649e+01,2.405289375061619594e+01,0.000000000000000000e+00
-1.070624536800694315e+01,2.404662080698528115e+01,0.000000000000000000e+00
-1.120484171347546720e+01,2.402886059776232841e+01,0.000000000000000000e+00
-1.170558753176102940e+01,2.400001108431234442e+01,0.000000000000000000e+00
-1.220775134070682810e+01,2.395906102986581132e+01,0.000000000000000000e+00
-1.271053982096086266e+01,2.390504863011954129e+01,0.000000000000000000e+00
-1.321427579141725772e+01,2.383918457904382748e+01,0.000000000000000000e+00
-1.371918882556087382e+01,2.376233208450263845e+01,0.000000000000000000e+00
-1.422449958650566515e+01,2.367354280852480031e+01,0.000000000000000000e+00
-1.472884231499216234e+01,2.357107492948288296e+01,0.000000000000000000e+00
-1.523295362891814975e+01,2.345669158858326142e+01,0.000000000000000000e+00
-1.573716445942663711e+01,2.333130578261183175e+01,0.000000000000000000e+00
-1.624057821531694046e+01,2.319394940654431281e+01,0.000000000000000000e+00
-1.674198315362732359e+01,2.304336292548561715e+01,0.000000000000000000e+00
-1.724184808615015285e+01,2.288070521789133238e+01,0.000000000000000000e+00
-1.774052937487136816e+01,2.270684212404211877e+01,0.000000000000000000e+00
-1.823732127590868757e+01,2.252121618643584355e+01,0.000000000000000000e+00
-1.873099553628734881e+01,2.232273122323655556e+01,0.000000000000000000e+00
-1.922184807394019401e+01,2.211220675266280367e+01,0.000000000000000000e+00
-1.971044378398803687e+01,2.189066553933438186e+01,0.000000000000000000e+00
-2.019604172257930941e+01,2.165760320964704633e+01,0.000000000000000000e+00
-2.067698713255913034e+01,2.141164697362254188e+01,0.000000000000000000e+00
-2.115426303002119113e+01,2.115426303002119468e+01,0.000000000000000000e+00
-2.162812523921031271e+01,2.088603776362695186e+01,0.000000000000000000e+00
-2.209757468325933871e+01,2.060632175919300124e+01,0.000000000000000000e+00
-2.256141383471280903e+01,2.031438826185266322e+01,0.000000000000000000e+00
-2.302107804663775070e+01,2.001191783617447939e+01,0.000000000000000000e+00
-2.347611066181625716e+01,1.969879579780704049e+01,0.000000000000000000e+00
-2.392396128982920089e+01,1.937324186327912656e+01,0.000000000000000000e+00
-2.436688932335656688e+01,1.903750039101848301e+01,0.000000000000000000e+00
-2.480461662380307786e+01,1.869161931811389721e+01,0.000000000000000000e+00
-2.523446041169422926e+01,1.833390866036353017e+01,0.000000000000000000e+00
-2.565825062780885446e+01,1.796610050686578930e+01,0.000000000000000000e+00
-2.607622881800857328e+01,1.758863842487871310e+01,0.000000000000000000e+00
-2.648621737045848690e+01,1.720035067545553886e+01,0.000000000000000000e+00
-2.688848774544959142e+01,1.680179191132098282e+01,0.000000000000000000e+00
-2.728368258004815416e+01,1.639369040439920866e+01,0.000000000000000000e+00
-2.767153547270412517e+01,1.597616845405599939e+01,0.000000000000000000e+00
-2.805149338353760768e+01,1.554919668926235943e+01,0.000000000000000000e+00
-2.842292289877661915e+01,1.511273618066655899e+01,0.000000000000000000e+00
-2.878557937124556787e+01,1.466698526809145697e+01,0.000000000000000000e+00
-2.913937646317855368e+01,1.421222351158120567e+01,0.000000000000000000e+00
-2.948427823264396253e+01,1.374874473505460948e+01,0.000000000000000000e+00
-2.982020472476338924e+01,1.327681054523781157e+01,0.000000000000000000e+00
-3.014694745870294668e+01,1.279661998181356175e+01,0.000000000000000000e+00
-3.046425931611286941e+01,1.230835971435260667e+01,0.000000000000000000e+00
-3.077184472864487219e+01,1.181220448302090986e+01,0.000000000000000000e+00
-3.106941225327259914e+01,1.130834125633685083e+01,0.000000000000000000e+00
-3.135669562027530688e+01,1.079697616357990775e+01,0.000000000000000000e+00
-3.163347083446133823e+01,1.027833773432568165e+01,0.000000000000000000e+00
-3.189972462610019832e+01,9.752724548281234362e+00,0.000000000000000000e+00
-3.215552395865522328e+01,9.220448121801201324e+00,0.000000000000000000e+00
-3.240075998179107586e+01,8.681757471275565408e+00,0.000000000000000000e+00
-3.263509068032943361e+01,8.136841981932636969e+00,0.000000000000000000e+00
-3.285818016581004031e+01,7.585908618558410588e+00,0.000000000000000000e+00
-3.306993177367861847e+01,7.029230992475341111e+00,0.000000000000000000e+00
-3.327041322870491769e+01,6.467113208535305802e+00,0.000000000000000000e+00
-3.345969335614054785e+01,5.899846704919345264e+00,0.000000000000000000e+00
-3.363755272593377299e+01,5.327664962384105252e+00,0.000000000000000000e+00
-3.380345013979638935e+01,4.750765098467666370e+00,0.000000000000000000e+00
-3.395682978328402157e+01,4.169374434595203738e+00,0.000000000000000000e+00
-3.409713918098649543e+01,3.583753738364928498e+00,0.000000000000000000e+00
-3.422383059992521481e+01,2.994197199925095365e+00,0.000000000000000000e+00
-3.433636245359755890e+01,2.401032360116935660e+00,0.000000000000000000e+00
-3.443420070520608789e+01,1.804619990346381542e+00,0.000000000000000000e+00
-3.451682026860967056e+01,1.205353924188195203e+00,0.000000000000000000e+00
-3.458370640553237507e+01,6.036608407669794563e-01,0.000000000000000000e+00
-3.463435611756819554e+01,4.241485335990943672e-15,0.000000000000000000e+00
-3.468813601181890505e+01,-6.054836663251306206e-01,0.000000000000000000e+00
-3.464151846232731202e+01,-1.209708481067052865e+00,0.000000000000000000e+00
-3.459496934603741636e+01,-1.813045517790695893e+00,0.000000000000000000e+00
-3.454846026206321596e+01,-2.415863683683120211e+00,0.000000000000000000e+00
-3.450196284598776941e+01,-3.018530618416547462e+00,0.000000000000000000e+00
-3.445544876185631722e+01,-3.621413592850592167e+00,0.000000000000000000e+00
-3.440888963305291526e+01,-4.224880404750917862e+00,0.000000000000000000e+00
-3.436225697299391157e+01,-4.829300277242637662e+00,0.000000000000000000e+00
-3.431546986000378041e+01,-5.435036488250186260e+00,0.000000000000000000e+00
-3.426236933452792499e+01,-6.041380136675612356e+00,0.000000000000000000e+00
-3.419858574941743967e+01,-6.647531670044532603e+00,0.000000000000000000e+00
-3.412382913205026824e+01,-7.253243791323929379e+00,0.000000000000000000e+00
-3.403781713002535270e+01,-7.858249270671658238e+00,0.000000000000000000e+00
-3.394027587287657610e+01,-8.462261199330901817e+00,0.000000000000000000e+00
-3.383094082567009053e+01,-9.064973273423385436e+00,0.000000000000000000e+00
-3.370955763357545010e+01,-9.666060107398353196e+00,0.000000000000000000e+00
-3.357588295650853638e+01,-1.026517757686955967e+01,0.000000000000000000e+00
-3.342976045487972669e+01,-1.086198761213835695e+01,0.000000000000000000e+00
-3.327135362935401020e+01,-1.145624578611191247e+01,0.000000000000000000e+00
-3.310090917595886850e+01,-1.204774566719803275e+01,0.000000000000000000e+00
-3.291867521021918463e+01,-1.263629549421505693e+01,0.000000000000000000e+00
-3.272488259883888162e+01,-1.322171080730747228e+01,0.000000000000000000e+00
-3.251961377435123524e+01,-1.380375708007506041e+01,0.000000000000000000e+00
-3.230288242523112530e+01,-1.438216987386185686e+01,0.000000000000000000e+00
-3.207470957970877379e+01,-1.495668271011569317e+01,0.000000000000000000e+00
-3.183514813882951699e+01,-1.552703920912897217e+01,0.000000000000000000e+00
-3.158428380441693406e+01,-1.609299640240512375e+01,0.000000000000000000e+00
-3.132221034052406239e+01,-1.665431465854134885e+01,0.000000000000000000e+00
-3.104904255801037039e+01,-1.721076532884737986e+01,0.000000000000000000e+00
-3.076490958800379261e+01,-1.776212883222849470e+01,0.000000000000000000e+00
-3.046988723264880150e+01,-1.830815530430931659e+01,0.000000000000000000e+00
-3.016392524651866935e+01,-1.884851241983351144e+01,0.000000000000000000e+00
-2.984702274507487019e+01,-1.938288320499042783e+01,0.000000000000000000e+00
-2.951946685933993209e+01,-1.991113180927253623e+01,0.000000000000000000e+00
-2.918160802437916246e+01,-2.043318191575123421e+01,0.000000000000000000e+00
-2.883365547400089923e+01,-2.094887693971621800e+01,0.000000000000000000e+00
-2.847570544403111725e+01,-2.145798316688381746e+01,0.000000000000000000e+00
-2.810752053933883587e+01,-2.196000179412774500e+01,0.000000000000000000e+00
-2.772894297116173945e+01,-2.245445527542170794e+01,0.000000000000000000e+00
-2.734048263750900531e+01,-2.294138889734263387e+01,0.000000000000000000e+00
-2.694279456730595257e+01,-2.342101399706615084e+01,0.000000000000000000e+00
-2.653645571767811262e+01,-2.389353204952791287e+01,0.000000000000000000e+00
-2.612084387843445654e+01,-2.435808097928671145e+01,0.000000000000000000e+00
-2.569504316088220364e+01,-2.481341474864722585e+01,0.000000000000000000e+00
-2.526076041282825813e+01,-2.526076041282824747e+01,0.000000000000000000e+00
-2.481844354973463140e+01,-2.570025063685022104e+01,0.000000000000000000e+00
-2.436667095957053064e+01,-2.613005550451051562e+01,0.000000000000000000e+00
-2.390706523704669095e+01,-2.655148584510198262e+01,0.000000000000000000e+00
-2.343990528541162988e+01,-2.696452650859027145e+01,0.000000000000000000e+00
-2.296349163035308649e+01,-2.736682364898035047e+01,0.000000000000000000e+00
-2.247960995813070895e+01,-2.776000641731266327e+01,0.000000000000000000e+00
-2.198889487578509261e+01,-2.814450199743441416e+01,0.000000000000000000e+00
-2.149060845895658289e+01,-2.851900066893011143e+01,0.000000000000000000e+00
-2.098462238183077844e+01,-2.888285485426661481e+01,0.000000000000000000e+00
-2.047184400933727133e+01,-2.923682321627050129e+01,0.000000000000000000e+00
-1.995295607820086659e+01,-2.958147388798961330e+01,0.000000000000000000e+00
-1.942764251348199522e+01,-2.991594603602561619e+01,0.000000000000000000e+00
-1.889521798847055223e+01,-3.023866978070699929e+01,0.000000000000000000e+00
-1.835682614739339513e+01,-3.055088911818231523e+01,0.000000000000000000e+00
-1.781290219410647069e+01,-3.085285163044750334e+01,0.000000000000000000e+00
-1.726354913698196114e+01,-3.114426706859025273e+01,0.000000000000000000e+00
-1.670897723086498843e+01,-3.142501568695704606e+01,0.000000000000000000e+00
-1.614917589763362926e+01,-3.169454227194631812e+01,0.000000000000000000e+00
-1.558403410577097148e+01,-3.195200499436496600e+01,0.000000000000000000e+00
-1.501432433472018424e+01,-3.219832244258246590e+01,0.000000000000000000e+00
-1.444036370955405246e+01,-3.243358792021030723e+01,0.000000000000000000e+00
-1.386231491048919295e+01,-3.265756737766984230e+01,0.000000000000000000e+00
-1.328042340828734069e+01,-3.287020138565401339e+01,0.000000000000000000e+00
-1.269491502477407252e+01,-3.307138430825592934e+01,0.000000000000000000e+00
-1.210602008058423706e+01,-3.326101681086935002e+01,0.000000000000000000e+00
-1.151387699471972503e+01,-3.343872681228643984e+01,0.000000000000000000e+00
-1.091858019753499676e+01,-3.360393452328116126e+01,0.000000000000000000e+00
-1.032066098757679029e+01,-3.375736101570261383e+01,0.000000000000000000e+00
-9.720392543402873287e+00,-3.389903735566668530e+01,0.000000000000000000e+00
-9.118004428179730780e+00,-3.402885578960478341e+01,0.000000000000000000e+00
-8.513751420087121602e+00,-3.414679186854914406e+01,0.000000000000000000e+00
-7.907881635734256953e+00,-3.425279852187761520e+01,0.000000000000000000e+00
-7.300647375291987373e+00,-3.434684546048345766e+01,0.000000000000000000e+00
-6.692301887760006451e+00,-3.442890855276130679e+01,0.000000000000000000e+00
-6.083098342481195964e+00,-3.449896503666023051e+01,0.000000000000000000e+00
-5.473293783296750092e+00,-3.455701691455131197e+01,0.000000000000000000e+00
-4.863138961496948021e+00,-3.460303172238250369e+01,0.000000000000000000e+00
-4.252907312305292287e+00,-3.463715047748073061e+01,0.000000000000000000e+00
-3.643010853169749819e+00,-3.466093296774539567e+01,0.000000000000000000e+00
-3.033753952807567433e+00,-3.467596635429943319e+01,0.000000000000000000e+00
-2.425225641855610625e+00,-3.468234250139692421e+01,0.000000000000000000e+00
-1.817504527089632171e+00,-3.468005231196177363e+01,0.000000000000000000e+00
-1.210673293976505027e+00,-3.466914708917226307e+01,0.000000000000000000e+00
-6.048119274458776395e-01,-3.464965211720001292e+01,0.000000000000000000e+00
-6.359885181880915933e-15,-3.462160238804590051e+01,0.000000000000000000e+00
6.036839275801824112e-01,-3.458502904817556356e+01,0.000000000000000000e+00
1.206162186001944914e+00,-3.453996585862655166e+01,0.000000000000000000e+00
1.807357799090117512e+00,-3.448644120807008306e+01,0.000000000000000000e+00
2.407195305375203542e+00,-3.442449667689458437e+01,0.000000000000000000e+00
3.005598214974642968e+00,-3.435414479824641631e+01,0.000000000000000000e+00
3.602465471248767148e+00,-3.427516942721364046e+01,0.000000000000000000e+00
4.197681790136491564e+00,-3.418737469327207634e+01,0.000000000000000000e+00
4.791210756545341454e+00,-3.409123595068425772e+01,0.000000000000000000e+00
5.382985761515691081e+00,-3.398683450524393379e+01,0.000000000000000000e+00
5.972930677984334302e+00,-3.387417316388951605e+01,0.000000000000000000e+00
6.560975632761546272e+00,-3.375329354020686878e+01,0.000000000000000000e+00
7.147050082602587118e+00,-3.362422701256273427e+01,0.000000000000000000e+00
7.731081181941968694e+00,-3.348699162171388366e+01,0.000000000000000000e+00
8.313007976796455978e+00,-3.334165389366665266e+01,0.000000000000000000e+00
8.892744934148355540e+00,-3.318817591299236369e+01,0.000000000000000000e+00
9.470092654345354077e+00,-3.302613790727564691e+01,0.000000000000000000e+00
1.004497524564469479e+01,-3.285563358482532692e+01,0.000000000000000000e+00
1.061742388835608608e+01,-3.267707070840481975e+01,0.000000000000000000e+00
1.118738845678946348e+01,-3.249053524899293421e+01,0.000000000000000000e+00
1.175479734245937813e+01,-3.229604026867239952e+01,0.000000000000000000e+00
1.231957485649044060e+01,-3.209358974032003431e+01,0.000000000000000000e+00
1.288169131551619984e+01,-3.188330482480102646e+01,0.000000000000000000e+00
1.344102354647764486e+01,-3.166506712106215105e+01,0.000000000000000000e+00
1.399712367009251324e+01,-3.143805449191290080e+01,0.000000000000000000e+00
1.455021366618189305e+01,-3.120303390201981131e+01,0.000000000000000000e+00
1.510032565345690792e+01,-3.096025569638109687e+01,0.000000000000000000e+00
1.564736413844281948e+01,-3.070968124157244006e+01,0.000000000000000000e+00
1.619132236646058587e+01,-3.045144848355645095e+01,0.000000000000000000e+00
1.673204696717217743e+01,-3.018541177222304128e+01,0.000000000000000000e+00
1.726912050459721115e+01,-2.991099411599184776e+01,0.000000000000000000e+00
1.780256912695201876e+01,-2.962845053111301752e+01,0.000000000000000000e+00
1.833255591663853679e+01,-2.933822223897247738e+01,0.000000000000000000e+00
1.885910320406971152e+01,-2.904047227291032485e+01,0.000000000000000000e+00
1.938208648981175841e+01,-2.873512491813306013e+01,0.000000000000000000e+00
1.990120117677250278e+01,-2.842186079238147656e+01,0.000000000000000000e+00
2.041599129153033587e+01,-2.810020130215929157e+01,0.000000000000000000e+00
2.092686929763624448e+01,-2.777089353415535200e+01,0.000000000000000000e+00
2.143409004991225686e+01,-2.743438420305810865e+01,0.000000000000000000e+00
2.193727762812700988e+01,-2.709028176509403707e+01,0.000000000000000000e+00
2.243580017520730152e+01,-2.673794546152911167e+01,0.000000000000000000e+00
2.292972080614421770e+01,-2.637762640178658557e+01,0.000000000000000000e+00
2.342006494864717325e+01,-2.601061723008009707e+01,0.000000000000000000e+00
2.390467164936887201e+01,-2.563462190019733455e+01,0.000000000000000000e+00
2.437841589804325082e+01,-2.524458866461777973e+01,0.000000000000000000e+00
2.483895533191372706e+01,-2.483895533191373772e+01,0.000000000000000000e+00
2.528632813896516751e+01,-2.441872323988693338e+01,0.000000000000000000e+00
2.572013502407791563e+01,-2.398441392745029788e+01,0.000000000000000000e+00
2.613828561514230486e+01,-2.353501807888617847e+01,0.000000000000000000e+00
2.654095311063185392e+01,-2.307169854807460396e+01,0.000000000000000000e+00
2.692861427103696315e+01,-2.259579030294236901e+01,0.000000000000000000e+00
2.730069145552224086e+01,-2.210766403586529094e+01,0.000000000000000000e+00
2.765647101701352639e+01,-2.160760328549231701e+01,0.000000000000000000e+00
2.799523439609310316e+01,-2.109592226275301030e+01,0.000000000000000000e+00
2.831638646053190556e+01,-2.057305900301163604e+01,0.000000000000000000e+00
2.861946545336444458e+01,-2.003956544997816991e+01,0.000000000000000000e+00
2.890443052645013822e+01,-1.949628456457087111e+01,0.000000000000000000e+00
2.917136636407308004e+01,-1.894410682077551300e+01,0.000000000000000000e+00
2.942005545853674775e+01,-1.838369098751237019e+01,0.000000000000000000e+00
2.965011943049684717e+01,-1.781558911524944477e+01,0.000000000000000000e+00
2.986111904461596822e+01,-1.724032511871250861e+01,0.000000000000000000e+00
3.005245683433929216e+01,-1.665834884166789109e+01,0.000000000000000000e+00
3.022351749032887724e+01,-1.607012930759352898e+01,0.000000000000000000e+00
3.037382970160273743e+01,-1.547623923157637549e+01,0.000000000000000000e+00
3.050358096738725067e+01,-1.487759050575211006e+01,0.000000000000000000e+00
3.061318359326677907e+01,-1.427516195004527866e+01,0.000000000000000000e+00
3.070309011583729841e+01,-1.366989644718374919e+01,0.000000000000000000e+00
3.077379161024066789e+01,-1.306269953782962112e+01,0.000000000000000000e+00
3.082581597592517397e+01,-1.245443808704213851e+01,0.000000000000000000e+00
3.085379990179601251e+01,-1.184366412647875322e+01,0.000000000000000000e+00
3.086083153762610465e+01,-1.123242408439957352e+01,0.000000000000000000e+00
3.084684998193258210e+01,-1.062142223178323164e+01,0.000000000000000000e+00
3.080821408270374917e+01,-1.001019556123045717e+01,0.000000000000000000e+00
3.075028641014722908e+01,-9.401306019223278909e+00,0.000000000000000000e+00
3.067266196296495195e+01,-8.795244286819920987e+00,0.000000000000000000e+00
3.057494513924447332e+01,-8.192531858686434632e+00,0.000000000000000000e+00
3.045675110251894324e+01,-7.593720925482894124e+00,0.000000000000000000e+00
3.031770714806835443e+01,-6.999394208349107416e+00,0.000000000000000000e+00
3.015745406799668871e+01,-6.410164745415015020e+00,0.000000000000000000e+00
2.997571730672162715e+01,-5.826689196705403084e+00,0.000000000000000000e+00
2.977289296954548448e+01,-5.249764324276267935e+00,0.000000000000000000e+00
2.954976027522600646e+01,-4.680222242915894171e+00,0.000000000000000000e+00
2.930710520798434260e+01,-4.118845028640936157e+00,0.000000000000000000e+00
2.904496102266959667e+01,-3.566272785610483442e+00,0.000000000000000000e+00
2.876247621617819306e+01,-3.023058067048615349e+00,0.000000000000000000e+00
2.845911627966950164e+01,-2.489850048437155294e+00,0.000000000000000000e+00
2.813629340572265747e+01,-1.967481297769385185e+00,0.000000000000000000e+00
2.779653102168487777e+01,-1.456754462618683910e+00,0.000000000000000000e+00
2.744613297798526119e+01,-9.584400831640749185e-01,0.000000000000000000e+00
2.709260654101525745e+01,-4.729032062480991727e-01,0.000000000000000000e+00
2.673787902231970293e+01,-6.548891592134597176e-15,0.000000000000000000e+00
