2.582464825826385280e+01,0.000000000000000000e+00,0.000000000000000000e+00
2.549483950496784246e+01,4.450140788937003711e-01,0.000000000000000000e+00
2.516378852932200516e+01,8.787388587715393440e-01,0.000000000000000000e+00
2.483159532373153411e+01,1.301368766971920277e+00,0.000000000000000000e+00
2.449877540874563309e+01,1.713121260853653238e+00,0.000000000000000000e+00
2.416562124723437321e+01,2.114217906194208130e+00,0.000000000000000000e+00
2.383231991414415774e+01,2.504877759183073760e+00,0.000000000000000000e+00
2.349913749601973834e+01,2.885331279045765029e+00,0.000000000000000000e+00
2.316633807937883560e+01,3.255816490673697494e+00,0.000000000000000000e+00
2.283403778051100375e+01,3.616556294215552025e+00,0.000000000000000000e+00
2.250235495868409430e+01,3.967772308694920813e+00,0.000000000000000000e+00
2.217161553821271980e+01,4.309725482400430963e+00,0.000000000000000000e+00
2.184214290649992662e+01,4.642690795710886498e+00,0.000000000000000000e+00
2.151410387724134310e+01,4.966922245826172144e+00,0.000000000000000000e+00
2.118763966383090391e+01,5.282671882343919378e+00,0.000000000000000000e+00
2.086291901155908590e+01,5.590202300903173160e+00,0.000000000000000000e+00
2.054010297276984076e+01,5.889779750452524887e+00,0.000000000000000000e+00
2.021933344173352509e+01,6.181670591781072588e+00,0.000000000000000000e+00
1.990074105288863038e+01,6.466142737714302591e+00,0.000000000000000000e+00
1.958444722011287809e+01,6.743465968898885166e+00,0.000000000000000000e+00
1.927056566048552000e+01,7.013912297889149272e+00,0.000000000000000000e+00
1.895920592034750740e+01,7.277757285651937913e+00,0.000000000000000000e+00
1.865045896382006418e+01,7.535274545245689737e+00,0.000000000000000000e+00
1.834438127712885347e+01,7.786727871088182873e+00,0.000000000000000000e+00
1.804102121998417729e+01,8.032380159396957708e+00,0.000000000000000000e+00
1.774043705317998487e+01,8.272501656914522883e+00,0.000000000000000000e+00
1.744280849033548364e+01,8.507426136849911558e+00,0.000000000000000000e+00
1.714892242580228654e+01,8.737812407352000932e+00,0.000000000000000000e+00
1.685961963327035562e+01,8.964418773234889670e+00,0.000000000000000000e+00
1.657489646281153028e+01,9.187615136228915347e+00,0.000000000000000000e+00
1.629434832428771429e+01,9.407546391297037403e+00,0.000000000000000000e+00
1.601767028011669325e+01,9.624387279890271429e+00,0.000000000000000000e+00
1.574464936098520340e+01,9.838348842238431757e+00,0.000000000000000000e+00
1.547506864399282556e+01,1.004962708266164562e+01,0.000000000000000000e+00
1.520870082316107386e+01,1.025839823533056894e+01,0.000000000000000000e+00
1.494531844854412483e+01,1.046482463861523904e+01,0.000000000000000000e+00
1.468471562106183548e+01,1.066907041036607851e+01,0.000000000000000000e+00
1.442669353399145926e+01,1.087129334213105736e+01,0.000000000000000000e+00
1.417105895220822909e+01,1.107164467173963018e+01,0.000000000000000000e+00
1.391762732116722212e+01,1.127027238463981362e+01,0.000000000000000000e+00
1.366621430150648564e+01,1.146731537998376105e+01,0.000000000000000000e+00
1.341664672468712993e+01,1.166291306373603653e+01,0.000000000000000000e+00
1.316875348224716546e+01,1.185719889377661218e+01,0.000000000000000000e+00
1.292236693215643051e+01,1.205030211284232244e+01,0.000000000000000000e+00
1.267732695354306571e+01,1.224235233359569719e+01,0.000000000000000000e+00
1.243347201051458484e+01,1.243347201051458306e+01,0.000000000000000000e+00
1.219064713219702867e+01,1.262378465011409112e+01,0.000000000000000000e+00
1.194869935141342587e+01,1.281341130994797517e+01,0.000000000000000000e+00
1.170747519021933059e+01,1.300246846330987260e+01,0.000000000000000000e+00
1.146682728580558930e+01,1.319107584065058880e+01,0.000000000000000000e+00
1.122660624021502684e+01,1.337934831941683456e+01,0.000000000000000000e+00
1.098666445654848189e+01,1.356740069719643316e+01,0.000000000000000000e+00
1.074685712339022103e+01,1.375534984745789302e+01,0.000000000000000000e+00
1.050703608005208700e+01,1.394330782061193297e+01,0.000000000000000000e+00
1.026705633309958188e+01,1.413139071333732488e+01,0.000000000000000000e+00
1.002677161422498564e+01,1.431971389491382851e+01,0.000000000000000000e+00
9.786032971138354242e+00,1.450839051958848813e+01,0.000000000000000000e+00
9.544693870356832477e+00,1.469753968129829325e+01,0.000000000000000000e+00
9.302603304432913944e+00,1.488727727805536816e+01,0.000000000000000000e+00
9.059609294479338715e+00,1.507772186691401117e+01,0.000000000000000000e+00
8.815559165831128752e+00,1.526899637234902052e+01,0.000000000000000000e+00
8.570294503468176117e+00,1.546122056099678232e+01,0.000000000000000000e+00
8.323656892807012042e+00,1.565452180676455818e+01,0.000000000000000000e+00
8.075483011398947752e+00,1.584902779519994276e+01,0.000000000000000000e+00
7.825604736724851129e+00,1.604486745438809692e+01,0.000000000000000000e+00
7.573852253634701270e+00,1.624217857283653288e+01,0.000000000000000000e+00
7.320047744857189009e+00,1.644109642168386998e+01,0.000000000000000000e+00
7.064010069290755034e+00,1.664176483394142991e+01,0.000000000000000000e+00
6.805551487197945448e+00,1.684433101621135975e+01,0.000000000000000000e+00
6.544476703309746846e+00,1.704894469393555667e+01,0.000000000000000000e+00
6.280586450554651812e+00,1.725576945383155802e+01,0.000000000000000000e+00
6.013670413275006510e+00,1.746496702899052877e+01,0.000000000000000000e+00
5.743509919074057279e+00,1.767670592353699277e+01,0.000000000000000000e+00
5.469875144560485403e+00,1.789115543936697961e+01,0.000000000000000000e+00
5.192531299132705946e+00,1.810850865269139831e+01,0.000000000000000000e+00
4.911239260920988059e+00,1.832899444988415283e+01,0.000000000000000000e+00
4.625735587067899779e+00,1.855281209619015925e+01,0.000000000000000000e+00
4.335721225414087776e+00,1.878007188550285989e+01,0.000000000000000000e+00
4.040856378971115603e+00,1.901073458858558141e+01,0.000000000000000000e+00
3.740653129131696453e+00,1.924399207782636623e+01,0.000000000000000000e+00
3.434638521328869487e+00,1.947880300297106260e+01,0.000000000000000000e+00
3.122524136354014601e+00,1.971484149551453768e+01,0.000000000000000000e+00
2.804094656866816582e+00,1.995217022016944952e+01,0.000000000000000000e+00
2.479104730902325304e+00,2.019068775969926932e+01,0.000000000000000000e+00
2.147299319306560150e+00,2.043018831618669040e+01,0.000000000000000000e+00
1.808439887059029472e+00,2.067056249548453195e+01,0.000000000000000000e+00
1.462290367355631115e+00,2.091172651395751458e+01,0.000000000000000000e+00
1.108600404612112511e+00,2.115335585247446204e+01,0.000000000000000000e+00
7.471314306039303910e-01,2.139504488240116942e+01,0.000000000000000000e+00
3.776671095687109680e-01,2.163653421639143914e+01,0.000000000000000000e+00
1.339639521325564689e-15,2.187797366976787217e+01,0.000000000000000000e+00
-3.861077078360846682e-01,2.212009576726980598e+01,0.000000000000000000e+00
-7.808143509345237820e-01,2.235959752029652492e+01,0.000000000000000000e+00
-1.183913615234756023e+00,2.259041751875693649e+01,0.000000000000000000e+00
-1.595170039486258240e+00,2.281199435739895520e+01,0.000000000000000000e+00
-2.014373068330088667e+00,2.302438952828674701e+01,0.000000000000000000e+00
-2.441154396269009208e+00,2.322603261513108919e+01,0.000000000000000000e+00
-2.875329610293374749e+00,2.341768044084245304e+01,0.000000000000000000e+00
-3.316684040442086534e+00,2.359943320007655743e+01,0.000000000000000000e+00
-3.764679597569820402e+00,2.376925151142265946e+01,0.000000000000000000e+00
-4.219342745357090863e+00,2.392908180247954775e+01,0.000000000000000000e+00
-4.680446810348553477e+00,2.407881143471407981e+01,0.000000000000000000e+00
-5.147181244737280892e+00,2.421558386293382625e+01,0.000000000000000000e+00
-5.619592417931373873e+00,2.434112898157992788e+01,0.000000000000000000e+00
-6.097726982772170956e+00,2.445664712040967359e+01,0.000000000000000000e+00
-6.581061678812138993e+00,2.456085655307142801e+01,0.000000000000000000e+00
-7.068680444696101794e+00,2.465141828172897576e+01,0.000000000000000000e+00
-7.560831937165080063e+00,2.473036693959492993e+01,0.000000000000000000e+00
-8.057500816888000017e+00,2.479843761491236265e+01,0.000000000000000000e+00
-8.558157780249263880e+00,2.485469491826590271e+01,0.000000000000000000e+00
-9.062184626928646125e+00,2.489814763341526671e+01,0.000000000000000000e+00
-9.569241595611016393e+00,2.492872663813932022e+01,0.000000000000000000e+00
-1.007933719016975971e+01,2.494723497053911743e+01,0.000000000000000000e+00
-1.059236917883579743e+01,2.495405798963892607e+01,0.000000000000000000e+00
-1.110783893159008429e+01,2.494861471895626082e+01,0.000000000000000000e+00
-1.162503910250548955e+01,2.492997680651726000e+01,0.000000000000000000e+00
-1.214363844713271057e+01,2.489814855890623235e+01,0.000000000000000000e+00
-1.266371680603685590e+01,2.485394364227006747e+01,0.000000000000000000e+00
-1.318507981971055543e+01,2.479752856463350241e+01,0.000000000000000000e+00
-1.370741010010355865e+01,2.472882242167667499e+01,0.000000000000000000e+00
-1.423018342351972088e+01,2.464740069056059468e+01,0.000000000000000000e+00
-1.475227432617312395e+01,2.455190747905624349e+01,0.000000000000000000e+00
-1.527421607260380654e+01,2.444385538502166710e+01,0.000000000000000000e+00
-1.579589442043332070e+01,2.432354439013952430e+01,0.000000000000000000e+00
-1.631699397027660581e+01,2.419093838378983818e+01,0.000000000000000000e+00
-1.683704223351803719e+01,2.404578830523160704e+01,0.000000000000000000e+00
-1.735492189610879166e+01,2.388700072899344207e+01,0.000000000000000000e+00
-1.787081285077727344e+01,2.371536965177145007e+01,0.000000000000000000e+00
-1.838475389647653202e+01,2.353141190972423757e+01,0.000000000000000000e+00
-1.889667801510329426e+01,2.333545394880948365e+01,0.000000000000000000e+00
-1.940598682049993329e+01,2.312715451116667964e+01,0.000000000000000000e+00
-1.991155709640066718e+01,2.290562622227661649e+01,0.000000000000000000e+00
-2.041349536289252242e+01,2.267148342143613249e+01,0.000000000000000000e+00
-2.091198377617343951e+01,2.242535706611220903e+01,0.000000000000000000e+00
-2.140704512118558611e+01,2.216764415167020630e+01,0.000000000000000000e+00
-2.189788993357298708e+01,2.189788993357299063e+01,0.000000000000000000e+00
-2.238292298735766650e+01,2.161493747626251150e+01,0.000000000000000000e+00
-2.286320222062045460e+01,2.132028098814466688e+01,0.000000000000000000e+00
-2.333922664337182695e+01,2.101473406047590586e+01,0.000000000000000000e+00
-2.380981282264145449e+01,2.069755451660895318e+01,0.000000000000000000e+00
-2.427330140786440182e+01,2.036771825879397824e+01,0.000000000000000000e+00
-2.473127348287812666e+01,2.002699038701379308e+01,0.000000000000000000e+00
-2.518351938986877059e+01,1.967552172415769363e+01,0.000000000000000000e+00
-2.562834227399757481e+01,1.931234111799151520e+01,0.000000000000000000e+00
-2.606643387036321613e+01,1.893837276025825744e+01,0.000000000000000000e+00
-2.649753984996561584e+01,1.855377714695811520e+01,0.000000000000000000e+00
-2.692104110536615380e+01,1.815847150783453046e+01,0.000000000000000000e+00
-2.733706465943251374e+01,1.775289736556678477e+01,0.000000000000000000e+00
-2.774494924675919449e+01,1.733696845457960478e+01,0.000000000000000000e+00
-2.814416544621557392e+01,1.691072067202717477e+01,0.000000000000000000e+00
-2.853557126675494615e+01,1.647501975234071381e+01,0.000000000000000000e+00
-2.891871840220833079e+01,1.602990736675783978e+01,0.000000000000000000e+00
-2.929218146851573223e+01,1.557492916074941292e+01,0.000000000000000000e+00
-2.965604992672189155e+01,1.511051216914219708e+01,0.000000000000000000e+00
-3.001067929329673234e+01,1.463718629633950918e+01,0.000000000000000000e+00
-3.035584815546453186e+01,1.415516446468340206e+01,0.000000000000000000e+00
-3.069126386815418073e+01,1.366463106247567438e+01,0.000000000000000000e+00
-3.101665106672222549e+01,1.316578726098437357e+01,0.000000000000000000e+00
-3.133179956197852079e+01,1.265886872564980692e+01,0.000000000000000000e+00
-3.163657010661267321e+01,1.214414145580515303e+01,0.000000000000000000e+00
-3.193078719205992400e+01,1.162185609459831248e+01,0.000000000000000000e+00
-3.221422515183892443e+01,1.109224726050861243e+01,0.000000000000000000e+00
-3.248665189432934852e+01,1.055555306512966851e+01,0.000000000000000000e+00
-3.274782422010980554e+01,1.001201461510260593e+01,0.000000000000000000e+00
-3.299751976527129926e+01,9.461886534176626284e+00,0.000000000000000000e+00
-3.323563144754330523e+01,8.905460606307665117e+00,0.000000000000000000e+00
-3.346210202657067612e+01,8.343039069219615911e+00,0.000000000000000000e+00
-3.367687189283012117e+01,7.774918496665000234e+00,0.000000000000000000e+00
-3.387986312354317420e+01,7.201387215391311436e+00,0.000000000000000000e+00
-3.407100147057914086e+01,6.622731798482841548e+00,0.000000000000000000e+00
-3.425012858527527015e+01,6.039221762318274678e+00,0.000000000000000000e+00
-3.441677071060903614e+01,5.451080966777709591e+00,0.000000000000000000e+00
-3.457038654329283389e+01,4.858550980778707284e+00,0.000000000000000000e+00
-3.471043833434803361e+01,4.261905929630271928e+00,0.000000000000000000e+00
-3.483639325499838435e+01,3.661452472480984266e+00,0.000000000000000000e+00
-3.494772476342671297e+01,3.057529732824057600e+00,0.000000000000000000e+00
-3.504391397097163718e+01,2.450509182012699405e+00,0.000000000000000000e+00
-3.512445100633998152e+01,1.840794475778259720e+00,0.000000000000000000e+00
-3.518883637640965389e+01,1.228821243783419392e+00,0.000000000000000000e+00
-3.523658232219879949e+01,6.150568322824614409e-01,0.000000000000000000e+00
-3.526721416857795788e+01,4.318988094639316963e-15,0.000000000000000000e+00
-3.533600617281283718e+01,-6.167922820503342063e-01,0.000000000000000000e+00
-3.524524731332486027e+01,-1.230791157108255929e+00,0.000000000000000000e+00
-3.515484337063796971e+01,-1.842387272098269690e+00,0.000000000000000000e+00
-3.506473773121045667e+01,-2.451965321178851465e+00,0.000000000000000000e+00
-3.497487426879404637e+01,-3.059905006764011670e+00,0.000000000000000000e+00
-3.488519745297137575e+01,-3.666582000386666262e+00,0.000000000000000000e+00
-3.479565221089642790e+01,-4.272368878045108787e+00,0.000000000000000000e+00
-3.470618379142417353e+01,-4.877636039381364697e+00,0.000000000000000000e+00
-3.461673763091460643e+01,-5.482752615533719620e+00,0.000000000000000000e+00
-3.452725922003516956e+01,-6.088087370407314403e+00,0.000000000000000000e+00
-3.443763217117101760e+01,-6.693997587403258009e+00,0.000000000000000000e+00
-3.434292548198775563e+01,-7.299814158141094467e+00,0.000000000000000000e+00
-3.423944779254625104e+01,-7.904799377003305594e+00,0.000000000000000000e+00
-3.412629434090891323e+01,-8.508640812457350933e+00,0.000000000000000000e+00
-3.400257637974721803e+01,-9.110962881530818791e+00,0.000000000000000000e+00
-3.386742391997402990e+01,-9.711327536590026455e+00,0.000000000000000000e+00
-3.371998845846667336e+01,-1.030923505018516551e+01,0.000000000000000000e+00
-3.355970272931069331e+01,-1.090420841647427963e+01,0.000000000000000000e+00
-3.338694512262345171e+01,-1.149604712910596582e+01,0.000000000000000000e+00
-3.320230175610848278e+01,-1.208464954834794369e+01,0.000000000000000000e+00
-3.300635179568289601e+01,-1.266995138208928573e+01,0.000000000000000000e+00
-3.279943645043429257e+01,-1.325183251858904221e+01,0.000000000000000000e+00
-3.258129684477874832e+01,-1.382993999005802621e+01,0.000000000000000000e+00
-3.235159256551553852e+01,-1.440385702558188008e+01,0.000000000000000000e+00
-3.211015981108561590e+01,-1.497321342449007808e+01,0.000000000000000000e+00
-3.185746026412290277e+01,-1.553792155975471800e+01,0.000000000000000000e+00
-3.159409127049880794e+01,-1.609799355596889114e+01,0.000000000000000000e+00
-3.132026448359624027e+01,-1.665328002806016272e+01,0.000000000000000000e+00
-3.103558475429823815e+01,-1.720330554643706833e+01,0.000000000000000000e+00
-3.073973937085358088e+01,-1.774759680058125966e+01,0.000000000000000000e+00
-3.043306844648517639e+01,-1.828603234566319813e+01,0.000000000000000000e+00
-3.011609101342304129e+01,-1.881862227359997419e+01,0.000000000000000000e+00
-2.978895885388205400e+01,-1.934517607315921595e+01,0.000000000000000000e+00
-2.945162321233538805e+01,-1.986537069155431823e+01,0.000000000000000000e+00
-2.910422598303269126e+01,-2.037899842707837550e+01,0.000000000000000000e+00
-2.874702299413708673e+01,-2.088593475878859351e+01,0.000000000000000000e+00
-2.838008552455012534e+01,-2.138592838928841644e+01,0.000000000000000000e+00
-2.800337448204613011e+01,-2.187863397650760788e+01,0.000000000000000000e+00
-2.761680762617435647e+01,-2.236364986349411055e+01,0.000000000000000000e+00
-2.722059662173169414e+01,-2.284079258572057824e+01,0.000000000000000000e+00
-2.681571558443722125e+01,-2.331054592260318969e+01,0.000000000000000000e+00
-2.640220456540397720e+01,-2.377265176906863431e+01,0.000000000000000000e+00
-2.597925628442839852e+01,-2.422604841186612745e+01,0.000000000000000000e+00
-2.554763912144818150e+01,-2.467106832240457237e+01,0.000000000000000000e+00
-2.510789456176745205e+01,-2.510789456176744139e+01,0.000000000000000000e+00
-2.465944139777355915e+01,-2.553559908853659266e+01,0.000000000000000000e+00
-2.420314306738203669e+01,-2.595469330971128130e+01,0.000000000000000000e+00
-2.373927192759731142e+01,-2.636513249572289297e+01,0.000000000000000000e+00
-2.326675646739103342e+01,-2.676534157859172325e+01,0.000000000000000000e+00
-2.278703053813909207e+01,-2.715652550838122181e+01,0.000000000000000000e+00
-2.230050660876295865e+01,-2.753883220045252500e+01,0.000000000000000000e+00
-2.180638721910880662e+01,-2.791090284946043454e+01,0.000000000000000000e+00
-2.130504913106275566e+01,-2.827275512374524524e+01,0.000000000000000000e+00
-2.079721153939085454e+01,-2.862490595903202717e+01,0.000000000000000000e+00
-2.028333741643769983e+01,-2.896760790136323038e+01,0.000000000000000000e+00
-1.976317720138932188e+01,-2.930011513258062905e+01,0.000000000000000000e+00
-1.923613307139054385e+01,-2.962104735590931170e+01,0.000000000000000000e+00
-1.870337446707413065e+01,-2.993165596924347938e+01,0.000000000000000000e+00
-1.816530793187761006e+01,-3.023214928160300730e+01,0.000000000000000000e+00
-1.762201855313147902e+01,-3.052223146594507597e+01,0.000000000000000000e+00
-1.707364471116273918e+01,-3.080167041547497675e+01,0.000000000000000000e+00
-1.652001229664233861e+01,-3.106962433414209102e+01,0.000000000000000000e+00
-1.596143805419469253e+01,-3.132608600813217947e+01,0.000000000000000000e+00
-1.539848547533030576e+01,-3.157157392457269651e+01,0.000000000000000000e+00
-1.483143177207905161e+01,-3.180610807628882952e+01,0.000000000000000000e+00
-1.426046452695774747e+01,-3.202952774050370266e+01,0.000000000000000000e+00
-1.368580151224910146e+01,-3.224172787082633107e+01,0.000000000000000000e+00
-1.310769550193395006e+01,-3.244268481542061267e+01,0.000000000000000000e+00
-1.252632698255082033e+01,-3.263219744302199388e+01,0.000000000000000000e+00
-1.194165107775143042e+01,-3.280941668712793557e+01,0.000000000000000000e+00
-1.135445586576724608e+01,-3.297573423545129145e+01,0.000000000000000000e+00
-1.076556869239953329e+01,-3.313301353292734319e+01,0.000000000000000000e+00
-1.017519879678555128e+01,-3.328157562806265446e+01,0.000000000000000000e+00
-9.583412691590160293e+00,-3.342133184193984619e+01,0.000000000000000000e+00
-8.990315126448148675e+00,-3.355231282795952552e+01,0.000000000000000000e+00
-8.395997030262584815e+00,-3.367450480700073712e+01,0.000000000000000000e+00
-7.800554785318563944e+00,-3.378791485863914090e+01,0.000000000000000000e+00
-7.204079507528465598e+00,-3.389252936219505585e+01,0.000000000000000000e+00
-6.606671411863523247e+00,-3.398837794409860180e+01,0.000000000000000000e+00
-6.008415123484693865e+00,-3.407541545453484844e+01,0.000000000000000000e+00
-5.409321855203938156e+00,-3.415311405665864442e+01,0.000000000000000000e+00
-4.809575279312144680e+00,-3.422190631994534016e+01,0.000000000000000000e+00
-4.209291856845888802e+00,-3.428193109860545462e+01,0.000000000000000000e+00
-3.608563306072427146e+00,-3.433318645010747616e+01,0.000000000000000000e+00
-3.007482075974506230e+00,-3.437567742800583659e+01,0.000000000000000000e+00
-2.406140107450257304e+00,-3.440940664353497169e+01,0.000000000000000000e+00
-1.804629287437257368e+00,-3.443437810426755874e+01,0.000000000000000000e+00
-1.203041330655915786e+00,-3.445059625447795071e+01,0.000000000000000000e+00
-6.014677580965904768e-01,-3.445806478349259550e+01,0.000000000000000000e+00
-6.329609936207560595e-15,-3.445679162685645025e+01,0.000000000000000000e+00
6.012706791838799969e-01,-3.444677414014589800e+01,0.000000000000000000e+00
1.202253560059332038e+00,-3.442803745614571653e+01,0.000000000000000000e+00
1.802856609499024820e+00,-3.440055339422506364e+01,0.000000000000000000e+00
2.402960399634446187e+00,-3.436393470326738253e+01,0.000000000000000000e+00
3.002468280612841323e+00,-3.431836948478680682e+01,0.000000000000000000e+00
3.601300367585545281e+00,-3.426408420633480034e+01,0.000000000000000000e+00
4.199367148378208014e+00,-3.420110083464786044e+01,0.000000000000000000e+00
4.796577075367840948e+00,-3.412941929315453393e+01,0.000000000000000000e+00
5.392839779046028070e+00,-3.404905032335172876e+01,0.000000000000000000e+00
5.988064513661408128e+00,-3.396000141102597780e+01,0.000000000000000000e+00
6.582160589223959413e+00,-3.386228069305372657e+01,0.000000000000000000e+00
7.175038074959910084e+00,-3.375590016411084804e+01,0.000000000000000000e+00
7.766604766162809703e+00,-3.364086116973455631e+01,0.000000000000000000e+00
8.356775243326771019e+00,-3.351719481177941873e+01,0.000000000000000000e+00
8.945449433057042654e+00,-3.338487178070703720e+01,0.000000000000000000e+00
9.532432411186936960e+00,-3.324354247571051957e+01,0.000000000000000000e+00
1.011761141997592262e+01,-3.309321580583328881e+01,0.000000000000000000e+00
1.070098768577588544e+01,-3.293425363202757694e+01,0.000000000000000000e+00
1.128248296428793473e+01,-3.276670975207721881e+01,0.000000000000000000e+00
1.186199974512219057e+01,-3.259057644929976760e+01,0.000000000000000000e+00
1.243944971197118932e+01,-3.240587441546468739e+01,0.000000000000000000e+00
1.301474443165142070e+01,-3.221262284335338677e+01,0.000000000000000000e+00
1.358778603856159251e+01,-3.201081788525231531e+01,0.000000000000000000e+00
1.415850445701883586e+01,-3.180052167395101748e+01,0.000000000000000000e+00
1.472674648732786196e+01,-3.158160975866442044e+01,0.000000000000000000e+00
1.529203982480504287e+01,-3.135332799838137063e+01,0.000000000000000000e+00
1.585465149298200593e+01,-3.111650558124942378e+01,0.000000000000000000e+00
1.641453821292110149e+01,-3.087125643347942727e+01,0.000000000000000000e+00
1.697160615775489489e+01,-3.061758799224844196e+01,0.000000000000000000e+00
1.752567877529822127e+01,-3.035536607594800529e+01,0.000000000000000000e+00
1.807693965575324668e+01,-3.008507977275856859e+01,0.000000000000000000e+00
1.862463104809518555e+01,-2.980564015691675905e+01,0.000000000000000000e+00
1.916502442156167163e+01,-2.951154963741369031e+01,0.000000000000000000e+00
1.969687172467499181e+01,-2.920181322080540909e+01,0.000000000000000000e+00
2.021994479277418577e+01,-2.887707385223605527e+01,0.000000000000000000e+00
2.073413145824424575e+01,-2.853808367580001004e+01,0.000000000000000000e+00
2.123869139071416967e+01,-2.818469542804125183e+01,0.000000000000000000e+00
2.173232814261811896e+01,-2.781611155421819603e+01,0.000000000000000000e+00
2.221466958435039629e+01,-2.743283230307999077e+01,0.000000000000000000e+00
2.268658659630218466e+01,-2.703682107984278105e+01,0.000000000000000000e+00
2.314727900083824963e+01,-2.662789847569463575e+01,0.000000000000000000e+00
2.359481869768528384e+01,-2.620470093077514306e+01,0.000000000000000000e+00
2.403044376819163475e+01,-2.576949598501636629e+01,0.000000000000000000e+00
2.445345036575064412e+01,-2.532228913050792229e+01,0.000000000000000000e+00
2.486259997482380513e+01,-2.486259997482381578e+01,0.000000000000000000e+00
2.525913429819144085e+01,-2.439246245310785355e+01,0.000000000000000000e+00
2.564215645164405899e+01,-2.391169773226024375e+01,0.000000000000000000e+00
2.600954127554998507e+01,-2.341909615483680085e+01,0.000000000000000000e+00
2.636191132591391550e+01,-2.291605989910435426e+01,0.000000000000000000e+00
2.669998746167014048e+01,-2.240394963152543184e+01,0.000000000000000000e+00
2.702307286689623211e+01,-2.188285293547781407e+01,0.000000000000000000e+00
2.733062549041241240e+01,-2.135302485909735282e+01,0.000000000000000000e+00
2.762262916447044603e+01,-2.081514408137426742e+01,0.000000000000000000e+00
2.789887166101546967e+01,-2.026971674509131205e+01,0.000000000000000000e+00
2.815866685274332326e+01,-1.971691079622677734e+01,0.000000000000000000e+00
2.840139272111838409e+01,-1.915698128058087946e+01,0.000000000000000000e+00
2.862700679752948218e+01,-1.859059558483239272e+01,0.000000000000000000e+00
2.883566097353655877e+01,-1.801852078441091720e+01,0.000000000000000000e+00
2.902738208743427606e+01,-1.744141076980529448e+01,0.000000000000000000e+00
2.920187548382888210e+01,-1.685971067143055535e+01,0.000000000000000000e+00
2.935881012045347305e+01,-1.627385418965051045e+01,0.000000000000000000e+00
2.949787864751828792e+01,-1.568430029089121902e+01,0.000000000000000000e+00
2.961896379151936998e+01,-1.509161583943312479e+01,0.000000000000000000e+00
2.972208329688901074e+01,-1.449642862396181364e+01,0.000000000000000000e+00
2.980727763011032039e+01,-1.389936182767264228e+01,0.000000000000000000e+00
2.987460770799561161e+01,-1.330103231393914420e+01,0.000000000000000000e+00
2.992415457176268134e+01,-1.270205001207680340e+01,0.000000000000000000e+00
2.995601904404839644e+01,-1.210301731541296633e+01,0.000000000000000000e+00
2.997032136925276191e+01,-1.150452849210953232e+01,0.000000000000000000e+00
2.996720083761982067e+01,-1.090716910917081606e+01,0.000000000000000000e+00
2.994370210173163116e+01,-1.031044347774601633e+01,0.000000000000000000e+00
2.990190708205097536e+01,-9.715718565884600366e+00,0.000000000000000000e+00
2.984156530901461934e+01,-9.123482097718142114e+00,0.000000000000000000e+00
2.976313919344912051e+01,-8.534442829418685150e+00,0.000000000000000000e+00
2.966733348080130739e+01,-7.949338047765517778e+00,0.000000000000000000e+00
2.955276060594133014e+01,-7.368330780381982414e+00,0.000000000000000000e+00
2.942076637469341804e+01,-6.792319114453270856e+00,0.000000000000000000e+00
2.927087674479052737e+01,-6.221716917939700053e+00,0.000000000000000000e+00
2.910310042702296940e+01,-5.657069657870787083e+00,0.000000000000000000e+00
2.891764989054164658e+01,-5.098961894383709392e+00,0.000000000000000000e+00
2.871474955375569849e+01,-4.547969537130832407e+00,0.000000000000000000e+00
2.849476632333561099e+01,-4.004678243731193632e+00,0.000000000000000000e+00
2.825800054149280527e+01,-3.469646188481251947e+00,0.000000000000000000e+00
2.800416460961059428e+01,-2.943356305547240925e+00,0.000000000000000000e+00
2.773163293929679440e+01,-2.426203503250572435e+00,0.000000000000000000e+00
2.744450270070819542e+01,-1.919106579235570820e+00,0.000000000000000000e+00
2.714073214589700456e+01,-1.422385499882325988e+00,0.000000000000000000e+00
2.682212249632192425e+01,-9.366491569734751721e-01,0.000000000000000000e+00
2.649299970569967755e+01,-4.624370300062620731e-01,0.000000000000000000e+00
2.615778345233630375e+01,-6.406809155538651408e-15,0.000000000000000000e+00
