1.640680811981529530e+01,0.000000000000000000e+00,0.000000000000000000e+00
1.609189818583513443e+01,2.808851276520190621e-01,0.000000000000000000e+00
1.578140144839284709e+01,5.510986822360603998e-01,0.000000000000000000e+00
1.547908945767144573e+01,8.112247038000950372e-01,0.000000000000000000e+00
1.518681354806134287e+01,1.061965454996441682e+00,0.000000000000000000e+00
1.490507855881294930e+01,1.304025402859450233e+00,0.000000000000000000e+00
1.463288100015961923e+01,1.537977767255423567e+00,0.000000000000000000e+00
1.436938897358546186e+01,1.764339115564729887e+00,0.000000000000000000e+00
1.411412254267884592e+01,1.983610563239924574e+00,0.000000000000000000e+00
1.386660265827520533e+01,2.196254101233645617e+00,0.000000000000000000e+00
1.362632789036068104e+01,2.402689255050845851e+00,0.000000000000000000e+00
1.339281687623599382e+01,2.603299884627605643e+00,0.000000000000000000e+00
1.316566500660464811e+01,2.798448485903212379e+00,0.000000000000000000e+00
1.294447837485478026e+01,2.988468307466692231e+00,0.000000000000000000e+00
1.272890258468276414e+01,3.173671859824354513e+00,0.000000000000000000e+00
1.251859923727343471e+01,3.354348555996285342e+00,0.000000000000000000e+00
1.231324582333574114e+01,3.530766423555437683e+00,0.000000000000000000e+00
1.211255884342243228e+01,3.703180869407663334e+00,0.000000000000000000e+00
1.191625587397154007e+01,3.871826238804418452e+00,0.000000000000000000e+00
1.172407952936853270e+01,4.036924322365688766e+00,0.000000000000000000e+00
1.153579397616047864e+01,4.198685635949773953e+00,0.000000000000000000e+00
1.135116249150024004e+01,4.357303036329946089e+00,0.000000000000000000e+00
1.116997349964576003e+01,4.512962235740594075e+00,0.000000000000000000e+00
1.099202891503271573e+01,4.665839453479172505e+00,0.000000000000000000e+00
1.081712934416540683e+01,4.816096276715151170e+00,0.000000000000000000e+00
1.064509571383767295e+01,4.963889653155458603e+00,0.000000000000000000e+00
1.047576067395123189e+01,5.109369870702687777e+00,0.000000000000000000e+00
1.030895476072594263e+01,5.252674808276617036e+00,0.000000000000000000e+00
1.014452162852603578e+01,5.393937829581156862e+00,0.000000000000000000e+00
9.982318594381009547e+00,5.533289551350676128e+00,0.000000000000000000e+00
9.822201110977022864e+00,5.670850455457224548e+00,0.000000000000000000e+00
9.664029110158793401e+00,5.806734513430375166e+00,0.000000000000000000e+00
9.507678047940355981e+00,5.941056619979030451e+00,0.000000000000000000e+00
9.353023823694966765e+00,6.073924690464726162e+00,0.000000000000000000e+00
9.199941211415540110e+00,6.205438701549413238e+00,0.000000000000000000e+00
9.048315826371755577e+00,6.335698949727722962e+00,0.000000000000000000e+00
8.898039569581415620e+00,6.464804163175413620e+00,0.000000000000000000e+00
8.749002235782400660e+00,6.592846069132228592e+00,0.000000000000000000e+00
8.601095150903903530e+00,6.719912013617844515e+00,0.000000000000000000e+00
8.454220095491496778e+00,6.846092446445381619e+00,0.000000000000000000e+00
8.308279236019902925e+00,6.971474042662154424e+00,0.000000000000000000e+00
8.163172581457512678e+00,7.096137663566064901e+00,0.000000000000000000e+00
8.018803887478226144e+00,7.220163450716635900e+00,0.000000000000000000e+00
7.875083797356166926e+00,7.343634445632888585e+00,0.000000000000000000e+00
7.731921197276344415e+00,7.466629507902637464e+00,0.000000000000000000e+00
7.589222901401578625e+00,7.589222901401576848e+00,0.000000000000000000e+00
7.446900321612601736e+00,7.711491026806589488e+00,0.000000000000000000e+00
7.304868472355133591e+00,7.833512380599448655e+00,0.000000000000000000e+00
7.163039696384259969e+00,7.955361531022661303e+00,0.000000000000000000e+00
7.021324278572210531e+00,8.077109626923316910e+00,0.000000000000000000e+00
6.879637067258427940e+00,8.198832190649525842e+00,0.000000000000000000e+00
6.737893958395932081e+00,8.320606090257836485e+00,0.000000000000000000e+00
6.596007509687370707e+00,8.442504617907058417e+00,0.000000000000000000e+00
6.453888212328695140e+00,8.564598931487800826e+00,0.000000000000000000e+00
6.311450630881833668e+00,8.686966540292138106e+00,0.000000000000000000e+00
6.168608195570161712e+00,8.809685498876598686e+00,0.000000000000000000e+00
6.025270287593484930e+00,8.932830553125635120e+00,0.000000000000000000e+00
5.881344403029030943e+00,9.056476186351396507e+00,0.000000000000000000e+00
5.736741150783249310e+00,9.180704947769125823e+00,0.000000000000000000e+00
5.591367894430869789e+00,9.305598864974712114e+00,0.000000000000000000e+00
5.445127130267340299e+00,9.431236843294749761e+00,0.000000000000000000e+00
5.297920142336767668e+00,9.557700940389906918e+00,0.000000000000000000e+00
5.149649299941272851e+00,9.685081725651762952e+00,0.000000000000000000e+00
5.000211651969726390e+00,9.813467917905049021e+00,0.000000000000000000e+00
4.849498695804822290e+00,9.942945805742413157e+00,0.000000000000000000e+00
4.697401857076071607e+00,1.007361079091409017e+01,0.000000000000000000e+00
4.543810075522905834e+00,1.020556452326093932e+01,0.000000000000000000e+00
4.388605033465202254e+00,1.033890555075502071e+01,0.000000000000000000e+00
4.231663152591747412e+00,1.047373383706599270e+01,0.000000000000000000e+00
4.072860005783106807e+00,1.061016306309430135e+01,0.000000000000000000e+00
3.912063824883199370e+00,1.074830702233187019e+01,0.000000000000000000e+00
3.749134451591176642e+00,1.088827705618027153e+01,0.000000000000000000e+00
3.583929433688687105e+00,1.103020061646149941e+01,0.000000000000000000e+00
3.416300548898064005e+00,1.117421559589203817e+01,0.000000000000000000e+00
3.246088515242159467e+00,1.132045597404159842e+01,0.000000000000000000e+00
3.073125244062902439e+00,1.146905954886526047e+01,0.000000000000000000e+00
2.897234196951881113e+00,1.162017167712263088e+01,0.000000000000000000e+00
2.718226725485165751e+00,1.177393348227341896e+01,0.000000000000000000e+00
2.535909474962337651e+00,1.193051607081950571e+01,0.000000000000000000e+00
2.350088258953527909e+00,1.209015599048404077e+01,0.000000000000000000e+00
2.160550608894738378e+00,1.225309138858869673e+01,0.000000000000000000e+00
1.967051708541996291e+00,1.241947570425115721e+01,0.000000000000000000e+00
1.769313594477393004e+00,1.258932037954719085e+01,0.000000000000000000e+00
1.567047152530872234e+00,1.276257487918256572e+01,0.000000000000000000e+00
1.359876476862694084e+00,1.293836041359586098e+01,0.000000000000000000e+00
1.147413969322955918e+00,1.311500168228039342e+01,0.000000000000000000e+00
9.293998809930189564e-01,1.329103751710891679e+01,0.000000000000000000e+00
7.057432851417693165e-01,1.346638409023641181e+01,0.000000000000000000e+00
4.763681204321107976e-01,1.364139815260032762e+01,0.000000000000000000e+00
2.411610996318060696e-01,1.381611014473802790e+01,0.000000000000000000e+00
8.566519591900610950e-16,1.399018818791664032e+01,0.000000000000000000e+00
-2.472215790210119113e-01,1.416331477640956038e+01,0.000000000000000000e+00
-5.005984497658857446e-01,1.433526400053090732e+01,0.000000000000000000e+00
-7.602192464323072052e-01,1.450584735381664991e+01,0.000000000000000000e+00
-1.026175085629204231e+00,1.467498742053603067e+01,0.000000000000000000e+00
-1.298561076616904231e+00,1.484262102406128214e+01,0.000000000000000000e+00
-1.577469219893915753e+00,1.500861707338892437e+01,0.000000000000000000e+00
-1.862978690113543001e+00,1.517274384021903799e+01,0.000000000000000000e+00
-2.155109362742932078e+00,1.533439990808779463e+01,0.000000000000000000e+00
-2.453849211097912431e+00,1.549299417335358697e+01,0.000000000000000000e+00
-2.759227491967831902e+00,1.564835671138653872e+01,0.000000000000000000e+00
-3.071292414535917725e+00,1.580042972541990665e+01,0.000000000000000000e+00
-3.390104622869326789e+00,1.594918828303315195e+01,0.000000000000000000e+00
-3.715672193559224734e+00,1.609434446315028211e+01,0.000000000000000000e+00
-4.047932730769626453e+00,1.623537141680650109e+01,0.000000000000000000e+00
-4.386842138614179376e+00,1.637191774609222605e+01,0.000000000000000000e+00
-4.732437597415660946e+00,1.650397123180315262e+01,0.000000000000000000e+00
-5.084914214854315162e+00,1.663200497442347014e+01,0.000000000000000000e+00
-5.444106896403651419e+00,1.675523816968378554e+01,0.000000000000000000e+00
-5.809724682004563157e+00,1.687266561777937923e+01,0.000000000000000000e+00
-6.182147953715702471e+00,1.698531190656149192e+01,0.000000000000000000e+00
-6.561347605600158950e+00,1.709289489700383413e+01,0.000000000000000000e+00
-6.946959209246195144e+00,1.719432741002452047e+01,0.000000000000000000e+00
-7.339030958096962820e+00,1.728967344548649976e+01,0.000000000000000000e+00
-7.737901563868462063e+00,1.737961146529951861e+01,0.000000000000000000e+00
-8.143393785864782686e+00,1.746356433022156551e+01,0.000000000000000000e+00
-8.554717612526665960e+00,1.753977038458948456e+01,0.000000000000000000e+00
-8.972421882212978872e+00,1.760936944585549568e+01,0.000000000000000000e+00
-9.396731201237662034e+00,1.767268105791331223e+01,0.000000000000000000e+00
-9.827346870629416031e+00,1.772900306223265332e+01,0.000000000000000000e+00
-1.026388195848196361e+01,1.777756503498032004e+01,0.000000000000000000e+00
-1.070613538355394923e+01,1.781800145411572700e+01,0.000000000000000000e+00
-1.115439559309179351e+01,1.785076441820812931e+01,0.000000000000000000e+00
-1.160867858143403808e+01,1.787579742373504743e+01,0.000000000000000000e+00
-1.206882656021808486e+01,1.789277119392921023e+01,0.000000000000000000e+00
-1.253467828097921632e+01,1.790137580213415447e+01,0.000000000000000000e+00
-1.300578868800776533e+01,1.790093241164239757e+01,0.000000000000000000e+00
-1.348190435450924340e+01,1.789109135923314042e+01,0.000000000000000000e+00
-1.396329073425698475e+01,1.787219713319138137e+01,0.000000000000000000e+00
-1.444987259803340329e+01,1.784410658360521040e+01,0.000000000000000000e+00
-1.494145229746901116e+01,1.780652945408370513e+01,0.000000000000000000e+00
-1.543788100005837371e+01,1.775925057690463049e+01,0.000000000000000000e+00
-1.593898322356257502e+01,1.770203424174114559e+01,0.000000000000000000e+00
-1.644458444906282679e+01,1.763465781253346520e+01,0.000000000000000000e+00
-1.695450143398305443e+01,1.755690019009514913e+01,0.000000000000000000e+00
-1.746854881374930457e+01,1.746854881374930812e+01,0.000000000000000000e+00
-1.798652820980056433e+01,1.736938838995517287e+01,0.000000000000000000e+00
-1.850825282797614690e+01,1.725922498013779816e+01,0.000000000000000000e+00
-1.903350085070495012e+01,1.713784114312112550e+01,0.000000000000000000e+00
-1.956097029224540762e+01,1.700409205386613110e+01,0.000000000000000000e+00
-2.008868725157974211e+01,1.685641006363629302e+01,0.000000000000000000e+00
-2.061630403186646276e+01,1.669475382849932288e+01,0.000000000000000000e+00
-2.114349480867126729e+01,1.651910858813426586e+01,0.000000000000000000e+00
-2.166991014532036885e+01,1.632944855536978679e+01,0.000000000000000000e+00
-2.219521206734896879e+01,1.612576548502681817e+01,0.000000000000000000e+00
-2.271905934343092071e+01,1.590805661330408149e+01,0.000000000000000000e+00
-2.324111369987345910e+01,1.567632913146785256e+01,0.000000000000000000e+00
-2.376103825767017597e+01,1.543059866678755299e+01,0.000000000000000000e+00
-2.427849878937240646e+01,1.517088980384653141e+01,0.000000000000000000e+00
-2.479316413318542445e+01,1.489723594871770729e+01,0.000000000000000000e+00
-2.530470682266722804e+01,1.460967929583148184e+01,0.000000000000000000e+00
-2.581280424280687669e+01,1.430827103516629428e+01,0.000000000000000000e+00
-2.631713786049278525e+01,1.399307041475941560e+01,0.000000000000000000e+00
-2.681739919578116726e+01,1.366414737950193725e+01,0.000000000000000000e+00
-2.731327520440082779e+01,1.332157441765416905e+01,0.000000000000000000e+00
-2.780448974262933959e+01,1.296544649808016914e+01,0.000000000000000000e+00
-2.829072538616065557e+01,1.259584247010514702e+01,0.000000000000000000e+00
-2.877076411251755772e+01,1.221246480887079855e+01,0.000000000000000000e+00
-2.924877994253382596e+01,1.181727417046498374e+01,0.000000000000000000e+00
-2.973589209838338476e+01,1.141453952626318014e+01,0.000000000000000000e+00
-3.023269674291836395e+01,1.100380171601905488e+01,0.000000000000000000e+00
-3.073979018086604142e+01,1.058455858600270361e+01,0.000000000000000000e+00
-3.125781338925808583e+01,1.015627923134261223e+01,0.000000000000000000e+00
-3.178744970942508985e+01,9.718398661495440294e+00,0.000000000000000000e+00
-3.232942797669752366e+01,9.270314296539746479e+00,0.000000000000000000e+00
-3.288452681951817169e+01,8.811382404769497967e+00,0.000000000000000000e+00
-3.345357941714194538e+01,8.340914144031737365e+00,0.000000000000000000e+00
-3.403747884192683415e+01,7.858171170710267717e+00,0.000000000000000000e+00
-3.463718395473289746e+01,7.362360727350083067e+00,0.000000000000000000e+00
-3.525372607069086683e+01,6.852630171877343024e+00,0.000000000000000000e+00
-3.588821636520641789e+01,6.328060834688966629e+00,0.000000000000000000e+00
-3.654185420796410710e+01,5.787661127149202223e+00,0.000000000000000000e+00
-3.721593654857416311e+01,5.230358786767861368e+00,0.000000000000000000e+00
-3.791186850088174509e+01,4.654992126889426984e+00,0.000000000000000000e+00
-3.863117531039054597e+01,4.060300138412889837e+00,0.000000000000000000e+00
-3.937551593109202486e+01,3.444911264454988409e+00,0.000000000000000000e+00
-4.014669848971892918e+01,2.807330635443397782e+00,0.000000000000000000e+00
-4.094669785269108786e+01,2.145925503433210757e+00,0.000000000000000000e+00
-4.177767582739182473e+01,1.458908587469299523e+00,0.000000000000000000e+00
-4.264200421532214591e+01,7.443189522477728914e-01,0.000000000000000000e+00
-4.354227779036549606e+01,5.332391112355599854e-15,0.000000000000000000e+00
-4.353699858246130105e+01,-7.599411370365650731e-01,0.000000000000000000e+00
-4.411088702133605466e+01,-1.540386117748599570e+00,0.000000000000000000e+00
-4.466336802914541693e+01,-2.340707933708679800e+00,0.000000000000000000e+00
-4.519117864544674035e+01,-3.160075050645716477e+00,0.000000000000000000e+00
-4.569364954942467705e+01,-3.997676330701093406e+00,0.000000000000000000e+00
-4.617281230737497566e+01,-4.852958127632241769e+00,0.000000000000000000e+00
-4.662549000398281152e+01,-5.724890317021810837e+00,0.000000000000000000e+00
-4.705084049371276933e+01,-6.612564396435476333e+00,0.000000000000000000e+00
-4.744902776606634376e+01,-7.515187706671794032e+00,0.000000000000000000e+00
-4.781816292843353011e+01,-8.431632292196139744e+00,0.000000000000000000e+00
-4.816241541085562972e+01,-9.361825196381328595e+00,0.000000000000000000e+00
-4.848086577855209356e+01,-1.030492613667485990e+01,0.000000000000000000e+00
-4.876820494696278274e+01,-1.125902726054603420e+01,0.000000000000000000e+00
-4.902751395195218009e+01,-1.222393213800640233e+01,0.000000000000000000e+00
-4.925985479754184126e+01,-1.319913831227567869e+01,0.000000000000000000e+00
-4.946306109327184686e+01,-1.418330453400171010e+01,0.000000000000000000e+00
-4.963711838416721633e+01,-1.517559002923562161e+01,0.000000000000000000e+00
-4.978256541239822042e+01,-1.617533603149123422e+01,0.000000000000000000e+00
-4.989932757494446491e+01,-1.718171636863981178e+01,0.000000000000000000e+00
-4.998684982252560616e+01,-1.819372544013411641e+01,0.000000000000000000e+00
-5.004482517456818158e+01,-1.921040852415170974e+01,0.000000000000000000e+00
-5.007309088990574963e+01,-2.023084192814938831e+01,0.000000000000000000e+00
-5.007151225477606005e+01,-2.125409596168302784e+01,0.000000000000000000e+00
-5.004000891386130689e+01,-2.227924738154587203e+01,0.000000000000000000e+00
-4.997863787205189823e+01,-2.330542158389322793e+01,0.000000000000000000e+00
-4.988752307405318476e+01,-2.433177076604707523e+01,0.000000000000000000e+00
-4.976681442632413166e+01,-2.535745849047858869e+01,0.000000000000000000e+00
-4.961668298904169916e+01,-2.638165831303113151e+01,0.000000000000000000e+00
-4.943732056237245587e+01,-2.740355426729513866e+01,0.000000000000000000e+00
-4.922893926257994934e+01,-2.842234133517028027e+01,0.000000000000000000e+00
-4.899175707023920978e+01,-2.943721748047178721e+01,0.000000000000000000e+00
-4.872586420689239617e+01,-3.044729918818273973e+01,0.000000000000000000e+00
-4.843128870712967426e+01,-3.145164663475085476e+01,0.000000000000000000e+00
-4.810810568490288119e+01,-3.244932701362254335e+01,0.000000000000000000e+00
-4.775660368851405480e+01,-3.343953390199114040e+01,0.000000000000000000e+00
-4.737719640657090991e+01,-3.442154804703652360e+01,0.000000000000000000e+00
-4.697021003610858969e+01,-3.539459200688851581e+01,0.000000000000000000e+00
-4.653586441630319115e+01,-3.635780198552305365e+01,0.000000000000000000e+00
-4.607471754063055158e+01,-3.731057059837256418e+01,0.000000000000000000e+00
-4.558756361694317150e+01,-3.825250781724780325e+01,0.000000000000000000e+00
-4.507367457389058529e+01,-3.918194753172755185e+01,0.000000000000000000e+00
-4.453244899657472899e+01,-4.009719717900316738e+01,0.000000000000000000e+00
-4.396594747287360860e+01,-4.099890929479062862e+01,0.000000000000000000e+00
-4.337615113136899936e+01,-4.188786224189821894e+01,0.000000000000000000e+00
-4.276222900384573222e+01,-4.276222900384571801e+01,0.000000000000000000e+00
-4.212125128586197320e+01,-4.361783256130004816e+01,0.000000000000000000e+00
-4.145702916975765362e+01,-4.445722089222859807e+01,0.000000000000000000e+00
-4.077047097112571805e+01,-4.528019529601250781e+01,0.000000000000000000e+00
-4.006146256151897944e+01,-4.608544087783864995e+01,0.000000000000000000e+00
-3.933052913729993350e+01,-4.687229939800842970e+01,0.000000000000000000e+00
-3.857808223791449365e+01,-4.763996406017602681e+01,0.000000000000000000e+00
-3.780466164505355664e+01,-4.838776033047695790e+01,0.000000000000000000e+00
-3.701085610543580628e+01,-4.911506493845671883e+01,0.000000000000000000e+00
-3.619731230483286311e+01,-4.982132622602068750e+01,0.000000000000000000e+00
-3.536472365033178278e+01,-5.050605959020701619e+01,0.000000000000000000e+00
-3.451381378689191592e+01,-5.116883319496279370e+01,0.000000000000000000e+00
-3.364536275845250657e+01,-5.180931530657299788e+01,0.000000000000000000e+00
-3.276007949555928178e+01,-5.242708639087321387e+01,0.000000000000000000e+00
-3.185891415272834593e+01,-5.302213715435229346e+01,0.000000000000000000e+00
-3.094051189281516656e+01,-5.359053861054488976e+01,0.000000000000000000e+00
-3.000701613436189064e+01,-5.413409009958900953e+01,0.000000000000000000e+00
-2.905991829754248457e+01,-5.465375742299028161e+01,0.000000000000000000e+00
-2.810003198576520234e+01,-5.514941798029352071e+01,0.000000000000000000e+00
-2.712757691028939888e+01,-5.561977515190411481e+01,0.000000000000000000e+00
-2.614128075585778177e+01,-5.606015749192027187e+01,0.000000000000000000e+00
-2.514482807205855863e+01,-5.647620852334259922e+01,0.000000000000000000e+00
-2.413904989896777664e+01,-5.686803781322084461e+01,0.000000000000000000e+00
-2.312205310679320291e+01,-5.722908966861723457e+01,0.000000000000000000e+00
-2.209639406825104402e+01,-5.756307455636569870e+01,0.000000000000000000e+00
-2.106400884485988101e+01,-5.787288866444484370e+01,0.000000000000000000e+00
-2.002309126321828714e+01,-5.815127945133428256e+01,0.000000000000000000e+00
-1.897590413639438012e+01,-5.840182776359674932e+01,0.000000000000000000e+00
-1.792446178975878013e+01,-5.862827277995135944e+01,0.000000000000000000e+00
-1.686651175708991346e+01,-5.882051671888793720e+01,0.000000000000000000e+00
-1.580559180295709076e+01,-5.898727165233006531e+01,0.000000000000000000e+00
-1.474202114086617676e+01,-5.912701731356838764e+01,0.000000000000000000e+00
-1.367507533006684106e+01,-5.923325887120288513e+01,0.000000000000000000e+00
-1.260795965252243533e+01,-5.931578660034642780e+01,0.000000000000000000e+00
-1.153959755798820552e+01,-5.936608295962920323e+01,0.000000000000000000e+00
-1.047164718701589337e+01,-5.938766231317416810e+01,0.000000000000000000e+00
-9.405578999084244884e+00,-5.938448865186386882e+01,0.000000000000000000e+00
-8.340507340856342822e+00,-5.934579340245267076e+01,0.000000000000000000e+00
-7.279075764602342957e+00,-5.928331470239567835e+01,0.000000000000000000e+00
-6.221210799063344510e+00,-5.919086688883403724e+01,0.000000000000000000e+00
-5.167737393031626603e+00,-5.906750868928699560e+01,0.000000000000000000e+00
-4.120122346808590130e+00,-5.892049461853012815e+01,0.000000000000000000e+00
-3.078448421378859212e+00,-5.874029511445061047e+01,0.000000000000000000e+00
-2.044020323689908381e+00,-5.853308370461021326e+01,0.000000000000000000e+00
-1.017663231795508105e+00,-5.830188750259935659e+01,0.000000000000000000e+00
-1.066120013895838386e-14,-5.803687042054971101e+01,0.000000000000000000e+00
1.007970817620921888e+00,-5.774660946642909209e+01,0.000000000000000000e+00
2.005577842422820556e+00,-5.743223507422277407e+01,0.000000000000000000e+00
2.991788063146230581e+00,-5.708671697360674102e+01,0.000000000000000000e+00
3.965875252406436680e+00,-5.671465840041769724e+01,0.000000000000000000e+00
4.927217408767485374e+00,-5.631835268928875848e+01,0.000000000000000000e+00
5.875133408631760368e+00,-5.589816046690185658e+01,0.000000000000000000e+00
6.808035883843436942e+00,-5.544700273210305852e+01,0.000000000000000000e+00
7.725814844534106385e+00,-5.497202902554443682e+01,0.000000000000000000e+00
8.627730552535975761e+00,-5.447334684428223284e+01,0.000000000000000000e+00
9.513060566602227652e+00,-5.395124744029348562e+01,0.000000000000000000e+00
1.038104337891670603e+01,-5.340583840496811519e+01,0.000000000000000000e+00
1.123075408673591014e+01,-5.283654382860616749e+01,0.000000000000000000e+00
1.206103067606093404e+01,-5.224206339235906427e+01,0.000000000000000000e+00
1.287176675681763349e+01,-5.162583668916474977e+01,0.000000000000000000e+00
1.366222257397025786e+01,-5.098810879037137056e+01,0.000000000000000000e+00
1.443173173754961169e+01,-5.032942971116773379e+01,0.000000000000000000e+00
1.517963512205245991e+01,-4.965034928659912339e+01,0.000000000000000000e+00
1.590529568998242560e+01,-4.895146669896346481e+01,0.000000000000000000e+00
1.660819316388465339e+01,-4.823369524509510597e+01,0.000000000000000000e+00
1.728770074506837062e+01,-4.749756743136428838e+01,0.000000000000000000e+00
1.794220423040824031e+01,-4.674104003713948430e+01,0.000000000000000000e+00
1.857172006579545709e+01,-4.596662018017796214e+01,0.000000000000000000e+00
1.917605385823737407e+01,-4.517595184909226447e+01,0.000000000000000000e+00
1.975558820047863051e+01,-4.437177758838317487e+01,0.000000000000000000e+00
2.030904991938415094e+01,-4.355289810109338333e+01,0.000000000000000000e+00
2.083367485030934319e+01,-4.271536357980321696e+01,0.000000000000000000e+00
2.133208368512745068e+01,-4.186657154474617215e+01,0.000000000000000000e+00
2.180356419045480720e+01,-4.100654021186596054e+01,0.000000000000000000e+00
2.224501267658961368e+01,-4.013106518518591770e+01,0.000000000000000000e+00
2.265752345116254318e+01,-3.924398179109685003e+01,0.000000000000000000e+00
2.304183413990150342e+01,-3.834805179476177273e+01,0.000000000000000000e+00
2.339667989758911659e+01,-3.744251470503251511e+01,0.000000000000000000e+00
2.372256405581295269e+01,-3.652954524139357773e+01,0.000000000000000000e+00
2.402259734861146256e+01,-3.561496519134905014e+01,0.000000000000000000e+00
2.429960049691559476e+01,-3.470342601429970841e+01,0.000000000000000000e+00
2.455454234596861696e+01,-3.379642815043506232e+01,0.000000000000000000e+00
2.478811689557047515e+01,-3.289494216398822601e+01,0.000000000000000000e+00
2.500086699668831258e+01,-3.199965050998329730e+01,0.000000000000000000e+00
2.519307967820851957e+01,-3.111086245898068370e+01,0.000000000000000000e+00
2.536502082526925506e+01,-3.022885469474158882e+01,0.000000000000000000e+00
2.551695965005751532e+01,-2.935390422975945057e+01,0.000000000000000000e+00
2.564921774031974167e+01,-2.848634221797808763e+01,0.000000000000000000e+00
2.576215349153131839e+01,-2.762652730717134375e+01,0.000000000000000000e+00
2.585613113926316231e+01,-2.677480759205133864e+01,0.000000000000000000e+00
2.593151999059051960e+01,-2.593151999059053026e+01,0.000000000000000000e+00
2.598869413255845728e+01,-2.509699019570619072e+01,0.000000000000000000e+00
2.602803214093301420e+01,-2.427153263389596560e+01,0.000000000000000000e+00
2.604991678939368782e+01,-2.345545043079227199e+01,0.000000000000000000e+00
2.605473475932296523e+01,-2.264903538359891400e+01,0.000000000000000000e+00
2.604287635034637205e+01,-2.185256794037116634e+01,0.000000000000000000e+00
2.601473410907346562e+01,-2.106631630934125354e+01,0.000000000000000000e+00
2.597070381911570180e+01,-2.029053760413824037e+01,0.000000000000000000e+00
2.591120170138457013e+01,-1.952549098510875325e+01,0.000000000000000000e+00
2.583665209915751859e+01,-1.877142653131692640e+01,0.000000000000000000e+00
2.574748261111597358e+01,-1.802858141422684213e+01,0.000000000000000000e+00
2.564412374153781471e+01,-1.729717987062835860e+01,0.000000000000000000e+00
2.552700855067023866e+01,-1.657743318442302893e+01,0.000000000000000000e+00
2.539657230549698497e+01,-1.586953967725431092e+01,0.000000000000000000e+00
2.525324645935764423e+01,-1.517368130002519422e+01,0.000000000000000000e+00
2.509742883436953065e+01,-1.449000729349073957e+01,0.000000000000000000e+00
2.492950353954375586e+01,-1.381864946019294038e+01,0.000000000000000000e+00
2.474985376151255423e+01,-1.315973067723855117e+01,0.000000000000000000e+00
2.455890893214164095e+01,-1.251338911274221921e+01,0.000000000000000000e+00
2.435720134013890359e+01,-1.187980085984580292e+01,0.000000000000000000e+00
2.414527781796100925e+01,-1.125912795479525030e+01,0.000000000000000000e+00
2.392353915963668598e+01,-1.065144588797232394e+01,0.000000000000000000e+00
2.369213694364391287e+01,-1.005671547476606520e+01,0.000000000000000000e+00
2.345124376096941887e+01,-9.474917507884752510e+00,0.000000000000000000e+00
2.320144540904114194e+01,-8.906200453368469994e+00,0.000000000000000000e+00
2.294351660236650048e+01,-8.350757112653834469e+00,0.000000000000000000e+00
2.267793203125861368e+01,-7.808638210668553015e+00,0.000000000000000000e+00
2.240485707581623132e+01,-7.279779355215898917e+00,0.000000000000000000e+00
2.212456559220067476e+01,-6.764158515480330536e+00,0.000000000000000000e+00
2.183750746690063949e+01,-6.261804502607287048e+00,0.000000000000000000e+00
2.154412956158183690e+01,-5.772732117657328743e+00,0.000000000000000000e+00
2.124485822699633175e+01,-5.296938072423515109e+00,0.000000000000000000e+00
2.094017359143533952e+01,-4.834419998909971206e+00,0.000000000000000000e+00
2.063060409380330285e+01,-4.385170271354324356e+00,0.000000000000000000e+00
2.031649418906519600e+01,-3.949126421065151327e+00,0.000000000000000000e+00
1.999799351106973333e+01,-3.526185816034419940e+00,0.000000000000000000e+00
1.967487868842661314e+01,-3.116194649519601345e+00,0.000000000000000000e+00
1.934743341114593207e+01,-2.719104440951394253e+00,0.000000000000000000e+00
1.901787305985039467e+01,-2.335101192960921335e+00,0.000000000000000000e+00
1.868809795911441896e+01,-1.964198244562769258e+00,0.000000000000000000e+00
1.835901446433872408e+01,-1.606205639138104990e+00,0.000000000000000000e+00
1.803028758241973861e+01,-1.260800529063266451e+00,0.000000000000000000e+00
1.770141228487078067e+01,-9.276917080236314339e-01,0.000000000000000000e+00
1.737367184331703029e+01,-6.067019896657392941e-01,0.000000000000000000e+00
1.704822295386308895e+01,-2.975778385704254680e-01,0.000000000000000000e+00
1.672534120145590109e+01,-4.096527113402063683e-15,0.000000000000000000e+00
