1.282002530362920822e+01,0.000000000000000000e+00,0.000000000000000000e+00
1.264439556600274805e+01,2.207087455826444722e-01,0.000000000000000000e+00
1.246975728933421479e+01,4.354535199188810379e-01,0.000000000000000000e+00
1.229636805502427954e+01,6.444253430107510505e-01,0.000000000000000000e+00
1.212467020201350110e+01,8.478395330932825269e-01,0.000000000000000000e+00
1.195524606884413110e+01,1.045948500686729732e+00,0.000000000000000000e+00
1.178867039296828523e+01,1.239039186452053132e+00,0.000000000000000000e+00
1.162550494512855259e+01,1.427432519962155366e+00,0.000000000000000000e+00
1.146626470198112280e+01,1.611478412134994542e+00,0.000000000000000000e+00
1.131099665298160950e+01,1.791485874395195355e+00,0.000000000000000000e+00
1.115940419881877332e+01,1.967704048883081036e+00,0.000000000000000000e+00
1.101117598258342412e+01,2.140355791464386481e+00,0.000000000000000000e+00
1.086599479929069645e+01,2.309638493661572145e+00,0.000000000000000000e+00
1.072353873913115940e+01,2.475723991168112370e+00,0.000000000000000000e+00
1.058352645814449389e+01,2.638769514847128850e+00,0.000000000000000000e+00
1.044583189764010278e+01,2.798952221243926619e+00,0.000000000000000000e+00
1.031035928483385611e+01,2.956447950441591033e+00,0.000000000000000000e+00
1.017700735836225334e+01,3.111423394881893234e+00,0.000000000000000000e+00
1.004566978354075246e+01,3.264035974524147399e+00,0.000000000000000000e+00
9.916235569806872263e+00,3.414433726569683802e+00,0.000000000000000000e+00
9.788591759124617653e+00,3.562756035704804702e+00,0.000000000000000000e+00
9.662637289959391751e+00,3.709138939207486718e+00,0.000000000000000000e+00
9.538273896668002294e+00,3.853712803452767233e+00,0.000000000000000000e+00
9.415399619988038538e+00,3.996600023234404109e+00,0.000000000000000000e+00
9.293909129200413233e+00,4.137914942970902565e+00,0.000000000000000000e+00
9.173694070537306899e+00,4.277763798662648220e+00,0.000000000000000000e+00
9.054643415994373612e+00,4.416244671823770673e+00,0.000000000000000000e+00
8.936652498209298301e+00,4.553451881125602618e+00,0.000000000000000000e+00
8.819646680914448922e+00,4.689489324164069828e+00,0.000000000000000000e+00
8.703555652168748935e+00,4.824459677820046366e+00,0.000000000000000000e+00
8.588305838253758040e+00,4.958460687598639893e+00,0.000000000000000000e+00
8.473820605223485458e+00,5.091585094383079380e+00,0.000000000000000000e+00
8.360020461689996907e+00,5.223920567844944962e+00,0.000000000000000000e+00
8.246823262650089248e+00,5.355549646522835161e+00,0.000000000000000000e+00
8.134146694102613040e+00,5.486551222417880957e+00,0.000000000000000000e+00
8.021924100632624288e+00,5.617011726209108602e+00,0.000000000000000000e+00
7.910094313119743425e+00,5.747019919014846323e+00,0.000000000000000000e+00
7.798592877995376149e+00,5.876661248316221275e+00,0.000000000000000000e+00
7.687352122502936425e+00,6.006017719207449090e+00,0.000000000000000000e+00
7.576301277896345887e+00,6.135167805515389539e+00,0.000000000000000000e+00
7.465366604738063572e+00,6.264186364638892002e+00,0.000000000000000000e+00
7.354471614970593762e+00,6.393144638539822289e+00,0.000000000000000000e+00
7.243545407232454103e+00,6.522117579727146008e+00,0.000000000000000000e+00
7.132528464238679256e+00,6.651190395208855577e+00,0.000000000000000000e+00
7.021358771196259063e+00,6.780447349237417320e+00,0.000000000000000000e+00
6.909970318346851492e+00,6.909970318346850604e+00,0.000000000000000000e+00
6.798293166850513991e+00,7.039838656308995191e+00,0.000000000000000000e+00
6.686253518597978562e+00,7.170129060636909024e+00,0.000000000000000000e+00
6.573773789918884169e+00,7.300915440740046947e+00,0.000000000000000000e+00
6.460774997340601011e+00,7.432271443104029096e+00,0.000000000000000000e+00
6.347191526373075376e+00,7.564288304438639088e+00,0.000000000000000000e+00
6.232960310594257258e+00,7.697064964348677485e+00,0.000000000000000000e+00
6.118012508756126344e+00,7.830698916234989149e+00,0.000000000000000000e+00
6.002273475831619187e+00,7.965285934051890671e+00,0.000000000000000000e+00
5.885662784426996197e+00,8.100919846475344244e+00,0.000000000000000000e+00
5.768094253492288104e+00,8.237692310825657671e+00,0.000000000000000000e+00
5.649476348722103580e+00,8.375693127151263795e+00,0.000000000000000000e+00
5.529718402434827595e+00,8.515019627670138647e+00,0.000000000000000000e+00
5.408729019830020412e+00,8.655775808660337134e+00,0.000000000000000000e+00
5.286410023920393719e+00,8.798063738102820608e+00,0.000000000000000000e+00
5.162656274708390391e+00,8.941982969809197712e+00,0.000000000000000000e+00
5.037355707542443106e+00,9.087630256695637954e+00,0.000000000000000000e+00
4.910389381056194047e+00,9.235099264107974548e+00,0.000000000000000000e+00
4.781636718198241986e+00,9.384490456645037781e+00,0.000000000000000000e+00
4.651012549524600637e+00,9.535988897523804297e+00,0.000000000000000000e+00
4.518439142097195216e+00,9.689824010128708309e+00,0.000000000000000000e+00
4.383822145095396472e+00,9.846225748139923795e+00,0.000000000000000000e+00
4.247050310523319716e+00,1.000542352181886052e+01,0.000000000000000000e+00
4.107995422881976388e+00,1.016764546506949785e+01,0.000000000000000000e+00
3.966506575624382247e+00,1.033310290519513330e+01,0.000000000000000000e+00
3.822313270269250829e+00,1.050171940014651639e+01,0.000000000000000000e+00
3.675060350379803165e+00,1.067315024568814330e+01,0.000000000000000000e+00
3.524411994882854948e+00,1.084702477487395456e+01,0.000000000000000000e+00
3.370055952429702018e+00,1.102295633644275519e+01,0.000000000000000000e+00
3.211704113088598156e+00,1.120054331332843489e+01,0.000000000000000000e+00
3.049107663997165041e+00,1.137942471978507442e+01,0.000000000000000000e+00
2.882098031884742895e+00,1.155946383486450202e+01,0.000000000000000000e+00
2.710526645822537439e+00,1.174058077298467850e+01,0.000000000000000000e+00
2.534245951513993234e+00,1.192268980831659952e+01,0.000000000000000000e+00
2.353109587126617441e+00,1.210569937647047034e+01,0.000000000000000000e+00
2.166972641608790440e+00,1.228951254596488951e+01,0.000000000000000000e+00
1.975691934119289117e+00,1.247402794157692263e+01,0.000000000000000000e+00
1.779125912988782865e+00,1.265913865358952251e+01,0.000000000000000000e+00
1.577134779024675915e+00,1.284473200398412018e+01,0.000000000000000000e+00
1.369580544847884829e+00,1.303068845309551804e+01,0.000000000000000000e+00
1.156326689696328458e+00,1.321687454230792724e+01,0.000000000000000000e+00
9.372393685977865596e-01,1.340314741296833034e+01,0.000000000000000000e+00
7.121881003592595016e-01,1.358935849032849319e+01,0.000000000000000000e+00
4.810452379592747851e-01,1.377533327474215596e+01,0.000000000000000000e+00
2.436866240973953324e-01,1.396079734446918330e+01,0.000000000000000000e+00
8.661586002060084743e-16,1.414544341779297909e+01,0.000000000000000000e+00
-2.501132081827226461e-01,1.432897610013435497e+01,0.000000000000000000e+00
-5.067553193794285260e-01,1.451157367821420330e+01,0.000000000000000000e+00
-7.700768871467794652e-01,1.469394234370800945e+01,0.000000000000000000e+00
-1.040287963018491357e+00,1.487681097000211849e+01,0.000000000000000000e+00
-1.317691723454606834e+00,1.506128531800187886e+01,0.000000000000000000e+00
-1.602754976934063658e+00,1.524919498136981666e+01,0.000000000000000000e+00
-1.896090479052841227e+00,1.544241772019065806e+01,0.000000000000000000e+00
-2.198362051182879640e+00,1.564215877782511654e+01,0.000000000000000000e+00
-2.510159102095032235e+00,1.584852083292783931e+01,0.000000000000000000e+00
-2.832076726910844222e+00,1.606150525309190158e+01,0.000000000000000000e+00
-3.164800113680455773e+00,1.628148513457808377e+01,0.000000000000000000e+00
-3.509121098764628410e+00,1.650911677905420660e+01,0.000000000000000000e+00
-3.865892631533584201e+00,1.674502066606062201e+01,0.000000000000000000e+00
-4.236021981432652517e+00,1.698975619716880558e+01,0.000000000000000000e+00
-4.620486559039248320e+00,1.724389059402356494e+01,0.000000000000000000e+00
-5.020438838457311981e+00,1.750835091965591417e+01,0.000000000000000000e+00
-5.437145493343919611e+00,1.778410157398321090e+01,0.000000000000000000e+00
-5.871657852285638413e+00,1.807110470790532375e+01,0.000000000000000000e+00
-6.324791991104381950e+00,1.836852969960228776e+01,0.000000000000000000e+00
-6.796765661370757883e+00,1.867396017994072110e+01,0.000000000000000000e+00
-7.287560868191456542e+00,1.898474512601603337e+01,0.000000000000000000e+00
-7.798016982686139187e+00,1.930076931656347128e+01,0.000000000000000000e+00
-8.329058050851182671e+00,1.962203111418114077e+01,0.000000000000000000e+00
-8.881196187675307385e+00,1.994749323377667949e+01,0.000000000000000000e+00
-9.455008647185506376e+00,2.027633147736704444e+01,0.000000000000000000e+00
-1.005098040863443032e+01,2.060756374346141229e+01,0.000000000000000000e+00
-1.066933312843332970e+01,2.093974528459738949e+01,0.000000000000000000e+00
-1.131106697659780380e+01,2.127302301419242525e+01,0.000000000000000000e+00
-1.197724492270027596e+01,2.160752181713349529e+01,0.000000000000000000e+00
-1.266779910643134599e+01,2.194127167241472165e+01,0.000000000000000000e+00
-1.338170964880961478e+01,2.227090480728579536e+01,0.000000000000000000e+00
-1.412080857938531153e+01,2.259801754756942671e+01,0.000000000000000000e+00
-1.488563464022689509e+01,2.292186724663008590e+01,0.000000000000000000e+00
-1.567634171155586209e+01,2.324113235062093707e+01,0.000000000000000000e+00
-1.649326203417408720e+01,2.355481929878113689e+01,0.000000000000000000e+00
-1.733666204856610094e+01,2.386186820496513050e+01,0.000000000000000000e+00
-1.820681931103167273e+01,2.416126528488305070e+01,0.000000000000000000e+00
-1.910413001902362495e+01,2.445217135817789256e+01,0.000000000000000000e+00
-2.002873184814946583e+01,2.473342400828281384e+01,0.000000000000000000e+00
-2.098120622622865383e+01,2.500442789706799829e+01,0.000000000000000000e+00
-2.194821413451512981e+01,2.524853213526780493e+01,0.000000000000000000e+00
-2.292045275362169576e+01,2.545574167372349095e+01,0.000000000000000000e+00
-2.389926432532438128e+01,2.562882325508703119e+01,0.000000000000000000e+00
-2.488341140948245922e+01,2.576752682504122660e+01,0.000000000000000000e+00
-2.587172114036878767e+01,2.587172114036879123e+01,0.000000000000000000e+00
-2.686352759286593894e+01,2.594180704815072502e+01,0.000000000000000000e+00
-2.785067558511494212e+01,2.597117514224553503e+01,0.000000000000000000e+00
-2.883862033428603056e+01,2.596641038096108289e+01,0.000000000000000000e+00
-2.982645756818542182e+01,2.592774400006200963e+01,0.000000000000000000e+00
-3.081316999609293106e+01,2.585531957912441925e+01,0.000000000000000000e+00
-3.179770718346925662e+01,2.574927556938360595e+01,0.000000000000000000e+00
-3.277641338679053007e+01,2.560774066754180112e+01,0.000000000000000000e+00
-3.374667095897666513e+01,2.542994057862320290e+01,0.000000000000000000e+00
-3.471166961392265904e+01,2.521950419258624265e+01,0.000000000000000000e+00
-3.566994981996687386e+01,2.497636775150289878e+01,0.000000000000000000e+00
-3.662047745621857331e+01,2.470082393505551721e+01,0.000000000000000000e+00
-3.756209151963288662e+01,2.439310744922940799e+01,0.000000000000000000e+00
-3.849360398003592820e+01,2.405347337165936139e+01,0.000000000000000000e+00
-3.941380496412157441e+01,2.368220324897362872e+01,0.000000000000000000e+00
-4.031885477286410691e+01,2.327810165653051655e+01,0.000000000000000000e+00
-4.121121145885324921e+01,2.284374753297643323e+01,0.000000000000000000e+00
-4.208972803723140288e+01,2.237950537346253910e+01,0.000000000000000000e+00
-4.295352608232644798e+01,2.188591468446806232e+01,0.000000000000000000e+00
-4.380166046521567580e+01,2.136349724218258928e+01,0.000000000000000000e+00
-4.463327377833519449e+01,2.081283737136639544e+01,0.000000000000000000e+00
-4.544757847956859109e+01,2.023456561691485689e+01,0.000000000000000000e+00
-4.624378219199448381e+01,1.962932094678387429e+01,0.000000000000000000e+00
-4.702137795038876078e+01,1.899786986686404688e+01,0.000000000000000000e+00
-4.777950024632335158e+01,1.834083175652931885e+01,0.000000000000000000e+00
-4.851449900956442463e+01,1.765783356981861374e+01,0.000000000000000000e+00
-4.922785724171697552e+01,1.695051059140478955e+01,0.000000000000000000e+00
-4.991985807136661890e+01,1.621994512053824522e+01,0.000000000000000000e+00
-5.059049155039862455e+01,1.546706545703198898e+01,0.000000000000000000e+00
-5.123894387373893267e+01,1.469253072694920803e+01,0.000000000000000000e+00
-5.186272215138187391e+01,1.389657451774248642e+01,0.000000000000000000e+00
-5.245957552796167533e+01,1.307964119638768175e+01,0.000000000000000000e+00
-5.303336040861711354e+01,1.224371598684747653e+01,0.000000000000000000e+00
-5.358377057528603871e+01,1.138958203479810294e+01,0.000000000000000000e+00
-5.410465324002503706e+01,1.051687922258513908e+01,0.000000000000000000e+00
-5.459795474760028355e+01,9.627092513501755988e+00,0.000000000000000000e+00
-5.506584293860452561e+01,8.721572714829703088e+00,0.000000000000000000e+00
-5.550654166507210618e+01,7.800935697052320705e+00,0.000000000000000000e+00
-5.591915500256273219e+01,6.866008893051130713e+00,0.000000000000000000e+00
-5.630401844594229743e+01,5.917790801145320856e+00,0.000000000000000000e+00
-5.666087545351958710e+01,4.957184267637289032e+00,0.000000000000000000e+00
-5.698878635543807292e+01,3.985044146365623874e+00,0.000000000000000000e+00
-5.728697131519705721e+01,3.002282948480758495e+00,0.000000000000000000e+00
-5.755518274642228249e+01,2.009871269743213062e+00,0.000000000000000000e+00
-5.779329578381842225e+01,1.008785730322229846e+00,0.000000000000000000e+00
-5.800122631869888323e+01,7.103101615781580800e-15,0.000000000000000000e+00
-5.776838280203928377e+01,-1.008350872607705284e+00,0.000000000000000000e+00
-5.684097982435957164e+01,-1.984930754131539965e+00,0.000000000000000000e+00
-5.570855961803466272e+01,-2.919561896638087628e+00,0.000000000000000000e+00
-5.463333930594120602e+01,-3.820335243492520849e+00,0.000000000000000000e+00
-5.359430235947402821e+01,-4.688893886034645853e+00,0.000000000000000000e+00
-5.259100162819546398e+01,-5.527537007987408657e+00,0.000000000000000000e+00
-5.162117950491167306e+01,-6.338283858800612514e+00,0.000000000000000000e+00
-5.068250642560523289e+01,-7.122961757863882859e+00,0.000000000000000000e+00
-4.977299683617901138e+01,-7.883268247173121246e+00,0.000000000000000000e+00
-4.889077390146846369e+01,-8.620762546546158589e+00,0.000000000000000000e+00
-4.803411586736093142e+01,-9.336886291454600695e+00,0.000000000000000000e+00
-4.720142682727689731e+01,-1.003297299232510476e+01,0.000000000000000000e+00
-4.639122810128030494e+01,-1.071025891583597556e+01,0.000000000000000000e+00
-4.560214635598442356e+01,-1.136989207630001530e+01,0.000000000000000000e+00
-4.483290410075281329e+01,-1.201294044813866613e+01,0.000000000000000000e+00
-4.408231088036748702e+01,-1.264039923853066227e+01,0.000000000000000000e+00
-4.334925545529392821e+01,-1.325319741107254679e+01,0.000000000000000000e+00
-4.263269871962235413e+01,-1.385220351756872326e+01,0.000000000000000000e+00
-4.193166734051403921e+01,-1.443823093661540824e+01,0.000000000000000000e+00
-4.124524851463738884e+01,-1.501204276424030049e+01,0.000000000000000000e+00
-4.057258482993055537e+01,-1.557435612463385333e+01,0.000000000000000000e+00
-3.991286919546210754e+01,-1.612584590329484513e+01,0.000000000000000000e+00
-3.926534041662551999e+01,-1.666714815675467420e+01,0.000000000000000000e+00
-3.862927946800714096e+01,-1.719886331195683127e+01,0.000000000000000000e+00
-3.800400726468555490e+01,-1.772155962810106544e+01,0.000000000000000000e+00
-3.738888043377360049e+01,-1.823577543754386809e+01,0.000000000000000000e+00
-3.678328767229559304e+01,-1.874202118510926596e+01,0.000000000000000000e+00
-3.618664793837934468e+01,-1.924078200904970615e+01,0.000000000000000000e+00
-3.559840923048080441e+01,-1.973252045377530095e+01,0.000000000000000000e+00
-3.501804420527700046e+01,-2.021767724841089731e+01,0.000000000000000000e+00
-3.444504829334417195e+01,-2.069667303997298902e+01,0.000000000000000000e+00
-3.387894013145671579e+01,-2.116991136331825629e+01,0.000000000000000000e+00
-3.331925743522802463e+01,-2.163777877813969042e+01,0.000000000000000000e+00
-3.276555516417957392e+01,-2.210064601730946521e+01,0.000000000000000000e+00
-3.221740668681243136e+01,-2.255887102367395514e+01,0.000000000000000000e+00
-3.167439960643005747e+01,-2.301279836310769866e+01,0.000000000000000000e+00
-3.113613487693341142e+01,-2.346276054106001752e+01,0.000000000000000000e+00
-3.060222776391943711e+01,-2.390908069103503308e+01,0.000000000000000000e+00
-3.007230346138741695e+01,-2.435207118442648877e+01,0.000000000000000000e+00
-2.954599807286562196e+01,-2.479203608570616524e+01,0.000000000000000000e+00
-2.902295778180811325e+01,-2.522927229192605481e+01,0.000000000000000000e+00
-2.850283551725373243e+01,-2.566406837369137861e+01,0.000000000000000000e+00
-2.798529323313807282e+01,-2.609670812988746036e+01,0.000000000000000000e+00
-2.746999851349005795e+01,-2.652746920844436218e+01,0.000000000000000000e+00
-2.695662424850927508e+01,-2.695662424850926797e+01,0.000000000000000000e+00
-2.644484933255481707e+01,-2.738444312748480058e+01,0.000000000000000000e+00
-2.593435499089555307e+01,-2.781119080690882228e+01,0.000000000000000000e+00
-2.542482695517444569e+01,-2.823713100378331831e+01,0.000000000000000000e+00
-2.491595274367912083e+01,-2.866252487214006806e+01,0.000000000000000000e+00
-2.440742106955679702e+01,-2.908763174560391462e+01,0.000000000000000000e+00
-2.389892265521510240e+01,-2.951271163117628049e+01,0.000000000000000000e+00
-2.339014682668856082e+01,-2.993802270658753528e+01,0.000000000000000000e+00
-2.288078348680050311e+01,-3.036382524077639999e+01,0.000000000000000000e+00
-2.237052053344983449e+01,-3.079038001376949296e+01,0.000000000000000000e+00
-2.185904334950924266e+01,-3.121794918889107606e+01,0.000000000000000000e+00
-2.134603535987184841e+01,-3.164679885703877105e+01,0.000000000000000000e+00
-2.083117490403082428e+01,-3.207719638981068755e+01,0.000000000000000000e+00
-2.031413682376423679e+01,-3.250941458673419504e+01,0.000000000000000000e+00
-1.979459011233750587e+01,-3.294373018550172816e+01,0.000000000000000000e+00
-1.927219704530283551e+01,-3.338042445594327035e+01,0.000000000000000000e+00
-1.874661372656530389e+01,-3.381978641235061644e+01,0.000000000000000000e+00
-1.821748702822638322e+01,-3.426210998608885916e+01,0.000000000000000000e+00
-1.768445534192897739e+01,-3.470769783820647092e+01,0.000000000000000000e+00
-1.714714702183950124e+01,-3.515686141100248108e+01,0.000000000000000000e+00
-1.660517837603791946e+01,-3.560991994370893110e+01,0.000000000000000000e+00
-1.605815426644982225e+01,-3.606720500347319103e+01,0.000000000000000000e+00
-1.550566544890693343e+01,-3.652905863147901755e+01,0.000000000000000000e+00
-1.494728740503536457e+01,-3.699583455043798352e+01,0.000000000000000000e+00
-1.438258005396328976e+01,-3.746790202066289766e+01,0.000000000000000000e+00
-1.381108491752517509e+01,-3.794564394907064298e+01,0.000000000000000000e+00
-1.323232390855496021e+01,-3.842945903215517234e+01,0.000000000000000000e+00
-1.264579834323827612e+01,-3.891976537542251435e+01,0.000000000000000000e+00
-1.205098607140620004e+01,-3.941699934697482632e+01,0.000000000000000000e+00
-1.144733962195439503e+01,-3.992161754115613093e+01,0.000000000000000000e+00
-1.083428467984554189e+01,-4.043410088884868969e+01,0.000000000000000000e+00
-1.021121709326717308e+01,-4.095495482587127611e+01,0.000000000000000000e+00
-9.577500169147494802e+00,-4.148471091861473781e+01,0.000000000000000000e+00
-8.932462150727310757e+00,-4.202393038608828846e+01,0.000000000000000000e+00
-8.275393201239303664e+00,-4.257320732716890888e+01,0.000000000000000000e+00
-7.605541673037514272e+00,-4.313317021864251188e+01,0.000000000000000000e+00
-6.922110417666223370e+00,-4.370448513428795678e+01,0.000000000000000000e+00
-6.224252739242629673e+00,-4.428785948527414007e+01,0.000000000000000000e+00
-5.511067929184886971e+00,-4.488404640338238494e+01,0.000000000000000000e+00
-4.781596157606905706e+00,-4.549384851638249216e+01,0.000000000000000000e+00
-4.034812884156614210e+00,-4.611812229776541017e+01,0.000000000000000000e+00
-3.269622731074839361e+00,-4.675778346246006123e+01,0.000000000000000000e+00
-2.484852612403646965e+00,-4.741381234613209017e+01,0.000000000000000000e+00
-1.679244174627867459e+00,-4.808726150850323222e+01,0.000000000000000000e+00
-8.514451401916919293e-01,-4.877925941227865536e+01,0.000000000000000000e+00
-9.091354555583546121e-15,-4.949102909733267808e+01,0.000000000000000000e+00
8.766607179472001299e-01,-5.022385889439020445e+01,0.000000000000000000e+00
1.780235345520247536e+00,-5.097927025751613428e+01,0.000000000000000000e+00
2.712538283889281310e+00,-5.175831376558697627e+01,0.000000000000000000e+00
3.675692904001892636e+00,-5.256485748229540889e+01,0.000000000000000000e+00
4.670301307958252046e+00,-5.338178821961770382e+01,0.000000000000000000e+00
5.689630131386659961e+00,-5.413321467973926815e+01,0.000000000000000000e+00
6.725919214816651781e+00,-5.477821613203759199e+01,0.000000000000000000e+00
7.774256736229191667e+00,-5.531671099500666600e+01,0.000000000000000000e+00
8.832181075698779082e+00,-5.576419664457748127e+01,0.000000000000000000e+00
9.895583957377162676e+00,-5.612064539197389479e+01,0.000000000000000000e+00
1.095776317177486447e+01,-5.637280453140611058e+01,0.000000000000000000e+00
1.201366079945544740e+01,-5.651983032217930969e+01,0.000000000000000000e+00
1.306183887412308309e+01,-5.657703995705107758e+01,0.000000000000000000e+00
1.409785996636135152e+01,-5.654342795674045874e+01,0.000000000000000000e+00
1.511513547376825706e+01,-5.641045355138972184e+01,0.000000000000000000e+00
1.610785898830217988e+01,-5.617478009515758686e+01,0.000000000000000000e+00
1.707506551851675169e+01,-5.585002276202878591e+01,0.000000000000000000e+00
1.801194444305241404e+01,-5.543506488489773432e+01,0.000000000000000000e+00
1.891407100991487056e+01,-5.493045076812777694e+01,0.000000000000000000e+00
1.977691739790236625e+01,-5.433663397715611865e+01,0.000000000000000000e+00
2.059609889396949001e+01,-5.365467200403214321e+01,0.000000000000000000e+00
2.136762417307252093e+01,-5.288672567951205394e+01,0.000000000000000000e+00
2.208744456443518445e+01,-5.203475853212565738e+01,0.000000000000000000e+00
2.275415196887787417e+01,-5.110666208110467323e+01,0.000000000000000000e+00
2.336273045732978915e+01,-5.010153714774315148e+01,0.000000000000000000e+00
2.390281348884759183e+01,-4.900803032073763887e+01,0.000000000000000000e+00
2.437590975575827557e+01,-4.784041656789669617e+01,0.000000000000000000e+00
2.478193357645999839e+01,-4.660803833970324206e+01,0.000000000000000000e+00
2.511647394649379450e+01,-4.531131844350539239e+01,0.000000000000000000e+00
2.537488562033187378e+01,-4.395059113066369605e+01,0.000000000000000000e+00
2.555244997205024760e+01,-4.252641821227129526e+01,0.000000000000000000e+00
2.564437485140459927e+01,-4.103957855037477032e+01,0.000000000000000000e+00
2.564580223188738728e+01,-3.949107232580126237e+01,0.000000000000000000e+00
2.560040670704744414e+01,-3.795416376192036267e+01,0.000000000000000000e+00
2.553756906891687350e+01,-3.647142836281270917e+01,0.000000000000000000e+00
2.544030726007031618e+01,-3.501557896399233272e+01,0.000000000000000000e+00
2.531161447399454190e+01,-3.358964691456670693e+01,0.000000000000000000e+00
2.515466063804096208e+01,-3.219649739431712732e+01,0.000000000000000000e+00
2.497278569184704011e+01,-3.083882204162111762e+01,0.000000000000000000e+00
2.476949261320055129e+01,-2.951913180851750695e+01,0.000000000000000000e+00
2.454843382755603898e+01,-2.823974272197600754e+01,0.000000000000000000e+00
2.431241541911808568e+01,-2.700167283019881381e+01,0.000000000000000000e+00
2.406221338903088025e+01,-2.580356473233371872e+01,0.000000000000000000e+00
2.379824325869714841e+01,-2.464380230934300542e+01,0.000000000000000000e+00
2.352087068414785875e+01,-2.352087068414786941e+01,0.000000000000000000e+00
2.323133250924555071e+01,-2.243423702798910568e+01,0.000000000000000000e+00
2.293159381214038461e+01,-2.138405717900194958e+01,0.000000000000000000e+00
2.262363157574291606e+01,-2.037040936750323183e+01,0.000000000000000000e+00
2.230909834643951584e+01,-1.939300332519778891e+01,0.000000000000000000e+00
2.198934096326638610e+01,-1.845124789210829519e+01,0.000000000000000000e+00
2.166566375205577799e+01,-1.754450857498661520e+01,0.000000000000000000e+00
2.133934360527209861e+01,-1.667212243788715043e+01,0.000000000000000000e+00
2.101162586241881769e+01,-1.583339576787031611e+01,0.000000000000000000e+00
2.068374254123565947e+01,-1.502761859452139070e+01,0.000000000000000000e+00
2.035696301783894313e+01,-1.425409896014712530e+01,0.000000000000000000e+00
2.003255878450715954e+01,-1.351213151429666937e+01,0.000000000000000000e+00
1.971252776516071137e+01,-1.280146521181211483e+01,0.000000000000000000e+00
1.939984510978046117e+01,-1.212236864088987964e+01,0.000000000000000000e+00
1.909748053368738141e+01,-1.147492397533819286e+01,0.000000000000000000e+00
1.880711631535558936e+01,-1.085829366735116785e+01,0.000000000000000000e+00
1.852952920731332398e+01,-1.027108575877222307e+01,0.000000000000000000e+00
1.826534350797427564e+01,-9.711855415726683205e+00,0.000000000000000000e+00
1.801408420152058554e+01,-9.178634350010268506e+00,0.000000000000000000e+00
1.777441241806784689e+01,-8.669160178901414326e+00,0.000000000000000000e+00
1.754484908895573625e+01,-8.181297491353822338e+00,0.000000000000000000e+00
1.732413050092948836e+01,-7.713199847042347734e+00,0.000000000000000000e+00
1.711199607887989771e+01,-7.263611390562042303e+00,0.000000000000000000e+00
1.690835170669760501e+01,-6.831417525150471626e+00,0.000000000000000000e+00
1.671304996756281014e+01,-6.415538798297196976e+00,0.000000000000000000e+00
1.652575349688434869e+01,-6.014882371686507412e+00,0.000000000000000000e+00
1.634528771183007834e+01,-5.628133906347361659e+00,0.000000000000000000e+00
1.617013356151904802e+01,-5.253994884854296998e+00,0.000000000000000000e+00
1.599870174932803124e+01,-4.891293988275911886e+00,0.000000000000000000e+00
1.582933885530730933e+01,-4.538989876371992693e+00,0.000000000000000000e+00
1.566052172881898130e+01,-4.196224150287094723e+00,0.000000000000000000e+00
1.549151697112096926e+01,-3.862468987420833333e+00,0.000000000000000000e+00
1.532179503582994329e+01,-3.537315104718697256e+00,0.000000000000000000e+00
1.515080379014653289e+01,-3.220402760170694823e+00,0.000000000000000000e+00
1.497797082314729877e+01,-2.911422598859097821e+00,0.000000000000000000e+00
1.480283064279140426e+01,-2.610138433182168427e+00,0.000000000000000000e+00
1.462559896304954599e+01,-2.316467306173724872e+00,0.000000000000000000e+00
1.444672724407576858e+01,-2.030355105600194054e+00,0.000000000000000000e+00
1.426666445074587308e+01,-1.751726130133919535e+00,0.000000000000000000e+00
1.408585597661861577e+01,-1.480483120484956894e+00,0.000000000000000000e+00
1.390468052629509899e+01,-1.216501916000501726e+00,0.000000000000000000e+00
1.372331113527091340e+01,-9.596273969983639685e-01,0.000000000000000000e+00
1.354187372030291847e+01,-7.096995290124586964e-01,0.000000000000000000e+00
1.336048702170054092e+01,-4.665584875822897382e-01,0.000000000000000000e+00
1.317926390562788441e+01,-2.300449071788615574e-01,0.000000000000000000e+00
1.299837370237720080e+01,-3.183683349747474071e-15,0.000000000000000000e+00
