4.173707821598846124e+01,0.000000000000000000e+00,0.000000000000000000e+00
4.118226716911988206e+01,7.188391473281908750e-01,0.000000000000000000e+00
4.062258743543612383e+01,1.418572011991232396e+00,0.000000000000000000e+00
4.005783491422287312e+01,2.099342170741094193e+00,0.000000000000000000e+00
3.948800261691128100e+01,2.761270133017602380e+00,0.000000000000000000e+00
3.891335761410882554e+01,3.404477650964719881e+00,0.000000000000000000e+00
3.833402036005362845e+01,4.029067894602308186e+00,0.000000000000000000e+00
3.775035671038635599e+01,4.635160972612806241e+00,0.000000000000000000e+00
3.716359849938676518e+01,5.223003153648357433e+00,0.000000000000000000e+00
3.657487475086171003e+01,5.792891067355245838e+00,0.000000000000000000e+00
3.598483507142834270e+01,6.345097319437038585e+00,0.000000000000000000e+00
3.539256579166319483e+01,6.879617879760530741e+00,0.000000000000000000e+00
3.479698220148060273e+01,7.396326893239673517e+00,0.000000000000000000e+00
3.419998947200231498e+01,7.895689705914475276e+00,0.000000000000000000e+00
3.360335971973487545e+01,8.378258567742481233e+00,0.000000000000000000e+00
3.300736324726197068e+01,8.844296326384563756e+00,0.000000000000000000e+00
3.241132648870510735e+01,9.293798316958415739e+00,0.000000000000000000e+00
3.181444530661916303e+01,9.726652043821957250e+00,0.000000000000000000e+00
3.121791830459495642e+01,1.014331653255267796e+01,0.000000000000000000e+00
3.062306108723605291e+01,1.054436553579160929e+01,0.000000000000000000e+00
3.003030987122181727e+01,1.093013891891525446e+01,0.000000000000000000e+00
2.943949065895510131e+01,1.130076167373393581e+01,0.000000000000000000e+00
2.885017002537060193e+01,1.165622531005305440e+01,0.000000000000000000e+00
2.826276735050803168e+01,1.199683297668171100e+01,0.000000000000000000e+00
2.767795327390928506e+01,1.232301874817372500e+01,0.000000000000000000e+00
2.709628546326049303e+01,1.263520541907233330e+01,0.000000000000000000e+00
2.651819815033474015e+01,1.293378942796520192e+01,0.000000000000000000e+00
2.594394920597290621e+01,1.321910238083397537e+01,0.000000000000000000e+00
2.537322401476468414e+01,1.349118252030991449e+01,0.000000000000000000e+00
2.480565971345894027e+01,1.375000170642759123e+01,0.000000000000000000e+00
2.424197411332611551e+01,1.399611028001676871e+01,0.000000000000000000e+00
2.368288643512633840e+01,1.423011380376942370e+01,0.000000000000000000e+00
2.312850637691098044e+01,1.445229479037111275e+01,0.000000000000000000e+00
2.257892174409474606e+01,1.466292322682750715e+01,0.000000000000000000e+00
2.203429521367318600e+01,1.486231978424288158e+01,0.000000000000000000e+00
2.149476769378966168e+01,1.505079837125805930e+01,0.000000000000000000e+00
2.096045778751058108e+01,1.522866398908759322e+01,0.000000000000000000e+00
2.043148761325544527e+01,1.539623024059371126e+01,0.000000000000000000e+00
1.990797531069848958e+01,1.555381496309932743e+01,0.000000000000000000e+00
1.939002008124154486e+01,1.570172866511995657e+01,0.000000000000000000e+00
1.887771625786632868e+01,1.584028474944497766e+01,0.000000000000000000e+00
1.837119484848950535e+01,1.596983603962970655e+01,0.000000000000000000e+00
1.787056042324208960e+01,1.609072487895609527e+01,0.000000000000000000e+00
1.737576028314568788e+01,1.620315859714495943e+01,0.000000000000000000e+00
1.688679289080754486e+01,1.630738633714474162e+01,0.000000000000000000e+00
1.640416781619385134e+01,1.640416781619384778e+01,0.000000000000000000e+00
1.592865242395130565e+01,1.649460244283520893e+01,0.000000000000000000e+00
1.546179869632603321e+01,1.658074912264046574e+01,0.000000000000000000e+00
1.500521215061045233e+01,1.666497640213503573e+01,0.000000000000000000e+00
1.455878668198283954e+01,1.674796824642304216e+01,0.000000000000000000e+00
1.412148670022704877e+01,1.682933250776693868e+01,0.000000000000000000e+00
1.369258708464239582e+01,1.690893685643346345e+01,0.000000000000000000e+00
1.327169320841594846e+01,1.698699266714571010e+01,0.000000000000000000e+00
1.285840661576878574e+01,1.706368191374558663e+01,0.000000000000000000e+00
1.245227181274562867e+01,1.713908179185589020e+01,0.000000000000000000e+00
1.205283487143103827e+01,1.721323209722608993e+01,0.000000000000000000e+00
1.165968965014937808e+01,1.728620078028343698e+01,0.000000000000000000e+00
1.127246222752610016e+01,1.735806964009072573e+01,0.000000000000000000e+00
1.089078990231059407e+01,1.742890712919925278e+01,0.000000000000000000e+00
1.051432966454314410e+01,1.749878313136855468e+01,0.000000000000000000e+00
1.014274705491670225e+01,1.756775322743532186e+01,0.000000000000000000e+00
9.775724472611877047e+00,1.763587379096737351e+01,0.000000000000000000e+00
9.412961943351149330e+00,1.770320664415834244e+01,0.000000000000000000e+00
9.054165730791702060e+00,1.776980078183651557e+01,0.000000000000000000e+00
8.699057314157913723e+00,1.783571062933644669e+01,0.000000000000000000e+00
8.347368167576425080e+00,1.790098880340883980e+01,0.000000000000000000e+00
7.998835084036858056e+00,1.796567774714200283e+01,0.000000000000000000e+00
7.653208042367188213e+00,1.802982827275210198e+01,0.000000000000000000e+00
7.310243213921286731e+00,1.809348687405227096e+01,0.000000000000000000e+00
6.969701188922502233e+00,1.815669235144539329e+01,0.000000000000000000e+00
6.631352830778187268e+00,1.821949216299955054e+01,0.000000000000000000e+00
6.294972805562613516e+00,1.828192849658842434e+01,0.000000000000000000e+00
5.960339045981122297e+00,1.834403735779894973e+01,0.000000000000000000e+00
5.627237169248749282e+00,1.840586342986855328e+01,0.000000000000000000e+00
5.295455015288339951e+00,1.846744630702633927e+01,0.000000000000000000e+00
4.964782358800873929e+00,1.852882001156651981e+01,0.000000000000000000e+00
4.635014359261911743e+00,1.859002721879252107e+01,0.000000000000000000e+00
4.305947148939673674e+00,1.865110619157484706e+01,0.000000000000000000e+00
3.977377442468584157e+00,1.871208967259809697e+01,0.000000000000000000e+00
3.649105257120498269e+00,1.877301910521762096e+01,0.000000000000000000e+00
3.320930446492640797e+00,1.883393246540862975e+01,0.000000000000000000e+00
2.992652139834065750e+00,1.889486198077283774e+01,0.000000000000000000e+00
2.664070790242015097e+00,1.895584863917617113e+01,0.000000000000000000e+00
2.334985524008681868e+00,1.901693101183249013e+01,0.000000000000000000e+00
2.005193482885001988e+00,1.907814159739984916e+01,0.000000000000000000e+00
1.674491181923543071e+00,1.913952178989876529e+01,0.000000000000000000e+00
1.342672515159432312e+00,1.920111153135498583e+01,0.000000000000000000e+00
1.009528137486742416e+00,1.926294438149216148e+01,0.000000000000000000e+00
6.748460771140456504e-01,1.932506319121974414e+01,0.000000000000000000e+00
3.384102451218679031e-01,1.938750995848785408e+01,0.000000000000000000e+00
1.190988613402042630e-15,1.945032011239902303e+01,0.000000000000000000e+00
-3.406100952728245423e-01,1.951353928922947034e+01,0.000000000000000000e+00
-6.836513115701097210e-01,1.957721211531924865e+01,0.000000000000000000e+00
-1.029360942047746308e+00,1.964137683622180219e+01,0.000000000000000000e+00
-1.377983595553967655e+00,1.970608350724118907e+01,0.000000000000000000e+00
-1.729771590202945353e+00,1.977137974785031105e+01,0.000000000000000000e+00
-2.084985095806814570e+00,1.983730808312825289e+01,0.000000000000000000e+00
-2.443894656501008011e+00,1.990392471602020308e+01,0.000000000000000000e+00
-2.806780401708363737e+00,1.997128028769708763e+01,0.000000000000000000e+00
-3.173933027121599970e+00,2.003942445746612577e+01,0.000000000000000000e+00
-3.545657078497050030e+00,2.010842052787916856e+01,0.000000000000000000e+00
-3.922268539365994844e+00,2.017832236590933093e+01,0.000000000000000000e+00
-4.304098510934958099e+00,2.024919144870600718e+01,0.000000000000000000e+00
-4.691494949820123495e+00,2.032109718947183907e+01,0.000000000000000000e+00
-5.084820074777253396e+00,2.039409940637690966e+01,0.000000000000000000e+00
-5.484457939028869689e+00,2.046827568043022438e+01,0.000000000000000000e+00
-5.890810739615093716e+00,2.054369845926683524e+01,0.000000000000000000e+00
-6.304302369971692244e+00,2.062044391453769165e+01,0.000000000000000000e+00
-6.725383416185201746e+00,2.069860182118467051e+01,0.000000000000000000e+00
-7.154525840639462508e+00,2.077825177099790110e+01,0.000000000000000000e+00
-7.592235401996219046e+00,2.085949533016860258e+01,0.000000000000000000e+00
-8.039043863717314053e+00,2.094242525996378035e+01,0.000000000000000000e+00
-8.495520388039494719e+00,2.102715082536665392e+01,0.000000000000000000e+00
-8.962269386339524857e+00,2.111378353695777221e+01,0.000000000000000000e+00
-9.439935148964941902e+00,2.120244148784624016e+01,0.000000000000000000e+00
-9.929207272396489259e+00,2.129325371082812168e+01,0.000000000000000000e+00
-1.043082232165410694e+01,2.138635507691848048e+01,0.000000000000000000e+00
-1.094557573706260811e+01,2.148190193036136009e+01,0.000000000000000000e+00
-1.147431202322938049e+01,2.158004229372912874e+01,0.000000000000000000e+00
-1.201793363380138580e+01,2.168092619506034424e+01,0.000000000000000000e+00
-1.257744296894999358e+01,2.178477025152134416e+01,0.000000000000000000e+00
-1.315394608979895175e+01,2.189184258919721771e+01,0.000000000000000000e+00
-1.374846770744663260e+01,2.200214759363271000e+01,0.000000000000000000e+00
-1.436217645961668410e+01,2.211581233428629645e+01,0.000000000000000000e+00
-1.499718221919857974e+01,2.223423699585709912e+01,0.000000000000000000e+00
-1.565305901914848796e+01,2.235488503761361301e+01,0.000000000000000000e+00
-1.632531973124159208e+01,2.246987492399225061e+01,0.000000000000000000e+00
-1.701348496664158461e+01,2.257765712269840463e+01,0.000000000000000000e+00
-1.771781921569702334e+01,2.267777444584114122e+01,0.000000000000000000e+00
-1.843694683725923511e+01,2.276773322451934689e+01,0.000000000000000000e+00
-1.917230757277073749e+01,2.284866642817070215e+01,0.000000000000000000e+00
-1.992436593938748146e+01,2.292036111058170178e+01,0.000000000000000000e+00
-2.069186859099729148e+01,2.298064821236268784e+01,0.000000000000000000e+00
-2.147458654994139948e+01,2.302867467687406133e+01,0.000000000000000000e+00
-2.227346715952654677e+01,2.306485043690848613e+01,0.000000000000000000e+00
-2.308889352104685955e+01,2.308889352104686310e+01,0.000000000000000000e+00
-2.392045773541595111e+01,2.309971752333821371e+01,0.000000000000000000e+00
-2.476744634469348583e+01,2.309601736153176432e+01,0.000000000000000000e+00
-2.562882355589671590e+01,2.307629638032516795e+01,0.000000000000000000e+00
-2.650578426626540107e+01,2.304112673808251799e+01,0.000000000000000000e+00
-2.739839679542389916e+01,2.298998464588897406e+01,0.000000000000000000e+00
-2.830627580927287212e+01,2.292197018956326815e+01,0.000000000000000000e+00
-2.922920247766289137e+01,2.283635577005255257e+01,0.000000000000000000e+00
-3.016694173301421955e+01,2.273242112212786026e+01,0.000000000000000000e+00
-3.111900784923363616e+01,2.260928263180088038e+01,0.000000000000000000e+00
-3.208567986818044915e+01,2.246663491228349585e+01,0.000000000000000000e+00
-3.306188758467791189e+01,2.230052475875213958e+01,0.000000000000000000e+00
-3.403160828330305776e+01,2.210038482790029590e+01,0.000000000000000000e+00
-3.498727357631333490e+01,2.186247496470525675e+01,0.000000000000000000e+00
-3.592743114547644723e+01,2.158737851814104047e+01,0.000000000000000000e+00
-3.685071580662862090e+01,2.127577069078742511e+01,0.000000000000000000e+00
-3.775210821693758589e+01,2.092633529607296339e+01,0.000000000000000000e+00
-3.863403833041216018e+01,2.054208256345124894e+01,0.000000000000000000e+00
-3.949611335851333394e+01,2.012427491227942511e+01,0.000000000000000000e+00
-4.033709534383113038e+01,1.967371592727470997e+01,0.000000000000000000e+00
-4.115719917770019265e+01,1.919191716477221732e+01,0.000000000000000000e+00
-4.195435603103543087e+01,1.867928277866417019e+01,0.000000000000000000e+00
-4.272377091518543324e+01,1.813516480700461742e+01,0.000000000000000000e+00
-4.346606338856200580e+01,1.756142954279240342e+01,0.000000000000000000e+00
-4.418564149869817470e+01,1.696127863631859967e+01,0.000000000000000000e+00
-4.487969343948123679e+01,1.633487253496333835e+01,0.000000000000000000e+00
-4.553903132948445176e+01,1.568034596920469070e+01,0.000000000000000000e+00
-4.616980001990307159e+01,1.500147739760094190e+01,0.000000000000000000e+00
-4.677500309656816313e+01,1.430055357194475008e+01,0.000000000000000000e+00
-4.734990527794244031e+01,1.357736685456664461e+01,0.000000000000000000e+00
-4.789256073989974283e+01,1.283277297371464520e+01,0.000000000000000000e+00
-4.840241897890411593e+01,1.206807845678902780e+01,0.000000000000000000e+00
-4.887879174761104650e+01,1.128455823517405321e+01,0.000000000000000000e+00
-4.932114284003709059e+01,1.048353253971431265e+01,0.000000000000000000e+00
-4.972967068991189876e+01,9.666468762022022432e+00,0.000000000000000000e+00
-5.010477786348726426e+01,8.834824199737036921e+00,0.000000000000000000e+00
-5.044627316812631079e+01,7.989904742192363685e+00,0.000000000000000000e+00
-5.075346566612999055e+01,7.132934428757089940e+00,0.000000000000000000e+00
-5.102568920326799429e+01,6.265166843591343238e+00,0.000000000000000000e+00
-5.126242512173419641e+01,5.387897990283887495e+00,0.000000000000000000e+00
-5.146331005653716062e+01,4.502456217466704658e+00,0.000000000000000000e+00
-5.162802779334331404e+01,3.610183390519458690e+00,0.000000000000000000e+00
-5.175630424055053425e+01,2.712432969144700667e+00,0.000000000000000000e+00
-5.184790781265199655e+01,1.810568837354992411e+00,0.000000000000000000e+00
-5.190264978368190185e+01,9.059641219207021923e-01,0.000000000000000000e+00
-5.192046240790509160e+01,6.358422809809145334e-15,0.000000000000000000e+00
-5.166006310407743030e+01,-9.017297556774727108e-01,0.000000000000000000e+00
-5.116441747520337913e+01,-1.786700828831122800e+00,0.000000000000000000e+00
-5.052256253152270915e+01,-2.647775305965676118e+00,0.000000000000000000e+00
-4.983344519912073878e+01,-3.484693950936124107e+00,0.000000000000000000e+00
-4.917242106927513845e+01,-4.302029401684857923e+00,0.000000000000000000e+00
-4.853226398933214369e+01,-5.100946492310662883e+00,0.000000000000000000e+00
-4.790205505468607328e+01,-5.881632796236404559e+00,0.000000000000000000e+00
-4.728577999277504773e+01,-6.645582989738251456e+00,0.000000000000000000e+00
-4.668289980541315742e+01,-7.393844958406760703e+00,0.000000000000000000e+00
-4.609162399071024652e+01,-8.127196894231792257e+00,0.000000000000000000e+00
-4.551204419429095793e+01,-8.846645219975778573e+00,0.000000000000000000e+00
-4.494113335257860342e+01,-9.552532782978049752e+00,0.000000000000000000e+00
-4.437207845609508894e+01,-1.024410148964024003e+01,0.000000000000000000e+00
-4.380232544561604158e+01,-1.092114632324247303e+01,0.000000000000000000e+00
-4.323240917710887743e+01,-1.158408912585816175e+01,0.000000000000000000e+00
-4.266227906123599922e+01,-1.223321166676402250e+01,0.000000000000000000e+00
-4.209183192287166975e+01,-1.286876445762293386e+01,0.000000000000000000e+00
-4.152174713248141558e+01,-1.349123346534542378e+01,0.000000000000000000e+00
-4.095261696857042466e+01,-1.410111685875370391e+01,0.000000000000000000e+00
-4.038452490440094067e+01,-1.469876499018408822e+01,0.000000000000000000e+00
-3.981756315429784365e+01,-1.528453045768627661e+01,0.000000000000000000e+00
-3.925190650095381528e+01,-1.585879964041482459e+01,0.000000000000000000e+00
-3.868774581333818929e+01,-1.642197379368062471e+01,0.000000000000000000e+00
-3.812523758559523657e+01,-1.697444940731013574e+01,0.000000000000000000e+00
-3.756427685881857315e+01,-1.751650997232168905e+01,0.000000000000000000e+00
-3.700476630289129076e+01,-1.804843045818391545e+01,0.000000000000000000e+00
-3.644706013905626918e+01,-1.857070470010309649e+01,0.000000000000000000e+00
-3.589147379214573164e+01,-1.908383513151467170e+01,0.000000000000000000e+00
-3.533800086297859622e+01,-1.958817373859479005e+01,0.000000000000000000e+00
-3.478662651061797817e+01,-2.008406818010426775e+01,0.000000000000000000e+00
-3.423739388970948738e+01,-2.057190168646125272e+01,0.000000000000000000e+00
-3.369032290387187345e+01,-2.105205023855837965e+01,0.000000000000000000e+00
-3.314540486444843026e+01,-2.152487759857851657e+01,0.000000000000000000e+00
-3.260262074485050476e+01,-2.199074536378523348e+01,0.000000000000000000e+00
-3.206194107240162339e+01,-2.245001282853110780e+01,0.000000000000000000e+00
-3.152332714477520170e+01,-2.290303779490498570e+01,0.000000000000000000e+00
-3.098672542734656687e+01,-2.335017244520022572e+01,0.000000000000000000e+00
-3.045204995539195281e+01,-2.379174892781223249e+01,0.000000000000000000e+00
-2.991920066283890023e+01,-2.422809098272442441e+01,0.000000000000000000e+00
-2.938808997854410876e+01,-2.465953546200108093e+01,0.000000000000000000e+00
-2.885862385131110130e+01,-2.508641898557178607e+01,0.000000000000000000e+00
-2.833069504853969889e+01,-2.550907239947393634e+01,0.000000000000000000e+00
-2.780417823103512376e+01,-2.592781565810060940e+01,0.000000000000000000e+00
-2.727892223993089615e+01,-2.634294899593631456e+01,0.000000000000000000e+00
-2.675476324244236537e+01,-2.675476324244235471e+01,0.000000000000000000e+00
-2.623152929316266224e+01,-2.716354376015522831e+01,0.000000000000000000e+00
-2.570903697824339318e+01,-2.756956682033569805e+01,0.000000000000000000e+00
-2.518709091365845154e+01,-2.797309838084971290e+01,0.000000000000000000e+00
-2.466548482042183466e+01,-2.837439448620263249e+01,0.000000000000000000e+00
-2.414400204408725870e+01,-2.877370117564293039e+01,0.000000000000000000e+00
-2.362241569663825302e+01,-2.917125397426756805e+01,0.000000000000000000e+00
-2.310048900759516499e+01,-2.956727760483964573e+01,0.000000000000000000e+00
-2.257797533055656558e+01,-2.996198524508845296e+01,0.000000000000000000e+00
-2.205461849029454768e+01,-3.035557815293065431e+01,0.000000000000000000e+00
-2.153015456540796535e+01,-3.074824732743699585e+01,0.000000000000000000e+00
-2.100431214306315653e+01,-3.114017335376358631e+01,0.000000000000000000e+00
-2.047680746196068213e+01,-3.153151838145027597e+01,0.000000000000000000e+00
-1.994734634768777326e+01,-3.192242712294562068e+01,0.000000000000000000e+00
-1.941564431875706020e+01,-3.231305847632275885e+01,0.000000000000000000e+00
-1.888141637938356610e+01,-3.270357248795549765e+01,0.000000000000000000e+00
-1.834430602573803526e+01,-3.309400410774477308e+01,0.000000000000000000e+00
-1.780394702117094141e+01,-3.348435435034018326e+01,0.000000000000000000e+00
-1.726021872571640969e+01,-3.387508659840774072e+01,0.000000000000000000e+00
-1.671289880345579704e+01,-3.426652062065141280e+01,0.000000000000000000e+00
-1.616074990593155647e+01,-3.465684001389437441e+01,0.000000000000000000e+00
-1.560248422464065321e+01,-3.504375333280333393e+01,0.000000000000000000e+00
-1.503748235598262895e+01,-3.542608838437460150e+01,0.000000000000000000e+00
-1.446544305370213657e+01,-3.580322793106020640e+01,0.000000000000000000e+00
-1.388636344201088590e+01,-3.617521355114628534e+01,0.000000000000000000e+00
-1.330025692481499000e+01,-3.654215557387408353e+01,0.000000000000000000e+00
-1.270709149774013191e+01,-3.690407335135886058e+01,0.000000000000000000e+00
-1.210659315446105033e+01,-3.726026244276337707e+01,0.000000000000000000e+00
-1.149853115690074290e+01,-3.761000074327021991e+01,0.000000000000000000e+00
-1.088313704521699599e+01,-3.795400932578986897e+01,0.000000000000000000e+00
-1.026050242656554268e+01,-3.829271636712638127e+01,0.000000000000000000e+00
-9.630446911463172555e+00,-3.862561285392564514e+01,0.000000000000000000e+00
-8.992761218397726353e+00,-3.895192826068790026e+01,0.000000000000000000e+00
-8.347395672636539032e+00,-3.927140901721593025e+01,0.000000000000000000e+00
-7.694605877678421635e+00,-3.958531556931913542e+01,0.000000000000000000e+00
-7.034172656371333154e+00,-3.989277550213075330e+01,0.000000000000000000e+00
-6.365793872586465341e+00,-4.019204070515186089e+01,0.000000000000000000e+00
-5.689827072664942698e+00,-4.048522327844225543e+01,0.000000000000000000e+00
-5.006164089398509986e+00,-4.077193461934754026e+01,0.000000000000000000e+00
-4.314512047081846546e+00,-4.104984005807069281e+01,0.000000000000000000e+00
-3.615105293766768924e+00,-4.132084258774354169e+01,0.000000000000000000e+00
-2.907897145974477127e+00,-4.158486659342595004e+01,0.000000000000000000e+00
-2.192754034024154919e+00,-4.184023944578195398e+01,0.000000000000000000e+00
-1.469723295337725721e+00,-4.208736854109166359e+01,0.000000000000000000e+00
-7.388227048765451110e-01,-4.232712441431120709e+01,0.000000000000000000e+00
-7.817926136353562564e-15,-4.255880765946398014e+01,0.000000000000000000e+00
7.467314214748091983e-01,-4.278021448477520039e+01,0.000000000000000000e+00
1.501346709607758401e+00,-4.299294464179932618e+01,0.000000000000000000e+00
2.263905454177160603e+00,-4.319788941924772985e+01,0.000000000000000000e+00
3.034381566592132984e+00,-4.339367807935284560e+01,0.000000000000000000e+00
3.812604018257841787e+00,-4.357826333840533550e+01,0.000000000000000000e+00
4.598662915892565373e+00,-4.375335498392002620e+01,0.000000000000000000e+00
5.392620731374409004e+00,-4.391937139099083254e+01,0.000000000000000000e+00
6.194404932360633609e+00,-4.407548130390625118e+01,0.000000000000000000e+00
7.003896128485160411e+00,-4.422085978984991073e+01,0.000000000000000000e+00
7.820920773471199183e+00,-4.435464579525778106e+01,0.000000000000000000e+00
8.645596581897409649e+00,-4.447773861585963573e+01,0.000000000000000000e+00
9.477936988774397165e+00,-4.459018773312775608e+01,0.000000000000000000e+00
1.031787669274442543e+01,-4.469163396846128933e+01,0.000000000000000000e+00
1.116531585812021810e+01,-4.478163596065402885e+01,0.000000000000000000e+00
1.201993769583609328e+01,-4.485901818467261393e+01,0.000000000000000000e+00
1.288168192345347762e+01,-4.492376360081596687e+01,0.000000000000000000e+00
1.375063606767425384e+01,-4.497630398777479854e+01,0.000000000000000000e+00
1.462674378004875564e+01,-4.501648853433662367e+01,0.000000000000000000e+00
1.550988087035525531e+01,-4.504396473514194810e+01,0.000000000000000000e+00
1.639994030478552745e+01,-4.505846566780208207e+01,0.000000000000000000e+00
1.729679990530900469e+01,-4.505970428751738410e+01,0.000000000000000000e+00
1.820032343910630601e+01,-4.504738127205649079e+01,0.000000000000000000e+00
1.911023080584033096e+01,-4.502088245537694888e+01,0.000000000000000000e+00
2.002612786423128455e+01,-4.497941962197131716e+01,0.000000000000000000e+00
2.094806615126197258e+01,-4.492327283267331239e+01,0.000000000000000000e+00
2.187369992345327674e+01,-4.484773098260900781e+01,0.000000000000000000e+00
2.279797530814558471e+01,-4.474354584401356050e+01,0.000000000000000000e+00
2.371859024556740891e+01,-4.460818039554402503e+01,0.000000000000000000e+00
2.463481376007731427e+01,-4.444238046539712883e+01,0.000000000000000000e+00
2.554557528395068289e+01,-4.424623430037831895e+01,0.000000000000000000e+00
2.644994316458851102e+01,-4.402009771816199191e+01,0.000000000000000000e+00
2.734696863209387985e+01,-4.376429816654236760e+01,0.000000000000000000e+00
2.823573298016023969e+01,-4.347921594377272214e+01,0.000000000000000000e+00
2.911484685796994043e+01,-4.316453555585209045e+01,0.000000000000000000e+00
2.998218334389113693e+01,-4.281899538035475672e+01,0.000000000000000000e+00
3.083823412090912441e+01,-4.244518790327660440e+01,0.000000000000000000e+00
3.168247529131135209e+01,-4.204406477145136733e+01,0.000000000000000000e+00
3.251380451853232501e+01,-4.161577202425694111e+01,0.000000000000000000e+00
3.333197417915663863e+01,-4.116156013554027737e+01,0.000000000000000000e+00
3.413555906619774305e+01,-4.068117515235303472e+01,0.000000000000000000e+00
3.492082722576623155e+01,-4.017181639454479836e+01,0.000000000000000000e+00
3.568946787095051576e+01,-3.963716966507207218e+01,0.000000000000000000e+00
3.644241747618421812e+01,-3.907970821911666093e+01,0.000000000000000000e+00
3.717745867369673363e+01,-3.849838544630917170e+01,0.000000000000000000e+00
3.789161658121064846e+01,-3.789161658121065557e+01,0.000000000000000000e+00
3.858624594239228855e+01,-3.726230456851326522e+01,0.000000000000000000e+00
3.926095545585945956e+01,-3.661143325876766852e+01,0.000000000000000000e+00
3.991434639012232566e+01,-3.593903891517102522e+01,0.000000000000000000e+00
4.054580514264164748e+01,-3.524593068457935630e+01,0.000000000000000000e+00
4.115415807211260812e+01,-3.453243885972119642e+01,0.000000000000000000e+00
4.173848427279245499e+01,-3.379915813386828916e+01,0.000000000000000000e+00
4.229920701956599771e+01,-3.304776245701901161e+01,0.000000000000000000e+00
4.283599435916305964e+01,-3.227923703952776435e+01,0.000000000000000000e+00
4.334754160506803800e+01,-3.149383246056371277e+01,0.000000000000000000e+00
4.383301963027566472e+01,-3.069221076761323630e+01,0.000000000000000000e+00
4.429196866357121110e+01,-2.987531009129669712e+01,0.000000000000000000e+00
4.472415470706121710e+01,-2.904420566610572862e+01,0.000000000000000000e+00
4.512948641618555712e+01,-2.820003292888272739e+01,0.000000000000000000e+00
4.550749571873502219e+01,-2.734366204795320243e+01,0.000000000000000000e+00
4.585725252515068462e+01,-2.647569708969243152e+01,0.000000000000000000e+00
4.617788878723603574e+01,-2.559682173174424946e+01,0.000000000000000000e+00
4.646911609011121413e+01,-2.470806730608430968e+01,0.000000000000000000e+00
4.673091893125795337e+01,-2.381059247373693211e+01,0.000000000000000000e+00
4.696331817955741172e+01,-2.290554074335769030e+01,0.000000000000000000e+00
4.716618496399923544e+01,-2.199395325466802120e+01,0.000000000000000000e+00
4.733919475498983331e+01,-2.107676744432887261e+01,0.000000000000000000e+00
4.748203585790477632e+01,-2.015492844404204931e+01,0.000000000000000000e+00
4.759442307120613691e+01,-1.922939512426114561e+01,0.000000000000000000e+00
4.767609817649172754e+01,-1.830113942077277400e+01,0.000000000000000000e+00
4.772683041260749093e+01,-1.737114564606005018e+01,0.000000000000000000e+00
4.774641693339264492e+01,-1.644040978580839862e+01,0.000000000000000000e+00
4.773468324863576129e+01,-1.550993878092074496e+01,0.000000000000000000e+00
4.769147362520532596e+01,-1.458074673120172626e+01,0.000000000000000000e+00
4.761667568634342729e+01,-1.365386203823262612e+01,0.000000000000000000e+00
4.751041637545139906e+01,-1.273037769986858514e+01,0.000000000000000000e+00
4.737291165281823169e+01,-1.181139345126362095e+01,0.000000000000000000e+00
4.720441192845292022e+01,-1.089799719506789799e+01,0.000000000000000000e+00
4.700520156493282542e+01,-9.991264025248492331e+00,0.000000000000000000e+00
4.677559835463154769e+01,-9.092255268275028612e+00,0.000000000000000000e+00
4.651595096171836019e+01,-8.202017187862860936e+00,0.000000000000000000e+00
4.622636296110977128e+01,-7.321536625834257350e+00,0.000000000000000000e+00
4.590640757313527587e+01,-6.451724838516636140e+00,0.000000000000000000e+00
4.555561476743420002e+01,-5.593526155881313855e+00,0.000000000000000000e+00
4.517385135179198841e+01,-4.747963100335439002e+00,0.000000000000000000e+00
4.476259947026211705e+01,-3.916220003599472754e+00,0.000000000000000000e+00
4.432384643808892832e+01,-3.099425274489254090e+00,0.000000000000000000e+00
4.385777339854981705e+01,-2.298488508116858231e+00,0.000000000000000000e+00
4.336194744198387241e+01,-1.514232571334792610e+00,0.000000000000000000e+00
4.283686388584099802e+01,-7.477202404486138487e-01,0.000000000000000000e+00
4.229045986443131966e+01,-1.035817526148908529e-14,0.000000000000000000e+00
