1.288800180944028639e+01,0.000000000000000000e+00,0.000000000000000000e+00
1.270174983329653884e+01,2.217098680421679957e-01,0.000000000000000000e+00
1.251916282921791890e+01,4.371787993887752410e-01,0.000000000000000000e+00
1.234069125055726701e+01,6.467482232593628755e-01,0.000000000000000000e+00
1.216667300437068810e+01,8.507766551548140432e-01,0.000000000000000000e+00
1.199732771355754934e+01,1.049630167541679482e+00,0.000000000000000000e+00
1.183240212209058129e+01,1.243635576398297804e+00,0.000000000000000000e+00
1.167150580553429684e+01,1.433080715408230565e+00,0.000000000000000000e+00
1.151424336982308283e+01,1.618221374161412429e+00,0.000000000000000000e+00
1.136032879536539930e+01,1.799299318156662553e+00,0.000000000000000000e+00
1.120960692251747481e+01,1.976556143576213787e+00,0.000000000000000000e+00
1.106192282839579555e+01,2.150219979041160023e+00,0.000000000000000000e+00
1.091711516276122573e+01,2.320504462352189545e+00,0.000000000000000000e+00
1.077502731578744388e+01,2.487611065724379067e+00,0.000000000000000000e+00
1.063550534140778225e+01,2.651729306001183506e+00,0.000000000000000000e+00
1.049838997566302190e+01,2.813035115805900155e+00,0.000000000000000000e+00
1.036351795735790127e+01,2.971690954500923798e+00,0.000000000000000000e+00
1.023074865336967143e+01,3.127853757626982478e+00,0.000000000000000000e+00
1.009996742842171535e+01,3.281678348805031842e+00,0.000000000000000000e+00
9.971056781822419168e+00,3.433310183660644110e+00,0.000000000000000000e+00
9.843895132272313830e+00,3.582884817385083132e+00,0.000000000000000000e+00
9.718363546251197249e+00,3.730530244805077889e+00,0.000000000000000000e+00
9.594363786358156787e+00,3.876374589891790290e+00,0.000000000000000000e+00
9.471799721952212536e+00,4.020540446149849956e+00,0.000000000000000000e+00
9.350571746998559419e+00,4.163142765799309863e+00,0.000000000000000000e+00
9.230577251977068798e+00,4.304288861788229781e+00,0.000000000000000000e+00
9.111721555204667311e+00,4.444083540411329025e+00,0.000000000000000000e+00
8.993925121519659172e+00,4.582633740261538691e+00,0.000000000000000000e+00
8.877106925136839521e+00,4.720041477962686471e+00,0.000000000000000000e+00
8.761182906865961684e+00,4.856402986709084324e+00,0.000000000000000000e+00
8.646066406403862814e+00,4.991808767168649297e+00,0.000000000000000000e+00
8.531677563539169284e+00,5.126349062171692950e+00,0.000000000000000000e+00
8.417947088329944094e+00,5.260117141491742920e+00,0.000000000000000000e+00
8.304803612590525574e+00,5.393202526030404620e+00,0.000000000000000000e+00
8.192172800732404170e+00,5.525690325538883840e+00,0.000000000000000000e+00
8.079977579280397393e+00,5.657661209577576678e+00,0.000000000000000000e+00
7.968144712873664659e+00,5.789196003203782581e+00,0.000000000000000000e+00
7.856610331984721363e+00,5.920380535746544659e+00,0.000000000000000000e+00
7.745308636056516427e+00,6.051298310209302755e+00,0.000000000000000000e+00
7.634170594925167030e+00,6.182029454457228290e+00,0.000000000000000000e+00
7.523124067707796847e+00,6.312650630514530903e+00,0.000000000000000000e+00
7.412097489866752653e+00,6.443238047342109809e+00,0.000000000000000000e+00
7.301027914541661445e+00,6.573875061784736573e+00,0.000000000000000000e+00
7.189851075015053716e+00,6.704644594534621582e+00,0.000000000000000000e+00
7.078498911973295726e+00,6.835626941776697052e+00,0.000000000000000000e+00
6.966899650697220281e+00,6.966899650697219393e+00,0.000000000000000000e+00
6.854979680831258193e+00,7.098539259919169453e+00,0.000000000000000000e+00
6.742672583496329253e+00,7.230631100482751705e+00,0.000000000000000000e+00
6.629911576010565355e+00,7.363262768528270996e+00,0.000000000000000000e+00
6.516625199819680248e+00,7.496519751572859214e+00,0.000000000000000000e+00
6.402737358205998319e+00,7.630485249079158372e+00,0.000000000000000000e+00
6.288168500291699381e+00,7.765241400823496676e+00,0.000000000000000000e+00
6.172844684072861021e+00,7.900880900206587398e+00,0.000000000000000000e+00
6.056691885522323737e+00,8.037501602832756831e+00,0.000000000000000000e+00
5.939630170267682807e+00,8.175199580641557162e+00,0.000000000000000000e+00
5.821573661021520074e+00,8.314068820090277256e+00,0.000000000000000000e+00
5.702431907975675784e+00,8.454202972366372748e+00,0.000000000000000000e+00
5.582119379045741958e+00,8.595710055622951984e+00,0.000000000000000000e+00
5.460548698879532203e+00,8.738704630327097433e+00,0.000000000000000000e+00
5.337624802424556947e+00,8.883299443160426634e+00,0.000000000000000000e+00
5.213244904976340521e+00,9.029605047718602506e+00,0.000000000000000000e+00
5.087301855598053812e+00,9.177735492979815390e+00,0.000000000000000000e+00
4.959692980675312945e+00,9.327825848748490856e+00,0.000000000000000000e+00
4.830308857218498453e+00,9.480014908011602515e+00,0.000000000000000000e+00
4.699029957895798582e+00,9.634439174369951786e+00,0.000000000000000000e+00
4.565727161803705414e+00,9.791233495646512353e+00,0.000000000000000000e+00
4.430271177557552953e+00,9.950551983162197800e+00,0.000000000000000000e+00
4.292530110159394674e+00,1.011256721538869918e+01,0.000000000000000000e+00
4.152359277588342223e+00,1.027744985862009663e+01,0.000000000000000000e+00
4.009600965672406758e+00,1.044536762945888952e+01,0.000000000000000000e+00
3.864092451889102442e+00,1.061650675825035073e+01,0.000000000000000000e+00
3.715668574220762022e+00,1.079108509109014769e+01,0.000000000000000000e+00
3.564148094850815962e+00,1.096931991557689834e+01,0.000000000000000000e+00
3.409332798554460364e+00,1.115142511143571902e+01,0.000000000000000000e+00
3.251015998661678452e+00,1.133764015089061417e+01,0.000000000000000000e+00
3.088981372660907887e+00,1.152823542640436294e+01,0.000000000000000000e+00
2.922991331716994878e+00,1.172347790214106134e+01,0.000000000000000000e+00
2.752789537042409584e+00,1.192364146668104929e+01,0.000000000000000000e+00
2.578114650129241792e+00,1.212907580868553303e+01,0.000000000000000000e+00
2.398683221517470709e+00,1.234015540029829872e+01,0.000000000000000000e+00
2.214181394334608921e+00,1.255724668702565339e+01,0.000000000000000000e+00
2.024264573268888423e+00,1.278070351557947149e+01,0.000000000000000000e+00
1.828558008496886211e+00,1.301086628928188560e+01,0.000000000000000000e+00
1.626660225058838671e+00,1.324808439348629996e+01,0.000000000000000000e+00
1.418177996746488034e+00,1.349306232200537714e+01,0.000000000000000000e+00
1.202689667951510000e+00,1.374680580867643620e+01,0.000000000000000000e+00
9.796735135225099755e-01,1.400998395742574409e+01,0.000000000000000000e+00
7.484301707095387668e-01,1.428089838852842952e+01,0.000000000000000000e+00
5.083354586724073698e-01,1.455682294723009029e+01,0.000000000000000000e+00
2.589567832355855193e-01,1.483562417559169688e+01,0.000000000000000000e+00
9.255992502705012226e-16,1.511618290130573783e+01,0.000000000000000000e+00
-2.687678000228356789e-01,1.539769695089190904e+01,0.000000000000000000e+00
-5.475658361029202004e-01,1.568023397171478273e+01,0.000000000000000000e+00
-8.366354230121433311e-01,1.596395486429008237e+01,0.000000000000000000e+00
-1.136202015983670766e+00,1.624844583078573734e+01,0.000000000000000000e+00
-1.446462404813783964e+00,1.653314094099949116e+01,0.000000000000000000e+00
-1.767608478212318035e+00,1.681767127408577878e+01,0.000000000000000000e+00
-2.099669378931692254e+00,1.710043480622997691e+01,0.000000000000000000e+00
-2.442060260001211791e+00,1.737616163425034443e+01,0.000000000000000000e+00
-2.794083853159730513e+00,1.764115116001631023e+01,0.000000000000000000e+00
-3.155314107251451006e+00,1.789467553163844471e+01,0.000000000000000000e+00
-3.525196076830796610e+00,1.813556163414265754e+01,0.000000000000000000e+00
-3.903237668817958639e+00,1.836328946117147609e+01,0.000000000000000000e+00
-4.289455841519974832e+00,1.857967449135102811e+01,0.000000000000000000e+00
-4.683338825349887991e+00,1.878384606600148388e+01,0.000000000000000000e+00
-5.084053230031575055e+00,1.897394496286249321e+01,0.000000000000000000e+00
-5.491508776938789360e+00,1.915116702717546460e+01,0.000000000000000000e+00
-5.905591831753465470e+00,1.931632050658938127e+01,0.000000000000000000e+00
-6.325685930484613806e+00,1.946845944959363095e+01,0.000000000000000000e+00
-6.750687714747618529e+00,1.960542069296259271e+01,0.000000000000000000e+00
-7.180911129777303614e+00,1.972939118017352556e+01,0.000000000000000000e+00
-7.616265691317154030e+00,1.984105046625289148e+01,0.000000000000000000e+00
-8.055733517726052284e+00,1.993864012434876187e+01,0.000000000000000000e+00
-8.498472660238824972e+00,2.002114692251212702e+01,0.000000000000000000e+00
-8.944673154517987612e+00,2.009006483560123613e+01,0.000000000000000000e+00
-9.394450226597980347e+00,2.014646352532196616e+01,0.000000000000000000e+00
-9.846887481593393332e+00,2.018911123111001160e+01,0.000000000000000000e+00
-1.030048572936146911e+01,2.021584150425070447e+01,0.000000000000000000e+00
-1.075583566636020194e+01,2.022878479463964396e+01,0.000000000000000000e+00
-1.121286157880544820e+01,2.022853776141316473e+01,0.000000000000000000e+00
-1.167103527867633161e+01,2.021482607959620736e+01,0.000000000000000000e+00
-1.212963684069477210e+01,2.018710572233126399e+01,0.000000000000000000e+00
-1.258735563791459633e+01,2.014397985667427093e+01,0.000000000000000000e+00
-1.304474986079362075e+01,2.008715327236124892e+01,0.000000000000000000e+00
-1.350188510273351206e+01,2.001736785465634227e+01,0.000000000000000000e+00
-1.395795183677290119e+01,1.993402109388966892e+01,0.000000000000000000e+00
-1.441202835649111513e+01,1.983645526719225316e+01,0.000000000000000000e+00
-1.486352898282087942e+01,1.972456916765731805e+01,0.000000000000000000e+00
-1.531260382284924049e+01,1.959923913014363706e+01,0.000000000000000000e+00
-1.575995693652938812e+01,1.946192600803500738e+01,0.000000000000000000e+00
-1.620582176860018819e+01,1.931334631367073129e+01,0.000000000000000000e+00
-1.664960154794657754e+01,1.915317561357574760e+01,0.000000000000000000e+00
-1.709226469462332076e+01,1.898288307662182817e+01,0.000000000000000000e+00
-1.753418208051257210e+01,1.880310821901717944e+01,0.000000000000000000e+00
-1.797452676438572183e+01,1.861316734056135402e+01,0.000000000000000000e+00
-1.841219015994052555e+01,1.841219015994052910e+01,0.000000000000000000e+00
-1.884760704620728688e+01,1.820092255649708335e+01,0.000000000000000000e+00
-1.928126164224048011e+01,1.798006736115667792e+01,0.000000000000000000e+00
-1.971251047138454382e+01,1.774922415169817214e+01,0.000000000000000000e+00
-2.014005263143366875e+01,1.750748065142608567e+01,0.000000000000000000e+00
-2.056443874714147313e+01,1.725561296809418366e+01,0.000000000000000000e+00
-2.098628891033855481e+01,1.699436167560961763e+01,0.000000000000000000e+00
-2.140481468450047586e+01,1.672327405104013920e+01,0.000000000000000000e+00
-2.181822023279995548e+01,1.644120822246112823e+01,0.000000000000000000e+00
-2.222811948438624796e+01,1.614967412299120753e+01,0.000000000000000000e+00
-2.263438245840585239e+01,1.584876522009740896e+01,0.000000000000000000e+00
-2.303545115003644028e+01,1.553760799000725257e+01,0.000000000000000000e+00
-2.343200688345563520e+01,1.521692319397241988e+01,0.000000000000000000e+00
-2.382383934846181717e+01,1.488678705366527133e+01,0.000000000000000000e+00
-2.421035690986481725e+01,1.454705003973955435e+01,0.000000000000000000e+00
-2.459165896780704941e+01,1.419800092488287291e+01,0.000000000000000000e+00
-2.496723643708828178e+01,1.383956514683942096e+01,0.000000000000000000e+00
-2.533676043464785721e+01,1.347179449084966585e+01,0.000000000000000000e+00
-2.570100033869935530e+01,1.309531375003225939e+01,0.000000000000000000e+00
-2.605913097772450016e+01,1.270988740754239110e+01,0.000000000000000000e+00
-2.640972250431774881e+01,1.231505585351177601e+01,0.000000000000000000e+00
-2.675361691582049772e+01,1.191147768667898355e+01,0.000000000000000000e+00
-2.709134993186284746e+01,1.149959578319758435e+01,0.000000000000000000e+00
-2.742229400353722113e+01,1.107932594999120468e+01,0.000000000000000000e+00
-2.774600743463395958e+01,1.065069436998123642e+01,0.000000000000000000e+00
-2.806222034063287651e+01,1.021381291140994207e+01,0.000000000000000000e+00
-2.837060461479618922e+01,9.768782574597546287e+00,0.000000000000000000e+00
-2.867090981118514037e+01,9.315743306571331317e+00,0.000000000000000000e+00
-2.896325315090771824e+01,8.854955123086719837e+00,0.000000000000000000e+00
-2.924767071321630496e+01,8.386634621207814888e+00,0.000000000000000000e+00
-2.952365231422204417e+01,7.910838795213053665e+00,0.000000000000000000e+00
-2.979070568785316198e+01,7.427657152441411448e+00,0.000000000000000000e+00
-3.004883409729098531e+01,6.937319973473706547e+00,0.000000000000000000e+00
-3.029814150608904555e+01,6.440068783526072593e+00,0.000000000000000000e+00
-3.053855871254889820e+01,5.936094483165626379e+00,0.000000000000000000e+00
-3.076993933421236349e+01,5.425570499384298806e+00,0.000000000000000000e+00
-3.099206834252857945e+01,4.908661398931172037e+00,0.000000000000000000e+00
-3.120464174130559698e+01,4.385526396912184488e+00,0.000000000000000000e+00
-3.140737456534314376e+01,3.856340695118713580e+00,0.000000000000000000e+00
-3.160018079791020185e+01,3.321312837021474618e+00,0.000000000000000000e+00
-3.178307948141203454e+01,2.780659146566971440e+00,0.000000000000000000e+00
-3.195607673174299279e+01,2.234586568072988388e+00,0.000000000000000000e+00
-3.211899315380423303e+01,1.683285103998082732e+00,0.000000000000000000e+00
-3.227154331705816048e+01,1.126947125317931064e+00,0.000000000000000000e+00
-3.241344422914659162e+01,5.657787735669108642e-01,0.000000000000000000e+00
-3.254444736948484262e+01,3.985545330105911183e-15,0.000000000000000000e+00
-3.234983079381851923e+01,-5.646683969229445710e-01,0.000000000000000000e+00
-3.214878009498498557e+01,-1.122660139137856117e+00,0.000000000000000000e+00
-3.185917240482391577e+01,-1.669668475532360530e+00,0.000000000000000000e+00
-3.152499144588055557e+01,-2.204442148356848818e+00,0.000000000000000000e+00
-3.118916333769108107e+01,-2.728698216906332519e+00,0.000000000000000000e+00
-3.086894892219907049e+01,-3.244457269922947695e+00,0.000000000000000000e+00
-3.055465599489259532e+01,-3.751640019872197307e+00,0.000000000000000000e+00
-3.024301619568256427e+01,-4.250378740059173488e+00,0.000000000000000000e+00
-2.993624959444250777e+01,-4.741436137431398912e+00,0.000000000000000000e+00
-2.963459109916901824e+01,-5.225377973046427371e+00,0.000000000000000000e+00
-2.933710307278404272e+01,-5.702555164492869366e+00,0.000000000000000000e+00
-2.904340792326465248e+01,-6.173366927349003497e+00,0.000000000000000000e+00
-2.875341997203930333e+01,-6.638250057618352074e+00,0.000000000000000000e+00
-2.846693233510310250e+01,-7.097603386183212848e+00,0.000000000000000000e+00
-2.818366567855641946e+01,-7.551790458317928945e+00,0.000000000000000000e+00
-2.790338542967117519e+01,-8.001167019007757730e+00,0.000000000000000000e+00
-2.762588699095806177e+01,-8.446081255645536245e+00,0.000000000000000000e+00
-2.735096678861085806e+01,-8.886867820631758619e+00,0.000000000000000000e+00
-2.707842217070023949e+01,-9.323848477687171510e+00,0.000000000000000000e+00
-2.680805485393174692e+01,-9.757334005406738342e+00,0.000000000000000000e+00
-2.653967935731160921e+01,-1.018762840664377123e+01,0.000000000000000000e+00
-2.627310918508867488e+01,-1.061502514500637062e+01,0.000000000000000000e+00
-2.600816882837804300e+01,-1.103981268337413546e+01,0.000000000000000000e+00
-2.574467975381432794e+01,-1.146226992048002735e+01,0.000000000000000000e+00
-2.548247362514077707e+01,-1.188267260013590843e+01,0.000000000000000000e+00
-2.522138059942718158e+01,-1.230128924696340675e+01,0.000000000000000000e+00
-2.496123618680108436e+01,-1.271838508801640621e+01,0.000000000000000000e+00
-2.470187806922583107e+01,-1.313422154915921425e+01,0.000000000000000000e+00
-2.444314355518964277e+01,-1.354905571860102853e+01,0.000000000000000000e+00
-2.418487588470159722e+01,-1.396314460235016064e+01,0.000000000000000000e+00
-2.392691369585652694e+01,-1.437674017471136168e+01,0.000000000000000000e+00
-2.366910248251161519e+01,-1.479009672852248158e+01,0.000000000000000000e+00
-2.341128278036356036e+01,-1.520346480406222334e+01,0.000000000000000000e+00
-2.315329874362583240e+01,-1.561709719557267384e+01,0.000000000000000000e+00
-2.289499271480099551e+01,-1.603124648616003256e+01,0.000000000000000000e+00
-2.263620523711895416e+01,-1.644616577742458929e+01,0.000000000000000000e+00
-2.237677887737901727e+01,-1.686211235130360109e+01,0.000000000000000000e+00
-2.211654977427942015e+01,-1.727934244656487905e+01,0.000000000000000000e+00
-2.185535777965530713e+01,-1.769811976972915701e+01,0.000000000000000000e+00
-2.159303482816388353e+01,-1.811870756031047591e+01,0.000000000000000000e+00
-2.132941456768414312e+01,-1.854137720907205988e+01,0.000000000000000000e+00
-2.106432443922533082e+01,-1.896640291548031954e+01,0.000000000000000000e+00
-2.079758920608381345e+01,-1.939406568996694702e+01,0.000000000000000000e+00
-2.052903031276074941e+01,-1.982465413070721638e+01,0.000000000000000000e+00
-2.025846186148237038e+01,-2.025846186148236328e+01,0.000000000000000000e+00
-1.998569678578284936e+01,-2.069579486390487943e+01,0.000000000000000000e+00
-1.971053716106094811e+01,-2.113696330930047296e+01,0.000000000000000000e+00
-1.943278429690272802e+01,-2.158229343811637690e+01,0.000000000000000000e+00
-1.915222675665916086e+01,-2.203211658879357771e+01,0.000000000000000000e+00
-1.886865094111659857e+01,-2.248678254648181607e+01,0.000000000000000000e+00
-1.858182973520716175e+01,-2.294664870322581152e+01,0.000000000000000000e+00
-1.829153147211770403e+01,-2.341209264773341303e+01,0.000000000000000000e+00
-1.799751033065815875e+01,-2.388350288635974294e+01,0.000000000000000000e+00
-1.769951337786524093e+01,-2.436129021443138143e+01,0.000000000000000000e+00
-1.739727228390158231e+01,-2.484587973500385871e+01,0.000000000000000000e+00
-1.709050929239747063e+01,-2.533772200891275617e+01,0.000000000000000000e+00
-1.677892905583990668e+01,-2.583728498341838176e+01,0.000000000000000000e+00
-1.646222477588494471e+01,-2.634506673368374052e+01,0.000000000000000000e+00
-1.614006890822912155e+01,-2.686158552768923613e+01,0.000000000000000000e+00
-1.581212033241081372e+01,-2.738739579112838030e+01,0.000000000000000000e+00
-1.547801360363461143e+01,-2.792307569769759823e+01,0.000000000000000000e+00
-1.513736633390465691e+01,-2.846924547981707221e+01,0.000000000000000000e+00
-1.478976911053662668e+01,-2.902655623033473731e+01,0.000000000000000000e+00
-1.443478933132247555e+01,-2.959570401839828691e+01,0.000000000000000000e+00
-1.407196620254037178e+01,-3.017742890652439769e+01,0.000000000000000000e+00
-1.370080695186575426e+01,-3.077251624605302638e+01,0.000000000000000000e+00
-1.332078836799690436e+01,-3.138181079138302465e+01,0.000000000000000000e+00
-1.293134828826510763e+01,-3.200621014523226648e+01,0.000000000000000000e+00
-1.253188545670277954e+01,-3.264667776325164539e+01,0.000000000000000000e+00
-1.212175575259411175e+01,-3.330425021439642563e+01,0.000000000000000000e+00
-1.170026514085762237e+01,-3.398003729376995352e+01,0.000000000000000000e+00
-1.126666681521813729e+01,-3.467523497603558269e+01,0.000000000000000000e+00
-1.082015652132975170e+01,-3.539113729019961596e+01,0.000000000000000000e+00
-1.035986319135264822e+01,-3.612913652973904277e+01,0.000000000000000000e+00
-9.884845325813943262e+00,-3.689074498089739507e+01,0.000000000000000000e+00
-9.394082658421966769e+00,-3.767760761445853035e+01,0.000000000000000000e+00
-8.886452325340677305e+00,-3.849145385518943385e+01,0.000000000000000000e+00
-8.360790823526944138e+00,-3.933442824741594279e+01,0.000000000000000000e+00
-7.815637966434128892e+00,-4.020797168758858220e+01,0.000000000000000000e+00
-7.249951409823646387e+00,-4.111651762364463281e+01,0.000000000000000000e+00
-6.660836010808252716e+00,-4.205486345224262834e+01,0.000000000000000000e+00
-6.043693001782100005e+00,-4.300311019626584397e+01,0.000000000000000000e+00
-5.396863733024307663e+00,-4.395392786632226745e+01,0.000000000000000000e+00
-4.719982728319925158e+00,-4.490763589487168161e+01,0.000000000000000000e+00
-4.012575466040458672e+00,-4.586394744561937387e+01,0.000000000000000000e+00
-3.274146131243202529e+00,-4.682247109861337719e+01,0.000000000000000000e+00
-2.503765792086253494e+00,-4.777469731285545862e+01,0.000000000000000000e+00
-1.701693989704329502e+00,-4.873014009918740896e+01,0.000000000000000000e+00
-8.672809520537120287e-01,-4.968649246624571703e+01,0.000000000000000000e+00
-9.301312856876026354e-15,-5.063398885486526524e+01,0.000000000000000000e+00
9.004338663465876191e-01,-5.158582165403349507e+01,0.000000000000000000e+00
1.834003685092563840e+00,-5.251899404811078398e+01,0.000000000000000000e+00
2.798424608268558877e+00,-5.339712246067452384e+01,0.000000000000000000e+00
3.789784044991137080e+00,-5.419643681243006483e+01,0.000000000000000000e+00
4.801717143520144226e+00,-5.488387809350122382e+01,0.000000000000000000e+00
5.831870190723407177e+00,-5.548653844425933102e+01,0.000000000000000000e+00
6.876319323252627846e+00,-5.600312671794511488e+01,0.000000000000000000e+00
7.930656365016159448e+00,-5.642955217826958858e+01,0.000000000000000000e+00
8.989074403741074804e+00,-5.675478213214694279e+01,0.000000000000000000e+00
1.004813686751566770e+01,-5.698581593777217336e+01,0.000000000000000000e+00
1.110454732039399595e+01,-5.712794351266545334e+01,0.000000000000000000e+00
1.215448244846981041e+01,-5.718234409219870429e+01,0.000000000000000000e+00
1.319398006291978120e+01,-5.714940632832320233e+01,0.000000000000000000e+00
1.421660278968360025e+01,-5.701967940851555028e+01,0.000000000000000000e+00
1.521842196575923722e+01,-5.679592398723561786e+01,0.000000000000000000e+00
1.619877004041491020e+01,-5.649182461140028977e+01,0.000000000000000000e+00
1.715322698482643560e+01,-5.610567739877237869e+01,0.000000000000000000e+00
1.807104562551956661e+01,-5.561695962120449366e+01,0.000000000000000000e+00
1.895956342482289259e+01,-5.506257033435539228e+01,0.000000000000000000e+00
1.980271980707773594e+01,-5.440752551373297052e+01,0.000000000000000000e+00
2.061032853290330280e+01,-5.369174148081317099e+01,0.000000000000000000e+00
2.136323190489434509e+01,-5.287585443428756804e+01,0.000000000000000000e+00
2.206866957059742873e+01,-5.199052741847465597e+01,0.000000000000000000e+00
2.272114854676004114e+01,-5.103253518136332900e+01,0.000000000000000000e+00
2.331586545048943648e+01,-5.000103481624427815e+01,0.000000000000000000e+00
2.384815455636337234e+01,-4.889596290148862323e+01,0.000000000000000000e+00
2.431576430501242569e+01,-4.772237447440454616e+01,0.000000000000000000e+00
2.471607046923745798e+01,-4.648416785085986902e+01,0.000000000000000000e+00
2.504615049227815149e+01,-4.518445157378472743e+01,0.000000000000000000e+00
2.530392910405224782e+01,-4.382769083933930432e+01,0.000000000000000000e+00
2.548520353267864280e+01,-4.241450134296400876e+01,0.000000000000000000e+00
2.558450913644183800e+01,-4.094377337961413588e+01,0.000000000000000000e+00
2.559618400779206837e+01,-3.941466696095017852e+01,0.000000000000000000e+00
2.556187138017957849e+01,-3.789703279039719064e+01,0.000000000000000000e+00
2.550932392889832201e+01,-3.643109012239506939e+01,0.000000000000000000e+00
2.542177005156360536e+01,-3.499006468534769709e+01,0.000000000000000000e+00
2.530277421881454814e+01,-3.357791549970830403e+01,0.000000000000000000e+00
2.515614057321499786e+01,-3.219839162495931362e+01,0.000000000000000000e+00
2.498590422630342545e+01,-3.085502208251921985e+01,0.000000000000000000e+00
2.479631283279319121e+01,-2.955109490157120078e+01,0.000000000000000000e+00
2.459048518303163888e+01,-2.828811727279596155e+01,0.000000000000000000e+00
2.436887316000824910e+01,-2.706437550379040857e+01,0.000000000000000000e+00
2.413147308497199006e+01,-2.587783666312679287e+01,0.000000000000000000e+00
2.387874928491260462e+01,-2.472716873993192976e+01,0.000000000000000000e+00
2.361218112113235534e+01,-2.361218112113236245e+01,0.000000000000000000e+00
2.333339149814177560e+01,-2.253279424793434771e+01,0.000000000000000000e+00
2.304427742229765030e+01,-2.148913634543405493e+01,0.000000000000000000e+00
2.274680733118837139e+01,-2.048131731586575910e+01,0.000000000000000000e+00
2.244246509951700119e+01,-1.950893727491365937e+01,0.000000000000000000e+00
2.213243017189862272e+01,-1.857131399429705354e+01,0.000000000000000000e+00
2.181806155447574724e+01,-1.766791788208031377e+01,0.000000000000000000e+00
2.150082253428999479e+01,-1.679828360411252675e+01,0.000000000000000000e+00
2.118203403922307970e+01,-1.596180753967179911e+01,0.000000000000000000e+00
2.086294968301177022e+01,-1.515782020434402178e+01,0.000000000000000000e+00
2.054501166594315009e+01,-1.438577204109983576e+01,0.000000000000000000e+00
2.022957364675271918e+01,-1.364501971682583381e+01,0.000000000000000000e+00
1.991712113695180619e+01,-1.293432970097113532e+01,0.000000000000000000e+00
1.960856020276200340e+01,-1.225278830577495270e+01,0.000000000000000000e+00
1.930787914919899961e+01,-1.160134421769704716e+01,0.000000000000000000e+00
1.901914790117658072e+01,-1.098071016050161752e+01,0.000000000000000000e+00
1.874342595047812310e+01,-1.038965065958474021e+01,0.000000000000000000e+00
1.848082772329690826e+01,-9.826430405387899469e+00,0.000000000000000000e+00
1.823048340668106349e+01,-9.288895252289897542e+00,0.000000000000000000e+00
1.799110530023848753e+01,-8.774848359246297136e+00,0.000000000000000000e+00
1.776169686110798196e+01,-8.282415268162264255e+00,0.000000000000000000e+00
1.754157225369751671e+01,-7.810011152758439934e+00,0.000000000000000000e+00
1.733002778829975199e+01,-7.356160360345901594e+00,0.000000000000000000e+00
1.712658238163637847e+01,-6.919588441107444865e+00,0.000000000000000000e+00
1.693080872665993653e+01,-6.499128554228523313e+00,0.000000000000000000e+00
1.674219248531328219e+01,-6.093659721009325736e+00,0.000000000000000000e+00
1.655999215302582783e+01,-5.702062574146984808e+00,0.000000000000000000e+00
1.638334732531396298e+01,-5.323272236219215969e+00,0.000000000000000000e+00
1.621130124616964352e+01,-4.956292177323066817e+00,0.000000000000000000e+00
1.604208369002010315e+01,-4.599993476069905718e+00,0.000000000000000000e+00
1.587319334151589700e+01,-4.253209337162256354e+00,0.000000000000000000e+00
1.570203805497201088e+01,-3.914957788813794970e+00,0.000000000000000000e+00
1.552661865356022020e+01,-3.584602362843880119e+00,0.000000000000000000e+00
1.534737804742171363e+01,-3.262185908409946045e+00,0.000000000000000000e+00
1.516534993892352823e+01,-2.947845409309633347e+00,0.000000000000000000e+00
1.498151823888260026e+01,-2.641645877490983008e+00,0.000000000000000000e+00
1.479624311368341871e+01,-2.343494684466526756e+00,0.000000000000000000e+00
1.460949283786852426e+01,-2.053230318012658540e+00,0.000000000000000000e+00
1.442122936564991420e+01,-1.770704315341407487e+00,0.000000000000000000e+00
1.423160799205555271e+01,-1.495802274605887439e+00,0.000000000000000000e+00
1.404098974258023880e+01,-1.228427427159554997e+00,0.000000000000000000e+00
1.384973685512388464e+01,-9.684679445353457927e-01,0.000000000000000000e+00
1.365799655941968460e+01,-7.157852691346103802e-01,0.000000000000000000e+00
1.346560519293449509e+01,-4.702292950093447388e-01,0.000000000000000000e+00
1.327237456159317652e+01,-2.316701597242447064e-01,0.000000000000000000e+00
1.307870076744084997e+01,-3.203357806370494019e-15,0.000000000000000000e+00
