3.910969266931922306e+01,0.000000000000000000e+00,0.000000000000000000e+00
3.857409115785643650e+01,6.733132657073678251e-01,0.000000000000000000e+00
3.803447865110403825e+01,1.328193261714003981e+00,0.000000000000000000e+00
3.749168029620722820e+01,1.964855705913972850e+00,0.000000000000000000e+00
3.694387501218755432e+01,2.583367400441793027e+00,0.000000000000000000e+00
3.639202953193684209e+01,3.183890026745111790e+00,0.000000000000000000e+00
3.583845287994279261e+01,3.766773183051367102e+00,0.000000000000000000e+00
3.528294954531448013e+01,4.332201467280776264e+00,0.000000000000000000e+00
3.472269919735707333e+01,4.879957128316619652e+00,0.000000000000000000e+00
3.416139864239459456e+01,5.410634004679040210e+00,0.000000000000000000e+00
3.360012284661397075e+01,5.924608212976954391e+00,0.000000000000000000e+00
3.303712702998188178e+01,6.421766965109953595e+00,0.000000000000000000e+00
3.247267233637298034e+01,6.902279580056683628e+00,0.000000000000000000e+00
3.190907948713698872e+01,7.366791461677127728e+00,0.000000000000000000e+00
3.134633378444880947e+01,7.815518798932344247e+00,0.000000000000000000e+00
3.078236342546971827e+01,8.248109420975938022e+00,0.000000000000000000e+00
3.021940580431254375e+01,8.665275174759559107e+00,0.000000000000000000e+00
2.965882002539767726e+01,9.067611257624594856e+00,0.000000000000000000e+00
2.909989445517561535e+01,9.455128866785294406e+00,0.000000000000000000e+00
2.854118207710064681e+01,9.827517105073834358e+00,0.000000000000000000e+00
2.798529848955825727e+01,1.018581564725411681e+01,0.000000000000000000e+00
2.743265272980603342e+01,1.053040876858865715e+01,0.000000000000000000e+00
2.688167728069802465e+01,1.086090261583910177e+01,0.000000000000000000e+00
2.633362731111987642e+01,1.117796161301983560e+01,0.000000000000000000e+00
2.578942192299058789e+01,1.148219041764023807e+01,0.000000000000000000e+00
2.524880261014232730e+01,1.177371001635328440e+01,0.000000000000000000e+00
2.471084451480371058e+01,1.205228416085373055e+01,0.000000000000000000e+00
2.417745268966190153e+01,1.231902744933026739e+01,0.000000000000000000e+00
2.364880266867568537e+01,1.257429142643601061e+01,0.000000000000000000e+00
2.312292473315737951e+01,1.281724647565023822e+01,0.000000000000000000e+00
2.260222329706503785e+01,1.304939970484452694e+01,0.000000000000000000e+00
2.208695965319231291e+01,1.327118424965388144e+01,0.000000000000000000e+00
2.157506806542785327e+01,1.348159879944353001e+01,0.000000000000000000e+00
2.106851014304847780e+01,1.368205046425445204e+01,0.000000000000000000e+00
2.056784505421298803e+01,1.387318666216204477e+01,0.000000000000000000e+00
2.007155378157132475e+01,1.405425326143784659e+01,0.000000000000000000e+00
1.958044840418489940e+01,1.422602848305503009e+01,0.000000000000000000e+00
1.909527266849958593e+01,1.438932005716505103e+01,0.000000000000000000e+00
1.861565747536756632e+01,1.454414561347700108e+01,0.000000000000000000e+00
1.814138428294635119e+01,1.469060333238480531e+01,0.000000000000000000e+00
1.767250239820874569e+01,1.482899024431655555e+01,0.000000000000000000e+00
1.720944546084545834e+01,1.495994270428461625e+01,0.000000000000000000e+00
1.675237770414938865e+01,1.508390863642107504e+01,0.000000000000000000e+00
1.630112753962345096e+01,1.520104735175297073e+01,0.000000000000000000e+00
1.585551496973186580e+01,1.531149282505558418e+01,0.000000000000000000e+00
1.541545709867529190e+01,1.541545709867528835e+01,0.000000000000000000e+00
1.498117680289484177e+01,1.551346271565369328e+01,0.000000000000000000e+00
1.455280983679726070e+01,1.560597791192078887e+01,0.000000000000000000e+00
1.413024996126402222e+01,1.569323244464454170e+01,0.000000000000000000e+00
1.371341311705648103e+01,1.577547720503196693e+01,0.000000000000000000e+00
1.330226084700814759e+01,1.585301715404725797e+01,0.000000000000000000e+00
1.289673750275400366e+01,1.592614447072987538e+01,0.000000000000000000e+00
1.249677157599241184e+01,1.599513820811980125e+01,0.000000000000000000e+00
1.210228947178986658e+01,1.606028057328995118e+01,0.000000000000000000e+00
1.171321206041116803e+01,1.612185331059483673e+01,0.000000000000000000e+00
1.132944837751265155e+01,1.618012911783237939e+01,0.000000000000000000e+00
1.095089832233189675e+01,1.623537442284091981e+01,0.000000000000000000e+00
1.057746311263435857e+01,1.628786485318678956e+01,0.000000000000000000e+00
1.020903710107801388e+01,1.633787458111629576e+01,0.000000000000000000e+00
9.845473519834669673e+00,1.638561957308617067e+01,0.000000000000000000e+00
9.486604661433768015e+00,1.643128126492302954e+01,0.000000000000000000e+00
9.132363369289711486e+00,1.647521963669007761e+01,0.000000000000000000e+00
8.782759817984038264e+00,1.651796882846290870e+01,0.000000000000000000e+00
8.437708894737697918e+00,1.655993611920645847e+01,0.000000000000000000e+00
8.097000731882149083e+00,1.660131170584833882e+01,0.000000000000000000e+00
7.760398051500842165e+00,1.664222732735245103e+01,0.000000000000000000e+00
7.427620156521224537e+00,1.668270801413885707e+01,0.000000000000000000e+00
7.098386492164117989e+00,1.672275061109619898e+01,0.000000000000000000e+00
6.772442399712993222e+00,1.676238314904874116e+01,0.000000000000000000e+00
6.449546881375340490e+00,1.680164405290090457e+01,0.000000000000000000e+00
6.129464515498091792e+00,1.684056534967936614e+01,0.000000000000000000e+00
5.811966013725591296e+00,1.687917491774404866e+01,0.000000000000000000e+00
5.496827108795421246e+00,1.691749429943831373e+01,0.000000000000000000e+00
5.183833204556283825e+00,1.695555441090795412e+01,0.000000000000000000e+00
4.872773877499310125e+00,1.699338200196176629e+01,0.000000000000000000e+00
4.563442516528964710e+00,1.703099932910607350e+01,0.000000000000000000e+00
4.255636258347008649e+00,1.706842476504198913e+01,0.000000000000000000e+00
3.949156623556231427e+00,1.710567663870329724e+01,0.000000000000000000e+00
3.643815578706451674e+00,1.714280448496901954e+01,0.000000000000000000e+00
3.339426283815318364e+00,1.717985889943889433e+01,0.000000000000000000e+00
3.035791440244711925e+00,1.721682880321089115e+01,0.000000000000000000e+00
2.732706528296261261e+00,1.725362998219289423e+01,0.000000000000000000e+00
2.429971852857373715e+00,1.729014814806717837e+01,0.000000000000000000e+00
2.127385113886800738e+00,1.732616135321029205e+01,0.000000000000000000e+00
1.824757111933853038e+00,1.736140420337331491e+01,0.000000000000000000e+00
1.521929445373032763e+00,1.739573316172633355e+01,0.000000000000000000e+00
1.218769240561898393e+00,1.742921215322192552e+01,0.000000000000000000e+00
9.151400028977252354e-01,1.746191148369944202e+01,0.000000000000000000e+00
6.108980496050490094e-01,1.749383127852927089e+01,0.000000000000000000e+00
3.058988345176570367e-01,1.752493249241073769e+01,0.000000000000000000e+00
1.074945012351184501e-15,1.755518428823074473e+01,0.000000000000000000e+00
-3.069400302878295128e-01,1.758458255813392412e+01,0.000000000000000000e+00
-6.150636490883596430e-01,1.761311844040870866e+01,0.000000000000000000e+00
-9.245123763040630216e-01,1.764074702175431852e+01,0.000000000000000000e+00
-1.235424839295798050e+00,1.766739831202116662e+01,0.000000000000000000e+00
-1.547937623462165790e+00,1.769300799758464038e+01,0.000000000000000000e+00
-1.862188009581726034e+00,1.771753540544390404e+01,0.000000000000000000e+00
-2.178313144146703184e+00,1.774093687454132251e+01,0.000000000000000000e+00
-2.496448278325661629e+00,1.776315249309660871e+01,0.000000000000000000e+00
-2.816726307851501243e+00,1.778410999262243664e+01,0.000000000000000000e+00
-3.139275560750240945e+00,1.780371641445303510e+01,0.000000000000000000e+00
-3.464215890445699220e+00,1.782184577138058756e+01,0.000000000000000000e+00
-3.791663476638149621e+00,1.783837415720161701e+01,0.000000000000000000e+00
-4.121744493741643645e+00,1.785323683460550725e+01,0.000000000000000000e+00
-4.454590094211257068e+00,1.786638501658014633e+01,0.000000000000000000e+00
-4.790322025015612439e+00,1.787772518197449045e+01,0.000000000000000000e+00
-5.129049345474092192e+00,1.788712077057911642e+01,0.000000000000000000e+00
-5.470872016405233573e+00,1.789441606025067699e+01,0.000000000000000000e+00
-5.815875263215550817e+00,1.789942355186330047e+01,0.000000000000000000e+00
-6.164141681654670357e+00,1.790196732339644115e+01,0.000000000000000000e+00
-6.515779945503923365e+00,1.790195827040730236e+01,0.000000000000000000e+00
-6.870905595988072712e+00,1.789932103265197583e+01,0.000000000000000000e+00
-7.229609870175282893e+00,1.789391234499953853e+01,0.000000000000000000e+00
-7.591966236790089972e+00,1.788555162019599365e+01,0.000000000000000000e+00
-7.958047580766566043e+00,1.787406751488119738e+01,0.000000000000000000e+00
-8.327926324183771101e+00,1.785929563570583767e+01,0.000000000000000000e+00
-8.701668351614687325e+00,1.784106404946457047e+01,0.000000000000000000e+00
-9.079332198219631778e+00,1.781919275519702595e+01,0.000000000000000000e+00
-9.460970995964860464e+00,1.779349853998516906e+01,0.000000000000000000e+00
-9.846632782057517019e+00,1.776379576745287991e+01,0.000000000000000000e+00
-1.023636012524318240e+01,1.772989582149331511e+01,0.000000000000000000e+00
-1.063019025840007714e+01,1.769160754053759632e+01,0.000000000000000000e+00
-1.102815450722646062e+01,1.764873644951420317e+01,0.000000000000000000e+00
-1.143027831336723921e+01,1.760108510140385363e+01,0.000000000000000000e+00
-1.183658471735950002e+01,1.754845850245160577e+01,0.000000000000000000e+00
-1.224709527873170600e+01,1.749066471070145923e+01,0.000000000000000000e+00
-1.266181526090389120e+01,1.742749360545411363e+01,0.000000000000000000e+00
-1.308073660070780520e+01,1.735872376894985081e+01,0.000000000000000000e+00
-1.350390456954313834e+01,1.728420965572062329e+01,0.000000000000000000e+00
-1.393137185866757122e+01,1.720381149490102501e+01,0.000000000000000000e+00
-1.436292751607820151e+01,1.711707046745642913e+01,0.000000000000000000e+00
-1.479831893991342362e+01,1.702351858845669952e+01,0.000000000000000000e+00
-1.523769708428410752e+01,1.692317707898223134e+01,0.000000000000000000e+00
-1.568122286425618839e+01,1.681605273455197391e+01,0.000000000000000000e+00
-1.612882971100224694e+01,1.670189209170883160e+01,0.000000000000000000e+00
-1.658047972252465030e+01,1.658047972252465385e+01,0.000000000000000000e+00
-1.703616034264168633e+01,1.645162880870250888e+01,0.000000000000000000e+00
-1.749548111759791169e+01,1.631480008139665117e+01,0.000000000000000000e+00
-1.795806131240572867e+01,1.616951103343870244e+01,0.000000000000000000e+00
-1.842427830756177443e+01,1.601598078659864299e+01,0.000000000000000000e+00
-1.889437778667032219e+01,1.585426543211926642e+01,0.000000000000000000e+00
-1.936813111101783846e+01,1.568400332652973184e+01,0.000000000000000000e+00
-1.984482117932445888e+01,1.550447354800229149e+01,0.000000000000000000e+00
-2.032411199322076811e+01,1.531531690723427630e+01,0.000000000000000000e+00
-2.080744881039893102e+01,1.511749646004938263e+01,0.000000000000000000e+00
-2.129296889566879614e+01,1.490949733161217772e+01,0.000000000000000000e+00
-2.177543586381112206e+01,1.468771694809662876e+01,0.000000000000000000e+00
-2.225254472523733895e+01,1.445097151253633250e+01,0.000000000000000000e+00
-2.272366939511246287e+01,1.419932456792574627e+01,0.000000000000000000e+00
-2.318915475791885328e+01,1.393344988256902539e+01,0.000000000000000000e+00
-2.364791099371000627e+01,1.365312777799078070e+01,0.000000000000000000e+00
-2.409814325531617385e+01,1.335781892962725337e+01,0.000000000000000000e+00
-2.454012990769707159e+01,1.304821852612047728e+01,0.000000000000000000e+00
-2.497434723398851375e+01,1.272506550022794514e+01,0.000000000000000000e+00
-2.540029025364718152e+01,1.238854931573555618e+01,0.000000000000000000e+00
-2.581741386363288981e+01,1.203885779836904746e+01,0.000000000000000000e+00
-2.622528944384423966e+01,1.167625114091861072e+01,0.000000000000000000e+00
-2.662352021999400620e+01,1.130101385223466437e+01,0.000000000000000000e+00
-2.701173164733556931e+01,1.091344799074506078e+01,0.000000000000000000e+00
-2.738954083514794036e+01,1.051385966274717809e+01,0.000000000000000000e+00
-2.775657443136154967e+01,1.010256689820995035e+01,0.000000000000000000e+00
-2.811270599534848103e+01,9.679980958492416576e+00,0.000000000000000000e+00
-2.845801202319511347e+01,9.246568621968956236e+00,0.000000000000000000e+00
-2.879210438331855215e+01,8.802629693740872341e+00,0.000000000000000000e+00
-2.911394760683687721e+01,8.348290137484179141e+00,0.000000000000000000e+00
-2.942273547254236377e+01,7.883798208982281785e+00,0.000000000000000000e+00
-2.971864670251407148e+01,7.409690829539911761e+00,0.000000000000000000e+00
-3.000208220895963862e+01,6.926526449582943279e+00,0.000000000000000000e+00
-3.027305673356211813e+01,6.434736850527474239e+00,0.000000000000000000e+00
-3.053113554568876964e+01,5.934651565696573705e+00,0.000000000000000000e+00
-3.077587615840756285e+01,5.426617321669635174e+00,0.000000000000000000e+00
-3.100704492021517922e+01,4.911033455806040671e+00,0.000000000000000000e+00
-3.122461133064425809e+01,4.388332939666503840e+00,0.000000000000000000e+00
-3.142856585552205573e+01,3.858942658378297530e+00,0.000000000000000000e+00
-3.161889338804806115e+01,3.323279609497753473e+00,0.000000000000000000e+00
-3.179551950075750710e+01,2.781747507233743200e+00,0.000000000000000000e+00
-3.195836400321238457e+01,2.234746509674892412e+00,0.000000000000000000e+00
-3.210735803011495904e+01,1.682675333003845086e+00,0.000000000000000000e+00
-3.224244390119867631e+01,1.125930951324357387e+00,0.000000000000000000e+00
-3.236357497363704283e+01,5.649083024740699788e-01,0.000000000000000000e+00
-3.247071548717060807e+01,3.976515778738787473e-15,0.000000000000000000e+00
-3.255677390873249522e+01,-5.682806024302154979e-01,0.000000000000000000e+00
-3.265704035983908682e+01,-1.140408978688640662e+00,0.000000000000000000e+00
-3.274050940099290585e+01,-1.715857390301562813e+00,0.000000000000000000e+00
-3.280704250163965696e+01,-2.294091891434894226e+00,0.000000000000000000e+00
-3.285651689010666843e+01,-2.874572750832373735e+00,0.000000000000000000e+00
-3.288882576554629367e+01,-3.456754880873806002e+00,0.000000000000000000e+00
-3.290387849892010763e+01,-4.040088273492437487e+00,0.000000000000000000e+00
-3.290160082282260845e+01,-4.624018442684382002e+00,0.000000000000000000e+00
-3.288193500994898244e+01,-5.207986873338540157e+00,0.000000000000000000e+00
-3.284477622301198352e+01,-5.791420223448887405e+00,0.000000000000000000e+00
-3.278978286776539619e+01,-6.373688130394899787e+00,0.000000000000000000e+00
-3.271657166112414217e+01,-6.954121981919422879e+00,0.000000000000000000e+00
-3.262525176206584376e+01,-7.532132859324231156e+00,0.000000000000000000e+00
-3.251744420662016211e+01,-8.107509421601154287e+00,0.000000000000000000e+00
-3.239311945137663429e+01,-8.679710197321247378e+00,0.000000000000000000e+00
-3.225111574146978910e+01,-9.247858624439711406e+00,0.000000000000000000e+00
-3.209177277009585083e+01,-9.811439558217873724e+00,0.000000000000000000e+00
-3.191605134481686434e+01,-1.037015370791174718e+01,0.000000000000000000e+00
-3.172482077545656054e+01,-1.092373181965534990e+01,0.000000000000000000e+00
-3.151415268730950459e+01,-1.147021353630090879e+01,0.000000000000000000e+00
-3.128919865878423323e+01,-1.201079805018564173e+01,0.000000000000000000e+00
-3.104886941806541145e+01,-1.254455752742958907e+01,0.000000000000000000e+00
-3.079109206319097325e+01,-1.307004314441599924e+01,0.000000000000000000e+00
-3.051802001752508886e+01,-1.358749793062226807e+01,0.000000000000000000e+00
-3.022948621172001538e+01,-1.409624092261597283e+01,0.000000000000000000e+00
-2.992511244866902587e+01,-1.459545255771381278e+01,0.000000000000000000e+00
-2.960675740657386257e+01,-1.508539637565703373e+01,0.000000000000000000e+00
-2.927418788967327146e+01,-1.556536180516952506e+01,0.000000000000000000e+00
-2.892688751526802093e+01,-1.603443558006915381e+01,0.000000000000000000e+00
-2.856566040472532464e+01,-1.649239172424760369e+01,0.000000000000000000e+00
-2.819145613848106890e+01,-1.693913578665604902e+01,0.000000000000000000e+00
-2.780406850509985972e+01,-1.737391026722428578e+01,0.000000000000000000e+00
-2.740368453541927352e+01,-1.779616081889046697e+01,0.000000000000000000e+00
-2.699071956987797805e+01,-1.820547022558824324e+01,0.000000000000000000e+00
-2.656576540674622677e+01,-1.860154919611442992e+01,0.000000000000000000e+00
-2.612963909819469777e+01,-1.898429404627009021e+01,0.000000000000000000e+00
-2.568256909113383557e+01,-1.935320395566872520e+01,0.000000000000000000e+00
-2.522387199831067406e+01,-1.970704863712538213e+01,0.000000000000000000e+00
-2.475601989125322433e+01,-2.004702963339486388e+01,0.000000000000000000e+00
-2.427735799332085875e+01,-2.037112213815432327e+01,0.000000000000000000e+00
-2.378976412938062523e+01,-2.068012645344677836e+01,0.000000000000000000e+00
-2.329373379817783629e+01,-2.097377211867660662e+01,0.000000000000000000e+00
-2.278902388080367913e+01,-2.125110856720086261e+01,0.000000000000000000e+00
-2.227616671905187573e+01,-2.151184414631932995e+01,0.000000000000000000e+00
-2.175607329684971347e+01,-2.175607329684970637e+01,0.000000000000000000e+00
-2.122921924054938003e+01,-2.198350006169487969e+01,0.000000000000000000e+00
-2.069611435075593064e+01,-2.219386544884343238e+01,0.000000000000000000e+00
-2.015729998294766645e+01,-2.238694962622794193e+01,0.000000000000000000e+00
-1.961331730493251158e+01,-2.256254058839545706e+01,0.000000000000000000e+00
-1.906442679878094282e+01,-2.272009912819651234e+01,0.000000000000000000e+00
-1.851972981092973924e+01,-2.286996168331457824e+01,0.000000000000000000e+00
-1.798336156197246183e+01,-2.301765314994931799e+01,0.000000000000000000e+00
-1.745466252139054220e+01,-2.316311951214316878e+01,0.000000000000000000e+00
-1.693325957779063984e+01,-2.330663233751636909e+01,0.000000000000000000e+00
-1.641864694198503827e+01,-2.344825790359842799e+01,0.000000000000000000e+00
-1.591039865350478344e+01,-2.358813603716382801e+01,0.000000000000000000e+00
-1.540809075808592965e+01,-2.372637911765180974e+01,0.000000000000000000e+00
-1.491131868721340226e+01,-2.386309816868267220e+01,0.000000000000000000e+00
-1.441969407220693888e+01,-2.399840098614538419e+01,0.000000000000000000e+00
-1.393284199307812266e+01,-2.413239022584049920e+01,0.000000000000000000e+00
-1.345040080255719417e+01,-2.426516537535427886e+01,0.000000000000000000e+00
-1.297202081500002535e+01,-2.439682285579404564e+01,0.000000000000000000e+00
-1.249736306632630978e+01,-2.452745604508406529e+01,0.000000000000000000e+00
-1.202609824907070113e+01,-2.465715543927968056e+01,0.000000000000000000e+00
-1.155790585363531520e+01,-2.478600908971883854e+01,0.000000000000000000e+00
-1.109247342616564147e+01,-2.491410322872333083e+01,0.000000000000000000e+00
-1.062949544618521180e+01,-2.504152199440823168e+01,0.000000000000000000e+00
-1.016867247522971596e+01,-2.516834756013719243e+01,0.000000000000000000e+00
-9.709710574928216431e+00,-2.529466084008722149e+01,0.000000000000000000e+00
-9.252320506666247724e+00,-2.542054166962241268e+01,0.000000000000000000e+00
-8.796216800755708221e+00,-2.554606851514956034e+01,0.000000000000000000e+00
-8.341117123355889618e+00,-2.567131885220301513e+01,0.000000000000000000e+00
-7.886741753718657932e+00,-2.579636991645883981e+01,0.000000000000000000e+00
-7.432812676813367325e+00,-2.592129828748277731e+01,0.000000000000000000e+00
-6.979052880582474749e+00,-2.604617993904373918e+01,0.000000000000000000e+00
-6.525185861060135650e+00,-2.617109103931765901e+01,0.000000000000000000e+00
-6.070934879343016455e+00,-2.629610796422443642e+01,0.000000000000000000e+00
-5.616022171628264559e+00,-2.642130700414084998e+01,0.000000000000000000e+00
-5.160168364025598642e+00,-2.654676488023074299e+01,0.000000000000000000e+00
-4.703091860021737958e+00,-2.667255936173332742e+01,0.000000000000000000e+00
-4.244507998255685699e+00,-2.679876880303713804e+01,0.000000000000000000e+00
-3.784128354278614825e+00,-2.692547231764974214e+01,0.000000000000000000e+00
-3.321660105474272484e+00,-2.705275061496517708e+01,0.000000000000000000e+00
-2.856805205571337769e+00,-2.718068590052601508e+01,0.000000000000000000e+00
-2.389259559430286561e+00,-2.730936172916067761e+01,0.000000000000000000e+00
-1.918712247334242171e+00,-2.743886349179259554e+01,0.000000000000000000e+00
-1.444844693770533484e+00,-2.756927909437410307e+01,0.000000000000000000e+00
-9.673297124087555376e-01,-2.770069865262649245e+01,0.000000000000000000e+00
-4.858305691911787294e-01,-2.783321466801266553e+01,0.000000000000000000e+00
-5.137440339877892273e-15,-2.796692261776907884e+01,0.000000000000000000e+00
4.905208638557190803e-01,-2.810192146938172897e+01,0.000000000000000000e+00
9.861036382214781737e-01,-2.823831354731457211e+01,0.000000000000000000e+00
1.487133880759382576e+00,-2.837620485172142182e+01,0.000000000000000000e+00
1.994012379421121972e+00,-2.851570554985353567e+01,0.000000000000000000e+00
2.507156563214846923e+00,-2.865693064875717511e+01,0.000000000000000000e+00
3.027001987039455777e+00,-2.880000010834946877e+01,0.000000000000000000e+00
3.554003930853296467e+00,-2.894503921925265999e+01,0.000000000000000000e+00
4.088639136937215035e+00,-2.909217912071815704e+01,0.000000000000000000e+00
4.631407697868102247e+00,-2.924155736749242251e+01,0.000000000000000000e+00
5.182835125147981614e+00,-2.939331861932789280e+01,0.000000000000000000e+00
5.743474571444164845e+00,-2.954761517214652500e+01,0.000000000000000000e+00
6.313909247216814791e+00,-2.970460755297078492e+01,0.000000000000000000e+00
6.894755075665790933e+00,-2.986446526934461332e+01,0.000000000000000000e+00
7.486663600316527223e+00,-3.002736762394638603e+01,0.000000000000000000e+00
8.090325174505569095e+00,-3.019350460100828215e+01,0.000000000000000000e+00
8.706472466519548092e+00,-3.036307783464343402e+01,0.000000000000000000e+00
9.335884319069323922e+00,-3.053630167089292513e+01,0.000000000000000000e+00
9.979390007944450858e+00,-3.071340433850187779e+01,0.000000000000000000e+00
1.063787395023542004e+01,-3.089462924161801993e+01,0.000000000000000000e+00
1.131228092476568214e+01,-3.108023640332102033e+01,0.000000000000000000e+00
1.200362185563079365e+01,-3.127050403282337498e+01,0.000000000000000000e+00
1.271298031061908240e+01,-3.146573043455351382e+01,0.000000000000000000e+00
1.344151946613726345e+01,-3.166623543456552170e+01,0.000000000000000000e+00
1.419049099651966905e+01,-3.187236461793983011e+01,0.000000000000000000e+00
1.496124174622479508e+01,-3.208448646419556383e+01,0.000000000000000000e+00
1.575522126689666713e+01,-3.230299068845006616e+01,0.000000000000000000e+00
1.657407170173939193e+01,-3.252844724082937233e+01,0.000000000000000000e+00
1.741839787728786249e+01,-3.275924187174769031e+01,0.000000000000000000e+00
1.828092797934232294e+01,-3.297966708541112979e+01,0.000000000000000000e+00
1.914565687467900901e+01,-3.316125045122440440e+01,0.000000000000000000e+00
2.001649371049624548e+01,-3.331303979097709345e+01,0.000000000000000000e+00
2.088586514106591707e+01,-3.342437115414264071e+01,0.000000000000000000e+00
2.175462490988299891e+01,-3.349918469965685119e+01,0.000000000000000000e+00
2.262560578977497983e+01,-3.354384003287631089e+01,0.000000000000000000e+00
2.348950205654178092e+01,-3.354648554141494543e+01,0.000000000000000000e+00
2.435099572208440222e+01,-3.351627025734787679e+01,0.000000000000000000e+00
2.521058820643877141e+01,-3.345558052935918880e+01,0.000000000000000000e+00
2.605848132648528548e+01,-3.335333512149442470e+01,0.000000000000000000e+00
2.690126640549686243e+01,-3.322029739133996884e+01,0.000000000000000000e+00
2.773798484183462421e+01,-3.305684308658015880e+01,0.000000000000000000e+00
2.856060105449932962e+01,-3.285521314433909623e+01,0.000000000000000000e+00
2.937325099381053661e+01,-3.262230015494504443e+01,0.000000000000000000e+00
3.017551369218273649e+01,-3.235927669241818450e+01,0.000000000000000000e+00
3.096557958260673971e+01,-3.206579634188366867e+01,0.000000000000000000e+00
3.173722346492646196e+01,-3.173722346492647262e+01,0.000000000000000000e+00
3.249500293060511780e+01,-3.138005956740835956e+01,0.000000000000000000e+00
3.323714362736623684e+01,-3.099413785264324517e+01,0.000000000000000000e+00
3.396251213767451560e+01,-3.057998328327660076e+01,0.000000000000000000e+00
3.466975209356571241e+01,-3.013795569831304277e+01,0.000000000000000000e+00
3.535766265654694251e+01,-2.966860169439924633e+01,0.000000000000000000e+00
3.602451797566393310e+01,-2.917207946023919973e+01,0.000000000000000000e+00
3.666962490089169791e+01,-2.864945086445953848e+01,0.000000000000000000e+00
3.729306748315357112e+01,-2.810234204268719083e+01,0.000000000000000000e+00
3.789370177325501032e+01,-2.753138588182193658e+01,0.000000000000000000e+00
3.846928338867811448e+01,-2.693648221827801592e+01,0.000000000000000000e+00
3.902008708274325244e+01,-2.631938106524351895e+01,0.000000000000000000e+00
3.954576526655728941e+01,-2.568132024290867221e+01,0.000000000000000000e+00
4.004627169843508483e+01,-2.502368784258603185e+01,0.000000000000000000e+00
4.052093458837902773e+01,-2.434743384034872449e+01,0.000000000000000000e+00
4.096786995624386662e+01,-2.365281074736300582e+01,0.000000000000000000e+00
4.138519173978081511e+01,-2.294018637746886213e+01,0.000000000000000000e+00
4.177361283361017996e+01,-2.221142393820552385e+01,0.000000000000000000e+00
4.213359744643356208e+01,-2.146814017771139049e+01,0.000000000000000000e+00
4.246365782669034417e+01,-2.071090975178665872e+01,0.000000000000000000e+00
4.276332104675843482e+01,-1.994086409224432188e+01,0.000000000000000000e+00
4.303297889241544993e+01,-1.915951661718011323e+01,0.000000000000000000e+00
4.327215843502955295e+01,-1.836794149870211967e+01,0.000000000000000000e+00
4.347967649161955705e+01,-1.756692959344265859e+01,0.000000000000000000e+00
4.365451273568585577e+01,-1.675739740622534768e+01,0.000000000000000000e+00
4.379634471574827614e+01,-1.594056584619424655e+01,0.000000000000000000e+00
4.390505774394672756e+01,-1.511772374431815535e+01,0.000000000000000000e+00
4.398057984869834769e+01,-1.429015664458616008e+01,0.000000000000000000e+00
4.402288147395049833e+01,-1.345914555280469571e+01,0.000000000000000000e+00
4.403197514484741504e+01,-1.262596569863154450e+01,0.000000000000000000e+00
4.400784749477116264e+01,-1.179186719685593587e+01,0.000000000000000000e+00
4.395027082177974620e+01,-1.095803324841126880e+01,0.000000000000000000e+00
4.385905398743414452e+01,-1.012566045855735197e+01,0.000000000000000000e+00
4.373405934188892275e+01,-9.295961281584645519e+00,0.000000000000000000e+00
4.357518610810530646e+01,-8.470158146427117174e+00,0.000000000000000000e+00
4.338237080110006616e+01,-7.649482459333087014e+00,0.000000000000000000e+00
4.315558762227824730e+01,-6.835173592431037726e+00,0.000000000000000000e+00
4.289498519680646638e+01,-6.028497024105924140e+00,0.000000000000000000e+00
4.260137352319580373e+01,-5.230790941906249714e+00,0.000000000000000000e+00
4.227578216002628864e+01,-4.443363754187888759e+00,0.000000000000000000e+00
4.191855942772749444e+01,-3.667398741263905748e+00,0.000000000000000000e+00
4.152828650321922765e+01,-2.903940680646809991e+00,0.000000000000000000e+00
4.110381579092685200e+01,-2.154159705661700119e+00,0.000000000000000000e+00
4.064614781891550166e+01,-1.419394758711846949e+00,0.000000000000000000e+00
4.015731101719003959e+01,-7.009484711477171892e-01,0.000000000000000000e+00
3.964067712972896373e+01,-9.709165672591252613e-15,0.000000000000000000e+00
