1.684942855269153839e+01,0.000000000000000000e+00,0.000000000000000000e+00
1.662127046852683065e+01,2.901253552176014106e-01,0.000000000000000000e+00
1.639905481307165758e+01,5.726676130098115047e-01,0.000000000000000000e+00
1.618242780738179576e+01,8.480851047930135778e-01,0.000000000000000000e+00
1.597107274863297022e+01,1.116806200629781864e+00,0.000000000000000000e+00
1.576466316735824336e+01,1.379229311448532558e+00,0.000000000000000000e+00
1.556291399968310607e+01,1.635728174442183214e+00,0.000000000000000000e+00
1.536556252273807921e+01,1.886653847380522109e+00,0.000000000000000000e+00
1.517233543461596312e+01,2.132332686365598473e+00,0.000000000000000000e+00
1.498298138630527987e+01,2.373071121262906757e+00,0.000000000000000000e+00
1.479729039589738804e+01,2.609161538174952444e+00,0.000000000000000000e+00
1.461504762247651001e+01,2.840877474919461854e+00,0.000000000000000000e+00
1.443603424146350456e+01,3.068473802516188620e+00,0.000000000000000000e+00
1.426006509456457394e+01,3.292195433714904862e+00,0.000000000000000000e+00
1.408696965672798918e+01,3.512276010624476363e+00,0.000000000000000000e+00
1.391657048673363306e+01,3.728933823331072261e+00,0.000000000000000000e+00
1.374869040803174336e+01,3.942373534729483708e+00,0.000000000000000000e+00
1.358318257379268168e+01,4.152795664663036845e+00,0.000000000000000000e+00
1.341990631827015612e+01,4.360391884406398688e+00,0.000000000000000000e+00
1.325871528711291880e+01,4.565341790098790042e+00,0.000000000000000000e+00
1.309946218767109727e+01,4.767814321207907824e+00,0.000000000000000000e+00
1.294202310093187513e+01,4.967977209045273845e+00,0.000000000000000000e+00
1.278628059744660028e+01,5.165992692255643171e+00,0.000000000000000000e+00
1.263211241776411065e+01,5.362013596869486420e+00,0.000000000000000000e+00
1.247939286133762238e+01,5.556183677102080054e+00,0.000000000000000000e+00
1.232801034020081943e+01,5.748645631449652349e+00,0.000000000000000000e+00
1.217786464653408984e+01,5.939541447258761764e+00,0.000000000000000000e+00
1.202885162296363752e+01,6.129006030092337021e+00,0.000000000000000000e+00
1.188086294131949394e+01,6.317166882176913134e+00,0.000000000000000000e+00
1.173379296207231093e+01,6.504147646749479428e+00,0.000000000000000000e+00
1.158755133763379064e+01,6.690075884031475795e+00,0.000000000000000000e+00
1.144204687131681730e+01,6.875075366041781599e+00,0.000000000000000000e+00
1.129718414055132314e+01,7.059264132306637407e+00,0.000000000000000000e+00
1.115286432604607469e+01,7.242754779235956342e+00,0.000000000000000000e+00
1.100899715795743994e+01,7.425662344936363901e+00,0.000000000000000000e+00
1.086549968573158509e+01,7.608104786364487282e+00,0.000000000000000000e+00
1.072228485704532730e+01,7.790195946031310825e+00,0.000000000000000000e+00
1.057926121316138079e+01,7.972045134273157529e+00,0.000000000000000000e+00
1.043633552962241318e+01,8.153758942695361611e+00,0.000000000000000000e+00
1.029342490756309303e+01,8.335451137036384850e+00,0.000000000000000000e+00
1.015044683544128468e+01,8.517236195903368667e+00,0.000000000000000000e+00
1.000731372474080949e+01,8.699225102083490313e+00,0.000000000000000000e+00
9.863933037419867489e+00,8.881525199575925456e+00,0.000000000000000000e+00
9.720213436272301166e+00,9.064245669801922034e+00,0.000000000000000000e+00
9.576071715751110602e+00,9.247504962648365634e+00,0.000000000000000000e+00
9.431420476411545906e+00,9.431420476411545906e+00,0.000000000000000000e+00
9.286166306342934718e+00,9.616106709118712459e+00,0.000000000000000000e+00
9.140210555561850470e+00,9.801675802821849359e+00,0.000000000000000000e+00
8.993459877989396389e+00,9.988249092109249716e+00,0.000000000000000000e+00
8.845823129343807878e+00,1.017595546386200134e+01,0.000000000000000000e+00
8.697202024244768737e+00,1.036492175791133619e+01,0.000000000000000000e+00
8.547490896942029792e+00,1.055527220414295009e+01,0.000000000000000000e+00
8.396581244468295679e+00,1.074713390288654402e+01,0.000000000000000000e+00
8.244371378292880692e+00,1.094065034507909040e+01,0.000000000000000000e+00
8.090753522483211668e+00,1.113596687133435559e+01,0.000000000000000000e+00
7.935610628023518132e+00,1.133322650069332838e+01,0.000000000000000000e+00
7.778817795157628723e+00,1.153257164427303394e+01,0.000000000000000000e+00
7.620254677596287607e+00,1.173416319337471414e+01,0.000000000000000000e+00
7.459797982267121874e+00,1.193817229069283314e+01,0.000000000000000000e+00
7.297312784133792363e+00,1.214476794292800577e+01,0.000000000000000000e+00
7.132653101790694450e+00,1.235411756506522529e+01,0.000000000000000000e+00
6.965673932661235135e+00,1.256640842217016996e+01,0.000000000000000000e+00
6.796228062929408509e+00,1.278184598248077286e+01,0.000000000000000000e+00
6.624153802604445751e+00,1.300063384307337522e+01,0.000000000000000000e+00
6.449275534840105628e+00,1.322297440448603467e+01,0.000000000000000000e+00
6.271417188484900151e+00,1.344909756210846652e+01,0.000000000000000000e+00
6.090396401720030717e+00,1.367925428591710357e+01,0.000000000000000000e+00
5.906012170246073723e+00,1.391369274385809085e+01,0.000000000000000000e+00
5.718048063374207679e+00,1.415266558886001391e+01,0.000000000000000000e+00
5.526286764531959328e+00,1.439646921864429174e+01,0.000000000000000000e+00
5.330494181492131389e+00,1.464541239818387552e+01,0.000000000000000000e+00
5.130412636483160149e+00,1.489980018583988475e+01,0.000000000000000000e+00
4.925773614032740610e+00,1.515997235976081647e+01,0.000000000000000000e+00
4.716296525045104993e+00,1.542631083849143181e+01,0.000000000000000000e+00
4.501671491369124922e+00,1.569919418042753101e+01,0.000000000000000000e+00
4.281567622491485814e+00,1.597902790318010702e+01,0.000000000000000000e+00
4.055639447628586858e+00,1.626628136984458450e+01,0.000000000000000000e+00
3.823506173811348052e+00,1.656142474704038392e+01,0.000000000000000000e+00
3.584758598461589507e+00,1.686496323753416604e+01,0.000000000000000000e+00
3.338963526886603805e+00,1.717747822142285941e+01,0.000000000000000000e+00
3.085643336980236295e+00,1.749955295884052831e+01,0.000000000000000000e+00
2.824286247211790002e+00,1.783184157120932767e+01,0.000000000000000000e+00
2.554339016844052068e+00,1.817506650115680955e+01,0.000000000000000000e+00
2.275194103670479251e+00,1.852996897117752439e+01,0.000000000000000000e+00
1.986197780364491239e+00,1.889740956055571175e+01,0.000000000000000000e+00
1.686630693607476861e+00,1.927827704337611081e+01,0.000000000000000000e+00
1.375711122777557582e+00,1.967358563248831516e+01,0.000000000000000000e+00
1.052580447496075600e+00,2.008443139350269391e+01,0.000000000000000000e+00
7.162947091777954745e-01,2.051199671722766382e+01,0.000000000000000000e+00
3.658155863748659420e-01,2.095756090734972688e+01,0.000000000000000000e+00
1.311759484910386520e-15,2.142265812189579322e+01,0.000000000000000000e+00
-3.824236079600312754e-01,2.190903382672681943e+01,0.000000000000000000e+00
-7.828552971586663078e-01,2.241804257330774064e+01,0.000000000000000000e+00
-1.202837521723373548e+00,2.295150716513193601e+01,0.000000000000000000e+00
-1.644269910934708312e+00,2.351415523223069926e+01,0.000000000000000000e+00
-2.108795101615938528e+00,2.410363830727708034e+01,0.000000000000000000e+00
-2.596524185371027027e+00,2.470427741382333409e+01,0.000000000000000000e+00
-3.104739131291321730e+00,2.528607105372544339e+01,0.000000000000000000e+00
-3.631461864060772982e+00,2.583919379553096007e+01,0.000000000000000000e+00
-4.175886565810711382e+00,2.636551012999854748e+01,0.000000000000000000e+00
-4.735969788654334600e+00,2.685901936065406304e+01,0.000000000000000000e+00
-5.310731964213788459e+00,2.732134745423794087e+01,0.000000000000000000e+00
-5.899437387427599155e+00,2.775467076187479165e+01,0.000000000000000000e+00
-6.500957978206478138e+00,2.815874264233645974e+01,0.000000000000000000e+00
-7.114031455870115650e+00,2.853282172377809900e+01,0.000000000000000000e+00
-7.737455960665373667e+00,2.887657876652982125e+01,0.000000000000000000e+00
-8.370013259604679234e+00,2.918970513668529776e+01,0.000000000000000000e+00
-9.010498046755534673e+00,2.947201113007658435e+01,0.000000000000000000e+00
-9.657710068329494746e+00,2.972337528410938745e+01,0.000000000000000000e+00
-1.031045686786646343e+01,2.994374098946518004e+01,0.000000000000000000e+00
-1.096755305793097435e+01,3.013310437333585057e+01,0.000000000000000000e+00
-1.162782044237097701e+01,3.029150788064367461e+01,0.000000000000000000e+00
-1.229008800314156069e+01,3.041903524390501090e+01,0.000000000000000000e+00
-1.295319216659085981e+01,3.051580841063277560e+01,0.000000000000000000e+00
-1.361597739458346368e+01,3.058198594088297284e+01,0.000000000000000000e+00
-1.427729702450203852e+01,3.061776227521515992e+01,0.000000000000000000e+00
-1.493601501070757465e+01,3.062336895433976380e+01,0.000000000000000000e+00
-1.559100641216721250e+01,3.059907297591754372e+01,0.000000000000000000e+00
-1.624116434532929532e+01,3.054518761230002966e+01,0.000000000000000000e+00
-1.688538814271797506e+01,3.046204657575708197e+01,0.000000000000000000e+00
-1.752262769392077857e+01,3.035008144798427310e+01,0.000000000000000000e+00
-1.815175407474902158e+01,3.020959187527720147e+01,0.000000000000000000e+00
-1.877071436923435854e+01,3.003942233985275934e+01,0.000000000000000000e+00
-1.937930314497047846e+01,2.984150993608179547e+01,0.000000000000000000e+00
-1.997660368281506393e+01,2.961653290358948354e+01,0.000000000000000000e+00
-2.056164834596638968e+01,2.936507710062419108e+01,0.000000000000000000e+00
-2.113353293814123290e+01,2.908781265173963959e+01,0.000000000000000000e+00
-2.169159360556975713e+01,2.878571696696573312e+01,0.000000000000000000e+00
-2.223471517018875332e+01,2.845913762627960253e+01,0.000000000000000000e+00
-2.276078000295783710e+01,2.810722250617250140e+01,0.000000000000000000e+00
-2.326845078989461513e+01,2.773025982295848735e+01,0.000000000000000000e+00
-2.375923565780930602e+01,2.733187408046271472e+01,0.000000000000000000e+00
-2.423168271308604105e+01,2.691201007652356836e+01,0.000000000000000000e+00
-2.468262609433190491e+01,2.646887590480028152e+01,0.000000000000000000e+00
-2.511420367689510158e+01,2.600651921413545153e+01,0.000000000000000000e+00
-2.552493994990476267e+01,2.552493994990476622e+01,0.000000000000000000e+00
-2.591147534340723269e+01,2.502242087781862523e+01,0.000000000000000000e+00
-2.627485408847899961e+01,2.450169782357249204e+01,0.000000000000000000e+00
-2.661556194793961438e+01,2.396475961918454090e+01,0.000000000000000000e+00
-2.693138270205172091e+01,2.341109381394689848e+01,0.000000000000000000e+00
-2.722447701158549549e+01,2.284404861941574083e+01,0.000000000000000000e+00
-2.750501552347045475e+01,2.227312240368718221e+01,0.000000000000000000e+00
-2.778241747858849209e+01,2.170600344563019490e+01,0.000000000000000000e+00
-2.805829934649652913e+01,2.114344511154903472e+01,0.000000000000000000e+00
-2.833230591943755172e+01,2.058462516692941691e+01,0.000000000000000000e+00
-2.860445264286059697e+01,2.002905336689363835e+01,0.000000000000000000e+00
-2.887506201369082248e+01,1.947647525258769363e+01,0.000000000000000000e+00
-2.914441400722466113e+01,1.892660375558359220e+01,0.000000000000000000e+00
-2.941266741264767504e+01,1.837907442406575242e+01,0.000000000000000000e+00
-2.967994864759237217e+01,1.783351231709856677e+01,0.000000000000000000e+00
-2.994641677576503014e+01,1.728957178675265993e+01,0.000000000000000000e+00
-3.021224907729854436e+01,1.674692312829215624e+01,0.000000000000000000e+00
-3.047761318978885470e+01,1.620523438754101520e+01,0.000000000000000000e+00
-3.074267520311694568e+01,1.566417540152939480e+01,0.000000000000000000e+00
-3.100759000267917287e+01,1.512341213719563449e+01,0.000000000000000000e+00
-3.127251982061601154e+01,1.458261548215723025e+01,0.000000000000000000e+00
-3.153762858763899857e+01,1.404145691382342598e+01,0.000000000000000000e+00
-3.180307449290197752e+01,1.349960420027493413e+01,0.000000000000000000e+00
-3.206902543654023674e+01,1.295672731333700156e+01,0.000000000000000000e+00
-3.233564121574079309e+01,1.241248971253175704e+01,0.000000000000000000e+00
-3.260308872256782564e+01,1.186655384015479875e+01,0.000000000000000000e+00
-3.287153764419252866e+01,1.131857810218619598e+01,0.000000000000000000e+00
-3.314115345462374052e+01,1.076821351328448273e+01,0.000000000000000000e+00
-3.341211497507984518e+01,1.021510868030626540e+01,0.000000000000000000e+00
-3.368459411121428815e+01,9.658901932549010638e+00,0.000000000000000000e+00
-3.395877313407088849e+01,9.099225837226009972e+00,0.000000000000000000e+00
-3.423483763480123798e+01,8.535703695145553382e+00,0.000000000000000000e+00
-3.451297294465775423e+01,7.967947634098642595e+00,0.000000000000000000e+00
-3.479338093608973992e+01,7.395561420650530238e+00,0.000000000000000000e+00
-3.507625682215074647e+01,6.818133644483674871e+00,0.000000000000000000e+00
-3.536181055577051069e+01,6.235241287683737532e+00,0.000000000000000000e+00
-3.565025070168070442e+01,5.646445004815109137e+00,0.000000000000000000e+00
-3.594180471593936943e+01,5.051291235488464260e+00,0.000000000000000000e+00
-3.623672191633078654e+01,4.449309989057337766e+00,0.000000000000000000e+00
-3.653523283240363639e+01,3.840007707103228807e+00,0.000000000000000000e+00
-3.683754239559122112e+01,3.222867351769841626e+00,0.000000000000000000e+00
-3.714388762767283936e+01,2.597353644991170274e+00,0.000000000000000000e+00
-3.745472944254085945e+01,1.962919193730705114e+00,0.000000000000000000e+00
-3.777048780410056139e+01,1.318974498197871048e+00,0.000000000000000000e+00
-3.809088306338255592e+01,6.648788370444832507e-01,0.000000000000000000e+00
-3.841530185561548905e+01,4.704517645575887988e-15,0.000000000000000000e+00
-3.841193310923056004e+01,-6.704827864399750537e-01,0.000000000000000000e+00
-3.873019506321843863e+01,-1.352488214173074299e+00,0.000000000000000000e+00
-3.905510962621996640e+01,-2.046791565165903659e+00,0.000000000000000000e+00
-3.938657418082711814e+01,-2.754177565841819497e+00,0.000000000000000000e+00
-3.972450376680935591e+01,-3.475443743788674933e+00,0.000000000000000000e+00
-4.006924080182511716e+01,-4.211446912152070787e+00,0.000000000000000000e+00
-4.042133270420989533e+01,-4.963115587196622158e+00,0.000000000000000000e+00
-4.078123971848196305e+01,-5.731429470233778467e+00,0.000000000000000000e+00
-4.114941147756191242e+01,-6.517426506557686849e+00,0.000000000000000000e+00
-4.152643037288341077e+01,-7.322230087250832575e+00,0.000000000000000000e+00
-4.191280668816214217e+01,-8.147024320874388437e+00,0.000000000000000000e+00
-4.230896054733902645e+01,-8.993047181775008170e+00,0.000000000000000000e+00
-4.271603681877997616e+01,-9.861774152404684912e+00,0.000000000000000000e+00
-4.313475334675560191e+01,-1.075470190507977009e+01,0.000000000000000000e+00
-4.356198830947925416e+01,-1.167239958821897616e+01,0.000000000000000000e+00
-4.397943550981759131e+01,-1.261090020071725171e+01,0.000000000000000000e+00
-4.436183243697632861e+01,-1.356277326171167807e+01,0.000000000000000000e+00
-4.471067604353521574e+01,-1.452737927843333665e+01,0.000000000000000000e+00
-4.503053469363062788e+01,-1.550525653621530431e+01,0.000000000000000000e+00
-4.531878993097464559e+01,-1.649469058783764908e+01,0.000000000000000000e+00
-4.557333654080581908e+01,-1.749396485458068895e+01,0.000000000000000000e+00
-4.579462190042384151e+01,-1.850222824997625892e+01,0.000000000000000000e+00
-4.598337254222391834e+01,-1.951878360855826955e+01,0.000000000000000000e+00
-4.613973327496716337e+01,-2.054273278650014589e+01,0.000000000000000000e+00
-4.626340215985291593e+01,-2.157297871944390621e+01,0.000000000000000000e+00
-4.635409905079704629e+01,-2.260840472068358764e+01,0.000000000000000000e+00
-4.641157964010938031e+01,-2.364788097787321064e+01,0.000000000000000000e+00
-4.643563598111763469e+01,-2.469026561635937966e+01,0.000000000000000000e+00
-4.642609698130837614e+01,-2.573440578036329995e+01,0.000000000000000000e+00
-4.638285379878647063e+01,-2.677915312651243340e+01,0.000000000000000000e+00
-4.630597962433395054e+01,-2.782343958175489362e+01,0.000000000000000000e+00
-4.619578731333511712e+01,-2.886633167942483880e+01,0.000000000000000000e+00
-4.605265680158849051e+01,-2.990694501387054416e+01,0.000000000000000000e+00
-4.587698663552154699e+01,-3.094441821272545212e+01,0.000000000000000000e+00
-4.566919303772629490e+01,-3.197791322897035471e+01,0.000000000000000000e+00
-4.542969337387437179e+01,-3.300660427036306999e+01,0.000000000000000000e+00
-4.515856250645843062e+01,-3.402941767356195157e+01,0.000000000000000000e+00
-4.485555303498285440e+01,-3.504499885524186453e+01,0.000000000000000000e+00
-4.452055218759370092e+01,-3.605203231053843638e+01,0.000000000000000000e+00
-4.415433010374857759e+01,-3.704988210493529976e+01,0.000000000000000000e+00
-4.375801502463179560e+01,-3.803826213407558754e+01,0.000000000000000000e+00
-4.333172125498754212e+01,-3.901605706437746335e+01,0.000000000000000000e+00
-4.287501229370410272e+01,-3.998159578221677179e+01,0.000000000000000000e+00
-4.238846868443491900e+01,-4.093406838981998419e+01,0.000000000000000000e+00
-4.187279559301969556e+01,-4.187279559301968135e+01,0.000000000000000000e+00
-4.132821046507489626e+01,-4.279661475130171056e+01,0.000000000000000000e+00
-4.075648037766848830e+01,-4.370597428774662774e+01,0.000000000000000000e+00
-4.015819755829872406e+01,-4.460019678122971243e+01,0.000000000000000000e+00
-3.953195105698612366e+01,-4.547630757176403904e+01,0.000000000000000000e+00
-3.887820115406755406e+01,-4.633323589896034633e+01,0.000000000000000000e+00
-3.819900977485362148e+01,-4.717184855342133432e+01,0.000000000000000000e+00
-3.749505242103320057e+01,-4.799147859494231483e+01,0.000000000000000000e+00
-3.676671804351703798e+01,-4.879108278762698347e+01,0.000000000000000000e+00
-3.601466079898164452e+01,-4.956992799562022611e+01,0.000000000000000000e+00
-3.523955765288261688e+01,-5.032730402043809903e+01,0.000000000000000000e+00
-3.444220528301610784e+01,-5.106266922210301118e+01,0.000000000000000000e+00
-3.362334925669924957e+01,-5.177541748649229447e+01,0.000000000000000000e+00
-3.278390603945736359e+01,-5.246521683178103501e+01,0.000000000000000000e+00
-3.192215990203899878e+01,-5.312739575727589170e+01,0.000000000000000000e+00
-3.104149859206527395e+01,-5.376545270453475212e+01,0.000000000000000000e+00
-3.014277378143520636e+01,-5.437900337805254480e+01,0.000000000000000000e+00
-2.922708407332135749e+01,-5.496815052159775661e+01,0.000000000000000000e+00
-2.829427317023462152e+01,-5.553063776953496244e+01,0.000000000000000000e+00
-2.734349549208147678e+01,-5.606247384962076552e+01,0.000000000000000000e+00
-2.637871241974255199e+01,-5.656933133826938587e+01,0.000000000000000000e+00
-2.540091241668054067e+01,-5.705138337858473108e+01,0.000000000000000000e+00
-2.440660989905327938e+01,-5.749836967242207919e+01,0.000000000000000000e+00
-2.340144258611888617e+01,-5.792060289587904975e+01,0.000000000000000000e+00
-2.238495838813371464e+01,-5.831481031055285058e+01,0.000000000000000000e+00
-2.135591146102277094e+01,-5.867488451103226765e+01,0.000000000000000000e+00
-2.031910539591382658e+01,-5.901096691545445339e+01,0.000000000000000000e+00
-1.927142823957250428e+01,-5.931135743078654343e+01,0.000000000000000000e+00
-1.821692802051430249e+01,-5.958488671663624103e+01,0.000000000000000000e+00
-1.715500059715264314e+01,-5.982659686660961285e+01,0.000000000000000000e+00
-1.608677538313964916e+01,-6.003666305982548579e+01,0.000000000000000000e+00
-1.501405509231268276e+01,-6.021808589930444100e+01,0.000000000000000000e+00
-1.393624446131953043e+01,-6.036450666233165663e+01,0.000000000000000000e+00
-1.285635042411827733e+01,-6.048437330331281458e+01,0.000000000000000000e+00
-1.177304399591063522e+01,-6.056706076935726912e+01,0.000000000000000000e+00
-1.068974932768742114e+01,-6.062458101838430480e+01,0.000000000000000000e+00
-9.604983625119288604e+00,-6.064347991152583006e+01,0.000000000000000000e+00
-8.522159949326431061e+00,-6.063831887275245691e+01,0.000000000000000000e+00
-7.439941407240924676e+00,-6.059346022440305291e+01,0.000000000000000000e+00
-6.361475060992536790e+00,-6.052539219673090543e+01,0.000000000000000000e+00
-5.285828503185364902e+00,-6.041729625483537092e+01,0.000000000000000000e+00
-4.215580322778341937e+00,-6.028560727441477241e+01,0.000000000000000000e+00
-3.150532866080522520e+00,-6.011574825686201962e+01,0.000000000000000000e+00
-2.092461957419122331e+00,-5.992027059751970341e+01,0.000000000000000000e+00
-1.041894313780936443e+00,-5.969008525981632118e+01,0.000000000000000000e+00
-1.091724055176538608e-14,-5.943068950909707127e+01,0.000000000000000000e+00
1.032330367185765763e+00,-5.914216712634159734e+01,0.000000000000000000e+00
2.054012765963453724e+00,-5.881922981247099358e+01,0.000000000000000000e+00
3.064423900084911168e+00,-5.847269130666124681e+01,0.000000000000000000e+00
4.062039215849561735e+00,-5.808986714754048108e+01,0.000000000000000000e+00
5.046391372429459565e+00,-5.768051732707250778e+01,0.000000000000000000e+00
6.016809230125901742e+00,-5.724611586694850018e+01,0.000000000000000000e+00
6.971183670066661620e+00,-5.677573482206213384e+01,0.000000000000000000e+00
7.909770033964439229e+00,-5.628093821069248293e+01,0.000000000000000000e+00
8.831722991490938313e+00,-5.576130441471638477e+01,0.000000000000000000e+00
9.735199822271482617e+00,-5.521106176239393193e+01,0.000000000000000000e+00
1.061958068641750508e+01,-5.463300646822982998e+01,0.000000000000000000e+00
1.148457181067577970e+01,-5.403066233497272464e+01,0.000000000000000000e+00
1.232926019178331600e+01,-5.340389306848150142e+01,0.000000000000000000e+00
1.315274718919285313e+01,-5.275278765003193371e+01,0.000000000000000000e+00
1.395411560545951701e+01,-5.207746841426476436e+01,0.000000000000000000e+00
1.473166442198636084e+01,-5.137541928705242356e+01,0.000000000000000000e+00
1.548557635260118914e+01,-5.065103796164169125e+01,0.000000000000000000e+00
1.621502775416364983e+01,-4.990472397382932712e+01,0.000000000000000000e+00
1.691929372159064826e+01,-4.913719686883587201e+01,0.000000000000000000e+00
1.759772743114264060e+01,-4.834935875078155476e+01,0.000000000000000000e+00
1.824957331060203103e+01,-4.754176386677719535e+01,0.000000000000000000e+00
1.887273627047082769e+01,-4.671166143103524604e+01,0.000000000000000000e+00
1.946772283413385196e+01,-4.586308089599535975e+01,0.000000000000000000e+00
2.003426460137254850e+01,-4.499769503281029159e+01,0.000000000000000000e+00
2.057249014378649576e+01,-4.411784748546480017e+01,0.000000000000000000e+00
2.108120855362403390e+01,-4.322288288262967626e+01,0.000000000000000000e+00
2.155689660629212412e+01,-4.230779174559726385e+01,0.000000000000000000e+00
2.200158430697935685e+01,-4.137896188568464595e+01,0.000000000000000000e+00
2.241618519758118566e+01,-4.043986858744483470e+01,0.000000000000000000e+00
2.279845966802901103e+01,-3.948809047933611538e+01,0.000000000000000000e+00
2.315089047615451534e+01,-3.852955201760797621e+01,0.000000000000000000e+00
2.347842038694147959e+01,-3.757332683256381500e+01,0.000000000000000000e+00
2.378303337956147701e+01,-3.662265983441949402e+01,0.000000000000000000e+00
2.406539440946577457e+01,-3.567841444333864587e+01,0.000000000000000000e+00
2.432581358497201052e+01,-3.474086218375803270e+01,0.000000000000000000e+00
2.456428826196745874e+01,-3.380984225301428836e+01,0.000000000000000000e+00
2.478085159137318172e+01,-3.288530077967570975e+01,0.000000000000000000e+00
2.497593604533971856e+01,-3.196774034742205117e+01,0.000000000000000000e+00
2.515013199117824527e+01,-3.105782648238724164e+01,0.000000000000000000e+00
2.530405322250084410e+01,-3.015619633511048292e+01,0.000000000000000000e+00
2.543824967356345468e+01,-2.926335875946757525e+01,0.000000000000000000e+00
2.555313741200262356e+01,-2.837963420292019379e+01,0.000000000000000000e+00
2.564912113516964709e+01,-2.750531494498867957e+01,0.000000000000000000e+00
2.572660731483888696e+01,-2.664068174550187962e+01,0.000000000000000000e+00
2.578600392677222430e+01,-2.578600392677223851e+01,0.000000000000000000e+00
2.582772018483280974e+01,-2.494153946135115518e+01,0.000000000000000000e+00
2.585216627975076165e+01,-2.410753506520692113e+01,0.000000000000000000e+00
2.585975312263901316e+01,-2.328422629616785500e+01,0.000000000000000000e+00
2.585089209335275484e+01,-2.247183765746990858e+01,0.000000000000000000e+00
2.582575200203072541e+01,-2.167037897977989758e+01,0.000000000000000000e+00
2.578413130757868998e+01,-2.087957784268074946e+01,0.000000000000000000e+00
2.572808347071782009e+01,-2.010098181323688493e+01,0.000000000000000000e+00
2.565830595480937149e+01,-1.933492037102324090e+01,0.000000000000000000e+00
2.557287615746984244e+01,-1.857978209181617046e+01,0.000000000000000000e+00
2.547540212696140571e+01,-1.783806860822206630e+01,0.000000000000000000e+00
2.536365201369762090e+01,-1.710799930146659520e+01,0.000000000000000000e+00
2.524024939376364429e+01,-1.639120961050896952e+01,0.000000000000000000e+00
2.510391736318287315e+01,-1.568666857311739804e+01,0.000000000000000000e+00
2.495587604650012992e+01,-1.499500312967514581e+01,0.000000000000000000e+00
2.479712353055554885e+01,-1.431662594549466583e+01,0.000000000000000000e+00
2.462626853951722339e+01,-1.365056355496095186e+01,0.000000000000000000e+00
2.444512662790027235e+01,-1.299770438621373359e+01,0.000000000000000000e+00
2.425421542560578558e+01,-1.235814001686650343e+01,0.000000000000000000e+00
2.405398715868766857e+01,-1.173191342223674027e+01,0.000000000000000000e+00
2.384455323712433028e+01,-1.111889777975563298e+01,0.000000000000000000e+00
2.362575901501949005e+01,-1.051886562567342231e+01,0.000000000000000000e+00
2.339940432731080122e+01,-9.932457851249486325e+00,0.000000000000000000e+00
2.316544652675631966e+01,-9.359447929991505433e+00,0.000000000000000000e+00
2.292344861007820711e+01,-8.799487480391627869e+00,0.000000000000000000e+00
2.267473983558388184e+01,-8.252930369882653494e+00,0.000000000000000000e+00
2.241969873624811171e+01,-7.719721356525637290e+00,0.000000000000000000e+00
2.215793335736296399e+01,-7.199548975623362601e+00,0.000000000000000000e+00
2.189070864182286513e+01,-6.692661270677500163e+00,0.000000000000000000e+00
2.161889013202458187e+01,-6.199116990584669473e+00,0.000000000000000000e+00
2.134116056403634332e+01,-5.718346738676459040e+00,0.000000000000000000e+00
2.105987966072287065e+01,-5.250817735925757290e+00,0.000000000000000000e+00
2.077380147938398736e+01,-4.796009970346935880e+00,0.000000000000000000e+00
2.048401268931852570e+01,-4.354011306446659901e+00,0.000000000000000000e+00
2.019074963837233128e+01,-3.924684156429087967e+00,0.000000000000000000e+00
1.989413557812356359e+01,-3.507872860295381034e+00,0.000000000000000000e+00
1.959442208426013465e+01,-3.103451575298280307e+00,0.000000000000000000e+00
1.929189169944320170e+01,-2.711298562427893355e+00,0.000000000000000000e+00
1.898733042792716930e+01,-2.331351029311392153e+00,0.000000000000000000e+00
1.868801560833922082e+01,-1.964189589147518289e+00,0.000000000000000000e+00
1.839840037117256699e+01,-1.609651459488754766e+00,0.000000000000000000e+00
1.811922865818067052e+01,-1.267019894942070346e+00,0.000000000000000000e+00
1.784921221822802906e+01,-9.354375743090664885e-01,0.000000000000000000e+00
1.758736185402668184e+01,-6.141642092724201030e-01,0.000000000000000000e+00
1.733327347758826065e+01,-3.025534139698557445e-01,0.000000000000000000e+00
1.708657825245932926e+01,-4.185004673051018071e-15,0.000000000000000000e+00
