2.096384251857555725e+01,0.000000000000000000e+00,0.000000000000000000e+00
2.058336541013748899e+01,3.592839796751778336e-01,0.000000000000000000e+00
2.020620231779050258e+01,7.056161334431807486e-01,0.000000000000000000e+00
1.983248433910884856e+01,1.039376461878388058e+00,0.000000000000000000e+00
1.946244678601368605e+01,1.360946856366157753e+00,0.000000000000000000e+00
1.909634855631265893e+01,1.670714013417002652e+00,0.000000000000000000e+00
1.873441981228726050e+01,1.969066867516590547e+00,0.000000000000000000e+00
1.837792023559819654e+01,2.256524866436529386e+00,0.000000000000000000e+00
1.803008373373582884e+01,2.533963017693243724e+00,0.000000000000000000e+00
1.769286327760447364e+01,2.802274247961925369e+00,0.000000000000000000e+00
1.736615934624300550e+01,3.062122444025119350e+00,0.000000000000000000e+00
1.704951219734955004e+01,3.314089451568106970e+00,0.000000000000000000e+00
1.674219955843133079e+01,3.558664372933526998e+00,0.000000000000000000e+00
1.644356468316498621e+01,3.796296034058494140e+00,0.000000000000000000e+00
1.615309792867059357e+01,4.027419646285757437e+00,0.000000000000000000e+00
1.587030770582148520e+01,4.252436133408290075e+00,0.000000000000000000e+00
1.559473816445506777e+01,4.471719210774272035e+00,0.000000000000000000e+00
1.532593936435322846e+01,4.685609885857821233e+00,0.000000000000000000e+00
1.506350940793690718e+01,4.894430901028386849e+00,0.000000000000000000e+00
1.480707453152010622e+01,5.098484633240506270e+00,0.000000000000000000e+00
1.455627277026152377e+01,5.298050010234828910e+00,0.000000000000000000e+00
1.431078276723078346e+01,5.493394817544501763e+00,0.000000000000000000e+00
1.407028635930628013e+01,5.684764694170405086e+00,0.000000000000000000e+00
1.383448856720347564e+01,5.872391991917573328e+00,0.000000000000000000e+00
1.360312127792569470e+01,6.056499802663431353e+00,0.000000000000000000e+00
1.337591590417962983e+01,6.237292020956203942e+00,0.000000000000000000e+00
1.315262806299716303e+01,6.414965331609598032e+00,0.000000000000000000e+00
1.293303029471191401e+01,6.589708074238153301e+00,0.000000000000000000e+00
1.271689402622841314e+01,6.761692495185164020e+00,0.000000000000000000e+00
1.250401096144638480e+01,6.931086455394371626e+00,0.000000000000000000e+00
1.229418647315486979e+01,7.098051869743419395e+00,0.000000000000000000e+00
1.208722417082052125e+01,7.262736997604108069e+00,0.000000000000000000e+00
1.188294180227835639e+01,7.425286142765931352e+00,0.000000000000000000e+00
1.168117158885543461e+01,7.585841527245747784e+00,0.000000000000000000e+00
1.148174397739138897e+01,7.744534100954730604e+00,0.000000000000000000e+00
1.128449506911460354e+01,7.901488512284345234e+00,0.000000000000000000e+00
1.108927560056953965e+01,8.056830328585959933e+00,0.000000000000000000e+00
1.089593602662197114e+01,8.210676722521931481e+00,0.000000000000000000e+00
1.070432727233497516e+01,8.363137039299173736e+00,0.000000000000000000e+00
1.051431668353378512e+01,8.514325770281539363e+00,0.000000000000000000e+00
1.032577687748626083e+01,8.664355569517606881e+00,0.000000000000000000e+00
1.013857783505360644e+01,8.813331252329650312e+00,0.000000000000000000e+00
9.952587725393794216e+00,8.961350239173613730e+00,0.000000000000000000e+00
9.767673530197090059e+00,9.108502923376297744e+00,0.000000000000000000e+00
9.583700459374423275e+00,9.254871954731278549e+00,0.000000000000000000e+00
9.400537178881311462e+00,9.400537178881309686e+00,0.000000000000000000e+00
9.218098196215708029e+00,9.545620117679533223e+00,0.000000000000000000e+00
9.036319248375152213e+00,9.690266015751271667e+00,0.000000000000000000e+00
8.855129714308311861e+00,9.834617881146666463e+00,0.000000000000000000e+00
8.674410891400828660e+00,9.978768240721347382e+00,0.000000000000000000e+00
8.493910774484904280e+00,1.012264868066705148e+01,0.000000000000000000e+00
8.313359874546092598e+00,1.026614447032956257e+01,0.000000000000000000e+00
8.132490692121798759e+00,1.040911341026939674e+01,0.000000000000000000e+00
7.950715066959209487e+00,1.055095525778759047e+01,0.000000000000000000e+00
7.767066578506951480e+00,1.069045001375286574e+01,0.000000000000000000e+00
7.580637627748970431e+00,1.082627251790396450e+01,0.000000000000000000e+00
7.390705235076274526e+00,1.095717111130686305e+01,0.000000000000000000e+00
7.197318986958928022e+00,1.108289934141552102e+01,0.000000000000000000e+00
7.000849194333810033e+00,1.120370069830161697e+01,0.000000000000000000e+00
6.801644256319511861e+00,1.131983698203981170e+01,0.000000000000000000e+00
6.599939131614243948e+00,1.143142990281788229e+01,0.000000000000000000e+00
6.395835496842345869e+00,1.153839267116372369e+01,0.000000000000000000e+00
6.189429765141647444e+00,1.164062436470422490e+01,0.000000000000000000e+00
5.980787001289638916e+00,1.173795539991969150e+01,0.000000000000000000e+00
5.769884015782563047e+00,1.183001536302596257e+01,0.000000000000000000e+00
5.556704564068115637e+00,1.191639139287112492e+01,0.000000000000000000e+00
5.341397559644733839e+00,1.199697534300430846e+01,0.000000000000000000e+00
5.124702707623610465e+00,1.207304299789847768e+01,0.000000000000000000e+00
4.907421926734864215e+00,1.214629549502833328e+01,0.000000000000000000e+00
4.690168588496211655e+00,1.221830690146184040e+01,0.000000000000000000e+00
4.473097658317930936e+00,1.228973481124385891e+01,0.000000000000000000e+00
4.256208547522401631e+00,1.236092716137136627e+01,0.000000000000000000e+00
4.039465226541077314e+00,1.243219562671737854e+01,0.000000000000000000e+00
3.822735888523872472e+00,1.250360569075160377e+01,0.000000000000000000e+00
3.605857460497215339e+00,1.257511939016949043e+01,0.000000000000000000e+00
3.388673332779518876e+00,1.264670104818692309e+01,0.000000000000000000e+00
3.171050076095237813e+00,1.271838718449017058e+01,0.000000000000000000e+00
2.952860964668578614e+00,1.279024602857739268e+01,0.000000000000000000e+00
2.733974783664707253e+00,1.286234008578381705e+01,0.000000000000000000e+00
2.514254862457453665e+00,1.293471994982836826e+01,0.000000000000000000e+00
2.293560338899223172e+00,1.300742705219539097e+01,0.000000000000000000e+00
2.071747466079261635e+00,1.308049870198211728e+01,0.000000000000000000e+00
1.848671810765621482e+00,1.315398342894689065e+01,0.000000000000000000e+00
1.624186001791669609e+00,1.322793346205832066e+01,0.000000000000000000e+00
1.398138210105065005e+00,1.330239648831401844e+01,0.000000000000000000e+00
1.170373147972869399e+00,1.337742629507734371e+01,0.000000000000000000e+00
9.407307614318978217e-01,1.345307665666007324e+01,0.000000000000000000e+00
7.090456688198768509e-01,1.352939732459370248e+01,0.000000000000000000e+00
4.751476228470059016e-01,1.360644767462207660e+01,0.000000000000000000e+00
2.388601109065235650e-01,1.368428658895360961e+01,0.000000000000000000e+00
8.427388774697869905e-16,1.376297032020227640e+01,0.000000000000000000e+00
-2.416228887636994171e-01,1.384256602638562050e+01,0.000000000000000000e+00
-4.862066742128601238e-01,1.392313747060349982e+01,0.000000000000000000e+00
-7.339578531987137611e-01,1.400475011991621166e+01,0.000000000000000000e+00
-9.850925634515208529e-01,1.408747998188901107e+01,0.000000000000000000e+00
-1.239836598288490910e+00,1.417139716531514360e+01,0.000000000000000000e+00
-1.498427078125720069e+00,1.425658132936394829e+01,0.000000000000000000e+00
-1.761113284230147791e+00,1.434311668567842446e+01,0.000000000000000000e+00
-2.028156650044981912e+00,1.443108441998226077e+01,0.000000000000000000e+00
-2.299834145975715671e+00,1.452058132265556445e+01,0.000000000000000000e+00
-2.576436803547650811e+00,1.461169920335376027e+01,0.000000000000000000e+00
-2.858273284491296362e+00,1.470454130447035013e+01,0.000000000000000000e+00
-3.145670585308800060e+00,1.479921655014449478e+01,0.000000000000000000e+00
-3.438974547630563094e+00,1.489583528533905010e+01,0.000000000000000000e+00
-3.738554814028529183e+00,1.499452436708426717e+01,0.000000000000000000e+00
-4.044802024383594485e+00,1.509540666155701594e+01,0.000000000000000000e+00
-4.358135975819939389e+00,1.519862635029715925e+01,0.000000000000000000e+00
-4.679001535394384348e+00,1.530432442393604120e+01,0.000000000000000000e+00
-5.007878098135309486e+00,1.541266397881156358e+01,0.000000000000000000e+00
-5.345275819779224946e+00,1.552380817998037799e+01,0.000000000000000000e+00
-5.691745927878158362e+00,1.563794341411803934e+01,0.000000000000000000e+00
-6.047877193733084411e+00,1.575525874200509335e+01,0.000000000000000000e+00
-6.414308022447481328e+00,1.587596946012243748e+01,0.000000000000000000e+00
-6.791722743904807125e+00,1.600029609424712973e+01,0.000000000000000000e+00
-7.180865501435013343e+00,1.612848798468317568e+01,0.000000000000000000e+00
-7.582538788186917067e+00,1.626080690629900971e+01,0.000000000000000000e+00
-7.997614862119580614e+00,1.639754047527544145e+01,0.000000000000000000e+00
-8.427043201840943354e+00,1.653900351827879689e+01,0.000000000000000000e+00
-8.871855134381521069e+00,1.668553274795005947e+01,0.000000000000000000e+00
-9.333179332785185522e+00,1.683750122485676215e+01,0.000000000000000000e+00
-9.812251551778725656e+00,1.699531822432732042e+01,0.000000000000000000e+00
-1.031042335938602683e+01,1.715942605137366428e+01,0.000000000000000000e+00
-1.082917922528879373e+01,1.733030943540367730e+01,0.000000000000000000e+00
-1.137017984870862541e+01,1.750854158129700266e+01,0.000000000000000000e+00
-1.193516953871186814e+01,1.769461651067642904e+01,0.000000000000000000e+00
-1.252633628390786846e+01,1.788946219564444462e+01,0.000000000000000000e+00
-1.314542904089622866e+01,1.809313086872629128e+01,0.000000000000000000e+00
-1.378716973208190666e+01,1.829619219776094496e+01,0.000000000000000000e+00
-1.443855999646472021e+01,1.848051404839274880e+01,0.000000000000000000e+00
-1.509778526971466128e+01,1.864421209954742764e+01,0.000000000000000000e+00
-1.576419749627668310e+01,1.878703900055238663e+01,0.000000000000000000e+00
-1.643724497529070661e+01,1.890888732132671635e+01,0.000000000000000000e+00
-1.711635685935449303e+01,1.900964013628159677e+01,0.000000000000000000e+00
-1.780097096390998956e+01,1.908920426975499041e+01,0.000000000000000000e+00
-1.849052425165119118e+01,1.914749838046448716e+01,0.000000000000000000e+00
-1.918445402895832430e+01,1.918445402895832785e+01,0.000000000000000000e+00
-1.988219621793338021e+01,1.920001370616991920e+01,0.000000000000000000e+00
-2.058318474577484025e+01,1.919413029619363087e+01,0.000000000000000000e+00
-2.128685082055294941e+01,1.916676656919067767e+01,0.000000000000000000e+00
-2.199262245679451411e+01,1.911789503149079295e+01,0.000000000000000000e+00
-2.269992414295645489e+01,1.904749797610699957e+01,0.000000000000000000e+00
-2.340817665641128897e+01,1.895556770256995094e+01,0.000000000000000000e+00
-2.411679710873410798e+01,1.884210693843272466e+01,0.000000000000000000e+00
-2.482519887997925778e+01,1.870712916061571462e+01,0.000000000000000000e+00
-2.553279265635078943e+01,1.855065972358181980e+01,0.000000000000000000e+00
-2.623898462475093041e+01,1.837273482921926870e+01,0.000000000000000000e+00
-2.694318319893152847e+01,1.817340653852509647e+01,0.000000000000000000e+00
-2.764450580969920424e+01,1.795255198301136801e+01,0.000000000000000000e+00
-2.834174177823737750e+01,1.770988581694870589e+01,0.000000000000000000e+00
-2.903534058037658383e+01,1.744619271480112843e+01,0.000000000000000000e+00
-2.972469503623694820e+01,1.716156068075093089e+01,0.000000000000000000e+00
-3.040925434135201755e+01,1.685612492934083662e+01,0.000000000000000000e+00
-3.108844832573591432e+01,1.653002119051429020e+01,0.000000000000000000e+00
-3.176172310636989593e+01,1.618340624249071169e+01,0.000000000000000000e+00
-3.242853128729689161e+01,1.581645150814233602e+01,0.000000000000000000e+00
-3.308833781800415608e+01,1.542934532015499549e+01,0.000000000000000000e+00
-3.374062072128490541e+01,1.502229220523164344e+01,0.000000000000000000e+00
-3.438487504560998076e+01,1.459551351537552044e+01,0.000000000000000000e+00
-3.502061081727189418e+01,1.414924521494423892e+01,0.000000000000000000e+00
-3.564736744738102203e+01,1.368374230674180581e+01,0.000000000000000000e+00
-3.626469166348746143e+01,1.319926832035113407e+01,0.000000000000000000e+00
-3.687110266529732172e+01,1.269573878010003831e+01,0.000000000000000000e+00
-3.747443167057539881e+01,1.217618095490416685e+01,0.000000000000000000e+00
-3.809069169134884447e+01,1.164549312802780712e+01,0.000000000000000000e+00
-3.872068357674860550e+01,1.110297734905951827e+01,0.000000000000000000e+00
-3.936527110357911852e+01,1.054789260203624757e+01,0.000000000000000000e+00
-4.002537424806774879e+01,9.979446624321605341e+00,0.000000000000000000e+00
-4.070197723083200714e+01,9.396791858516051477e+00,0.000000000000000000e+00
-4.139613473407661814e+01,8.799020065504301158e+00,0.000000000000000000e+00
-4.210897887041678445e+01,8.185156330305277450e+00,0.000000000000000000e+00
-4.284172695864275227e+01,7.554152362953921340e+00,0.000000000000000000e+00
-4.359569023228543472e+01,6.904878998002387469e+00,0.000000000000000000e+00
-4.437228361493863815e+01,6.236117776894718467e+00,0.000000000000000000e+00
-4.517303672124943148e+01,5.546551478469399221e+00,0.000000000000000000e+00
-4.599960625236378320e+01,4.834753437676938326e+00,0.000000000000000000e+00
-4.685379002547654181e+01,4.099175470453213066e+00,0.000000000000000000e+00
-4.773754286585364071e+01,3.338134182625825286e+00,0.000000000000000000e+00
-4.865299468640404257e+01,2.549795406984038060e+00,0.000000000000000000e+00
-4.960247108708747277e+01,1.732156459053271425e+00,0.000000000000000000e+00
-5.058851691728665401e+01,8.830258474134686786e-01,0.000000000000000000e+00
-5.161392151526127492e+01,6.320882377510742943e-15,0.000000000000000000e+00
-5.159880221334785233e+01,-9.006604428522503314e-01,0.000000000000000000e+00
-5.197385900495913802e+01,-1.814967149908771393e+00,0.000000000000000000e+00
-5.232050291374024198e+01,-2.742001368680998752e+00,0.000000000000000000e+00
-5.264399872778123068e+01,-3.681226998991958155e+00,0.000000000000000000e+00
-5.294394968206205476e+01,-4.631995399467366603e+00,0.000000000000000000e+00
-5.321479334050491872e+01,-5.593100158874784178e+00,0.000000000000000000e+00
-5.346783629211890343e+01,-6.565024801556195833e+00,0.000000000000000000e+00
-5.368922684549651336e+01,-7.545528755392128417e+00,0.000000000000000000e+00
-5.388847865440084206e+01,-8.535096531617989868e+00,0.000000000000000000e+00
-5.406237515497441137e+01,-9.532655381004975226e+00,0.000000000000000000e+00
-5.421067480534718896e+01,-1.053748772722770788e+01,0.000000000000000000e+00
-5.433357248154679553e+01,-1.154895734992652834e+01,0.000000000000000000e+00
-5.443105491872746171e+01,-1.256639919014279272e+01,0.000000000000000000e+00
-5.450241273499229777e+01,-1.358897771735035498e+01,0.000000000000000000e+00
-5.454735055141809852e+01,-1.461591852950983572e+01,0.000000000000000000e+00
-5.456577689494504568e+01,-1.564648474497005282e+01,0.000000000000000000e+00
-5.455762068510952645e+01,-1.667993855082164245e+01,0.000000000000000000e+00
-5.452288906902987975e+01,-1.771556055404962748e+01,0.000000000000000000e+00
-5.446177093401340841e+01,-1.875269160123730572e+01,0.000000000000000000e+00
-5.437425306127730806e+01,-1.979060962476286534e+01,0.000000000000000000e+00
-5.426027331120098296e+01,-2.082856745536210497e+01,0.000000000000000000e+00
-5.411979048913684665e+01,-2.186581469431537172e+01,0.000000000000000000e+00
-5.395278447943668709e+01,-2.290159827590528963e+01,0.000000000000000000e+00
-5.375925636504195637e+01,-2.393516303457218442e+01,0.000000000000000000e+00
-5.353922853341273935e+01,-2.496575227684096276e+01,0.000000000000000000e+00
-5.329279860066101548e+01,-2.599263461341952208e+01,0.000000000000000000e+00
-5.302028102917284968e+01,-2.701518252371022299e+01,0.000000000000000000e+00
-5.272204779184998102e+01,-2.803281006743388204e+01,0.000000000000000000e+00
-5.239846148309185025e+01,-2.904494148227708905e+01,0.000000000000000000e+00
-5.204971223387362755e+01,-3.005091536946950370e+01,0.000000000000000000e+00
-5.167590647743856636e+01,-3.105001715484405267e+01,0.000000000000000000e+00
-5.127707217927822825e+01,-3.204147086047338178e+01,0.000000000000000000e+00
-5.085302249297954091e+01,-3.302433894398470926e+01,0.000000000000000000e+00
-5.040364784944544141e+01,-3.399768975437739016e+01,0.000000000000000000e+00
-4.992918512765059802e+01,-3.496079180304908363e+01,0.000000000000000000e+00
-4.943018034740991595e+01,-3.591312818936810913e+01,0.000000000000000000e+00
-4.890783394476463997e+01,-3.685469635083231310e+01,0.000000000000000000e+00
-4.836272460115052496e+01,-3.778510158958172127e+01,0.000000000000000000e+00
-4.779441424665632354e+01,-3.870315353285027982e+01,0.000000000000000000e+00
-4.720317739309580674e+01,-3.960816874094241058e+01,0.000000000000000000e+00
-4.658929968497979957e+01,-4.049946034029863284e+01,0.000000000000000000e+00
-4.595252193789907835e+01,-4.137583659856954910e+01,0.000000000000000000e+00
-4.529475933049251779e+01,-4.223804639865888078e+01,0.000000000000000000e+00
-4.461667740092927659e+01,-4.308582453526587130e+01,0.000000000000000000e+00
-4.391688210506914913e+01,-4.391688210506913492e+01,0.000000000000000000e+00
-4.319550938580194099e+01,-4.473025938862298290e+01,0.000000000000000000e+00
-4.245446197794103682e+01,-4.552683662607654469e+01,0.000000000000000000e+00
-4.169442105746381344e+01,-4.630634582497715712e+01,0.000000000000000000e+00
-4.091550720972342248e+01,-4.706790685948926978e+01,0.000000000000000000e+00
-4.011815978878367872e+01,-4.781096105655150552e+01,0.000000000000000000e+00
-3.930278205866187591e+01,-4.853489380815833698e+01,0.000000000000000000e+00
-3.846984601838833839e+01,-4.923915750299241978e+01,0.000000000000000000e+00
-3.761985832428796783e+01,-4.992323817933982610e+01,0.000000000000000000e+00
-3.675336296875111941e+01,-5.058666430670376002e+01,0.000000000000000000e+00
-3.587093486206534010e+01,-5.122900412323480879e+01,0.000000000000000000e+00
-3.497317563559946763e+01,-5.184986514228054233e+01,0.000000000000000000e+00
-3.406070922992373085e+01,-5.244889278583554670e+01,0.000000000000000000e+00
-3.313417728731347012e+01,-5.302576800425546821e+01,0.000000000000000000e+00
-3.219423720571217018e+01,-5.358020843139239986e+01,0.000000000000000000e+00
-3.124155060900541514e+01,-5.411195296203171523e+01,0.000000000000000000e+00
-3.027681023885661205e+01,-5.462081154818816486e+01,0.000000000000000000e+00
-2.930063932626827139e+01,-5.510648783248026916e+01,0.000000000000000000e+00
-2.831374134117552899e+01,-5.556884620634655647e+01,0.000000000000000000e+00
-2.731496142264242977e+01,-5.600397033743399788e+01,0.000000000000000000e+00
-2.630690362656231329e+01,-5.641533688434092397e+01,0.000000000000000000e+00
-2.529017629284429702e+01,-5.680266597224891711e+01,0.000000000000000000e+00
-2.426547824989403424e+01,-5.716588434285765885e+01,0.000000000000000000e+00
-2.323360346950697775e+01,-5.750518650486390726e+01,0.000000000000000000e+00
-2.219368583073584134e+01,-5.781652826289963087e+01,0.000000000000000000e+00
-2.114731635718963076e+01,-5.810177417344193174e+01,0.000000000000000000e+00
-2.009585375238606275e+01,-5.836259706386211121e+01,0.000000000000000000e+00
-1.903996704298291931e+01,-5.859899311654788789e+01,0.000000000000000000e+00
-1.797970895894992438e+01,-5.880897812796403912e+01,0.000000000000000000e+00
-1.691509319560137214e+01,-5.898994032925536857e+01,0.000000000000000000e+00
-1.584825453850128696e+01,-5.914649114897089532e+01,0.000000000000000000e+00
-1.477976445844570108e+01,-5.927839749208472853e+01,0.000000000000000000e+00
-1.370979864340122489e+01,-5.938366206518598034e+01,0.000000000000000000e+00
-1.263850674742211133e+01,-5.945949938276853430e+01,0.000000000000000000e+00
-1.156775110918151661e+01,-5.951092042448484420e+01,0.000000000000000000e+00
-1.049811370396139054e+01,-5.953776138955577579e+01,0.000000000000000000e+00
-9.429771149668844998e+00,-5.953723187926062366e+01,0.000000000000000000e+00
-8.363298684101822644e+00,-5.950796223611363445e+01,0.000000000000000000e+00
-7.300078550860242821e+00,-5.945436866963272138e+01,0.000000000000000000e+00
-6.240702964869925928e+00,-5.937632245831999001e+01,0.000000000000000000e+00
-5.185563866066853045e+00,-5.927126620845339744e+01,0.000000000000000000e+00
-4.135313392030067092e+00,-5.913773668633309200e+01,0.000000000000000000e+00
-3.091021178507820544e+00,-5.898019761176993114e+01,0.000000000000000000e+00
-2.053278157641100776e+00,-5.879819338248922378e+01,0.000000000000000000e+00
-1.022731287520159515e+00,-5.859223622060717673e+01,0.000000000000000000e+00
-1.071990834978069172e-14,-5.835646303486201703e+01,0.000000000000000000e+00
1.014086258611637925e+00,-5.809696284614238948e+01,0.000000000000000000e+00
2.018894412295177077e+00,-5.781357174194722148e+01,0.000000000000000000e+00
3.013789004144004746e+00,-5.750651993604391521e+01,0.000000000000000000e+00
3.998136363593766340e+00,-5.717601378457838734e+01,0.000000000000000000e+00
4.971106790834215694e+00,-5.682001062184735218e+01,0.000000000000000000e+00
5.931967847390994031e+00,-5.643890403080840201e+01,0.000000000000000000e+00
6.880249416038806132e+00,-5.603513475508984243e+01,0.000000000000000000e+00
7.815302142513249173e+00,-5.560876423612319996e+01,0.000000000000000000e+00
8.736498213142374070e+00,-5.516007882618354330e+01,0.000000000000000000e+00
9.643202754144381217e+00,-5.468932046246656853e+01,0.000000000000000000e+00
1.053478763797141404e+01,-5.419678405032012591e+01,0.000000000000000000e+00
1.141063030818447821e+01,-5.368279491601207098e+01,0.000000000000000000e+00
1.227011779033699135e+01,-5.314771918346951196e+01,0.000000000000000000e+00
1.311264983767074987e+01,-5.259196595706179522e+01,0.000000000000000000e+00
1.393764286026645571e+01,-5.201599129226411833e+01,0.000000000000000000e+00
1.474453435146913627e+01,-5.142030206502187184e+01,0.000000000000000000e+00
1.553278713712079195e+01,-5.080545747980832516e+01,0.000000000000000000e+00
1.630189649248187322e+01,-5.017207845964650659e+01,0.000000000000000000e+00
1.705138778228552709e+01,-4.952082587678231107e+01,0.000000000000000000e+00
1.778084844603726822e+01,-4.885247960423216540e+01,0.000000000000000000e+00
1.848985818492391076e+01,-4.816772736528444909e+01,0.000000000000000000e+00
1.917756065286442180e+01,-4.746612825249837897e+01,0.000000000000000000e+00
1.984262267072868013e+01,-4.674628956298423077e+01,0.000000000000000000e+00
2.048563677272121808e+01,-4.601149352837640549e+01,0.000000000000000000e+00
2.110727891670997280e+01,-4.526470571001001275e+01,0.000000000000000000e+00
2.170622472876815579e+01,-4.450435594757687596e+01,0.000000000000000000e+00
2.227978871298501673e+01,-4.372654738853947975e+01,0.000000000000000000e+00
2.283042552648537082e+01,-4.293778550277954764e+01,0.000000000000000000e+00
2.335827864925237307e+01,-4.213945016418814760e+01,0.000000000000000000e+00
2.386042192014399532e+01,-4.132746305571953371e+01,0.000000000000000000e+00
2.433952099319645868e+01,-4.050776539921657360e+01,0.000000000000000000e+00
2.479848231340863762e+01,-3.968586751396166079e+01,0.000000000000000000e+00
2.523690368405078033e+01,-3.886142377823301075e+01,0.000000000000000000e+00
2.565445432125664382e+01,-3.803429264518808850e+01,0.000000000000000000e+00
2.605135339642596648e+01,-3.720518842604015930e+01,0.000000000000000000e+00
2.642774128869923800e+01,-3.637466530865520298e+01,0.000000000000000000e+00
2.678363114664109546e+01,-3.554307901734122055e+01,0.000000000000000000e+00
2.711905252973870262e+01,-3.471080435844357481e+01,0.000000000000000000e+00
2.743407449394378617e+01,-3.387826058474195179e+01,0.000000000000000000e+00
2.772878224345365084e+01,-3.304587585689842655e+01,0.000000000000000000e+00
2.800331032228882933e+01,-3.221412349236707229e+01,0.000000000000000000e+00
2.825782328489275486e+01,-3.138349218203370583e+01,0.000000000000000000e+00
2.849249289922446948e+01,-3.055445785572876005e+01,0.000000000000000000e+00
2.870746519966328592e+01,-2.972745044633917999e+01,0.000000000000000000e+00
2.890287869703569257e+01,-2.890287869703570678e+01,0.000000000000000000e+00
2.907887939140893607e+01,-2.808114741225239186e+01,0.000000000000000000e+00
2.923562244001205812e+01,-2.726265897793598825e+01,0.000000000000000000e+00
2.937328012009914247e+01,-2.644782021443060671e+01,0.000000000000000000e+00
2.949203611274932157e+01,-2.563703586401021539e+01,0.000000000000000000e+00
2.959208218516855737e+01,-2.483070524734270990e+01,0.000000000000000000e+00
2.967361805224958715e+01,-2.402922210583886908e+01,0.000000000000000000e+00
2.973685123857489998e+01,-2.323297445026704011e+01,0.000000000000000000e+00
2.978199693763857425e+01,-2.244234441250656076e+01,0.000000000000000000e+00
2.980927786835507476e+01,-2.165770810048896067e+01,0.000000000000000000e+00
2.981892412892302602e+01,-2.087943545637532949e+01,0.000000000000000000e+00
2.981117304811390056e+01,-2.010789011801621839e+01,0.000000000000000000e+00
2.978626784604119493e+01,-1.934342851223400572e+01,0.000000000000000000e+00
2.974445512399259428e+01,-1.858639839622533430e+01,0.000000000000000000e+00
2.968599215077313858e+01,-1.783714362016085886e+01,0.000000000000000000e+00
2.961114413243677390e+01,-1.709600203587519829e+01,0.000000000000000000e+00
2.952018276555227771e+01,-1.636330450748565113e+01,0.000000000000000000e+00
2.941338607261817728e+01,-1.563937479191146451e+01,0.000000000000000000e+00
2.929103823535898599e+01,-1.492452942302979757e+01,0.000000000000000000e+00
2.915342942598011433e+01,-1.421907759950545014e+01,0.000000000000000000e+00
2.900085565455749759e+01,-1.352332108476784889e+01,0.000000000000000000e+00
2.883362911214299018e+01,-1.283755878227335678e+01,0.000000000000000000e+00
2.865209617880020332e+01,-1.216209325951613884e+01,0.000000000000000000e+00
2.845661437669513205e+01,-1.149721850666260714e+01,0.000000000000000000e+00
2.824754700007369834e+01,-1.084321737130086305e+01,0.000000000000000000e+00
2.802522936977154089e+01,-1.020034929907979837e+01,0.000000000000000000e+00
2.778994527966015582e+01,-9.568845531595780329e+00,0.000000000000000000e+00
2.754197650192621438e+01,-8.948930638659717829e+00,0.000000000000000000e+00
2.728161215367141423e+01,-8.340825875032845005e+00,0.000000000000000000e+00
2.700915186355683417e+01,-7.744749670133823649e+00,0.000000000000000000e+00
2.672491325278074825e+01,-7.160918923874407760e+00,0.000000000000000000e+00
2.642936234085729552e+01,-6.589580128864723996e+00,0.000000000000000000e+00
2.612305236335599190e+01,-6.030981845806373975e+00,0.000000000000000000e+00
2.580635259340044385e+01,-5.485309576497471085e+00,0.000000000000000000e+00
2.547936738250459499e+01,-4.952687308444740921e+00,0.000000000000000000e+00
2.514227626353245881e+01,-4.433261661686785260e+00,0.000000000000000000e+00
2.479545926170234083e+01,-3.927214937754571977e+00,0.000000000000000000e+00
2.443934255858956561e+01,-3.434725602761867780e+00,0.000000000000000000e+00
2.407439404624191326e+01,-2.955963901971307539e+00,0.000000000000000000e+00
2.370109253457189880e+01,-2.491085205807211267e+00,0.000000000000000000e+00
2.331993235985256874e+01,-2.040229715678451683e+00,0.000000000000000000e+00
2.293159541035439020e+01,-1.603533359824525828e+00,0.000000000000000000e+00
2.253720908892209707e+01,-1.181125079587991511e+00,0.000000000000000000e+00
2.214012516086479820e+01,-7.731502072610004772e-01,0.000000000000000000e+00
2.174414522783427728e+01,-3.795454667604409305e-01,0.000000000000000000e+00
2.135076502593135572e+01,-5.229429209670818206e-15,0.000000000000000000e+00
