3.049580105567072508e+01,0.000000000000000000e+00,0.000000000000000000e+00
3.013974352256492040e+01,5.260911801061960436e-01,0.000000000000000000e+00
2.977920074798797856e+01,1.039912604968969756e+00,0.000000000000000000e+00
2.941617670324259137e+01,1.541636496014476609e+00,0.000000000000000000e+00
2.905053027106255215e+01,2.031410967123847833e+00,0.000000000000000000e+00
2.868232406820752800e+01,2.509378199544920029e+00,0.000000000000000000e+00
2.831203596656862587e+01,2.975714889080522507e+00,0.000000000000000000e+00
2.793993163489832199e+01,3.430592237448163662e+00,0.000000000000000000e+00
2.756611041785625105e+01,3.874164167623805888e+00,0.000000000000000000e+00
2.719060614973196266e+01,4.306568937110190731e+00,0.000000000000000000e+00
2.681357920084743540e+01,4.727957462472723194e+00,0.000000000000000000e+00
2.643567216606689030e+01,5.138574127903461353e+00,0.000000000000000000e+00
2.605737675411883814e+01,5.538666408995861268e+00,0.000000000000000000e+00
2.567878514259489009e+01,5.928414676172867992e+00,0.000000000000000000e+00
2.530013102719664886e+01,6.308031140681730875e+00,0.000000000000000000e+00
2.492174241660486445e+01,6.677760754505729146e+00,0.000000000000000000e+00
2.454340663502973641e+01,7.037708603396888307e+00,0.000000000000000000e+00
2.416488061714846580e+01,7.387945418447975143e+00,0.000000000000000000e+00
2.378682757616284249e+01,7.728808790391349604e+00,0.000000000000000000e+00
2.340983857001156210e+01,8.060653842308431294e+00,0.000000000000000000e+00
2.303393415774128528e+01,8.383666411465375390e+00,0.000000000000000000e+00
2.265918594234299022e+01,8.698046546445549865e+00,0.000000000000000000e+00
2.228578368603628945e+01,9.004041072447950711e+00,0.000000000000000000e+00
2.191380410022032166e+01,9.301857967894303414e+00,0.000000000000000000e+00
2.154325981876004903e+01,9.591677246366749898e+00,0.000000000000000000e+00
2.117422011678991467e+01,9.873700995918767376e+00,0.000000000000000000e+00
2.080680893232988282e+01,1.014815878036054109e+01,0.000000000000000000e+00
2.044126603327450198e+01,1.041534526383939152e+01,0.000000000000000000e+00
2.007777427704155215e+01,1.067554194987322269e+01,0.000000000000000000e+00
1.971637561142416573e+01,1.092896546325503770e+01,0.000000000000000000e+00
1.935711487804136510e+01,1.117583548557168882e+01,0.000000000000000000e+00
1.900005972479849348e+01,1.141638764780303994e+01,0.000000000000000000e+00
1.864526474885049012e+01,1.165085449979203425e+01,0.000000000000000000e+00
1.829277093185342906e+01,1.187946434376831739e+01,0.000000000000000000e+00
1.794261415369202339e+01,1.210244606108273935e+01,0.000000000000000000e+00
1.759482406737903659e+01,1.232002844545242937e+01,0.000000000000000000e+00
1.724942242894741895e+01,1.253243897815983132e+01,0.000000000000000000e+00
1.690642296094776142e+01,1.273990349497305985e+01,0.000000000000000000e+00
1.656583203722727760e+01,1.294264646181016509e+01,0.000000000000000000e+00
1.622764817010553884e+01,1.314089038445763968e+01,0.000000000000000000e+00
1.589186210409092936e+01,1.333485563026289178e+01,0.000000000000000000e+00
1.555845658887867877e+01,1.352475997360172322e+01,0.000000000000000000e+00
1.522740651281184476e+01,1.371081840830305332e+01,0.000000000000000000e+00
1.489867882000143595e+01,1.389324276317099738e+01,0.000000000000000000e+00
1.457223253249162553e+01,1.407224138050562345e+01,0.000000000000000000e+00
1.424801885937987223e+01,1.424801885937987045e+01,0.000000000000000000e+00
1.392598120219601121e+01,1.442077568415160549e+01,0.000000000000000000e+00
1.360605536968772356e+01,1.459070804531642906e+01,0.000000000000000000e+00
1.328816953324689720e+01,1.475800738279599855e+01,0.000000000000000000e+00
1.297224455598772508e+01,1.492286030795301244e+01,0.000000000000000000e+00
1.265819424081021261e+01,1.508544846224090819e+01,0.000000000000000000e+00
1.234592550331531058e+01,1.524594829883765179e+01,0.000000000000000000e+00
1.203533799367367507e+01,1.540453015561805827e+01,0.000000000000000000e+00
1.172632443828710791e+01,1.556135812246977146e+01,0.000000000000000000e+00
1.141877271880309941e+01,1.571659232413005469e+01,0.000000000000000000e+00
1.111256636949844356e+01,1.587038951038865697e+01,0.000000000000000000e+00
1.080757957777931644e+01,1.602289564611101724e+01,0.000000000000000000e+00
1.050367376524715723e+01,1.617423922244249823e+01,0.000000000000000000e+00
1.020070823008095928e+01,1.632454560127177956e+01,0.000000000000000000e+00
9.898550135133051597e+00,1.647395389491988738e+01,0.000000000000000000e+00
9.597062696809905091e+00,1.662260019429873736e+01,0.000000000000000000e+00
9.296095833406415210e+00,1.677060082104487648e+01,0.000000000000000000e+00
8.995491697705039869e+00,1.691805930467707242e+01,0.000000000000000000e+00
8.695090135161477107e+00,1.706507524558211131e+01,0.000000000000000000e+00
8.394728292471016928e+00,1.721174366706772929e+01,0.000000000000000000e+00
8.094238710380658119e+00,1.735815093066768711e+01,0.000000000000000000e+00
7.793449356421483287e+00,1.750437385008279989e+01,0.000000000000000000e+00
7.492184615788582747e+00,1.765048085229386032e+01,0.000000000000000000e+00
7.190265290171774737e+00,1.779653109227967178e+01,0.000000000000000000e+00
6.887510028447559662e+00,1.794257705807762449e+01,0.000000000000000000e+00
6.583737830393493695e+00,1.808867102461528376e+01,0.000000000000000000e+00
6.278765601568423449e+00,1.823485935845178929e+01,0.000000000000000000e+00
5.972405894147073901e+00,1.838117529774489611e+01,0.000000000000000000e+00
5.664468326339878956e+00,1.852764105752926937e+01,0.000000000000000000e+00
5.354761243453831199e+00,1.867427170374039846e+01,0.000000000000000000e+00
5.043091861294819900e+00,1.882107505358936805e+01,0.000000000000000000e+00
4.729266070020469392e+00,1.896805018325609637e+01,0.000000000000000000e+00
4.413088680585744328e+00,1.911518715103365196e+01,0.000000000000000000e+00
4.094363796773955677e+00,1.926246719746126601e+01,0.000000000000000000e+00
3.772895057840474742e+00,1.940986242164774112e+01,0.000000000000000000e+00
3.448486108391369598e+00,1.955733657172418916e+01,0.000000000000000000e+00
3.120940915681759797e+00,1.970484543359702201e+01,0.000000000000000000e+00
2.790063708949889865e+00,1.985233483818502975e+01,0.000000000000000000e+00
2.455658995857569860e+00,1.999973757123627394e+01,0.000000000000000000e+00
2.117533217060374451e+00,2.014698277103482482e+01,0.000000000000000000e+00
1.775495675370828641e+00,2.029400843281515421e+01,0.000000000000000000e+00
1.429354716374898748e+00,2.044072476133457883e+01,0.000000000000000000e+00
1.078917442657241432e+00,2.058697119811693099e+01,0.000000000000000000e+00
7.240010733997697123e-01,2.073267811497851199e+01,0.000000000000000000e+00
3.644267541712772895e-01,2.087799476369456997e+01,0.000000000000000000e+00
1.287223989976435454e-15,2.102196308148032244e+01,0.000000000000000000e+00
-3.693818583592149984e-01,2.116187249249808744e+01,0.000000000000000000e+00
-7.436753453644902034e-01,2.129607555011729048e+01,0.000000000000000000e+00
-1.122792252113735456e+00,2.142415243450437501e+01,0.000000000000000000e+00
-1.506609513226273567e+00,2.154551982783614150e+01,0.000000000000000000e+00
-1.894972417174232149e+00,2.165963384059154606e+01,0.000000000000000000e+00
-2.287772651117218725e+00,2.176670279113221440e+01,0.000000000000000000e+00
-2.684939271018407680e+00,2.186707556124749985e+01,0.000000000000000000e+00
-3.086405579096642260e+00,2.196091680850196326e+01,0.000000000000000000e+00
-3.492013880552535365e+00,2.204770792760485421e+01,0.000000000000000000e+00
-3.901515110574031553e+00,2.212659171556228799e+01,0.000000000000000000e+00
-4.314825579004290645e+00,2.219785326067794173e+01,0.000000000000000000e+00
-4.731923439736933190e+00,2.226194949033323667e+01,0.000000000000000000e+00
-5.152724349476001997e+00,2.231890120659182131e+01,0.000000000000000000e+00
-5.576934607840809299e+00,2.236786299270411504e+01,0.000000000000000000e+00
-6.004271868352625496e+00,2.240824767514849825e+01,0.000000000000000000e+00
-6.435017335880115930e+00,2.244157240351497151e+01,0.000000000000000000e+00
-6.868920975150181185e+00,2.246722815773061299e+01,0.000000000000000000e+00
-7.305282071709068958e+00,2.248334636652053931e+01,0.000000000000000000e+00
-7.744570199532042842e+00,2.249186501640497937e+01,0.000000000000000000e+00
-8.186724550165431324e+00,2.249284084087432589e+01,0.000000000000000000e+00
-8.630854034859016366e+00,2.248414346517960283e+01,0.000000000000000000e+00
-9.077461104317093188e+00,2.246750464169300798e+01,0.000000000000000000e+00
-9.526487583820101079e+00,2.244299831233319154e+01,0.000000000000000000e+00
-9.976914705156399776e+00,2.240851731788701073e+01,0.000000000000000000e+00
-1.042943491081723018e+01,2.236599534325154792e+01,0.000000000000000000e+00
-1.088392642798048726e+01,2.231535616675481393e+01,0.000000000000000000e+00
-1.133917040947374133e+01,2.225437496934631199e+01,0.000000000000000000e+00
-1.179601190794189591e+01,2.218507178080679410e+01,0.000000000000000000e+00
-1.225433087445267510e+01,2.210739810640965786e+01,0.000000000000000000e+00
-1.271302491051930694e+01,2.201960506290823005e+01,0.000000000000000000e+00
-1.317272369298811086e+01,2.192309376891265416e+01,0.000000000000000000e+00
-1.363326489760944682e+01,2.181778455920770909e+01,0.000000000000000000e+00
-1.409391947532150624e+01,2.170273280287159068e+01,0.000000000000000000e+00
-1.455484454966373775e+01,2.157844443210185759e+01,0.000000000000000000e+00
-1.501602013709617012e+01,2.144509922799334589e+01,0.000000000000000000e+00
-1.547708495094465242e+01,2.130237990807670911e+01,0.000000000000000000e+00
-1.593752333445810265e+01,2.114980781044706504e+01,0.000000000000000000e+00
-1.639774554283528829e+01,2.098815719438337979e+01,0.000000000000000000e+00
-1.685757944927746976e+01,2.081737692797647554e+01,0.000000000000000000e+00
-1.731578720120090154e+01,2.063615160562801165e+01,0.000000000000000000e+00
-1.777342693649664085e+01,2.044598883579662996e+01,0.000000000000000000e+00
-1.823030348390477329e+01,2.024680319835887587e+01,0.000000000000000000e+00
-1.868458346700848693e+01,2.003676266986440879e+01,0.000000000000000000e+00
-1.913778852581026868e+01,1.981776015738986629e+01,0.000000000000000000e+00
-1.958973364396306849e+01,1.958973364396307204e+01,0.000000000000000000e+00
-2.003855832390544478e+01,1.935101083671233724e+01,0.000000000000000000e+00
-2.048577077633151333e+01,1.910329030008717766e+01,0.000000000000000000e+00
-2.093103623333273333e+01,1.884638967583743252e+01,0.000000000000000000e+00
-2.137259377079786660e+01,1.857891231768828177e+01,0.000000000000000000e+00
-2.181204597190857797e+01,1.830247973025037211e+01,0.000000000000000000e+00
-2.224904366022807523e+01,1.801692030991129201e+01,0.000000000000000000e+00
-2.268155376428750714e+01,1.772077194287716395e+01,0.000000000000000000e+00
-2.311101263947625029e+01,1.741539717645418861e+01,0.000000000000000000e+00
-2.353770063858865669e+01,1.710114052539360330e+01,0.000000000000000000e+00
-2.395989019661699970e+01,1.677689573034814075e+01,0.000000000000000000e+00
-2.437777600537246414e+01,1.644301753730067617e+01,0.000000000000000000e+00
-2.479190647988218288e+01,1.610005231787806323e+01,0.000000000000000000e+00
-2.520213762131314539e+01,1.574804340215962739e+01,0.000000000000000000e+00
-2.560761621774752328e+01,1.538660813241597936e+01,0.000000000000000000e+00
-2.600749662710865096e+01,1.501543517860946153e+01,0.000000000000000000e+00
-2.640236653025351643e+01,1.463507074749316672e+01,0.000000000000000000e+00
-2.679258983380036696e+01,1.424587271326910454e+01,0.000000000000000000e+00
-2.717774545431628042e+01,1.384775296885567641e+01,0.000000000000000000e+00
-2.755731941024290066e+01,1.344060272989402272e+01,0.000000000000000000e+00
-2.793083240742560491e+01,1.302436105022637847e+01,0.000000000000000000e+00
-2.829812312657836415e+01,1.259913615634557793e+01,0.000000000000000000e+00
-2.865913851718718064e+01,1.216508255480863276e+01,0.000000000000000000e+00
-2.901382427675033426e+01,1.172234591957989380e+01,0.000000000000000000e+00
-2.936206712624837678e+01,1.127104156406243618e+01,0.000000000000000000e+00
-2.970363165106105541e+01,1.081123777059368152e+01,0.000000000000000000e+00
-3.003828570531652531e+01,1.034301122422470520e+01,0.000000000000000000e+00
-3.036582793652997481e+01,9.866455588998022108e+00,0.000000000000000000e+00
-3.068610679561515298e+01,9.381684341936644245e+00,0.000000000000000000e+00
-3.099904877144237858e+01,8.888834198123348074e+00,0.000000000000000000e+00
-3.130448906104330575e+01,8.388012563375475850e+00,0.000000000000000000e+00
-3.160204266641015280e+01,7.879274183781029173e+00,0.000000000000000000e+00
-3.189113390977423634e+01,7.362648398692692275e+00,0.000000000000000000e+00
-3.217639704583979920e+01,6.839304322993163154e+00,0.000000000000000000e+00
-3.246464334230753224e+01,6.310487408923518338e+00,0.000000000000000000e+00
-3.275609826690183723e+01,5.775783907192581168e+00,0.000000000000000000e+00
-3.305099636217163095e+01,5.234763560990842279e+00,0.000000000000000000e+00
-3.334958197679193859e+01,4.686978087994165598e+00,0.000000000000000000e+00
-3.365211016265084254e+01,4.131959569777259311e+00,0.000000000000000000e+00
-3.395884762421263048e+01,3.569218710046512033e+00,0.000000000000000000e+00
-3.427007374530835193e+01,2.998242950911885529e+00,0.000000000000000000e+00
-3.458608170216523803e+01,2.418494431050203453e+00,0.000000000000000000e+00
-3.490717967236289354e+01,1.829407767662656115e+00,0.000000000000000000e+00
-3.523369215067939564e+01,1.230387641937082277e+00,0.000000000000000000e+00
-3.556596138540976426e+01,6.208061652168043176e-01,0.000000000000000000e+00
-3.590434753452954197e+01,4.397014428363575916e-15,0.000000000000000000e+00
-3.589887493416814834e+01,-6.266171928258722490e-01,0.000000000000000000e+00
-3.603760597219289963e+01,-1.258460931189377296e+00,0.000000000000000000e+00
-3.616419185853098384e+01,-1.895284984871437706e+00,0.000000000000000000e+00
-3.627937008493510262e+01,-2.536900689358273731e+00,0.000000000000000000e+00
-3.638042958146126438e+01,-3.182875162581028317e+00,0.000000000000000000e+00
-3.646933445382023109e+01,-3.833081508416963601e+00,0.000000000000000000e+00
-3.654641064314127874e+01,-4.487334983395334653e+00,0.000000000000000000e+00
-3.660780010810720597e+01,-5.144890783811686852e+00,0.000000000000000000e+00
-3.665841601519649373e+01,-5.806122703750909331e+00,0.000000000000000000e+00
-3.669523934539508048e+01,-6.470360760147987556e+00,0.000000000000000000e+00
-3.671914379207863988e+01,-7.137478521576579915e+00,0.000000000000000000e+00
-3.673040481309702443e+01,-7.807288555819940967e+00,0.000000000000000000e+00
-3.672813348820611878e+01,-8.479357741840363616e+00,0.000000000000000000e+00
-3.671171810904694155e+01,-9.153259357070494318e+00,0.000000000000000000e+00
-3.668159706211292104e+01,-9.828804309877000378e+00,0.000000000000000000e+00
-3.663787529898366557e+01,-1.050574168599016467e+01,0.000000000000000000e+00
-3.658050491674492832e+01,-1.118378269629830513e+01,0.000000000000000000e+00
-3.650944427329061170e+01,-1.186263754290980188e+01,0.000000000000000000e+00
-3.642465800261574316e+01,-1.254201555493298770e+01,0.000000000000000000e+00
-3.632611702719465541e+01,-1.322162532436951743e+01,0.000000000000000000e+00
-3.621379856744672310e+01,-1.390117484205986642e+01,0.000000000000000000e+00
-3.608768614829468646e+01,-1.458037163361916910e+01,0.000000000000000000e+00
-3.594776960282042211e+01,-1.525892289530240475e+01,0.000000000000000000e+00
-3.579404626926439192e+01,-1.593653616233749837e+01,0.000000000000000000e+00
-3.562654313302171971e+01,-1.661292989651739660e+01,0.000000000000000000e+00
-3.544531387638088660e+01,-1.728783468945669810e+01,0.000000000000000000e+00
-3.525041762408375945e+01,-1.796098488477760569e+01,0.000000000000000000e+00
-3.504191665090908003e+01,-1.863211758678378516e+01,0.000000000000000000e+00
-3.481977620751126068e+01,-1.930091712138325022e+01,0.000000000000000000e+00
-3.458380035846333556e+01,-1.996696644655908770e+01,0.000000000000000000e+00
-3.433379236237986731e+01,-2.062982373242328649e+01,0.000000000000000000e+00
-3.406970476364925560e+01,-2.128911433540362808e+01,0.000000000000000000e+00
-3.379195307277199589e+01,-2.194475091443208115e+01,0.000000000000000000e+00
-3.350103471676526112e+01,-2.259673323949197155e+01,0.000000000000000000e+00
-3.319708291449035897e+01,-2.324484770329891603e+01,0.000000000000000000e+00
-3.287966734501058852e+01,-2.388847663281930167e+01,0.000000000000000000e+00
-3.254845385662073909e+01,-2.452701922824047287e+01,0.000000000000000000e+00
-3.220377928074416474e+01,-2.516034987124024269e+01,0.000000000000000000e+00
-3.184615321788159648e+01,-2.578850639452232230e+01,0.000000000000000000e+00
-3.147566591225961474e+01,-2.641121965803632676e+01,0.000000000000000000e+00
-3.109221242005865093e+01,-2.702804790612193742e+01,0.000000000000000000e+00
-3.069605283277738650e+01,-2.763885011461292507e+01,0.000000000000000000e+00
-3.028753680017102567e+01,-2.824358498810907747e+01,0.000000000000000000e+00
-2.986610987551614826e+01,-2.884136705394065103e+01,0.000000000000000000e+00
-2.943128009823358227e+01,-2.943128009823357161e+01,0.000000000000000000e+00
-2.898415469905513220e+01,-3.001397081046697579e+01,0.000000000000000000e+00
-2.852545693637796376e+01,-3.058980745772825927e+01,0.000000000000000000e+00
-2.805483072228155095e+01,-3.115804610158042465e+01,0.000000000000000000e+00
-2.757203524065960565e+01,-3.171799826363913510e+01,0.000000000000000000e+00
-2.707716666832907748e+01,-3.226931065425335277e+01,0.000000000000000000e+00
-2.657080287987378142e+01,-3.281220892320945381e+01,0.000000000000000000e+00
-2.605331123577220254e+01,-3.334671770714857075e+01,0.000000000000000000e+00
-2.552454279357947087e+01,-3.387221233844819324e+01,0.000000000000000000e+00
-2.498399819385635112e+01,-3.438752341510832622e+01,0.000000000000000000e+00
-2.443277989270484696e+01,-3.489362590293522004e+01,0.000000000000000000e+00
-2.387139966189339191e+01,-3.539080540249139517e+01,0.000000000000000000e+00
-2.329927683479143496e+01,-3.587774008011207627e+01,0.000000000000000000e+00
-2.271610008311562012e+01,-3.635335932816219895e+01,0.000000000000000000e+00
-2.212292933330449074e+01,-3.681873737890906995e+01,0.000000000000000000e+00
-2.152015776152287074e+01,-3.727400662985528612e+01,0.000000000000000000e+00
-2.090783638103825481e+01,-3.771873529079429943e+01,0.000000000000000000e+00
-2.028605807725072907e+01,-3.815252630343817941e+01,0.000000000000000000e+00
-1.965455647865165645e+01,-3.857423902604604393e+01,0.000000000000000000e+00
-1.901377070431656335e+01,-3.898400711796809759e+01,0.000000000000000000e+00
-1.836422932080424530e+01,-3.938221686828928370e+01,0.000000000000000000e+00
-1.770617446639787218e+01,-3.976871897669349920e+01,0.000000000000000000e+00
-1.703979410198332900e+01,-4.014323924830704726e+01,0.000000000000000000e+00
-1.636531375231995256e+01,-4.050557292039999169e+01,0.000000000000000000e+00
-1.568295892355587107e+01,-4.085550479379740807e+01,0.000000000000000000e+00
-1.499296636680669792e+01,-4.119283654344403089e+01,0.000000000000000000e+00
-1.429557980847664389e+01,-4.151737838246072698e+01,0.000000000000000000e+00
-1.359105016002746247e+01,-4.182895133043959390e+01,0.000000000000000000e+00
-1.287963456149118535e+01,-4.212738643057222987e+01,0.000000000000000000e+00
-1.216159576065096282e+01,-4.241252471584858341e+01,0.000000000000000000e+00
-1.143720145396274823e+01,-4.268421692258963418e+01,0.000000000000000000e+00
-1.070672368562343557e+01,-4.294232321893509408e+01,0.000000000000000000e+00
-9.970438285521140642e+00,-4.318671288977385103e+01,0.000000000000000000e+00
-9.228624352411079812e+00,-4.341726399741916254e+01,0.000000000000000000e+00
-8.481563786009953532e+00,-4.363386303702591107e+01,0.000000000000000000e+00
-7.729540854778218062e+00,-4.383640452369603935e+01,0.000000000000000000e+00
-6.972841852807912133e+00,-4.402479080975544434e+01,0.000000000000000000e+00
-6.211754642838369200e+00,-4.419893090853154405e+01,0.000000000000000000e+00
-5.446568836362716048e+00,-4.435874344714854089e+01,0.000000000000000000e+00
-4.677573888815080849e+00,-4.450414273974195822e+01,0.000000000000000000e+00
-3.905064429573056106e+00,-4.463509067567288469e+01,0.000000000000000000e+00
-3.129308481383838991e+00,-4.475119620656813169e+01,0.000000000000000000e+00
-2.350540666910671650e+00,-4.485098775538594396e+01,0.000000000000000000e+00
-1.569100814712343084e+00,-4.493316835653215691e+01,0.000000000000000000e+00
-7.854341607193396912e-01,-4.499749293109874060e+01,0.000000000000000000e+00
-8.274450629771516761e-15,-4.504401125033227515e+01,0.000000000000000000e+00
7.867185890309804641e-01,-4.507107777979106089e+01,0.000000000000000000e+00
1.574234001320940601e+00,-4.508016358840375659e+01,0.000000000000000000e+00
2.362086150772520377e+00,-4.507128871108015744e+01,0.000000000000000000e+00
3.149817397918519113e+00,-4.504448737721758533e+01,0.000000000000000000e+00
3.936968700931274601e+00,-4.499975816597899581e+01,0.000000000000000000e+00
4.723081893535489684e+00,-4.493712248223658179e+01,0.000000000000000000e+00
5.507698585942740976e+00,-4.485660530478340036e+01,0.000000000000000000e+00
6.290360334307042223e+00,-4.475823946561493472e+01,0.000000000000000000e+00
7.070609297548090311e+00,-4.464207016206975709e+01,0.000000000000000000e+00
7.847985497333977989e+00,-4.450813747165373968e+01,0.000000000000000000e+00
8.622034855850444046e+00,-4.435652404350131661e+01,0.000000000000000000e+00
9.392184844518965292e+00,-4.418675561331111368e+01,0.000000000000000000e+00
1.015791992952207146e+01,-4.399878510763507933e+01,0.000000000000000000e+00
1.091894388232817192e+01,-4.379349193758974224e+01,0.000000000000000000e+00
1.167480205501694712e+01,-4.357095443763287079e+01,0.000000000000000000e+00
1.242505335903648955e+01,-4.333131054979781283e+01,0.000000000000000000e+00
1.316925438363436385e+01,-4.307469018419421047e+01,0.000000000000000000e+00
1.390696695086664469e+01,-4.280124323672262676e+01,0.000000000000000000e+00
1.463775642698554869e+01,-4.251113144002067656e+01,0.000000000000000000e+00
1.536119332456088671e+01,-4.220453179510808184e+01,0.000000000000000000e+00
1.607685405633010234e+01,-4.188163669682371903e+01,0.000000000000000000e+00
1.678432190862666928e+01,-4.154265449954898770e+01,0.000000000000000000e+00
1.748318879349039889e+01,-4.118781168128771242e+01,0.000000000000000000e+00
1.817305431733380772e+01,-4.081734829089055694e+01,0.000000000000000000e+00
1.885353487748984591e+01,-4.043153602084528586e+01,0.000000000000000000e+00
1.952424030640666786e+01,-4.003062490414293251e+01,0.000000000000000000e+00
2.018484490579588808e+01,-3.961498866410714470e+01,0.000000000000000000e+00
2.083494452530619157e+01,-3.918483157276605766e+01,0.000000000000000000e+00
2.147338806801886690e+01,-3.873901754218159255e+01,0.000000000000000000e+00
2.210045848685409808e+01,-3.827911696979808198e+01,0.000000000000000000e+00
2.271595216962269603e+01,-3.780569311795878917e+01,0.000000000000000000e+00
2.331952910693430425e+01,-3.731904763080480336e+01,0.000000000000000000e+00
2.391099591542350922e+01,-3.681970486007429599e+01,0.000000000000000000e+00
2.449001557087583336e+01,-3.630794120364974731e+01,0.000000000000000000e+00
2.505578649695378957e+01,-3.578337154298054656e+01,0.000000000000000000e+00
2.560728981117394554e+01,-3.524541072836552758e+01,0.000000000000000000e+00
2.614534447552619767e+01,-3.469604399572887132e+01,0.000000000000000000e+00
2.667024793427449580e+01,-3.413636067198936530e+01,0.000000000000000000e+00
2.718086780185594264e+01,-3.356557636066703054e+01,0.000000000000000000e+00
2.767570245284475305e+01,-3.298261782574613221e+01,0.000000000000000000e+00
2.815645435613318881e+01,-3.239029555065601329e+01,0.000000000000000000e+00
2.862302948375269551e+01,-3.178909475698074516e+01,0.000000000000000000e+00
2.907270248453001926e+01,-3.117665646026682680e+01,0.000000000000000000e+00
2.950652751042168731e+01,-3.055490369173704579e+01,0.000000000000000000e+00
2.992547909671840145e+01,-2.992547909671841566e+01,0.000000000000000000e+00
3.032869069989127198e+01,-2.928807616348072784e+01,0.000000000000000000e+00
3.071559787494500782e+01,-2.864275839812411206e+01,0.000000000000000000e+00
3.108591201207713084e+01,-2.798988089636104348e+01,0.000000000000000000e+00
3.143931133713830661e+01,-2.732977639144967696e+01,0.000000000000000000e+00
3.177552165411197294e+01,-2.666282850043105057e+01,0.000000000000000000e+00
3.209453772496886614e+01,-2.598964420245462392e+01,0.000000000000000000e+00
3.239642547172414311e+01,-2.531086157125416491e+01,0.000000000000000000e+00
3.268110661006505779e+01,-2.462698024785572315e+01,0.000000000000000000e+00
3.294844698825316698e+01,-2.393844796869608516e+01,0.000000000000000000e+00
3.319832670965759291e+01,-2.324571861805101491e+01,0.000000000000000000e+00
3.343064152968398872e+01,-2.254925243527796397e+01,0.000000000000000000e+00
3.364529802613164833e+01,-2.184951201356309980e+01,0.000000000000000000e+00
3.384219162249058144e+01,-2.114694834633696985e+01,0.000000000000000000e+00
3.402120861055968248e+01,-2.044200446580667574e+01,0.000000000000000000e+00
3.418224488478307421e+01,-1.973512828573523947e+01,0.000000000000000000e+00
3.432521191998878152e+01,-1.902677566028425105e+01,0.000000000000000000e+00
3.445006439814587651e+01,-1.831742416183949018e+01,0.000000000000000000e+00
3.455678177683429197e+01,-1.760755976792238897e+01,0.000000000000000000e+00
3.464535624896854671e+01,-1.689766928509589050e+01,0.000000000000000000e+00
3.471579274436633256e+01,-1.618824001561974413e+01,0.000000000000000000e+00
3.476810894938187602e+01,-1.547975943819724165e+01,0.000000000000000000e+00
3.480233531886191400e+01,-1.477271488813895317e+01,0.000000000000000000e+00
3.481851508040931265e+01,-1.406759323712227960e+01,0.000000000000000000e+00
3.481670423094397648e+01,-1.336488057272480923e+01,0.000000000000000000e+00
3.479696646555090211e+01,-1.266506003621974230e+01,0.000000000000000000e+00
3.475936177261140614e+01,-1.196860807863531484e+01,0.000000000000000000e+00
3.470397351436793087e+01,-1.127600453236326317e+01,0.000000000000000000e+00
3.463090164219340750e+01,-1.058772915859564812e+01,0.000000000000000000e+00
3.454025868057900084e+01,-9.904259799571629941e+00,0.000000000000000000e+00
3.443216969749734346e+01,-9.226072064095784953e+00,0.000000000000000000e+00
3.430677226723837236e+01,-8.553639013386364454e+00,0.000000000000000000e+00
3.416421642571750539e+01,-7.887430847427663316e+00,0.000000000000000000e+00
3.400466472017767217e+01,-7.227914613662889565e+00,0.000000000000000000e+00
3.382831801493558288e+01,-6.575558913352224977e+00,0.000000000000000000e+00
3.363545018242393780e+01,-5.930837375436802006e+00,0.000000000000000000e+00
3.342635682648241868e+01,-5.294214818050670956e+00,0.000000000000000000e+00
3.320133772685819196e+01,-4.666143717368664845e+00,0.000000000000000000e+00
3.296054174112450141e+01,-4.047045644805820963e+00,0.000000000000000000e+00
3.270398356865260325e+01,-3.437327183124478935e+00,0.000000000000000000e+00
3.243172571966397300e+01,-2.837408339052742257e+00,0.000000000000000000e+00
3.214426581258524607e+01,-2.247746030538870343e+00,0.000000000000000000e+00
3.184234914541462302e+01,-1.668786805866442347e+00,0.000000000000000000e+00
3.152614582738654647e+01,-1.100917271401385289e+00,0.000000000000000000e+00
3.119483286805494870e+01,-5.445078331367966262e-01,0.000000000000000000e+00
3.084869804246624270e+01,-7.555751863113900056e-15,0.000000000000000000e+00
