2.890749275447240763e+01,0.000000000000000000e+00,0.000000000000000000e+00
2.857002594782873572e+01,4.986916579202116950e-01,0.000000000000000000e+00
2.822830518638636121e+01,9.857541385565049552e-01,0.000000000000000000e+00
2.788422925640734107e+01,1.461350532347515996e+00,0.000000000000000000e+00
2.753766455669197910e+01,1.925621090819272130e+00,0.000000000000000000e+00
2.718867078008300453e+01,2.378700469595803391e+00,0.000000000000000000e+00
2.683770128027632751e+01,2.820756069352109652e+00,0.000000000000000000e+00
2.648500672795123734e+01,3.251949921601966054e+00,0.000000000000000000e+00
2.613067970048210142e+01,3.672427536446590146e+00,0.000000000000000000e+00
2.577475394282841492e+01,4.082319977737513206e+00,0.000000000000000000e+00
2.541738363302713211e+01,4.481770513520427990e+00,0.000000000000000000e+00
2.505917688070991289e+01,4.871010548809160845e+00,0.000000000000000000e+00
2.470059895226581048e+01,5.250274384483771151e+00,0.000000000000000000e+00
2.434173861753741974e+01,5.619733163482129257e+00,0.000000000000000000e+00
2.398281562487525775e+01,5.979587522306375469e+00,0.000000000000000000e+00
2.362413629505116930e+01,6.330068242141734913e+00,0.000000000000000000e+00
2.326550215706468094e+01,6.671275390899889857e+00,0.000000000000000000e+00
2.290668954484930708e+01,7.003277804508750037e+00,0.000000000000000000e+00
2.254832577803118809e+01,7.326395162358505075e+00,0.000000000000000000e+00
2.219096721286553731e+01,7.640962776995205097e+00,0.000000000000000000e+00
2.183463316473658367e+01,7.947156548085766659e+00,0.000000000000000000e+00
2.147939320504887561e+01,8.245166545802353752e+00,0.000000000000000000e+00
2.112542857939156704e+01,8.535227178081733257e+00,0.000000000000000000e+00
2.077280711126689283e+01,8.817533480712583582e+00,0.000000000000000000e+00
2.042153521278952510e+01,9.092253274772257754e+00,0.000000000000000000e+00
2.007168662275521598e+01,9.359581184277997679e+00,0.000000000000000000e+00
1.972338740048181904e+01,9.619738792124296722e+00,0.000000000000000000e+00
1.937686019279105665e+01,9.873003399522568557e+00,0.000000000000000000e+00
1.903227346040889501e+01,1.011963930485985941e+01,0.000000000000000000e+00
1.868966810136098289e+01,1.035985219723247930e+01,0.000000000000000000e+00
1.834908772295961299e+01,1.059385073623478668e+01,0.000000000000000000e+00
1.801059614871831727e+01,1.082185795097428027e+01,0.000000000000000000e+00
1.767424501420605409e+01,1.104409402751359970e+01,0.000000000000000000e+00
1.734007336766970653e+01,1.126077531156663625e+01,0.000000000000000000e+00
1.700811536660492962e+01,1.147211867021357712e+01,0.000000000000000000e+00
1.667839919858013076e+01,1.167834084411658857e+01,0.000000000000000000e+00
1.635094560149518017e+01,1.187965735258844369e+01,0.000000000000000000e+00
1.602576771705296466e+01,1.207628216919187381e+01,0.000000000000000000e+00
1.570287172691591948e+01,1.226842797511812577e+01,0.000000000000000000e+00
1.538225636041903677e+01,1.245630559517967839e+01,0.000000000000000000e+00
1.506391299546181273e+01,1.264012383857864030e+01,0.000000000000000000e+00
1.474782543532507439e+01,1.282008906255690484e+01,0.000000000000000000e+00
1.443397003860024341e+01,1.299640499802950977e+01,0.000000000000000000e+00
1.412231563554406222e+01,1.316927238134261557e+01,0.000000000000000000e+00
1.381282355255555316e+01,1.333888865309366523e+01,0.000000000000000000e+00
1.350544771205886185e+01,1.350544771205886008e+01,0.000000000000000000e+00
1.320013463640982643e+01,1.366913956211923420e+01,0.000000000000000000e+00
1.289682365240478390e+01,1.383015014354513283e+01,0.000000000000000000e+00
1.259544685044336454e+01,1.398866090196833945e+01,0.000000000000000000e+00
1.229592939739479718e+01,1.414484871618303963e+01,0.000000000000000000e+00
1.199818975116773956e+01,1.429888574058118245e+01,0.000000000000000000e+00
1.170213983360481969e+01,1.445093920589415148e+01,0.000000000000000000e+00
1.140768471359570668e+01,1.460117059186372224e+01,0.000000000000000000e+00
1.111472294143015027e+01,1.474973552317045211e+01,0.000000000000000000e+00
1.082314837211998437e+01,1.489678574196295813e+01,0.000000000000000000e+00
1.053285055497171108e+01,1.504246952539542370e+01,0.000000000000000000e+00
1.024371039244752879e+01,1.518692520059103401e+01,0.000000000000000000e+00
9.955597387514034224e+00,1.533027561087685520e+01,0.000000000000000000e+00
9.668378840449108225e+00,1.547264049822057963e+01,0.000000000000000000e+00
9.381928050349277015e+00,1.561415035908509985e+01,0.000000000000000000e+00
9.096114380918191245e+00,1.575493225920822660e+01,0.000000000000000000e+00
8.810796018173473243e+00,1.589509677874025328e+01,0.000000000000000000e+00
8.525824392075636027e+00,1.603474357307194609e+01,0.000000000000000000e+00
8.241048010083137143e+00,1.617396740096147667e+01,0.000000000000000000e+00
7.956312281849506007e+00,1.631285763628057595e+01,0.000000000000000000e+00
7.671458684137213879e+00,1.645149623853540533e+01,0.000000000000000000e+00
7.386324920325704646e+00,1.658995739505666123e+01,0.000000000000000000e+00
7.100744857923110054e+00,1.672830657264901077e+01,0.000000000000000000e+00
6.814548003096462025e+00,1.686659817443832665e+01,0.000000000000000000e+00
6.527562023079515718e+00,1.700488044543499200e+01,0.000000000000000000e+00
6.239615871242998324e+00,1.714320371231081452e+01,0.000000000000000000e+00
5.950536612025780769e+00,1.728161315665350273e+01,0.000000000000000000e+00
5.660146742473471271e+00,1.742014044730673916e+01,0.000000000000000000e+00
5.368265837758460002e+00,1.755880637215121709e+01,0.000000000000000000e+00
5.074712369136424428e+00,1.769762521446448744e+01,0.000000000000000000e+00
4.779303793368357312e+00,1.783660458165737950e+01,0.000000000000000000e+00
4.481856288561564483e+00,1.797574374901045502e+01,0.000000000000000000e+00
4.182184993909164206e+00,1.811503340291077890e+01,0.000000000000000000e+00
3.880104377031317053e+00,1.825445588010066089e+01,0.000000000000000000e+00
3.575428470374502954e+00,1.839398489607972209e+01,0.000000000000000000e+00
3.267971311681190372e+00,1.853358628696976851e+01,0.000000000000000000e+00
2.957547241261596405e+00,1.867321837423839170e+01,0.000000000000000000e+00
2.643970824440101008e+00,1.881282995108830747e+01,0.000000000000000000e+00
2.327056880914490034e+00,1.895235739576962430e+01,0.000000000000000000e+00
2.006622106660570726e+00,1.909173404466857349e+01,0.000000000000000000e+00
1.682485906468601300e+00,1.923090190959494450e+01,0.000000000000000000e+00
1.354466621291296802e+00,1.936977510694307725e+01,0.000000000000000000e+00
1.022381429284047627e+00,1.950819979916379765e+01,0.000000000000000000e+00
6.860574510024025630e-01,1.964611493353620020e+01,0.000000000000000000e+00
3.453252022207674576e-01,1.978366758536191128e+01,0.000000000000000000e+00
1.219743908805321891e-15,1.991992972430181652e+01,0.000000000000000000e+00
-3.500150300482081644e-01,2.005234764165099648e+01,0.000000000000000000e+00
-7.046797492710935584e-01,2.017938778346850981e+01,0.000000000000000000e+00
-1.063911162846732594e+00,2.030063432187836980e+01,0.000000000000000000e+00
-1.427590546821285278e+00,2.041549596132807665e+01,0.000000000000000000e+00
-1.795568377383999659e+00,2.052344046668342159e+01,0.000000000000000000e+00
-2.167746632011680497e+00,2.062473150137263644e+01,0.000000000000000000e+00
-2.544064024805083424e+00,2.071973875295996947e+01,0.000000000000000000e+00
-2.924455208997877698e+00,2.080858004857229915e+01,0.000000000000000000e+00
-3.308763559054988868e+00,2.089071093268503176e+01,0.000000000000000000e+00
-3.696748635621680990e+00,2.096530332889781789e+01,0.000000000000000000e+00
-4.088344009896630382e+00,2.103270659478187099e+01,0.000000000000000000e+00
-4.483534943212686308e+00,2.109337349073717860e+01,0.000000000000000000e+00
-4.882222917737808920e+00,2.114723078105851073e+01,0.000000000000000000e+00
-5.284132559246764949e+00,2.119349811890288748e+01,0.000000000000000000e+00
-5.689017246491465229e+00,2.123170140904173664e+01,0.000000000000000000e+00
-6.097132428748551547e+00,2.126322769802850843e+01,0.000000000000000000e+00
-6.508225887362603324e+00,2.128744768536624576e+01,0.000000000000000000e+00
-6.921646753804949093e+00,2.130263826432803498e+01,0.000000000000000000e+00
-7.337853188722910147e+00,2.131067304947729824e+01,0.000000000000000000e+00
-7.756770426754123982e+00,2.131155159540035271e+01,0.000000000000000000e+00
-8.177544411612849728e+00,2.130323152274054266e+01,0.000000000000000000e+00
-8.600677203885492617e+00,2.128742307781420706e+01,0.000000000000000000e+00
-9.026106575724780257e+00,2.126417453059855589e+01,0.000000000000000000e+00
-9.452850557094656381e+00,2.123144996945555008e+01,0.000000000000000000e+00
-9.881577272217329622e+00,2.119111084582003457e+01,0.000000000000000000e+00
-1.031217267729393150e+01,2.114308725528479727e+01,0.000000000000000000e+00
-1.074349443299888662e+01,2.108529504003971766e+01,0.000000000000000000e+00
-1.117632802568357775e+01,2.101961590329501561e+01,0.000000000000000000e+00
-1.161055184457272915e+01,2.094598999266392525e+01,0.000000000000000000e+00
-1.204514627586932463e+01,2.086280533440472951e+01,0.000000000000000000e+00
-1.248068943528314811e+01,2.077135535273061251e+01,0.000000000000000000e+00
-1.291702582278769285e+01,2.067156243672203786e+01,0.000000000000000000e+00
-1.335348305001758185e+01,2.056256069361396399e+01,0.000000000000000000e+00
-1.379019179317208987e+01,2.044480010086166288e+01,0.000000000000000000e+00
-1.422713833138473483e+01,2.031845924961143623e+01,0.000000000000000000e+00
-1.466399001646145450e+01,2.018325074062733648e+01,0.000000000000000000e+00
-1.510024409709979487e+01,2.003870073426044129e+01,0.000000000000000000e+00
-1.553629731813133397e+01,1.988555374760597516e+01,0.000000000000000000e+00
-1.597198945606595188e+01,1.972376436350367612e+01,0.000000000000000000e+00
-1.640613947686003726e+01,1.955207566214964032e+01,0.000000000000000000e+00
-1.683975611374776804e+01,1.937192341856228950e+01,0.000000000000000000e+00
-1.727265453395913752e+01,1.918322628973621846e+01,0.000000000000000000e+00
-1.770309478881623022e+01,1.898424492212754799e+01,0.000000000000000000e+00
-1.813252097230519055e+01,1.877677513226527495e+01,0.000000000000000000e+00
-1.856075795427367225e+01,1.856075795427367581e+01,0.000000000000000000e+00
-1.898604170924053847e+01,1.833460735663249253e+01,0.000000000000000000e+00
-1.940980315124450328e+01,1.809993425749782858e+01,0.000000000000000000e+00
-1.983172551249863247e+01,1.785656585685843112e+01,0.000000000000000000e+00
-2.025013564004691702e+01,1.760317435087248938e+01,0.000000000000000000e+00
-2.066655673057161735e+01,1.734130013032698159e+01,0.000000000000000000e+00
-2.108066174222025424e+01,1.707078328803480360e+01,0.000000000000000000e+00
-2.149051507963772778e+01,1.679023053794682596e+01,0.000000000000000000e+00
-2.189747518632881196e+01,1.650093111368351018e+01,0.000000000000000000e+00
-2.230181881921640752e+01,1.620321982403102368e+01,0.000000000000000000e+00
-2.270191553918196092e+01,1.589605239233535272e+01,0.000000000000000000e+00
-2.309793488896881541e+01,1.557975380408129951e+01,0.000000000000000000e+00
-2.349039276334078252e+01,1.525483942770536494e+01,0.000000000000000000e+00
-2.387917038503460887e+01,1.492136172262898519e+01,0.000000000000000000e+00
-2.426345622479651709e+01,1.457895532697935437e+01,0.000000000000000000e+00
-2.464243321232909878e+01,1.422731544862557662e+01,0.000000000000000000e+00
-2.501666323195159336e+01,1.386696286661645239e+01,0.000000000000000000e+00
-2.538649809487014153e+01,1.349824047389861192e+01,0.000000000000000000e+00
-2.575153555362763669e+01,1.312106272813388941e+01,0.000000000000000000e+00
-2.611129308776273561e+01,1.273532856849639927e+01,0.000000000000000000e+00
-2.646532357656410284e+01,1.234098305930188033e+01,0.000000000000000000e+00
-2.681346430662485147e+01,1.193812346180595085e+01,0.000000000000000000e+00
-2.715565511829956691e+01,1.152689171539162061e+01,0.000000000000000000e+00
-2.749185022693244562e+01,1.110742848841292307e+01,0.000000000000000000e+00
-2.782194839430655264e+01,1.067984537318561777e+01,0.000000000000000000e+00
-2.814572680637871827e+01,1.024420677931019874e+01,0.000000000000000000e+00
-2.846296283830107399e+01,9.800584061264641988e+00,0.000000000000000000e+00
-2.877345977766180596e+01,9.349063810527624696e+00,0.000000000000000000e+00
-2.907707814569328875e+01,8.889754916309525967e+00,0.000000000000000000e+00
-2.937377004094507171e+01,8.422793021581311379e+00,0.000000000000000000e+00
-2.966337222807916163e+01,7.948276633297613358e+00,0.000000000000000000e+00
-2.994544480946048992e+01,7.466237948593476226e+00,0.000000000000000000e+00
-3.021953878652844949e+01,6.976730256294624510e+00,0.000000000000000000e+00
-3.049032022773084094e+01,6.480917631824392622e+00,0.000000000000000000e+00
-3.076394187347625930e+01,5.979904531661123457e+00,0.000000000000000000e+00
-3.104061803092674054e+01,5.473298456718047156e+00,0.000000000000000000e+00
-3.132057164776971092e+01,4.960691211076548868e+00,0.000000000000000000e+00
-3.160403501441978591e+01,4.441657460890159115e+00,0.000000000000000000e+00
-3.189125061694834784e+01,3.915753203646491265e+00,0.000000000000000000e+00
-3.218247204108492099e+01,3.382514112837252895e+00,0.000000000000000000e+00
-3.247796495005149353e+01,2.841453747521808459e+00,0.000000000000000000e+00
-3.277800814463519430e+01,2.292061611412765654e+00,0.000000000000000000e+00
-3.308289471473957377e+01,1.733801044254161372e+00,0.000000000000000000e+00
-3.339293329286483925e+01,1.166106926173447356e+00,0.000000000000000000e+00
-3.370844942248921683e+01,5.883831732990854047e-01,0.000000000000000000e+00
-3.402978571359400206e+01,4.167446814982322501e-15,0.000000000000000000e+00
-3.402459940417388395e+01,-5.939015917564527403e-01,0.000000000000000000e+00
-3.415623147137310411e+01,-1.192761885918597109e+00,0.000000000000000000e+00
-3.427636125716568216e+01,-1.796347975391314522e+00,0.000000000000000000e+00
-3.438568662335660520e+01,-2.404481442059938079e+00,0.000000000000000000e+00
-3.448161418045021520e+01,-3.016750340864131186e+00,0.000000000000000000e+00
-3.456602455038216704e+01,-3.633035576542515965e+00,0.000000000000000000e+00
-3.463917399688713061e+01,-4.253155769247091378e+00,0.000000000000000000e+00
-3.469751667292558039e+01,-4.876417955313108621e+00,0.000000000000000000e+00
-3.474559682925265491e+01,-5.503161907543160147e+00,0.000000000000000000e+00
-3.478063381178685631e+01,-6.132764147159130097e+00,0.000000000000000000e+00
-3.480342103616487037e+01,-6.765099740059898892e+00,0.000000000000000000e+00
-3.481421741991320573e+01,-7.399990352009345962e+00,0.000000000000000000e+00
-3.481218295218778280e+01,-8.037025707303758537e+00,0.000000000000000000e+00
-3.479673885278975831e+01,-8.675801403621774099e+00,0.000000000000000000e+00
-3.476830056880874054e+01,-9.316138059614846867e+00,0.000000000000000000e+00
-3.472696757885891117e+01,-9.957797714633507269e+00,0.000000000000000000e+00
-3.467269457342696626e+01,-1.060050653994182390e+01,0.000000000000000000e+00
-3.460544217871496642e+01,-1.124398976071346468e+01,0.000000000000000000e+00
-3.452517697066426905e+01,-1.188797178471214622e+01,0.000000000000000000e+00
-3.443187148621846916e+01,-1.253217633106270767e+01,0.000000000000000000e+00
-3.432550423182857458e+01,-1.317632655905496719e+01,0.000000000000000000e+00
-3.420605968920531126e+01,-1.382014519692171817e+01,0.000000000000000000e+00
-3.407352831832400142e+01,-1.446335467053333446e+01,0.000000000000000000e+00
-3.392790764713973317e+01,-1.510567771700545237e+01,0.000000000000000000e+00
-3.376922311968870360e+01,-1.574684735065566876e+01,0.000000000000000000e+00
-3.359752569694180835e+01,-1.638660817757747878e+01,0.000000000000000000e+00
-3.341287153142413757e+01,-1.702470838594848601e+01,0.000000000000000000e+00
-3.321531983351757589e+01,-1.766089883113387771e+01,0.000000000000000000e+00
-3.300483827867149245e+01,-1.829488059960242907e+01,0.000000000000000000e+00
-3.278123944643051146e+01,-1.892625741876623735e+01,0.000000000000000000e+00
-3.254433461643184700e+01,-1.955460904346929851e+01,0.000000000000000000e+00
-3.229407456410569921e+01,-2.017957744338421833e+01,0.000000000000000000e+00
-3.203085041137359212e+01,-2.080107747371961580e+01,0.000000000000000000e+00
-3.175513355484641664e+01,-2.141910803621262005e+01,0.000000000000000000e+00
-3.146705796871365024e+01,-2.203347119497522044e+01,0.000000000000000000e+00
-3.116622667854385398e+01,-2.264358911941736707e+01,0.000000000000000000e+00
-3.085232801767358524e+01,-2.324889673281784752e+01,0.000000000000000000e+00
-3.052567199364144201e+01,-2.384926876809070606e+01,0.000000000000000000e+00
-3.018673293414643055e+01,-2.444473434439365533e+01,0.000000000000000000e+00
-2.983559417457937002e+01,-2.503503606784455116e+01,0.000000000000000000e+00
-2.947215482401093212e+01,-2.561975332337921785e+01,0.000000000000000000e+00
-2.909667302092258367e+01,-2.619876206365054117e+01,0.000000000000000000e+00
-2.870949948531218610e+01,-2.677204138551503476e+01,0.000000000000000000e+00
-2.831009142137119738e+01,-2.733873749938021191e+01,0.000000000000000000e+00
-2.789794825799259570e+01,-2.789794825799258504e+01,0.000000000000000000e+00
-2.747412628509368915e+01,-2.845029061312480678e+01,0.000000000000000000e+00
-2.703934051861165955e+01,-2.899614271186170811e+01,0.000000000000000000e+00
-2.659327453128361896e+01,-2.953482350473203510e+01,0.000000000000000000e+00
-2.613566741124846970e+01,-3.006564609153594603e+01,0.000000000000000000e+00
-2.566658512648275092e+01,-3.058824503411091911e+01,0.000000000000000000e+00
-2.518662626253112435e+01,-3.110289315431070634e+01,0.000000000000000000e+00
-2.469611808435896450e+01,-3.160958968972744287e+01,0.000000000000000000e+00
-2.419489625479165085e+01,-3.210771178456431585e+01,0.000000000000000000e+00
-2.368253098457643802e+01,-3.259620747816938291e+01,0.000000000000000000e+00
-2.316005416491321611e+01,-3.307598519166018747e+01,0.000000000000000000e+00
-2.262792903968208691e+01,-3.354728439250865080e+01,0.000000000000000000e+00
-2.208560447861393072e+01,-3.400884854128404555e+01,0.000000000000000000e+00
-2.153282075600925438e+01,-3.445971656349342283e+01,0.000000000000000000e+00
-2.097056312172432158e+01,-3.490087793682219797e+01,0.000000000000000000e+00
-2.039919965978781491e+01,-3.533245024449421123e+01,0.000000000000000000e+00
-1.981878463721290018e+01,-3.575403393697173726e+01,0.000000000000000000e+00
-1.922940133204303592e+01,-3.616524399793934919e+01,0.000000000000000000e+00
-1.863078254686304192e+01,-3.656496955225539836e+01,0.000000000000000000e+00
-1.802337829730329943e+01,-3.695340176119783848e+01,0.000000000000000000e+00
-1.740767561183638179e+01,-3.733088081956861259e+01,0.000000000000000000e+00
-1.678390009044646547e+01,-3.769725681267707529e+01,0.000000000000000000e+00
-1.615223204329467066e+01,-3.805227407252996841e+01,0.000000000000000000e+00
-1.551288464399271128e+01,-3.839573684090986205e+01,0.000000000000000000e+00
-1.486607200574648324e+01,-3.872744161712075339e+01,0.000000000000000000e+00
-1.421201861342733963e+01,-3.904720022526042555e+01,0.000000000000000000e+00
-1.355095564540716957e+01,-3.935483278829410381e+01,0.000000000000000000e+00
-1.288312107032548859e+01,-3.965016962557636759e+01,0.000000000000000000e+00
-1.220875876628550394e+01,-3.993305057914609080e+01,0.000000000000000000e+00
-1.152811792530643409e+01,-4.020332496301499958e+01,0.000000000000000000e+00
-1.084145242978573265e+01,-4.046085129580143303e+01,0.000000000000000000e+00
-1.014902028213410468e+01,-4.070549704165203764e+01,0.000000000000000000e+00
-9.451083071808204394e+00,-4.093713831139256598e+01,0.000000000000000000e+00
-8.747905485151413529e+00,-4.115565954031497853e+01,0.000000000000000000e+00
-8.039754861689367260e+00,-4.136095316112091069e+01,0.000000000000000000e+00
-7.326900784268708833e+00,-4.155291921196587168e+01,0.000000000000000000e+00
-6.609614753866952519e+00,-4.173146516364593595e+01,0.000000000000000000e+00
-5.888169755698429597e+00,-4.189650479995491139e+01,0.000000000000000000e+00
-5.162840432929689527e+00,-4.204796103813383468e+01,0.000000000000000000e+00
-4.433901268583742450e+00,-4.218575262334563547e+01,0.000000000000000000e+00
-3.701631687573601948e+00,-4.230984379452497279e+01,0.000000000000000000e+00
-2.966285789858775335e+00,-4.241986310279730787e+01,0.000000000000000000e+00
-2.228086211962792884e+00,-4.251441756250424220e+01,0.000000000000000000e+00
-1.487355177411613827e+00,-4.259227958201510944e+01,0.000000000000000000e+00
-7.445146709384726780e-01,-4.265321693160261418e+01,0.000000000000000000e+00
-7.843362564836749224e-15,-4.269727712674709608e+01,0.000000000000000000e+00
7.457314272632374896e-01,-4.272292485476327784e+01,0.000000000000000000e+00
1.492216909017969328e+00,-4.273150135968761987e+01,0.000000000000000000e+00
2.239020509112615187e+00,-4.272305638100452541e+01,0.000000000000000000e+00
2.985708374047578495e+00,-4.269761899712450059e+01,0.000000000000000000e+00
3.731845487325100130e+00,-4.265518910594992263e+01,0.000000000000000000e+00
4.476997583512996037e+00,-4.259578667021665410e+01,0.000000000000000000e+00
5.220730214407839576e+00,-4.251943547313145189e+01,0.000000000000000000e+00
5.962608882337507410e+00,-4.242616670780343924e+01,0.000000000000000000e+00
6.702199621276740515e+00,-4.231602301049057502e+01,0.000000000000000000e+00
7.439066582409203932e+00,-4.218904306374305690e+01,0.000000000000000000e+00
8.172779155558993480e+00,-4.204530382636939834e+01,0.000000000000000000e+00
8.902798999822673309e+00,-4.188437623320039194e+01,0.000000000000000000e+00
9.628629513317847000e+00,-4.170617643935665342e+01,0.000000000000000000e+00
1.034999390978621392e+01,-4.151155823558270441e+01,0.000000000000000000e+00
1.106646107681821256e+01,-4.130059499866904105e+01,0.000000000000000000e+00
1.177761309541399193e+01,-4.107341802291655597e+01,0.000000000000000000e+00
1.248302966181857876e+01,-4.083015025597450176e+01,0.000000000000000000e+00
1.318229550216229207e+01,-4.057093384918430701e+01,0.000000000000000000e+00
1.387499867860116076e+01,-4.029592209013120652e+01,0.000000000000000000e+00
1.456073213836929270e+01,-4.000528276089681867e+01,0.000000000000000000e+00
1.523909441908366169e+01,-3.969919822699117162e+01,0.000000000000000000e+00
1.590969057301678014e+01,-3.937786597919501475e+01,0.000000000000000000e+00
1.657213383123151473e+01,-3.904150069305464399e+01,0.000000000000000000e+00
1.722604470559019063e+01,-3.869032987767364773e+01,0.000000000000000000e+00
1.787105966120277500e+01,-3.832461112028853734e+01,0.000000000000000000e+00
1.850680883396424647e+01,-3.794458124765055373e+01,0.000000000000000000e+00
1.913298366919589455e+01,-3.755059475082236276e+01,0.000000000000000000e+00
1.974920133904814890e+01,-3.714284562780110832e+01,0.000000000000000000e+00
2.035436406063649173e+01,-3.672024479356858251e+01,0.000000000000000000e+00
2.094875155555696011e+01,-3.628430204936219639e+01,0.000000000000000000e+00
2.153216754593751148e+01,-3.583554465723751292e+01,0.000000000000000000e+00
2.210428694361684521e+01,-3.537425363570132930e+01,0.000000000000000000e+00
2.266492885882478348e+01,-3.490092985705436490e+01,0.000000000000000000e+00
2.321377063953498876e+01,-3.441583028218159512e+01,0.000000000000000000e+00
2.375004933127443607e+01,-3.391858561248648130e+01,0.000000000000000000e+00
2.427281039461322010e+01,-3.340865738617042524e+01,0.000000000000000000e+00
2.478282631887826781e+01,-3.288792133158544573e+01,0.000000000000000000e+00
2.528037219740921415e+01,-3.235740085280045975e+01,0.000000000000000000e+00
2.576437621209820605e+01,-3.181635492421938594e+01,0.000000000000000000e+00
2.623342558867295082e+01,-3.126377919135387629e+01,0.000000000000000000e+00
2.668912196975476547e+01,-3.070232273047405869e+01,0.000000000000000000e+00
2.713137836831063510e+01,-3.013244836041187469e+01,0.000000000000000000e+00
2.755762240320445500e+01,-2.955193198787164377e+01,0.000000000000000000e+00
2.796884265933138636e+01,-2.896258441537650086e+01,0.000000000000000000e+00
2.836595916227868841e+01,-2.836595916227870262e+01,0.000000000000000000e+00
2.874815721774634625e+01,-2.776177272156663278e+01,0.000000000000000000e+00
2.911490305883123497e+01,-2.715008633379566660e+01,0.000000000000000000e+00
2.946592165875344449e+01,-2.653123503050490939e+01,0.000000000000000000e+00
2.980090797439302008e+01,-2.590553407702168798e+01,0.000000000000000000e+00
3.011960235891151427e+01,-2.527334723056900145e+01,0.000000000000000000e+00
3.042200006213116836e+01,-2.463524990817136384e+01,0.000000000000000000e+00
3.070816389511117350e+01,-2.399184706766288144e+01,0.000000000000000000e+00
3.097801887367743490e+01,-2.334361158642042966e+01,0.000000000000000000e+00
3.123143637334554867e+01,-2.269096673592906654e+01,0.000000000000000000e+00
3.146830217020325904e+01,-2.203434239423731356e+01,0.000000000000000000e+00
3.168851810723187512e+01,-2.137417534944334108e+01,0.000000000000000000e+00
3.189199639307143386e+01,-2.071090461988820408e+01,0.000000000000000000e+00
3.207863840976481384e+01,-2.004495799324340410e+01,0.000000000000000000e+00
3.224833659854947854e+01,-1.937675549121358642e+01,0.000000000000000000e+00
3.240099249603927234e+01,-1.870672173959934170e+01,0.000000000000000000e+00
3.253652235821051164e+01,-1.803528884595147375e+01,0.000000000000000000e+00
3.265488316233113864e+01,-1.736290936721508160e+01,0.000000000000000000e+00
3.275605531069443543e+01,-1.669004380584595992e+01,0.000000000000000000e+00
3.284003126993786736e+01,-1.601715345987064865e+01,0.000000000000000000e+00
3.290681557256534973e+01,-1.534470010698137798e+01,0.000000000000000000e+00
3.295642483599601036e+01,-1.467314570220009173e+01,0.000000000000000000e+00
3.298888777434464004e+01,-1.400295207497422467e+01,0.000000000000000000e+00
3.300424520291925745e+01,-1.333458062587356174e+01,0.000000000000000000e+00
3.300255003542550725e+01,-1.266849202305665933e+01,0.000000000000000000e+00
3.298386269935532056e+01,-1.200514423368860406e+01,0.000000000000000000e+00
3.294824077812241825e+01,-1.134498910922411774e+01,0.000000000000000000e+00
3.289576334977019911e+01,-1.068848143495691616e+01,0.000000000000000000e+00
3.282652498944535324e+01,-1.003607585494288834e+01,0.000000000000000000e+00
3.274063218453988355e+01,-9.388225205743122359e+00,0.000000000000000000e+00
3.263820330709966555e+01,-8.745380218540150352e+00,0.000000000000000000e+00
3.251936857910423839e+01,-8.107989221549345871e+00,0.000000000000000000e+00
3.238427003061748621e+01,-7.476497842890455381e+00,0.000000000000000000e+00
3.223306154673805679e+01,-6.851348734472865409e+00,0.000000000000000000e+00
3.206593341432062516e+01,-6.232986049865133715e+00,0.000000000000000000e+00
3.188314544218938451e+01,-5.621858771310112246e+00,0.000000000000000000e+00
3.168497810574522688e+01,-5.018407523973651863e+00,0.000000000000000000e+00
3.147171586976542201e+01,-4.423061217853346605e+00,0.000000000000000000e+00
3.124350027771289362e+01,-3.836219462668747138e+00,0.000000000000000000e+00
3.100034561154796720e+01,-3.258267618473416949e+00,0.000000000000000000e+00
3.074231128977316985e+01,-2.689603728440184138e+00,0.000000000000000000e+00
3.046986820305934174e+01,-2.130660743778888477e+00,0.000000000000000000e+00
3.018372179464959615e+01,-1.581861829754732440e+00,0.000000000000000000e+00
2.988403322535584650e+01,-1.043573435746377509e+00,0.000000000000000000e+00
2.957002285720543711e+01,-5.161466689014003739e-01,0.000000000000000000e+00
2.924196290829699052e+01,-7.162215255286306731e-15,0.000000000000000000e+00
