2.219914718061059133e+01,0.000000000000000000e+00,0.000000000000000000e+00
2.221574885550490208e+01,3.877773387018135787e-01,0.000000000000000000e+00
2.222318212978698426e+01,7.760506205274185776e-01,0.000000000000000000e+00
2.222143730011531915e+01,1.164576181376382413e+00,0.000000000000000000e+00
2.220889764109915987e+01,1.552997408821813252e+00,0.000000000000000000e+00
2.218792360466693125e+01,1.941191782587611936e+00,0.000000000000000000e+00
2.215836808042557493e+01,2.328938331828505071e+00,0.000000000000000000e+00
2.212009026124713529e+01,2.716005569859845981e+00,0.000000000000000000e+00
2.207295610466028890e+01,3.102151675298203681e+00,0.000000000000000000e+00
2.201683878917127757e+01,3.487124689338434003e+00,0.000000000000000000e+00
2.195161916502118515e+01,3.870662729030259985e+00,0.000000000000000000e+00
2.187718723235029827e+01,4.252494417287998374e+00,0.000000000000000000e+00
2.179354035969440773e+01,4.632360005473499243e+00,0.000000000000000000e+00
2.170086209944379263e+01,5.010038778763878042e+00,0.000000000000000000e+00
2.159935939583118270e+01,5.385325140854678061e+00,0.000000000000000000e+00
2.148921674726082287e+01,5.758018273405893339e+00,0.000000000000000000e+00
2.137041526105518585e+01,6.127867967857184794e+00,0.000000000000000000e+00
2.124284556609769936e+01,6.494589651044131884e+00,0.000000000000000000e+00
2.110648375389507692e+01,6.857912289860360389e+00,0.000000000000000000e+00
2.096155599825973681e+01,7.217642547718440049e+00,0.000000000000000000e+00
2.080833128869681303e+01,7.573613213835725944e+00,0.000000000000000000e+00
2.064701859271310980e+01,7.925647868450106159e+00,0.000000000000000000e+00
2.047776914946337001e+01,8.273555782981292239e+00,0.000000000000000000e+00
2.030046859887702126e+01,8.617037677477176416e+00,0.000000000000000000e+00
2.011494347742230460e+01,8.955749839508246879e+00,0.000000000000000000e+00
1.992136321902815155e+01,9.289484229920141445e+00,0.000000000000000000e+00
1.972016773958543823e+01,9.618168458580997893e+00,0.000000000000000000e+00
1.951206164617159189e+01,9.941891980828584607e+00,0.000000000000000000e+00
1.929660233005189696e+01,1.026018545790945957e+01,0.000000000000000000e+00
1.907309887906545143e+01,1.057239134791964297e+01,0.000000000000000000e+00
1.884269786812260250e+01,1.087883668641937085e+01,0.000000000000000000e+00
1.860598630375453411e+01,1.117960444809225784e+01,0.000000000000000000e+00
1.836253714649541635e+01,1.147418668614154136e+01,0.000000000000000000e+00
1.811162840991567435e+01,1.176182901457099561e+01,0.000000000000000000e+00
1.785446255909657864e+01,1.204298705975487138e+01,0.000000000000000000e+00
1.759147246875182802e+01,1.231768163082860390e+01,0.000000000000000000e+00
1.732263757900826207e+01,1.258563289837332633e+01,0.000000000000000000e+00
1.704799160015406656e+01,1.284658311641451256e+01,0.000000000000000000e+00
1.676698439031400412e+01,1.309980390401482531e+01,0.000000000000000000e+00
1.648045923601382512e+01,1.334561274904518058e+01,0.000000000000000000e+00
1.618876942826427623e+01,1.358399045647057868e+01,0.000000000000000000e+00
1.589206284014230519e+01,1.381475946347777750e+01,0.000000000000000000e+00
1.559052389693380292e+01,1.403777076952131608e+01,0.000000000000000000e+00
1.528433803931108415e+01,1.425287580328531334e+01,0.000000000000000000e+00
1.497370383040978581e+01,1.445993770631241482e+01,0.000000000000000000e+00
1.465882773324917387e+01,1.465882773324917210e+01,0.000000000000000000e+00
1.433992433913631004e+01,1.484942635063884531e+01,0.000000000000000000e+00
1.401721505314701766e+01,1.503162282468182909e+01,0.000000000000000000e+00
1.369092725228737883e+01,1.520531514600641820e+01,0.000000000000000000e+00
1.336129337887617829e+01,1.537040978267040892e+01,0.000000000000000000e+00
1.302855012540292101e+01,1.552682141824267248e+01,0.000000000000000000e+00
1.269293766723810002e+01,1.567447263334897656e+01,0.000000000000000000e+00
1.235469900028433798e+01,1.581329360367813841e+01,0.000000000000000000e+00
1.201407922049051713e+01,1.594322161608931232e+01,0.000000000000000000e+00
1.167132534757947937e+01,1.606420119634532995e+01,0.000000000000000000e+00
1.132668453408274090e+01,1.617618194034700352e+01,0.000000000000000000e+00
1.098040804267535009e+01,1.627912438241385118e+01,0.000000000000000000e+00
1.063273767498017008e+01,1.637298021513329260e+01,0.000000000000000000e+00
1.028393763822479734e+01,1.645774049695601349e+01,0.000000000000000000e+00
9.933964739286178514e+00,1.653289369398749997e+01,0.000000000000000000e+00
9.583212509719469807e+00,1.659861096656377200e+01,0.000000000000000000e+00
9.232088161715134689e+00,1.665512792461007052e+01,0.000000000000000000e+00
8.880838336917998177e+00,1.670242769470398159e+01,0.000000000000000000e+00
8.529716832763170942e+00,1.674051186496511789e+01,0.000000000000000000e+00
8.178973557583196552e+00,1.676938090528830827e+01,0.000000000000000000e+00
7.828858530733056043e+00,1.678904129884733010e+01,0.000000000000000000e+00
7.479620706251133733e+00,1.679950316109546904e+01,0.000000000000000000e+00
7.131508617511658876e+00,1.680078144845731458e+01,0.000000000000000000e+00
6.784769546716558963e+00,1.679289390853739761e+01,0.000000000000000000e+00
6.439652250690986790e+00,1.677586765870590924e+01,0.000000000000000000e+00
6.096400091591143600e+00,1.674972159160775576e+01,0.000000000000000000e+00
5.755265244129964763e+00,1.671450392591183487e+01,0.000000000000000000e+00
5.416340400213820239e+00,1.666978168147529615e+01,0.000000000000000000e+00
5.080054434995265211e+00,1.661610935074623185e+01,0.000000000000000000e+00
4.746658921431285982e+00,1.655356688258578046e+01,0.000000000000000000e+00
4.416400298523140755e+00,1.648223030065072336e+01,0.000000000000000000e+00
4.089521504081264247e+00,1.640217487585395517e+01,0.000000000000000000e+00
3.766265532872492106e+00,1.631348829178516624e+01,0.000000000000000000e+00
3.446874229278844570e+00,1.621626828265058151e+01,0.000000000000000000e+00
3.131587503634097658e+00,1.611062106818322448e+01,0.000000000000000000e+00
2.820645351164681625e+00,1.599667469964946243e+01,0.000000000000000000e+00
2.514281405483426823e+00,1.587454803219027610e+01,0.000000000000000000e+00
2.212683614210934291e+00,1.574406199377211379e+01,0.000000000000000000e+00
1.916074528633471497e+00,1.560517474300911545e+01,0.000000000000000000e+00
1.624743261138936967e+00,1.545839953101798692e+01,0.000000000000000000e+00
1.338922951027341712e+00,1.530395935961008469e+01,0.000000000000000000e+00
1.058836785746581466e+00,1.514207149329141977e+01,0.000000000000000000e+00
7.846961666216180076e-01,1.497289481364340524e+01,0.000000000000000000e+00
5.167202013706040375e-01,1.479693056284772545e+01,0.000000000000000000e+00
2.550890526822271465e-01,1.461404204059167711e+01,0.000000000000000000e+00
8.831455009057302390e-16,1.442286055898909680e+01,0.000000000000000000e+00
-2.482950636608685646e-01,1.422481467023815860e+01,0.000000000000000000e+00
-4.896346645086647742e-01,1.402130226896562704e+01,0.000000000000000000e+00
-7.238348709157310656e-01,1.381159211128722575e+01,0.000000000000000000e+00
-9.506038918708304974e-01,1.359426899997621341e+01,0.000000000000000000e+00
-1.169868937431163713e+00,1.337166314221402708e+01,0.000000000000000000e+00
-1.381450539428265012e+00,1.314362390760291888e+01,0.000000000000000000e+00
-1.585025056157359558e+00,1.290899315436543482e+01,0.000000000000000000e+00
-1.780563862159579402e+00,1.266937019358176997e+01,0.000000000000000000e+00
-1.967978244230430995e+00,1.242532562035740007e+01,0.000000000000000000e+00
-2.147007005946270031e+00,1.217628179941493549e+01,0.000000000000000000e+00
-2.317454605673701984e+00,1.192227039844753378e+01,0.000000000000000000e+00
-2.479153768825850257e+00,1.166350146684509603e+01,0.000000000000000000e+00
-2.631873084279246822e+00,1.139989476873339491e+01,0.000000000000000000e+00
-2.775414717318747115e+00,1.113158043087680582e+01,0.000000000000000000e+00
-2.909929183703173106e+00,1.086000356000766942e+01,0.000000000000000000e+00
-3.035760752198656043e+00,1.058695589526294079e+01,0.000000000000000000e+00
-3.153247018739385510e+00,1.031380626797103339e+01,0.000000000000000000e+00
-3.262707748075869940e+00,1.004158192286725360e+01,0.000000000000000000e+00
-3.364548864633839731e+00,9.771359411141444795e+00,0.000000000000000000e+00
-3.459474496584753922e+00,9.504828062545758627e+00,0.000000000000000000e+00
-3.548415593522139311e+00,9.243938659673490932e+00,0.000000000000000000e+00
-3.632429564586058035e+00,8.990578661267631944e+00,0.000000000000000000e+00
-3.712421842826418406e+00,8.745917781358397036e+00,0.000000000000000000e+00
-3.788857793899548465e+00,8.509913936191990658e+00,0.000000000000000000e+00
-3.862141677972894538e+00,8.282389556401273722e+00,0.000000000000000000e+00
-3.932663769877720039e+00,8.063155635020004652e+00,0.000000000000000000e+00
-4.000770094154225909e+00,7.851953416897913485e+00,0.000000000000000000e+00
-4.066666195666889472e+00,7.648286739920010291e+00,0.000000000000000000e+00
-4.130492103958721017e+00,7.451605008313073597e+00,0.000000000000000000e+00
-4.192349664729625225e+00,7.261362622406062783e+00,0.000000000000000000e+00
-4.252302983145467508e+00,7.077020607586900880e+00,0.000000000000000000e+00
-4.310401698356775668e+00,6.898084671917535715e+00,0.000000000000000000e+00
-4.366769425264535265e+00,6.724235243021597697e+00,0.000000000000000000e+00
-4.421539753816476015e+00,6.555202259735740000e+00,0.000000000000000000e+00
-4.474827760886950223e+00,6.390716347224982385e+00,0.000000000000000000e+00
-4.526730187926130355e+00,6.230509589512603696e+00,0.000000000000000000e+00
-4.577325647727259472e+00,6.074316297686746857e+00,0.000000000000000000e+00
-4.626683169157356446e+00,5.921884407171514653e+00,0.000000000000000000e+00
-4.674890301922688174e+00,5.773008740957617846e+00,0.000000000000000000e+00
-4.722030411973745956e+00,5.627496707808829157e+00,0.000000000000000000e+00
-4.768174204788036441e+00,5.485156965314314625e+00,0.000000000000000000e+00
-4.813379886114397266e+00,5.345799940145765206e+00,0.000000000000000000e+00
-4.857693340102589907e+00,5.209238340821307212e+00,0.000000000000000000e+00
-4.901148324531689582e+00,5.075287662436427816e+00,0.000000000000000000e+00
-4.943776150003182046e+00,4.943776150003182934e+00,0.000000000000000000e+00
-4.985634957188861627e+00,4.814571713443029033e+00,0.000000000000000000e+00
-5.026784058485908702e+00,4.687551969294412757e+00,0.000000000000000000e+00
-5.067275203421906404e+00,4.562595086731247029e+00,0.000000000000000000e+00
-5.107152673324725001e+00,4.439580086923871072e+00,0.000000000000000000e+00
-5.146453385728930741e+00,4.318387137836212197e+00,0.000000000000000000e+00
-5.185207008355655844e+00,4.198897844177263750e+00,0.000000000000000000e+00
-5.223436082495322985e+00,4.080995532230152989e+00,0.000000000000000000e+00
-5.261162182940746668e+00,3.964570071202655477e+00,0.000000000000000000e+00
-5.298425449543255894e+00,3.849531420559098915e+00,0.000000000000000000e+00
-5.335267405017530606e+00,3.735794455357833499e+00,0.000000000000000000e+00
-5.371724801118999082e+00,3.623274128488455759e+00,0.000000000000000000e+00
-5.407829667281256469e+00,3.511885648651213998e+00,0.000000000000000000e+00
-5.443609364808743578e+00,3.401544655835585740e+00,0.000000000000000000e+00
-5.479086646528453564e+00,3.292167394138727943e+00,0.000000000000000000e+00
-5.514279721805077195e+00,3.183670881771055505e+00,0.000000000000000000e+00
-5.549202328715299615e+00,3.075973079149675105e+00,0.000000000000000000e+00
-5.583869925185535266e+00,2.968996304392026886e+00,0.000000000000000000e+00
-5.618313747253820267e+00,2.862673837470232296e+00,0.000000000000000000e+00
-5.652565724088985277e+00,2.756940512648582420e+00,0.000000000000000000e+00
-5.686654597053943938e+00,2.651730587888581958e+00,0.000000000000000000e+00
-5.720605920782075415e+00,2.546977853278033610e+00,0.000000000000000000e+00
-5.754442067400382221e+00,2.442615738948597848e+00,0.000000000000000000e+00
-5.788182233874875848e+00,2.338577422398574246e+00,0.000000000000000000e+00
-5.821842452451702954e+00,2.234795935138591094e+00,0.000000000000000000e+00
-5.855435604165411867e+00,2.131204268578748451e+00,0.000000000000000000e+00
-5.888972289165529617e+00,2.027735773057345092e+00,0.000000000000000000e+00
-5.922473983971269007e+00,1.924328447819235732e+00,0.000000000000000000e+00
-5.955970820372312069e+00,1.820923017660325494e+00,0.000000000000000000e+00
-5.989490713051622173e+00,1.717458825012788459e+00,0.000000000000000000e+00
-6.023058980636323945e+00,1.613873789826526073e+00,0.000000000000000000e+00
-6.056698294237483182e+00,1.510104489525931015e+00,0.000000000000000000e+00
-6.090428628119092913e+00,1.406086240553198419e+00,0.000000000000000000e+00
-6.124267212540635441e+00,1.301753181446087870e+00,0.000000000000000000e+00
-6.158228488816385848e+00,1.197038357396835062e+00,0.000000000000000000e+00
-6.192324066633403845e+00,1.091873806237831035e+00,0.000000000000000000e+00
-6.226567678099960368e+00,9.861914368387105778e-01,0.000000000000000000e+00
-6.260990430696663722e+00,8.799248211937962250e-01,0.000000000000000000e+00
-6.295625830710373627e+00,7.730056532327577168e-01,0.000000000000000000e+00
-6.330504592244476036e+00,6.653628440137103750e-01,0.000000000000000000e+00
-6.365654513385024416e+00,5.569226058438249138e-01,0.000000000000000000e+00
-6.401100354579779328e+00,4.476085407262395122e-01,0.000000000000000000e+00
-6.436863719361758385e+00,3.373417330793265778e-01,0.000000000000000000e+00
-6.472962937547821483e+00,2.260408466707319597e-01,0.000000000000000000e+00
-6.509412951041448459e+00,1.136222257050084339e-01,0.000000000000000000e+00
-6.546229327313942470e+00,8.016818792179550497e-16,0.000000000000000000e+00
-6.583450979070545550e+00,-1.149145642914118914e-01,0.000000000000000000e+00
-6.621123864078637844e+00,-2.312147402337996760e-01,0.000000000000000000e+00
-6.659289961298247462e+00,-3.489985984734887414e-01,0.000000000000000000e+00
-6.697987014780202308e+00,-4.683688783826067681e-01,0.000000000000000000e+00
-6.737248310534786455e+00,-5.894328505309763822e-01,0.000000000000000000e+00
-6.777102457320252071e+00,-7.123021710937789130e-01,0.000000000000000000e+00
-6.817573171601694071e+00,-8.370927282985385354e-01,0.000000000000000000e+00
-6.858680335459115263e+00,-9.639246593023028664e-01,0.000000000000000000e+00
-6.900468159038658733e+00,-1.092926787346620188e+00,0.000000000000000000e+00
-6.943004851159549240e+00,-1.224239082449189331e+00,0.000000000000000000e+00
-6.986353390892242388e+00,-1.358009531866981145e+00,0.000000000000000000e+00
-7.030569815512413889e+00,-1.494393746566358594e+00,0.000000000000000000e+00
-7.075702848957694080e+00,-1.633554717680856028e+00,0.000000000000000000e+00
-7.121793537702868271e+00,-1.775662559416924857e+00,0.000000000000000000e+00
-7.168874964118685966e+00,-1.920894257275292505e+00,0.000000000000000000e+00
-7.216996407903797817e+00,-2.069440419004304310e+00,0.000000000000000000e+00
-7.266258354096827965e+00,-2.221518118252704177e+00,0.000000000000000000e+00
-7.316759449019929029e+00,-2.377359257584804819e+00,0.000000000000000000e+00
-7.368586587412057298e+00,-2.537207832961833720e+00,0.000000000000000000e+00
-7.421814319947806382e+00,-2.701319496711657830e+00,0.000000000000000000e+00
-7.476504274656150528e+00,-2.869961098829046264e+00,0.000000000000000000e+00
-7.532718676975200367e+00,-3.043415897336285258e+00,0.000000000000000000e+00
-7.590589416232227826e+00,-3.222014047377743662e+00,0.000000000000000000e+00
-7.650261882302549665e+00,-3.406116040123567501e+00,0.000000000000000000e+00
-7.711862159831283314e+00,-3.596100383765073794e+00,0.000000000000000000e+00
-7.775496090252018710e+00,-3.792362835482348427e+00,0.000000000000000000e+00
-7.841253477528016269e+00,-3.995318202737209390e+00,0.000000000000000000e+00
-7.909307855291912936e+00,-4.205453584572934389e+00,0.000000000000000000e+00
-7.979905638937082379e+00,-4.423333925401816025e+00,0.000000000000000000e+00
-8.053265192614386336e+00,-4.649554826811360897e+00,0.000000000000000000e+00
-8.129571360246185208e+00,-4.884739279946249013e+00,0.000000000000000000e+00
-8.208997442952624013e+00,-5.129550912003130847e+00,0.000000000000000000e+00
-8.291772447620390452e+00,-5.384739988550587775e+00,0.000000000000000000e+00
-8.378105690221360646e+00,-5.651103643060301884e+00,0.000000000000000000e+00
-8.468161736847894971e+00,-5.929470682919919966e+00,0.000000000000000000e+00
-8.562290919951632162e+00,-6.220868490499005254e+00,0.000000000000000000e+00
-8.661342054542316760e+00,-6.526789384526016313e+00,0.000000000000000000e+00
-8.766153746244620848e+00,-6.848869921688928386e+00,0.000000000000000000e+00
-8.876740275414594095e+00,-7.188242541849791500e+00,0.000000000000000000e+00
-8.989349922069363785e+00,-7.542960204131913038e+00,0.000000000000000000e+00
-9.099205177455306881e+00,-7.909818385430645193e+00,0.000000000000000000e+00
-9.202692474370477882e+00,-8.286141522352474809e+00,0.000000000000000000e+00
-9.299961371776941377e+00,-8.672354279679497679e+00,0.000000000000000000e+00
-9.391985795678573723e+00,-9.069735256034286763e+00,0.000000000000000000e+00
-9.479405031334207976e+00,-9.479405031334204423e+00,0.000000000000000000e+00
-9.560072730423883058e+00,-9.899745114396504064e+00,0.000000000000000000e+00
-9.630261276056380382e+00,-1.032719086180522261e+01,0.000000000000000000e+00
-9.686462508905240298e+00,-1.075790648681393513e+01,0.000000000000000000e+00
-9.725426937926448190e+00,-1.118782389612674066e+01,0.000000000000000000e+00
-9.744173650717954160e+00,-1.161265395510495502e+01,0.000000000000000000e+00
-9.740932177286405036e+00,-1.202904944773178109e+01,0.000000000000000000e+00
-9.717363025911097907e+00,-1.243765749199733328e+01,0.000000000000000000e+00
-9.674283572227119876e+00,-1.283820791741140255e+01,0.000000000000000000e+00
-9.612096094316836314e+00,-1.322991528204926936e+01,0.000000000000000000e+00
-9.531229869703034652e+00,-1.361200694021728275e+01,0.000000000000000000e+00
-9.432140847125774386e+00,-1.398372386946335055e+01,0.000000000000000000e+00
-9.315332794596608679e+00,-1.434435459667230717e+01,0.000000000000000000e+00
-9.181455915207500595e+00,-1.469340092797475883e+01,0.000000000000000000e+00
-9.031213760431528570e+00,-1.503046376220784985e+01,0.000000000000000000e+00
-8.865332604613087142e+00,-1.535520649718677610e+01,0.000000000000000000e+00
-8.684542630482290804e+00,-1.566732963808057555e+01,0.000000000000000000e+00
-8.489096583046045197e+00,-1.596566861061581299e+01,0.000000000000000000e+00
-8.279041942588113656e+00,-1.624853469204119705e+01,0.000000000000000000e+00
-8.056007066465022959e+00,-1.651726223616317668e+01,0.000000000000000000e+00
-7.820748014116845503e+00,-1.677164823983493847e+01,0.000000000000000000e+00
-7.572443034110644788e+00,-1.700798552290733312e+01,0.000000000000000000e+00
-7.313021291796585999e+00,-1.722839851159845992e+01,0.000000000000000000e+00
-7.043502050344894627e+00,-1.743327932681935977e+01,0.000000000000000000e+00
-6.764194028995797581e+00,-1.762132789640403274e+01,0.000000000000000000e+00
-6.475824992531611812e+00,-1.779218293932046535e+01,0.000000000000000000e+00
-6.179057882165810867e+00,-1.794528711517448016e+01,0.000000000000000000e+00
-5.874537383892431741e+00,-1.807996699492630910e+01,0.000000000000000000e+00
-5.563024828733741600e+00,-1.819583432775602105e+01,0.000000000000000000e+00
-5.245515094634193964e+00,-1.829328510641281724e+01,0.000000000000000000e+00
-4.922781824427312714e+00,-1.837207188333935548e+01,0.000000000000000000e+00
-4.595603065576662871e+00,-1.843195715351375341e+01,0.000000000000000000e+00
-4.264770770876423533e+00,-1.847275170340344985e+01,0.000000000000000000e+00
-3.931051071338031555e+00,-1.849414123211439431e+01,0.000000000000000000e+00
-3.595158260576881926e+00,-1.849548586749956769e+01,0.000000000000000000e+00
-3.258036075674379806e+00,-1.847724076363073920e+01,0.000000000000000000e+00
-2.920502949173759077e+00,-1.843932991895873030e+01,0.000000000000000000e+00
-2.583390597653084875e+00,-1.838177923963287697e+01,0.000000000000000000e+00
-2.247489824361973199e+00,-1.830433572295173406e+01,0.000000000000000000e+00
-1.913871148383634591e+00,-1.820926762414343258e+01,0.000000000000000000e+00
-1.584021045869460353e+00,-1.810544340296263854e+01,0.000000000000000000e+00
-1.258457298179683548e+00,-1.799677781959098866e+01,0.000000000000000000e+00
-9.372520087105987718e-01,-1.788383368905460458e+01,0.000000000000000000e+00
-6.204271904661614601e-01,-1.776671016979637585e+01,0.000000000000000000e+00
-3.080039714795609895e-01,-1.764553570818558370e+01,0.000000000000000000e+00
-3.218451208332022094e-15,-1.752043234328370147e+01,0.000000000000000000e+00
3.035702672107329914e-01,-1.739152896074266152e+01,0.000000000000000000e+00
6.026957360463710556e-01,-1.725894774995697745e+01,0.000000000000000000e+00
8.973615263886822735e-01,-1.712267794333083515e+01,0.000000000000000000e+00
1.187539727223213326e+00,-1.698260930560591575e+01,0.000000000000000000e+00
1.473236880477860611e+00,-1.683917459821896756e+01,0.000000000000000000e+00
1.754457270818068793e+00,-1.669254589392387800e+01,0.000000000000000000e+00
2.031205225094327105e+00,-1.654283901948028657e+01,0.000000000000000000e+00
2.303489550038137157e+00,-1.639017980016978626e+01,0.000000000000000000e+00
2.571330875418752715e+00,-1.623474420940587493e+01,0.000000000000000000e+00
2.834717881076863399e+00,-1.607648398269648737e+01,0.000000000000000000e+00
3.093543579130040744e+00,-1.591490204359266514e+01,0.000000000000000000e+00
3.347924671608810243e+00,-1.575074721431663605e+01,0.000000000000000000e+00
3.597949422764584071e+00,-1.558443112159940647e+01,0.000000000000000000e+00
3.843581021137719933e+00,-1.541576147607941927e+01,0.000000000000000000e+00
4.084742320230776436e+00,-1.524446587492801797e+01,0.000000000000000000e+00
4.321467039998814208e+00,-1.507074657387426875e+01,0.000000000000000000e+00
4.553934871212326208e+00,-1.489524979791107562e+01,0.000000000000000000e+00
4.782128805078682099e+00,-1.471787909604223543e+01,0.000000000000000000e+00
5.005794839493966641e+00,-1.453788382427189596e+01,0.000000000000000000e+00
5.225195166098387745e+00,-1.435610573109878985e+01,0.000000000000000000e+00
5.440998727036493676e+00,-1.417428628481569852e+01,0.000000000000000000e+00
5.653999291824716167e+00,-1.399413931642040687e+01,0.000000000000000000e+00
5.864550388203539022e+00,-1.381601490654192865e+01,0.000000000000000000e+00
6.072850144600081101e+00,-1.363984474718130713e+01,0.000000000000000000e+00
6.279041229805438107e+00,-1.346544737148260396e+01,0.000000000000000000e+00
6.483280798839688330e+00,-1.329269552789830122e+01,0.000000000000000000e+00
6.685722208181826609e+00,-1.312146864266675017e+01,0.000000000000000000e+00
6.886509319257368311e+00,-1.295164033058149755e+01,0.000000000000000000e+00
7.085783322463782063e+00,-1.278309149723049565e+01,0.000000000000000000e+00
7.283681512706300154e+00,-1.261570644615744463e+01,0.000000000000000000e+00
7.480337444349972387e+00,-1.244937212968997109e+01,0.000000000000000000e+00
7.675881587306420784e+00,-1.228397834499690155e+01,0.000000000000000000e+00
7.870441328136138281e+00,-1.211941685095516696e+01,0.000000000000000000e+00
8.064142039575893151e+00,-1.195558223241795659e+01,0.000000000000000000e+00
8.257106510322268278e+00,-1.179237020417408743e+01,0.000000000000000000e+00
8.449455908284679850e+00,-1.162967834998137917e+01,0.000000000000000000e+00
8.641309995156918333e+00,-1.146740568108968894e+01,0.000000000000000000e+00
8.832786907814718091e+00,-1.130545169160202157e+01,0.000000000000000000e+00
9.024004423151602339e+00,-1.114371740270963862e+01,0.000000000000000000e+00
9.215079166788648024e+00,-1.098210370306043338e+01,0.000000000000000000e+00
9.406127713786986533e+00,-1.082051215622654006e+01,0.000000000000000000e+00
9.597266599121718755e+00,-1.065884439313679977e+01,0.000000000000000000e+00
9.788612217268898519e+00,-1.049700145636451154e+01,0.000000000000000000e+00
9.980282056095287402e+00,-1.033488460926676034e+01,0.000000000000000000e+00
1.017239378096902769e+01,-1.017239378096903124e+01,0.000000000000000000e+00
1.036506657997535363e+01,-1.000942844641015839e+01,0.000000000000000000e+00
1.055842092663983145e+01,-9.845886799883228235e+00,0.000000000000000000e+00
1.075257867524468480e+01,-9.681665325821022350e+00,0.000000000000000000e+00
1.094766428726829055e+01,-9.516659374986659259e+00,0.000000000000000000e+00
1.114380387946605566e+01,-9.350761725171917504e+00,0.000000000000000000e+00
1.134112669876807900e+01,-9.183863319104002443e+00,0.000000000000000000e+00
1.153976495831239468e+01,-9.015852495195375127e+00,0.000000000000000000e+00
1.173985382097489882e+01,-8.846614394410400095e+00,0.000000000000000000e+00
1.194153292824945822e+01,-8.676031521949624903e+00,0.000000000000000000e+00
1.214494550165264464e+01,-8.503982391403294372e+00,0.000000000000000000e+00
1.235023951721691660e+01,-8.330341739406721402e+00,0.000000000000000000e+00
1.255756840261101814e+01,-8.154980272752727188e+00,0.000000000000000000e+00
1.276709047261334362e+01,-7.977763549389668363e+00,0.000000000000000000e+00
1.297897060933833480e+01,-7.798552314667549723e+00,0.000000000000000000e+00
1.319338040307665771e+01,-7.617201727237451259e+00,0.000000000000000000e+00
1.341049811292519145e+01,-7.433560488484707740e+00,0.000000000000000000e+00
1.363051042158778792e+01,-7.247470949518305616e+00,0.000000000000000000e+00
1.385361261333222060e+01,-7.058768193929791046e+00,0.000000000000000000e+00
1.408000881714737673e+01,-6.867279147417435503e+00,0.000000000000000000e+00
1.430991365444596397e+01,-6.672822324604945621e+00,0.000000000000000000e+00
1.454355302512377435e+01,-6.475206993090841578e+00,0.000000000000000000e+00
1.478116448121093818e+01,-6.274232076525969148e+00,0.000000000000000000e+00
1.502299852927324508e+01,-6.069685396509386877e+00,0.000000000000000000e+00
1.526932034071426258e+01,-5.861342918234935695e+00,0.000000000000000000e+00
1.552041050893712182e+01,-5.648967448845470862e+00,0.000000000000000000e+00
1.577656633880659598e+01,-5.432307433347363101e+00,0.000000000000000000e+00
1.603810348225130866e+01,-5.211095711605017833e+00,0.000000000000000000e+00
1.630535786826139244e+01,-4.985048172490876617e+00,0.000000000000000000e+00
1.657868749621561122e+01,-4.753862141477082304e+00,0.000000000000000000e+00
1.685847432404718660e+01,-4.517214580749259412e+00,0.000000000000000000e+00
1.714512659513082227e+01,-4.274760172457473750e+00,0.000000000000000000e+00
1.743908141149942281e+01,-4.026129180364310223e+00,0.000000000000000000e+00
1.774080758214807574e+01,-3.770925060910863991e+00,0.000000000000000000e+00
1.805080878118341658e+01,-3.508721791072273444e+00,0.000000000000000000e+00
1.836962708696433566e+01,-3.239060880984873769e+00,0.000000000000000000e+00
1.869784689972367531e+01,-2.961448016486605717e+00,0.000000000000000000e+00
1.903609953239374875e+01,-2.675349317760429724e+00,0.000000000000000000e+00
1.938506754338425253e+01,-2.380187006387595616e+00,0.000000000000000000e+00
1.974549384202453339e+01,-2.075335030209111586e+00,0.000000000000000000e+00
2.011817162000852122e+01,-1.760111947619721784e+00,0.000000000000000000e+00
2.050401970677437902e+01,-1.433780730121632541e+00,0.000000000000000000e+00
2.090390554071161588e+01,-1.095527267731167598e+00,0.000000000000000000e+00
2.131839283297704668e+01,-7.444546820549151622e-01,0.000000000000000000e+00
2.175395820662647495e+01,-3.797167529424172461e-01,0.000000000000000000e+00
2.212868469942243976e+01,-5.419964577297740188e-15,0.000000000000000000e+00
