2.358431778456008843e+01,0.000000000000000000e+00,0.000000000000000000e+00
2.361630339398808687e+01,4.122241091065473317e-01,0.000000000000000000e+00
2.363773006541942578e+01,8.254477229226666601e-01,0.000000000000000000e+00
2.364862386763400437e+01,1.239371860002622894e+00,0.000000000000000000e+00
2.364901899220798498e+01,1.653700503716634351e+00,0.000000000000000000e+00
2.363895761250537575e+01,2.068140808664062469e+00,0.000000000000000000e+00
2.361848594086960063e+01,2.482402902948229961e+00,0.000000000000000000e+00
2.358764274764933333e+01,2.896198357504705445e+00,0.000000000000000000e+00
2.354647073322750472e+01,3.309240651143224632e+00,0.000000000000000000e+00
2.349502024580485227e+01,3.721245632045450336e+00,0.000000000000000000e+00
2.343334918605122041e+01,4.131931709863575719e+00,0.000000000000000000e+00
2.336152290719747882e+01,4.541020044628937491e+00,0.000000000000000000e+00
2.327961484044596929e+01,4.948234887487616085e+00,0.000000000000000000e+00
2.318771770542034716e+01,5.353306442980588109e+00,0.000000000000000000e+00
2.308594102016114746e+01,5.755971568312240549e+00,0.000000000000000000e+00
2.297439850274576045e+01,6.155971525401520594e+00,0.000000000000000000e+00
2.285308623489222057e+01,6.553017028203472982e+00,0.000000000000000000e+00
2.272183566913188812e+01,6.946762303115389336e+00,0.000000000000000000e+00
2.258056202023524150e+01,7.336869352383136089e+00,0.000000000000000000e+00
2.242966821516339238e+01,7.723154123406276383e+00,0.000000000000000000e+00
2.226964640321624245e+01,8.105488418404105389e+00,0.000000000000000000e+00
2.210036180998766753e+01,8.483534060124471310e+00,0.000000000000000000e+00
2.192149539509761880e+01,8.856859049144061302e+00,0.000000000000000000e+00
2.173327240767910595e+01,9.225226810882862338e+00,0.000000000000000000e+00
2.153615752116641957e+01,9.588515099746466319e+00,0.000000000000000000e+00
2.133068657607648078e+01,9.946662504128489957e+00,0.000000000000000000e+00
2.111663464455112660e+01,1.029927087698647092e+01,0.000000000000000000e+00
2.089359424151160738e+01,1.064581799746041213e+01,0.000000000000000000e+00
2.066204226668689969e+01,1.098620275058554441e+01,0.000000000000000000e+00
2.042267792130281379e+01,1.132047522668277040e+01,0.000000000000000000e+00
2.017574333952336829e+01,1.164847084817461287e+01,0.000000000000000000e+00
1.992079595426528726e+01,1.196962178860155923e+01,0.000000000000000000e+00
1.965746781458392789e+01,1.228334917347752508e+01,0.000000000000000000e+00
1.938682477237237478e+01,1.258995121516821847e+01,0.000000000000000000e+00
1.910917970105065322e+01,1.288930445823108251e+01,0.000000000000000000e+00
1.882456701360361251e+01,1.318110372645909401e+01,0.000000000000000000e+00
1.853318519084076499e+01,1.346514722054496360e+01,0.000000000000000000e+00
1.823520495253479723e+01,1.374121254643712575e+01,0.000000000000000000e+00
1.793083056009204412e+01,1.400910018792730405e+01,0.000000000000000000e+00
1.762027970837383606e+01,1.426862116827110505e+01,0.000000000000000000e+00
1.730378653191514715e+01,1.451960089690038558e+01,0.000000000000000000e+00
1.698159844476305835e+01,1.476187831495318292e+01,0.000000000000000000e+00
1.665397436173449819e+01,1.499530586893827966e+01,0.000000000000000000e+00
1.632118351715382687e+01,1.521974985336728103e+01,0.000000000000000000e+00
1.598350077428688287e+01,1.543508727984901796e+01,0.000000000000000000e+00
1.564121584024421452e+01,1.564121584024421097e+01,0.000000000000000000e+00
1.529459528237123145e+01,1.583801705205364208e+01,0.000000000000000000e+00
1.494397799812726113e+01,1.602545440848896874e+01,0.000000000000000000e+00
1.458893075394109218e+01,1.620264907330346560e+01,0.000000000000000000e+00
1.423003979392288443e+01,1.636978821242665205e+01,0.000000000000000000e+00
1.386798269673645301e+01,1.652721820087000637e+01,0.000000000000000000e+00
1.350305333729571267e+01,1.667488217076761003e+01,0.000000000000000000e+00
1.313552612802730302e+01,1.681270675202210185e+01,0.000000000000000000e+00
1.276577851588587365e+01,1.694076027345943203e+01,0.000000000000000000e+00
1.239302498286374465e+01,1.705753552636123160e+01,0.000000000000000000e+00
1.201831344335537644e+01,1.716393038852994124e+01,0.000000000000000000e+00
1.164224780398830283e+01,1.726034217994622111e+01,0.000000000000000000e+00
1.126507125024705758e+01,1.734668853313038284e+01,0.000000000000000000e+00
1.088716028580766704e+01,1.742309852858244312e+01,0.000000000000000000e+00
1.050746531196008071e+01,1.748735893020494103e+01,0.000000000000000000e+00
1.012761514041219790e+01,1.754154398269773196e+01,0.000000000000000000e+00
9.747845079744090313e+00,1.758557803484591631e+01,0.000000000000000000e+00
9.368505763855486279e+00,1.761959673083266154e+01,0.000000000000000000e+00
8.989323704542583116e+00,1.764254113992175022e+01,0.000000000000000000e+00
8.610457862563935194e+00,1.765405483337148951e+01,0.000000000000000000e+00
8.232925144244303439e+00,1.765556494786906683e+01,0.000000000000000000e+00
7.856922237451323454e+00,1.764693627502146356e+01,0.000000000000000000e+00
7.482785038273638278e+00,1.762833683536752361e+01,0.000000000000000000e+00
7.110100960451559260e+00,1.759811741367623483e+01,0.000000000000000000e+00
6.739579260249283443e+00,1.755720423151254650e+01,0.000000000000000000e+00
6.371778508232054605e+00,1.750631757313382053e+01,0.000000000000000000e+00
6.006955423315432085e+00,1.744546528210645064e+01,0.000000000000000000e+00
5.645359257393030461e+00,1.737462924791844188e+01,0.000000000000000000e+00
5.287284748387936162e+00,1.729392916393594248e+01,0.000000000000000000e+00
4.932492608773532794e+00,1.720164596797534529e+01,0.000000000000000000e+00
4.581828142172669871e+00,1.709961541813732211e+01,0.000000000000000000e+00
4.235545393155645932e+00,1.698784470599423813e+01,0.000000000000000000e+00
3.893925652071193788e+00,1.686644501820258313e+01,0.000000000000000000e+00
3.557233256821024536e+00,1.673546668647828639e+01,0.000000000000000000e+00
3.225739721605000554e+00,1.659499223925794453e+01,0.000000000000000000e+00
2.899716679131163488e+00,1.644511048439879630e+01,0.000000000000000000e+00
2.579437359580396993e+00,1.628592653606012419e+01,0.000000000000000000e+00
2.265175716466166556e+00,1.611756270882328934e+01,0.000000000000000000e+00
1.957205837696744499e+00,1.594016237305650385e+01,0.000000000000000000e+00
1.655800824073841104e+00,1.575389250384062123e+01,0.000000000000000000e+00
1.361231812126798557e+00,1.555895080879191816e+01,0.000000000000000000e+00
1.073765137963700989e+00,1.535555687611109299e+01,0.000000000000000000e+00
7.936636137981747385e-01,1.514400389895926580e+01,0.000000000000000000e+00
5.211750735441351701e-01,1.492450141075197934e+01,0.000000000000000000e+00
2.565482885621256925e-01,1.469764160816129461e+01,0.000000000000000000e+00
8.856243746752047481e-16,1.446334363984474436e+01,0.000000000000000000e+00
-2.482036556554799434e-01,1.421957790911670116e+01,0.000000000000000000e+00
-4.877957044163838685e-01,1.396864134198589902e+01,0.000000000000000000e+00
-7.186444132027394183e-01,1.371255227819375833e+01,0.000000000000000000e+00
-9.405142841832597744e-01,1.344998088777510858e+01,0.000000000000000000e+00
-1.152953784579690444e+00,1.317832206041248888e+01,0.000000000000000000e+00
-1.356015337755728689e+00,1.290162412892375521e+01,0.000000000000000000e+00
-1.549599292936757022e+00,1.262047346622144772e+01,0.000000000000000000e+00
-1.733132781622967133e+00,1.233188051923159101e+01,0.000000000000000000e+00
-1.906454795706564065e+00,1.203688185405180633e+01,0.000000000000000000e+00
-2.069600530955193474e+00,1.173728786507734867e+01,0.000000000000000000e+00
-2.222557246494738958e+00,1.143406580817842588e+01,0.000000000000000000e+00
-2.365089529722872452e+00,1.112687141314647299e+01,0.000000000000000000e+00
-2.496441945675509810e+00,1.081327805924447638e+01,0.000000000000000000e+00
-2.616114876353024865e+00,1.049266366601619538e+01,0.000000000000000000e+00
-2.725369626048571359e+00,1.017121791381825702e+01,0.000000000000000000e+00
-2.826298044808639887e+00,9.856472624064974042e+00,0.000000000000000000e+00
-2.920836898074854471e+00,9.553627016233235736e+00,0.000000000000000000e+00
-3.009914292286519188e+00,9.263563665678725911e+00,0.000000000000000000e+00
-3.094350760355876861e+00,8.986647137569999444e+00,0.000000000000000000e+00
-3.174945987037661954e+00,8.723092407374045010e+00,0.000000000000000000e+00
-3.252158801372097674e+00,8.472163330102151946e+00,0.000000000000000000e+00
-3.326219224091029769e+00,8.232681473128259597e+00,0.000000000000000000e+00
-3.397273289059775880e+00,8.003474315381318149e+00,0.000000000000000000e+00
-3.465396364987936462e+00,7.783407671916905635e+00,0.000000000000000000e+00
-3.530752680837188073e+00,7.571723558663029152e+00,0.000000000000000000e+00
-3.593581284479954618e+00,7.367933512596709811e+00,0.000000000000000000e+00
-3.654089633639390655e+00,7.171554703038136580e+00,0.000000000000000000e+00
-3.712451175984192275e+00,6.982105177979589072e+00,0.000000000000000000e+00
-3.768808095343738618e+00,6.799109784453643890e+00,0.000000000000000000e+00
-3.823306319868048142e+00,6.622160798910647905e+00,0.000000000000000000e+00
-3.876091996640670168e+00,6.450900381712119547e+00,0.000000000000000000e+00
-3.927287269169321249e+00,6.284973422315001557e+00,0.000000000000000000e+00
-3.976989888844286725e+00,6.124027391276168686e+00,0.000000000000000000e+00
-4.025273495497016185e+00,5.967713372012720896e+00,0.000000000000000000e+00
-4.072190677554262450e+00,5.815690999222945301e+00,0.000000000000000000e+00
-4.117819068524568138e+00,5.667691717688665420e+00,0.000000000000000000e+00
-4.162259606255004130e+00,5.523505056720508399e+00,0.000000000000000000e+00
-4.205600432793884735e+00,5.382923082302123241e+00,0.000000000000000000e+00
-4.247915846798900219e+00,5.245739200412148584e+00,0.000000000000000000e+00
-4.289266474489223491e+00,5.111748730566432641e+00,0.000000000000000000e+00
-4.329699459845014253e+00,4.980749471367571957e+00,0.000000000000000000e+00
-4.369248971741153120e+00,4.852542588420306835e+00,0.000000000000000000e+00
-4.407956863758823118e+00,4.726955015833496532e+00,0.000000000000000000e+00
-4.445887986651761103e+00,4.603851781895224704e+00,0.000000000000000000e+00
-4.483101794295055953e+00,4.483101794295056841e+00,0.000000000000000000e+00
-4.519649483067099460e+00,4.364574771860490365e+00,0.000000000000000000e+00
-4.555574101541094656e+00,4.248141575705095541e+00,0.000000000000000000e+00
-4.590910671047207181e+00,4.133674535221018687e+00,0.000000000000000000e+00
-4.625686316922932306e+00,4.021047768599092187e+00,0.000000000000000000e+00
-4.659920410260691703e+00,3.910137497565226994e+00,0.000000000000000000e+00
-4.693628051297410231e+00,3.800825053696841316e+00,0.000000000000000000e+00
-4.726845109215314977e+00,3.693016142553501524e+00,0.000000000000000000e+00
-4.759615924281792587e+00,3.586627856676297910e+00,0.000000000000000000e+00
-4.791980172678343308e+00,3.481577388809290241e+00,0.000000000000000000e+00
-4.823972818294799403e+00,3.377782131488759276e+00,0.000000000000000000e+00
-4.855624166230211536e+00,3.275159854708184604e+00,0.000000000000000000e+00
-4.886959921878314184e+00,3.173628880919689088e+00,0.000000000000000000e+00
-4.918001255501342150e+00,3.073108257214383077e+00,0.000000000000000000e+00
-4.948764872191918407e+00,2.973517924527083078e+00,0.000000000000000000e+00
-4.979263087122328457e+00,2.874778883716042621e+00,0.000000000000000000e+00
-5.009508255239038199e+00,2.776815769206367968e+00,0.000000000000000000e+00
-5.039525735661719352e+00,2.679563364752090671e+00,0.000000000000000000e+00
-5.069341711085866287e+00,2.582958613981883200e+00,0.000000000000000000e+00
-5.098979181230022917e+00,2.486938315104755048e+00,0.000000000000000000e+00
-5.128457982735040055e+00,2.391439231875485127e+00,0.000000000000000000e+00
-5.157794812350369185e+00,2.296398203393944737e+00,0.000000000000000000e+00
-5.187003253363009492e+00,2.201752252649888053e+00,0.000000000000000000e+00
-5.216093805222405067e+00,2.107438693726151335e+00,0.000000000000000000e+00
-5.245073916312552598e+00,2.013395237574747032e+00,0.000000000000000000e+00
-5.273948019820251965e+00,1.919560096281752060e+00,0.000000000000000000e+00
-5.302718270585256910e+00,1.825872326058125106e+00,0.000000000000000000e+00
-5.331405556942325319e+00,1.732278674056129786e+00,0.000000000000000000e+00
-5.360053748416743424e+00,1.638732885158499686e+00,0.000000000000000000e+00
-5.388706262696842053e+00,1.545186656037913275e+00,0.000000000000000000e+00
-5.417404557034666723e+00,1.451589176130124503e+00,0.000000000000000000e+00
-5.446188028814557214e+00,1.357887184332772446e+00,0.000000000000000000e+00
-5.475093917532467991e+00,1.264025028983292831e+00,0.000000000000000000e+00
-5.504157208282545177e+00,1.169944731083805589e+00,0.000000000000000000e+00
-5.533410536846754546e+00,1.075586050738181809e+00,0.000000000000000000e+00
-5.562884096482615170e+00,9.808865567639162286e-01,0.000000000000000000e+00
-5.592605546503275349e+00,8.857816994388194587e-01,0.000000000000000000e+00
-5.622596303681073771e+00,7.902043777139207137e-01,0.000000000000000000e+00
-5.652839597545009198e+00,6.940814278391163050e-01,0.000000000000000000e+00
-5.683295485352892307e+00,5.973384257768887817e-01,0.000000000000000000e+00
-5.713920596610483571e+00,4.999032764907041515e-01,0.000000000000000000e+00
-5.744668459322334719e+00,4.017063510328499065e-01,0.000000000000000000e+00
-5.775489603290348661e+00,3.026805843807396368e-01,0.000000000000000000e+00
-5.806331666081172571e+00,2.027615697038545883e-01,0.000000000000000000e+00
-5.837139501553530785e+00,1.018876489946800856e-01,0.000000000000000000e+00
-5.867855290835182203e+00,7.186050199781167669e-16,0.000000000000000000e+00
-5.898418655637605035e+00,-1.029572806079623870e-01,0.000000000000000000e+00
-5.928768028026557779e+00,-2.070371416767587402e-01,0.000000000000000000e+00
-5.958862738111738722e+00,-3.122907631568970221e-01,0.000000000000000000e+00
-5.988680268642690763e+00,-4.187693189351860967e-01,0.000000000000000000e+00
-6.018196424475752870e+00,-5.265239620138766341e-01,0.000000000000000000e+00
-6.047384613800341313e+00,-6.356057351909005781e-01,0.000000000000000000e+00
-6.076215834882796152e+00,-7.460654932373615988e-01,0.000000000000000000e+00
-6.104658664978534155e+00,-8.579538243492703664e-01,0.000000000000000000e+00
-6.132679251438938550e+00,-9.713209709290515637e-01,0.000000000000000000e+00
-6.160241305037868820e+00,-1.086216749752902277e+00,0.000000000000000000e+00
-6.187306095541535989e+00,-1.202690471581053133e+00,0.000000000000000000e+00
-6.213832449543913228e+00,-1.320790860268663547e+00,0.000000000000000000e+00
-6.239787668990497416e+00,-1.440568492147429991e+00,0.000000000000000000e+00
-6.265275619774711480e+00,-1.562108657540498324e+00,0.000000000000000000e+00
-6.290490845840198020e+00,-1.685531942138248418e+00,0.000000000000000000e+00
-6.315622337419131149e+00,-1.810975563450191395e+00,0.000000000000000000e+00
-6.340850856027372195e+00,-1.938592653240976071e+00,0.000000000000000000e+00
-6.366348207399481929e+00,-2.068551925661149760e+00,0.000000000000000000e+00
-6.392276525543275412e+00,-2.201037319527870739e+00,0.000000000000000000e+00
-6.418787568710416558e+00,-2.336247615088517637e+00,0.000000000000000000e+00
-6.446022028070212073e+00,-2.474396025622207063e+00,0.000000000000000000e+00
-6.474108849863965176e+00,-2.615709764256525016e+00,0.000000000000000000e+00
-6.503164571806964389e+00,-2.760429586398572610e+00,0.000000000000000000e+00
-6.533292674494077801e+00,-2.908809308200885457e+00,0.000000000000000000e+00
-6.564548529750021011e+00,-3.061099251752569916e+00,0.000000000000000000e+00
-6.596823792041048407e+00,-3.217485944405038989e+00,0.000000000000000000e+00
-6.629960537756273808e+00,-3.378133623130584962e+00,0.000000000000000000e+00
-6.663793863459165578e+00,-3.543202047849123737e+00,0.000000000000000000e+00
-6.698151995386118607e+00,-3.712846279048950038e+00,0.000000000000000000e+00
-6.732856403834503567e+00,-3.887216457168947592e+00,0.000000000000000000e+00
-6.767721923715794397e+00,-4.066457584490263955e+00,0.000000000000000000e+00
-6.802556881222980856e+00,-4.250709309696138583e+00,0.000000000000000000e+00
-6.837163226557636087e+00,-4.440105715257320007e+00,0.000000000000000000e+00
-6.871333271296571787e+00,-4.634772813552268111e+00,0.000000000000000000e+00
-6.904825250591959396e+00,-4.834810690485235263e+00,0.000000000000000000e+00
-6.937379159973565024e+00,-5.040300992618899301e+00,0.000000000000000000e+00
-6.968731480424786184e+00,-5.251315831152934877e+00,0.000000000000000000e+00
-6.998615580205082232e+00,-5.467917758260194994e+00,0.000000000000000000e+00
-7.026762013137603624e+00,-5.690159683300039184e+00,0.000000000000000000e+00
-7.052898818671855530e+00,-5.918084797478226911e+00,0.000000000000000000e+00
-7.076751823498255156e+00,-6.151726506983832721e+00,0.000000000000000000e+00
-7.098044944490828456e+00,-6.391108374627379796e+00,0.000000000000000000e+00
-7.116500492754383345e+00,-6.636244069999563955e+00,0.000000000000000000e+00
-7.131839478552072009e+00,-6.887137328163673189e+00,0.000000000000000000e+00
-7.143781916889642147e+00,-7.143781916889639483e+00,0.000000000000000000e+00
-7.152047133532599688e+00,-7.406161612431952257e+00,0.000000000000000000e+00
-7.156354071232938985e+00,-7.674250183847943774e+00,0.000000000000000000e+00
-7.156421595942568992e+00,-7.948011385847718380e+00,0.000000000000000000e+00
-7.152331427154290822e+00,-8.227816111772245478e+00,0.000000000000000000e+00
-7.145017116103194788e+00,-8.515099817263100945e+00,0.000000000000000000e+00
-7.133539905538125225e+00,-8.809188145378357149e+00,0.000000000000000000e+00
-7.116490158446038272e+00,-9.108692028887409364e+00,0.000000000000000000e+00
-7.092553709079896684e+00,-9.412136671699109058e+00,0.000000000000000000e+00
-7.060515401805658620e+00,-9.717965748253568847e+00,0.000000000000000000e+00
-7.019262481926435093e+00,-1.002454572236293728e+01,0.000000000000000000e+00
-6.967788328239336693e+00,-1.033017101230626622e+01,0.000000000000000000e+00
-6.905363098434049718e+00,-1.063332669769670780e+01,0.000000000000000000e+00
-6.831753618214999157e+00,-1.093309120913059118e+01,0.000000000000000000e+00
-6.746845848317842176e+00,-1.122863711593715230e+01,0.000000000000000000e+00
-6.650690668886039880e+00,-1.151933414393484867e+01,0.000000000000000000e+00
-6.543474956283560573e+00,-1.180474130655814413e+01,0.000000000000000000e+00
-6.425587153191787415e+00,-1.208477181439719139e+01,0.000000000000000000e+00
-6.297258297367039681e+00,-1.235906529029202439e+01,0.000000000000000000e+00
-6.158372260439975321e+00,-1.262653430345544514e+01,0.000000000000000000e+00
-6.009650195145384011e+00,-1.288773643333087726e+01,0.000000000000000000e+00
-5.851457586450296233e+00,-1.314258892010817803e+01,0.000000000000000000e+00
-5.683869279986144107e+00,-1.339035689028830411e+01,0.000000000000000000e+00
-5.507174180381842810e+00,-1.363073441333675007e+01,0.000000000000000000e+00
-5.321676368444481220e+00,-1.386344091327412009e+01,0.000000000000000000e+00
-5.127733836783386678e+00,-1.408833292953573846e+01,0.000000000000000000e+00
-4.925703929122891012e+00,-1.430528293116924132e+01,0.000000000000000000e+00
-4.716016663800057351e+00,-1.451440684722159169e+01,0.000000000000000000e+00
-4.498512849660393442e+00,-1.471397253359623036e+01,0.000000000000000000e+00
-4.273667463667956135e+00,-1.490404964096859253e+01,0.000000000000000000e+00
-4.042335882028177174e+00,-1.508620289298791839e+01,0.000000000000000000e+00
-3.804605976275430290e+00,-1.525944110926202057e+01,0.000000000000000000e+00
-3.560306321225442439e+00,-1.542138093544935984e+01,0.000000000000000000e+00
-3.310781274914296635e+00,-1.557600127185922823e+01,0.000000000000000000e+00
-3.055387132520151816e+00,-1.571860414295049857e+01,0.000000000000000000e+00
-2.795318514980266400e+00,-1.585303907404836110e+01,0.000000000000000000e+00
-2.530321918220943100e+00,-1.597582384378292275e+01,0.000000000000000000e+00
-2.261306122669500596e+00,-1.609002911828465443e+01,0.000000000000000000e+00
-1.988108649954136276e+00,-1.619184558167940224e+01,0.000000000000000000e+00
-1.711685584967167051e+00,-1.628560048641682556e+01,0.000000000000000000e+00
-1.431860249248669392e+00,-1.636623753915716861e+01,0.000000000000000000e+00
-1.149441176342026028e+00,-1.643777464458960935e+01,0.000000000000000000e+00
-8.646522357728553265e-01,-1.649854749813150434e+01,0.000000000000000000e+00
-5.778421370953192859e-01,-1.654723379540248374e+01,0.000000000000000000e+00
-2.895235626546456831e-01,-1.658679379568543766e+01,0.000000000000000000e+00
-3.052009636733223388e-15,-1.661436662858304203e+01,0.000000000000000000e+00
2.902888333717287273e-01,-1.663063612570461913e+01,0.000000000000000000e+00
5.809945253817202504e-01,-1.663750638481813127e+01,0.000000000000000000e+00
8.716470815580924514e-01,-1.663201710666930566e+01,0.000000000000000000e+00
1.161874508570112541e+00,-1.661557957924238238e+01,0.000000000000000000e+00
1.451415036601239716e+00,-1.658974978136649270e+01,0.000000000000000000e+00
1.739615449597818220e+00,-1.655133539767000173e+01,0.000000000000000000e+00
2.026410359839015296e+00,-1.650378797576556877e+01,0.000000000000000000e+00
2.312055913078398639e+00,-1.645113264037741274e+01,0.000000000000000000e+00
2.596321178749368741e+00,-1.639252677491174026e+01,0.000000000000000000e+00
2.879413559305724402e+00,-1.632996577005131300e+01,0.000000000000000000e+00
3.161114958481391568e+00,-1.626252665459931634e+01,0.000000000000000000e+00
3.441295383813121944e+00,-1.619002187829649131e+01,0.000000000000000000e+00
3.720153545312927079e+00,-1.611375533015561956e+01,0.000000000000000000e+00
3.997154542274081734e+00,-1.603171122654910263e+01,0.000000000000000000e+00
4.272709183934871646e+00,-1.594596776041107589e+01,0.000000000000000000e+00
4.546396618018736291e+00,-1.585516923310798632e+01,0.000000000000000000e+00
4.818318370751888402e+00,-1.576000925966405219e+01,0.000000000000000000e+00
5.088402320987036376e+00,-1.566049205382616094e+01,0.000000000000000000e+00
5.356414493585853975e+00,-1.555615723761249036e+01,0.000000000000000000e+00
5.622582427432338825e+00,-1.544791825839273613e+01,0.000000000000000000e+00
5.886432488415477948e+00,-1.533468090562952035e+01,0.000000000000000000e+00
6.148362794461078806e+00,-1.521773192260449825e+01,0.000000000000000000e+00
6.407819517624451677e+00,-1.509587677036719633e+01,0.000000000000000000e+00
6.665182608072781179e+00,-1.497024524251826172e+01,0.000000000000000000e+00
6.920044567732559493e+00,-1.484008346573704173e+01,0.000000000000000000e+00
7.172499251521955443e+00,-1.470580276912009232e+01,0.000000000000000000e+00
7.422597928335285644e+00,-1.456766867229160312e+01,0.000000000000000000e+00
7.669824175408897382e+00,-1.442484131124463254e+01,0.000000000000000000e+00
7.914867796438717740e+00,-1.427879948143536915e+01,0.000000000000000000e+00
8.156763810500594403e+00,-1.412792934512614451e+01,0.000000000000000000e+00
8.396107093379933772e+00,-1.397346876712987118e+01,0.000000000000000000e+00
8.632889780064145313e+00,-1.381551160044226023e+01,0.000000000000000000e+00
8.866273185515876065e+00,-1.365286343798462632e+01,0.000000000000000000e+00
9.097017910387439343e+00,-1.348688368380176783e+01,0.000000000000000000e+00
9.325036267908073384e+00,-1.331753195881083940e+01,0.000000000000000000e+00
9.549460302876420670e+00,-1.314370451113628846e+01,0.000000000000000000e+00
9.770962622998954572e+00,-1.296650535109735358e+01,0.000000000000000000e+00
9.989467691664305704e+00,-1.278593558200883251e+01,0.000000000000000000e+00
1.020491968714355302e+01,-1.260202630432213766e+01,0.000000000000000000e+00
1.041683388969295265e+01,-1.241429921149869919e+01,0.000000000000000000e+00
1.062510693240603743e+01,-1.222278733838484754e+01,0.000000000000000000e+00
1.083109807066520602e+01,-1.202915306662311501e+01,0.000000000000000000e+00
1.103663502955457254e+01,-1.183534206965667579e+01,0.000000000000000000e+00
1.124211446890341293e+01,-1.164155032365307108e+01,0.000000000000000000e+00
1.144768205581918608e+01,-1.144768205581919140e+01,0.000000000000000000e+00
1.165346036648955241e+01,-1.125361586357810317e+01,0.000000000000000000e+00
1.185957489145629928e+01,-1.105923250146241621e+01,0.000000000000000000e+00
1.206615243673694771e+01,-1.086441245315217863e+01,0.000000000000000000e+00
1.227332092101413608e+01,-1.066903510560002744e+01,0.000000000000000000e+00
1.248120969806853964e+01,-1.047297845429561036e+01,0.000000000000000000e+00
1.268994992014425627e+01,-1.027611882737708626e+01,0.000000000000000000e+00
1.289967483929512149e+01,-1.007833053855164351e+01,0.000000000000000000e+00
1.311052019486833764e+01,-9.879485591797509514e+00,0.000000000000000000e+00
1.332262453629054022e+01,-9.679453310262781329e+00,0.000000000000000000e+00
1.353612962790540131e+01,-9.478100003643163518e+00,0.000000000000000000e+00
1.375118083185260787e+01,-9.275288587724922706e+00,0.000000000000000000e+00
1.396792751112955422e+01,-9.070878186959935974e+00,0.000000000000000000e+00
1.418652349585769912e+01,-8.864723742703068510e+00,0.000000000000000000e+00
1.440712751097853861e+01,-8.656675554655567595e+00,0.000000000000000000e+00
1.462990368627476556e+01,-8.446578831489043537e+00,0.000000000000000000e+00
1.485502208485968190e+01,-8.234273201168502254e+00,0.000000000000000000e+00
1.508265923818912491e+01,-8.019592171481292553e+00,0.000000000000000000e+00
1.531299875889897422e+01,-7.802362575735634742e+00,0.000000000000000000e+00
1.554623199002255696e+01,-7.582403970939097348e+00,0.000000000000000000e+00
1.578255867954652913e+01,-7.359527977553200984e+00,0.000000000000000000e+00
1.602218772870586960e+01,-7.133537578218274611e+00,0.000000000000000000e+00
1.626533800561725229e+01,-6.904226360521502848e+00,0.000000000000000000e+00
1.651223922069074845e+01,-6.671377692422939099e+00,0.000000000000000000e+00
1.676313287032000687e+01,-6.434763823435860175e+00,0.000000000000000000e+00
1.701827327236408749e+01,-6.194144909748604100e+00,0.000000000000000000e+00
1.727792869571059242e+01,-5.949267950383064552e+00,0.000000000000000000e+00
1.754238259442122327e+01,-5.699865623780770996e+00,0.000000000000000000e+00
1.781193495926259018e+01,-5.445655013192678418e+00,0.000000000000000000e+00
1.808690380112594553e+01,-5.186336207636321305e+00,0.000000000000000000e+00
1.836762678264638993e+01,-4.921590763286358694e+00,0.000000000000000000e+00
1.865446301620931990e+01,-4.651080007943448003e+00,0.000000000000000000e+00
1.894779504843430828e+01,-4.374443168649936986e+00,0.000000000000000000e+00
1.924803105320175334e+01,-4.091295299586390044e+00,0.000000000000000000e+00
1.955560727006072597e+01,-3.801224986530215677e+00,0.000000000000000000e+00
1.987099072188743065e+01,-3.503791797676350850e+00,0.000000000000000000e+00
2.019468220169218142e+01,-3.198523438046895873e+00,0.000000000000000000e+00
2.052721964676083388e+01,-2.884912583275105913e+00,0.000000000000000000e+00
2.086918190745029023e+01,-2.562413336909138195e+00,0.000000000000000000e+00
2.122119293482398206e+01,-2.230437254840049732e+00,0.000000000000000000e+00
2.158392652825828506e+01,-1.888348885599057336e+00,0.000000000000000000e+00
2.195811166862905139e+01,-1.535460745286813422e+00,0.000000000000000000e+00
2.234453851675266378e+01,-1.171027642767398680e+00,0.000000000000000000e+00
2.274406523117976775e+01,-7.942402592432993291e-01,0.000000000000000000e+00
2.315762580237718282e+01,-4.042178619638822079e-01,0.000000000000000000e+00
2.358622502578827351e+01,-5.776958996360161156e-15,0.000000000000000000e+00
