1.353857219677700030e+01,0.000000000000000000e+00,0.000000000000000000e+00
1.362260455397733594e+01,2.377834469811069551e-01,0.000000000000000000e+00
1.370338191431451058e+01,4.785326410871617031e-01,0.000000000000000000e+00
1.378082890558223106e+01,7.222226396211076649e-01,0.000000000000000000e+00
1.385486974620834388e+01,9.688268712449428222e-01,0.000000000000000000e+00
1.392542827647317161e+01,1.218317108934748871e+00,0.000000000000000000e+00
1.399242799063990361e+01,1.470663443466252884e+00,0.000000000000000000e+00
1.405579278575022251e+01,1.725834345340555354e+00,0.000000000000000000e+00
1.411545107463848581e+01,1.983797276230460982e+00,0.000000000000000000e+00
1.417133294075819272e+01,2.244518636474651441e+00,0.000000000000000000e+00
1.422336816660751424e+01,2.507963564322797989e+00,0.000000000000000000e+00
1.427148621348379898e+01,2.774095902031668004e+00,0.000000000000000000e+00
1.431561168190635591e+01,3.042877197309216797e+00,0.000000000000000000e+00
1.435565937679201731e+01,3.314265112734701813e+00,0.000000000000000000e+00
1.439154289457783520e+01,3.588214647737059337e+00,0.000000000000000000e+00
1.442317591498146889e+01,3.864678338711303063e+00,0.000000000000000000e+00
1.445047226635787752e+01,4.143606244413744477e+00,0.000000000000000000e+00
1.447334599164837776e+01,4.424945933013629151e+00,0.000000000000000000e+00
1.449171141488150205e+01,4.708642470818238834e+00,0.000000000000000000e+00
1.450548320818465164e+01,4.994638412687536722e+00,0.000000000000000000e+00
1.451457645926517159e+01,5.282873794153450042e+00,0.000000000000000000e+00
1.451890673931920084e+01,5.573286125257960855e+00,0.000000000000000000e+00
1.451840165499516644e+01,5.865815025826591089e+00,0.000000000000000000e+00
1.451302110688501479e+01,6.160411966991129695e+00,0.000000000000000000e+00
1.450268167999123925e+01,6.457009897830691791e+00,0.000000000000000000e+00
1.448728721608238601e+01,6.755532974750226849e+00,0.000000000000000000e+00
1.446674271684536528e+01,7.055901873403312763e+00,0.000000000000000000e+00
1.444095445410033207e+01,7.358033809354045829e+00,0.000000000000000000e+00
1.440983007953707862e+01,7.661842561929140594e+00,0.000000000000000000e+00
1.437327873388665189e+01,7.967238501246967530e+00,0.000000000000000000e+00
1.433121115544230406e+01,8.274128618407980085e+00,0.000000000000000000e+00
1.428355737698352002e+01,8.582427127449992810e+00,0.000000000000000000e+00
1.423032344701261209e+01,8.892092989794877056e+00,0.000000000000000000e+00
1.417153316752696135e+01,9.203101246242377798e+00,0.000000000000000000e+00
1.410719993967179597e+01,9.515426508107594827e+00,0.000000000000000000e+00
1.403719122093462524e+01,9.828947108189582949e+00,0.000000000000000000e+00
1.396124680573368693e+01,1.014343954834452077e+01,0.000000000000000000e+00
1.387916056553147115e+01,1.045869765618322766e+01,0.000000000000000000e+00
1.379099150713184407e+01,1.077470343979831924e+01,0.000000000000000000e+00
1.369686460056752075e+01,1.109150225837348636e+01,0.000000000000000000e+00
1.359676475081997893e+01,1.140904028761728384e+01,0.000000000000000000e+00
1.349056914855288980e+01,1.172717284642976843e+01,0.000000000000000000e+00
1.337792019396155219e+01,1.204553344693672479e+01,0.000000000000000000e+00
1.325866169595581567e+01,1.236390205347435156e+01,0.000000000000000000e+00
1.313344387109849798e+01,1.268281932087858443e+01,0.000000000000000000e+00
1.300200956251348217e+01,1.300200956251348039e+01,0.000000000000000000e+00
1.286359788554709382e+01,1.332064555489628432e+01,0.000000000000000000e+00
1.271870493475598174e+01,1.363914120406883512e+01,0.000000000000000000e+00
1.256746849888605766e+01,1.395758779458450505e+01,0.000000000000000000e+00
1.240973546350356571e+01,1.427576761918467341e+01,0.000000000000000000e+00
1.224538179922546632e+01,1.459347775191469943e+01,0.000000000000000000e+00
1.207422415683415906e+01,1.491042507864132816e+01,0.000000000000000000e+00
1.189612275778052997e+01,1.522634277936284164e+01,0.000000000000000000e+00
1.171131349707588321e+01,1.554143793066776702e+01,0.000000000000000000e+00
1.151967051827807609e+01,1.585546623114273856e+01,0.000000000000000000e+00
1.132049740899204160e+01,1.616734580998125992e+01,0.000000000000000000e+00
1.110867189649722953e+01,1.646928336576119278e+01,0.000000000000000000e+00
1.088435112788126879e+01,1.676043095568010344e+01,0.000000000000000000e+00
1.064843161357674184e+01,1.704105279133916540e+01,0.000000000000000000e+00
1.040188325297092042e+01,1.731164087572496157e+01,0.000000000000000000e+00
1.014338431038754429e+01,1.756885698628822112e+01,0.000000000000000000e+00
9.874457946326376856e+00,1.781399369259216670e+01,0.000000000000000000e+00
9.596180418770874354e+00,1.804779047982062679e+01,0.000000000000000000e+00
9.307502840931190846e+00,1.826700285563058657e+01,0.000000000000000000e+00
9.010394171089620485e+00,1.847404578312874435e+01,0.000000000000000000e+00
8.704974866481757445e+00,1.866787884403190034e+01,0.000000000000000000e+00
8.390795301852792321e+00,1.884603481026409710e+01,0.000000000000000000e+00
8.070022233592760941e+00,1.901178097125977828e+01,0.000000000000000000e+00
7.742615375713980619e+00,1.916364552748854777e+01,0.000000000000000000e+00
7.408078608057312664e+00,1.929870457224217972e+01,0.000000000000000000e+00
7.068082833637038931e+00,1.941939798425259767e+01,0.000000000000000000e+00
6.723189905028601032e+00,1.952556125486433558e+01,0.000000000000000000e+00
6.373875810804252140e+00,1.961677265091181610e+01,0.000000000000000000e+00
6.020641838171874483e+00,1.969263212133964203e+01,0.000000000000000000e+00
5.664033002620769253e+00,1.975283050373126414e+01,0.000000000000000000e+00
5.304478410954492240e+00,1.979658293733439223e+01,0.000000000000000000e+00
4.942750488081571802e+00,1.982428941682254475e+01,0.000000000000000000e+00
4.579519435725985410e+00,1.983607795166250298e+01,0.000000000000000000e+00
4.215393598464600267e+00,1.983186764663927804e+01,0.000000000000000000e+00
3.850983996801923492e+00,1.981159518618472148e+01,0.000000000000000000e+00
3.486905322574829658e+00,1.977522276264684820e+01,0.000000000000000000e+00
3.123775749892939491e+00,1.972274387239170679e+01,0.000000000000000000e+00
2.762216010891295426e+00,1.965418817058077749e+01,0.000000000000000000e+00
2.402847686646752301e+00,1.956962397370849160e+01,0.000000000000000000e+00
2.046290452846494912e+00,1.946915314757772819e+01,0.000000000000000000e+00
1.693158034254419020e+00,1.935288488836859955e+01,0.000000000000000000e+00
1.344024055394537287e+00,1.922043945718974101e+01,0.000000000000000000e+00
9.994533317125025018e-01,1.907070563541157782e+01,0.000000000000000000e+00
6.601901314346972915e-01,1.890537181864527838e+01,0.000000000000000000e+00
3.268510607812887270e-01,1.872528473113319336e+01,0.000000000000000000e+00
1.134702107976757252e-15,1.853109171994375615e+01,0.000000000000000000e+00
-3.197681228823140986e-01,1.831950349066777761e+01,0.000000000000000000e+00
-6.317979143282330678e-01,1.809232509832121849e+01,0.000000000000000000e+00
-9.356652163241396813e-01,1.785355588663376736e+01,0.000000000000000000e+00
-1.230432902652761173e+00,1.759601029211444612e+01,0.000000000000000000e+00
-1.515960356270472431e+00,1.732750616108420516e+01,0.000000000000000000e+00
-1.791164455081004192e+00,1.704179142308969475e+01,0.000000000000000000e+00
-2.056227645318718267e+00,1.674663027825413408e+01,0.000000000000000000e+00
-2.309444150426750664e+00,1.643254898348383364e+01,0.000000000000000000e+00
-2.551276030337890077e+00,1.610812290089996779e+01,0.000000000000000000e+00
-2.781041889191710581e+00,1.577207230576823882e+01,0.000000000000000000e+00
-2.997990744480750980e+00,1.542332532436026682e+01,0.000000000000000000e+00
-3.201172918329090678e+00,1.506033449721807038e+01,0.000000000000000000e+00
-3.390670822151601982e+00,1.468660886378889963e+01,0.000000000000000000e+00
-3.565959959296018500e+00,1.430228421449672460e+01,0.000000000000000000e+00
-3.725965600214052653e+00,1.390549292725270725e+01,0.000000000000000000e+00
-3.870630946764678892e+00,1.349849427052475903e+01,0.000000000000000000e+00
-4.002501214687100628e+00,1.309159157854526256e+01,0.000000000000000000e+00
-4.123074283150778285e+00,1.268951784380381298e+01,0.000000000000000000e+00
-4.232011219191641693e+00,1.229065301722249437e+01,0.000000000000000000e+00
-4.331926473131899158e+00,1.190187016766759598e+01,0.000000000000000000e+00
-4.426942965292814947e+00,1.153258070890746367e+01,0.000000000000000000e+00
-4.517371545499005769e+00,1.118088692426144171e+01,0.000000000000000000e+00
-4.603621824075914581e+00,1.084545336560710993e+01,0.000000000000000000e+00
-4.686025623872891011e+00,1.052498587467596458e+01,0.000000000000000000e+00
-4.764880319447289736e+00,1.021831882045451145e+01,0.000000000000000000e+00
-4.840455800003454989e+00,9.924405121741864733e+00,0.000000000000000000e+00
-4.912995650702085548e+00,9.642296877569027203e+00,0.000000000000000000e+00
-4.982720821784202059e+00,9.371134918961779192e+00,0.000000000000000000e+00
-5.049832120303037186e+00,9.110138301130231042e+00,0.000000000000000000e+00
-5.114512497916543055e+00,8.858595502337466954e+00,0.000000000000000000e+00
-5.176929024991177464e+00,8.615856757877686789e+00,0.000000000000000000e+00
-5.237234621071992891e+00,8.381327400790734572e+00,0.000000000000000000e+00
-5.295569562718978496e+00,8.154462033073864191e+00,0.000000000000000000e+00
-5.352062787841604496e+00,7.934759390283448788e+00,0.000000000000000000e+00
-5.406833007209038477e+00,7.721757782033067841e+00,0.000000000000000000e+00
-5.459989643663529790e+00,7.515031031498328851e+00,0.000000000000000000e+00
-5.511633936974731363e+00,7.314185274729628539e+00,0.000000000000000000e+00
-5.561859873481126648e+00,7.118856004492624123e+00,0.000000000000000000e+00
-5.610754513314463843e+00,6.928704794508240283e+00,0.000000000000000000e+00
-5.658398451259053274e+00,6.743416682617488611e+00,0.000000000000000000e+00
-5.704867154934293083e+00,6.562698942429212146e+00,0.000000000000000000e+00
-5.750231118730014579e+00,6.386278643621825069e+00,0.000000000000000000e+00
-5.794555564358700117e+00,6.213900075717687876e+00,0.000000000000000000e+00
-5.837902094887374105e+00,6.045324588197350302e+00,0.000000000000000000e+00
-5.880328522596215635e+00,5.880328522596216523e+00,0.000000000000000000e+00
-5.921888348317613016e+00,5.718701103631120830e+00,0.000000000000000000e+00
-5.962632971843290441e+00,5.560245199345708045e+00,0.000000000000000000e+00
-6.002609954146135962e+00,5.404774279055656550e+00,0.000000000000000000e+00
-6.041864464979290972e+00,5.252112651089629658e+00,0.000000000000000000e+00
-6.080439517522949089e+00,5.102094556549266358e+00,0.000000000000000000e+00
-6.118374958861085844e+00,4.954562350785869818e+00,0.000000000000000000e+00
-6.155709810676930793e+00,4.809367596028273795e+00,0.000000000000000000e+00
-6.192479709445787961e+00,4.666368165232245069e+00,0.000000000000000000e+00
-6.228720019119889706e+00,4.525429988928965308e+00,0.000000000000000000e+00
-6.264463040540728223e+00,4.386424243822739655e+00,0.000000000000000000e+00
-6.299740904533539521e+00,4.249228894008486357e+00,0.000000000000000000e+00
-6.334583149040657446e+00,4.113726396727999557e+00,0.000000000000000000e+00
-6.369019178856747843e+00,3.979804886590294188e+00,0.000000000000000000e+00
-6.403076161914427189e+00,3.847356306328519882e+00,0.000000000000000000e+00
-6.436781266903596865e+00,3.716277397161531493e+00,0.000000000000000000e+00
-6.470159601696530594e+00,3.586468031564430170e+00,0.000000000000000000e+00
-6.503236530217920475e+00,3.457832199442340659e+00,0.000000000000000000e+00
-6.536035377970143223e+00,3.330276363871726986e+00,0.000000000000000000e+00
-6.568580058497579088e+00,3.203710555133120863e+00,0.000000000000000000e+00
-6.600892396397489037e+00,3.078046675097250162e+00,0.000000000000000000e+00
-6.632995115227143579e+00,2.953199694810525688e+00,0.000000000000000000e+00
-6.664908859509773187e+00,2.829085963194180930e+00,0.000000000000000000e+00
-6.696655315790155605e+00,2.705624372957638357e+00,0.000000000000000000e+00
-6.728254321293933415e+00,2.582734852516361812e+00,0.000000000000000000e+00
-6.759726597588645802e+00,2.460339273299819496e+00,0.000000000000000000e+00
-6.791091548476578588e+00,2.338360344518560119e+00,0.000000000000000000e+00
-6.822368997425494186e+00,2.216722062232289847e+00,0.000000000000000000e+00
-6.853578234230343291e+00,2.095349143981487305e+00,0.000000000000000000e+00
-6.884738302908968599e+00,1.974166940516076663e+00,0.000000000000000000e+00
-6.915868604428210276e+00,1.853101407516296595e+00,0.000000000000000000e+00
-6.946987614912445430e+00,1.732078547802431423e+00,0.000000000000000000e+00
-6.978114952465964471e+00,1.611024776542060444e+00,0.000000000000000000e+00
-7.009268854886451017e+00,1.489866087615436818e+00,0.000000000000000000e+00
-7.040469142228635846e+00,1.368528568340971141e+00,0.000000000000000000e+00
-7.071734249389590055e+00,1.246937548567508713e+00,0.000000000000000000e+00
-7.103084127837714590e+00,1.125018004165674324e+00,0.000000000000000000e+00
-7.134537822970221654e+00,1.002693900856019837e+00,0.000000000000000000e+00
-7.166115434329813461e+00,8.798883369837140478e-01,0.000000000000000000e+00
-7.197836930549683210e+00,7.565231461524704049e-01,0.000000000000000000e+00
-7.229722702701311121e+00,6.325187769223722389e-01,0.000000000000000000e+00
-7.261793861504934888e+00,5.077940937259954879e-01,0.000000000000000000e+00
-7.294071339112848662e+00,3.822660808149828116e-01,0.000000000000000000e+00
-7.326577549663796596e+00,2.558497257752213594e-01,0.000000000000000000e+00
-7.359334289784953853e+00,1.284576578566538896e-01,0.000000000000000000e+00
-7.392365426703934261e+00,9.053036657940530586e-16,0.000000000000000000e+00
-7.425693982623474909e+00,-1.296159706037650072e-01,0.000000000000000000e+00
-7.459345461685480849e+00,-2.604860834268326597e-01,0.000000000000000000e+00
-7.493344483039269477e+00,-3.927095437589145366e-01,0.000000000000000000e+00
-7.527718437595495971e+00,-5.263893515494327824e-01,0.000000000000000000e+00
-7.562493920136482473e+00,-6.616324859956650428e-01,0.000000000000000000e+00
-7.597700527696724215e+00,-7.985505037411875229e-01,0.000000000000000000e+00
-7.633367250887016731e+00,-9.372596461107765009e-01,0.000000000000000000e+00
-7.669526250438579495e+00,-1.077881621008541124e+00,0.000000000000000000e+00
-7.706209443950068128e+00,-1.220543669803686448e+00,0.000000000000000000e+00
-7.743451900915934161e+00,-1.365379493949731460e+00,0.000000000000000000e+00
-7.781289180281336648e+00,-1.512529396353069489e+00,0.000000000000000000e+00
-7.819759577065735989e+00,-1.662141208787317304e+00,0.000000000000000000e+00
-7.858903182045641422e+00,-1.814370761869808835e+00,0.000000000000000000e+00
-7.898761935943601209e+00,-1.969382538422551843e+00,0.000000000000000000e+00
-7.939381290527829371e+00,-2.127350805199692996e+00,0.000000000000000000e+00
-7.980807823733450768e+00,-2.288459818083358854e+00,0.000000000000000000e+00
-8.023092620873743641e+00,-2.452905574385676246e+00,0.000000000000000000e+00
-8.066288915275578120e+00,-2.620896144078203260e+00,0.000000000000000000e+00
-8.110453419808745679e+00,-2.792653068739749500e+00,0.000000000000000000e+00
-8.155647540434516785e+00,-2.968412945884526977e+00,0.000000000000000000e+00
-8.201935721892839481e+00,-3.148428141306903072e+00,0.000000000000000000e+00
-8.249387411386171820e+00,-3.332968861274408834e+00,0.000000000000000000e+00
-8.298077530609383246e+00,-3.522324934698466858e+00,0.000000000000000000e+00
-8.348085810826860964e+00,-3.716807270397283869e+00,0.000000000000000000e+00
-8.399497982314352740e+00,-3.916750233810639248e+00,0.000000000000000000e+00
-8.452407029963213247e+00,-4.122514360336237971e+00,0.000000000000000000e+00
-8.506913064892536624e+00,-4.334488703199393278e+00,0.000000000000000000e+00
-8.563124148512754275e+00,-4.553093874252402529e+00,0.000000000000000000e+00
-8.621157347012740502e+00,-4.778785551447701785e+00,0.000000000000000000e+00
-8.681139873288108433e+00,-5.012058442715683348e+00,0.000000000000000000e+00
-8.743210168193765952e+00,-5.253450673948965921e+00,0.000000000000000000e+00
-8.807519052287123174e+00,-5.503548722131705873e+00,0.000000000000000000e+00
-8.874231231003884446e+00,-5.762993145204413636e+00,0.000000000000000000e+00
-8.943526999155634982e+00,-6.032485131540663126e+00,0.000000000000000000e+00
-9.015604177491377769e+00,-6.312794006594407037e+00,0.000000000000000000e+00
-9.090680330653817975e+00,-6.604765868721833577e+00,0.000000000000000000e+00
-9.168995312828648991e+00,-6.909333553355560653e+00,0.000000000000000000e+00
-9.250814196536509826e+00,-7.227528165238254587e+00,0.000000000000000000e+00
-9.336430883603579645e+00,-7.560492656570933612e+00,0.000000000000000000e+00
-9.426172213590261251e+00,-7.909497627837113853e+00,0.000000000000000000e+00
-9.520402364946484397e+00,-8.275959514522220672e+00,0.000000000000000000e+00
-9.619528478907461988e+00,-8.661462346646528587e+00,0.000000000000000000e+00
-9.724008018701827183e+00,-9.067784175163044580e+00,0.000000000000000000e+00
-9.834355413823862690e+00,-9.496926630592884777e+00,0.000000000000000000e+00
-9.951152749296548805e+00,-9.951152749296545252e+00,0.000000000000000000e+00
-1.007506024785305776e+01,-1.043303029991816189e+01,0.000000000000000000e+00
-1.020683025432891178e+01,-1.094548539327558601e+01,0.000000000000000000e+00
-1.034732317569961779e+01,-1.149186661391413722e+01,0.000000000000000000e+00
-1.049749449445169702e+01,-1.207598602139370492e+01,0.000000000000000000e+00
-1.065676329087810537e+01,-1.270023593733007417e+01,0.000000000000000000e+00
-1.080206548631251451e+01,-1.333943995375275371e+01,0.000000000000000000e+00
-1.091031771892317437e+01,-1.396456986890360241e+01,0.000000000000000000e+00
-1.098309865128862128e+01,-1.457506419053867575e+01,0.000000000000000000e+00
-1.102230793318211788e+01,-1.517090536109785148e+01,0.000000000000000000e+00
-1.102640157459850556e+01,-1.574733343030095689e+01,0.000000000000000000e+00
-1.099496151890421558e+01,-1.630070079822692364e+01,0.000000000000000000e+00
-1.093044282489089980e+01,-1.683140594502799914e+01,0.000000000000000000e+00
-1.083458439302922471e+01,-1.733895951197393970e+01,0.000000000000000000e+00
-1.070877716590817386e+01,-1.782239811828469200e+01,0.000000000000000000e+00
-1.055452985746549111e+01,-1.828098196313291268e+01,0.000000000000000000e+00
-1.037353832493116457e+01,-1.871435852931416477e+01,0.000000000000000000e+00
-1.016707066580377017e+01,-1.912147887622350595e+01,0.000000000000000000e+00
-9.935893158887305177e+00,-1.950028829520897133e+01,0.000000000000000000e+00
-9.680768542814679023e+00,-1.984851693277292384e+01,0.000000000000000000e+00
-9.403244759889823001e+00,-2.016532346282893684e+01,0.000000000000000000e+00
-9.105217997452749401e+00,-2.045065445669338544e+01,0.000000000000000000e+00
-8.788669574322325317e+00,-2.070480800911047936e+01,0.000000000000000000e+00
-8.455923694017251080e+00,-2.092914556855344088e+01,0.000000000000000000e+00
-8.106007967038008744e+00,-2.111687271325152082e+01,0.000000000000000000e+00
-7.741544627093022157e+00,-2.126971905463829060e+01,0.000000000000000000e+00
-7.366042069315852814e+00,-2.139253950312482999e+01,0.000000000000000000e+00
-6.977152529215106647e+00,-2.147346747552600732e+01,0.000000000000000000e+00
-6.580826235452682305e+00,-2.152491272401950440e+01,0.000000000000000000e+00
-6.175142168712895341e+00,-2.153527999194045250e+01,0.000000000000000000e+00
-5.763847949827300532e+00,-2.151097339585720647e+01,0.000000000000000000e+00
-5.348657759035503112e+00,-2.145229455994815027e+01,0.000000000000000000e+00
-4.929049689853505889e+00,-2.135005981474823500e+01,0.000000000000000000e+00
-4.509804234718945537e+00,-2.121696079051214312e+01,0.000000000000000000e+00
-4.090286840437929783e+00,-2.104270159144538610e+01,0.000000000000000000e+00
-3.672732456048857674e+00,-2.082910080630978555e+01,0.000000000000000000e+00
-3.260402426849180024e+00,-2.058537076096917673e+01,0.000000000000000000e+00
-2.851954677942930783e+00,-2.029271196504721075e+01,0.000000000000000000e+00
-2.452224227826750536e+00,-1.997176363049360148e+01,0.000000000000000000e+00
-2.060869248440136303e+00,-1.960786112215927091e+01,0.000000000000000000e+00
-1.681828820905825417e+00,-1.922339138724500529e+01,0.000000000000000000e+00
-1.316910030228910289e+00,-1.883269083241998487e+01,0.000000000000000000e+00
-9.666285671457632844e-01,-1.844437181597100661e+01,0.000000000000000000e+00
-6.304416097872564961e-01,-1.805348561795656792e+01,0.000000000000000000e+00
-3.083066913571871903e-01,-1.766287851835965839e+01,0.000000000000000000e+00
-3.173486911064674274e-15,-1.727565810960994241e+01,0.000000000000000000e+00
2.949833888203183263e-01,-1.689958702722779549e+01,0.000000000000000000e+00
5.775546996989822102e-01,-1.653900266531816854e+01,0.000000000000000000e+00
8.486447896037492278e-01,-1.619310722975745165e+01,0.000000000000000000e+00
1.109094045055867284e+00,-1.586078378565060021e+01,0.000000000000000000e+00
1.359666839814649197e+00,-1.554106309341172221e+01,0.000000000000000000e+00
1.601058756539646133e+00,-1.523305652234269125e+01,0.000000000000000000e+00
1.833904612658295186e+00,-1.493595448134969317e+01,0.000000000000000000e+00
2.058784938091574368e+00,-1.464901601339743387e+01,0.000000000000000000e+00
2.276231863182594406e+00,-1.437156237392071922e+01,0.000000000000000000e+00
2.486734122005406444e+00,-1.410297001635230174e+01,0.000000000000000000e+00
2.690741505967884972e+00,-1.384266502046512493e+01,0.000000000000000000e+00
2.888668711252057264e+00,-1.359011779526480623e+01,0.000000000000000000e+00
3.080898932494182674e+00,-1.334483939720636769e+01,0.000000000000000000e+00
3.267786990036356976e+00,-1.310637775449432318e+01,0.000000000000000000e+00
3.449661810571553300e+00,-1.287431314598306109e+01,0.000000000000000000e+00
3.626828740399542728e+00,-1.264825493460668504e+01,0.000000000000000000e+00
3.799572276585440722e+00,-1.242784092998923740e+01,0.000000000000000000e+00
3.968157589315203460e+00,-1.221273328555245108e+01,0.000000000000000000e+00
4.132831835284605404e+00,-1.200261517163850122e+01,0.000000000000000000e+00
4.293826760642232010e+00,-1.179719206791454233e+01,0.000000000000000000e+00
4.451359249823220843e+00,-1.159618730473810189e+01,0.000000000000000000e+00
4.605632454917902407e+00,-1.139934034083472447e+01,0.000000000000000000e+00
4.756838147318329213e+00,-1.120640840320057485e+01,0.000000000000000000e+00
4.905155908251296104e+00,-1.101716055166593478e+01,0.000000000000000000e+00
5.050755869902704198e+00,-1.083138091681061788e+01,0.000000000000000000e+00
5.193798304716437997e+00,-1.064886461654815086e+01,0.000000000000000000e+00
5.334434807769541820e+00,-1.046941779466085443e+01,0.000000000000000000e+00
5.472809491887704603e+00,-1.029285765119182727e+01,0.000000000000000000e+00
5.609058336979758863e+00,-1.011900910201481274e+01,0.000000000000000000e+00
5.743311718688251410e+00,-9.947707700473779724e+00,0.000000000000000000e+00
5.875692532864407625e+00,-9.778794527046381191e+00,0.000000000000000000e+00
6.006319441154192695e+00,-9.612120394129608059e+00,0.000000000000000000e+00
6.135304362349788931e+00,-9.447540229921221666e+00,0.000000000000000000e+00
6.262756003620429723e+00,-9.284917606286496650e+00,0.000000000000000000e+00
6.388777062585898392e+00,-9.124119227451792824e+00,0.000000000000000000e+00
6.513467819450678320e+00,-8.965019346262717903e+00,0.000000000000000000e+00
6.636923261459452661e+00,-8.807494645611816608e+00,0.000000000000000000e+00
6.759236537963595914e+00,-8.651428246780215048e+00,0.000000000000000000e+00
6.880496279221175016e+00,-8.496705290760228735e+00,0.000000000000000000e+00
7.000789583197108534e+00,-8.343216136771276936e+00,0.000000000000000000e+00
7.120199963497444884e+00,-8.190853091103651451e+00,0.000000000000000000e+00
7.238809376505818349e+00,-8.039512286010277009e+00,0.000000000000000000e+00
7.356697344835460228e+00,-7.889092041723219317e+00,0.000000000000000000e+00
7.473941500809782923e+00,-7.739492987585927963e+00,0.000000000000000000e+00
7.590618350635142342e+00,-7.590618350635145895e+00,0.000000000000000000e+00
7.706802023492109299e+00,-7.442372203746780990e+00,0.000000000000000000e+00
7.822566777578830788e+00,-7.294661532411530480e+00,0.000000000000000000e+00
7.937984163332624021e+00,-7.147393044236896920e+00,0.000000000000000000e+00
8.053126704915129608e+00,-7.000476242536414873e+00,0.000000000000000000e+00
8.168064462106018553e+00,-6.853819877585412890e+00,0.000000000000000000e+00
8.282868545594645582e+00,-6.707334697275703306e+00,0.000000000000000000e+00
8.397608602504092801e+00,-6.560930898165619141e+00,0.000000000000000000e+00
8.512354712037762283e+00,-6.414519369167659413e+00,0.000000000000000000e+00
8.627177000473654545e+00,-6.268010987473838114e+00,0.000000000000000000e+00
8.742145109570300221e+00,-6.121315905844280536e+00,0.000000000000000000e+00
8.857330291611388517e+00,-5.974344718178303815e+00,0.000000000000000000e+00
8.972802605052859093e+00,-5.827006143983728848e+00,0.000000000000000000e+00
9.088634833873376451e+00,-5.679209358383008777e+00,0.000000000000000000e+00
9.204898561272745638e+00,-5.530861047612245507e+00,0.000000000000000000e+00
9.321668384933767371e+00,-5.381867751337941819e+00,0.000000000000000000e+00
9.439018553418266677e+00,-5.232133420990364492e+00,0.000000000000000000e+00
9.557025916950959044e+00,-5.081560818676017277e+00,0.000000000000000000e+00
9.675768390198408397e+00,-4.930050238219831904e+00,0.000000000000000000e+00
9.795325789467501210e+00,-4.777499603142919327e+00,0.000000000000000000e+00
9.915780572325981979e+00,-4.623804417460167571e+00,0.000000000000000000e+00
1.003721647452778676e+01,-4.468856695111186106e+00,0.000000000000000000e+00
1.015972133594793547e+01,-4.312545846817312345e+00,0.000000000000000000e+00
1.028338395229401669e+01,-4.154756807059174051e+00,0.000000000000000000e+00
1.040829844969201012e+01,-3.995371440751644521e+00,0.000000000000000000e+00
1.053455996161849839e+01,-3.834266257121639043e+00,0.000000000000000000e+00
1.066226996435566754e+01,-3.671313969076681616e+00,0.000000000000000000e+00
1.079153132624814049e+01,-3.506381080412441342e+00,0.000000000000000000e+00
1.092245415593852442e+01,-3.339329352296055653e+00,0.000000000000000000e+00
1.105515061784119446e+01,-3.170013428534604660e+00,0.000000000000000000e+00
1.118974096123650774e+01,-2.998282054076775616e+00,0.000000000000000000e+00
1.132634849272394995e+01,-2.823975849196734167e+00,0.000000000000000000e+00
1.146510526982680389e+01,-2.646928114709079072e+00,0.000000000000000000e+00
1.160614804715020831e+01,-2.466962923135496588e+00,0.000000000000000000e+00
1.174962257719455749e+01,-2.283895268806592771e+00,0.000000000000000000e+00
1.189568184126477846e+01,-2.097529662538743178e+00,0.000000000000000000e+00
1.204448727386834506e+01,-1.907659375867640783e+00,0.000000000000000000e+00
1.219621167787714100e+01,-1.714065769415912932e+00,0.000000000000000000e+00
1.235103576574197959e+01,-1.516516503192707033e+00,0.000000000000000000e+00
1.250915239449248517e+01,-1.314764896244937642e+00,0.000000000000000000e+00
1.267076853387061597e+01,-1.108548604874673549e+00,0.000000000000000000e+00
1.283610908519758631e+01,-8.975881860869902029e-01,0.000000000000000000e+00
1.300538769501632252e+01,-6.815834878108024686e-01,0.000000000000000000e+00
1.317886788621526861e+01,-4.602162076167181093e-01,0.000000000000000000e+00
1.335690535005943858e+01,-2.331456501253568181e-01,0.000000000000000000e+00
1.353946224933621423e+01,-3.316211821165203535e-15,0.000000000000000000e+00
